"","gene","cluster_id","logFC","logCPM","F","p_val","p_adj.loc","p_adj.glb","coef"
"1","AL669831.5","Inh ENOX2 SPHKAP",-0.0156856377229314,5.73334361975976,0.121459443156317,0.727676912872881,0.921591595468346,0.914341807359472,"gpath_3neocort"
"2","NOC2L","Inh ENOX2 SPHKAP",0.0824406936911824,4.97665032061399,2.38027411063969,0.123824498020426,0.452968806056691,0.420763642659542,"gpath_3neocort"
"3","HES4","Inh ENOX2 SPHKAP",-0.312450320392448,5.07365725888858,18.2734094960307,2.50108095976377e-05,0.00761110199568113,0.0036927015852206,"gpath_3neocort"
"4","AGRN","Inh ENOX2 SPHKAP",-0.170468779171246,4.2207004337154,4.70244312436062,0.0308264265889013,0.250264493100595,0.213027964555247,"gpath_3neocort"
"5","C1orf159","Inh ENOX2 SPHKAP",-0.0259316146894947,5.60882073740814,0.329285534315854,0.566466959776478,0.8421763747028,0.829074456309936,"gpath_3neocort"
"6","SDF4","Inh ENOX2 SPHKAP",-0.0533473656651725,5.51916552670847,1.36154308371043,0.244104068945192,0.602403807244877,0.576920028377477,"gpath_3neocort"
"7","UBE2J2","Inh ENOX2 SPHKAP",0.0292563598873133,5.20381738506525,0.416915973666789,0.665386469553146,0.888702981828081,0.884126709244277,"gpath_3neocort"
"8","ACAP3","Inh ENOX2 SPHKAP",0.0592200651839563,6.47951841758619,2.73570659979744,0.0990691538462845,0.411204669386489,0.37786153127702,"gpath_3neocort"
"9","INTS11","Inh ENOX2 SPHKAP",0.0101873061377155,5.52449970720885,0.0675054229780208,0.795164477028714,0.950809763991382,0.944833304195613,"gpath_3neocort"
"10","DVL1","Inh ENOX2 SPHKAP",-0.0062336425970287,4.53037741608657,0.0094737436392063,0.922520305050867,0.990636355721171,0.98711402553569,"gpath_3neocort"
"11","AURKAIP1","Inh ENOX2 SPHKAP",-0.110785518549943,4.39152088484067,1.75702793641551,0.185903131801153,0.538468557157811,0.509503765666047,"gpath_3neocort"
"12","CCNL2","Inh ENOX2 SPHKAP",-0.0234988711355186,6.08840138080511,0.502573564367263,0.478866866799995,0.78670542738076,0.773186701069691,"gpath_3neocort"
"13","MRPL20","Inh ENOX2 SPHKAP",-0.00243100600318417,4.82610652323667,0.00137793942161969,0.97041105574053,0.995943372722374,0.996390424835262,"gpath_3neocort"
"14","VWA1","Inh ENOX2 SPHKAP",-0.0108735561720509,3.83099314599483,0.0137094348289928,0.906861371741476,0.986765245127383,0.983035152415311,"gpath_3neocort"
"15","ATAD3B","Inh ENOX2 SPHKAP",-0.203194468931124,4.58768727296201,10.9497331304716,0.00103847384470667,0.0543691306438362,0.034245447155806,"gpath_3neocort"
"16","SSU72","Inh ENOX2 SPHKAP",-0.0885459194002626,5.53043319619927,3.13021081816404,0.0777678675308413,0.371551803833677,0.336600132091368,"gpath_3neocort"
"17","FNDC10","Inh ENOX2 SPHKAP",-0.19914762699553,4.2180981344664,5.18436034866467,0.023424192462748,0.220817798840504,0.18523581916239,"gpath_3neocort"
"18","MIB2","Inh ENOX2 SPHKAP",0.0439757966006178,5.14511858744386,0.821301144348762,0.512623756299887,0.808933744749359,0.795781764403602,"gpath_3neocort"
"19","CDK11B","Inh ENOX2 SPHKAP",0.0467725774434124,5.02635138284982,0.767442584317355,0.381640041306051,0.722896464158399,0.702604898587594,"gpath_3neocort"
"20","SLC35E2B","Inh ENOX2 SPHKAP",-0.00542579656724158,4.99992232499321,0.0101234629572579,0.919916226201955,0.990636355721171,0.986523769389348,"gpath_3neocort"
"21","CDK11A","Inh ENOX2 SPHKAP",0.0683825697007756,4.56821786705656,1.04070670002572,0.308396780294389,0.665378519721319,0.640018743510318,"gpath_3neocort"
"22","SLC35E2A","Inh ENOX2 SPHKAP",-0.0216742332440166,5.0995092002572,0.153823345092783,0.695158660001337,0.906070411392328,0.898894381072603,"gpath_3neocort"
"23","NADK","Inh ENOX2 SPHKAP",0.0239381680596516,4.10306298292203,0.0973809741694985,0.758408349457538,0.934503417312097,0.928499701787097,"gpath_3neocort"
"24","GNB1","Inh ENOX2 SPHKAP",0.00991659246842112,7.44492497586286,0.191132839496337,0.875372549980801,0.976948901017904,0.974004911467222,"gpath_3neocort"
"25","GABRD","Inh ENOX2 SPHKAP",-0.148063983117536,3.78184745862537,2.04946054790536,0.15319679446276,0.496780014811308,0.464910386918233,"gpath_3neocort"
"26","PRKCZ","Inh ENOX2 SPHKAP",-0.0568088482823803,6.94568543835377,4.3619275299819,0.0375088693543769,0.273240750980963,0.235077413926788,"gpath_3neocort"
"27","FAAP20","Inh ENOX2 SPHKAP",-0.0771188191808903,4.74689808098238,1.49055981465878,0.222992254055595,0.581236233938273,0.553867930836475,"gpath_3neocort"
"28","SKI","Inh ENOX2 SPHKAP",0.0657703664690276,6.41396758988711,3.66366701833822,0.056466917342965,0.320722990884563,0.288402249987253,"gpath_3neocort"
"29","MORN1","Inh ENOX2 SPHKAP",-0.0765763736370581,4.51379424886427,1.39128847738984,0.239028540337013,0.599175491581905,0.571551090303246,"gpath_3neocort"
"30","RER1","Inh ENOX2 SPHKAP",0.0766632573990853,4.94144639044584,2.12129141715658,0.146205013516023,0.485277968276954,0.454938911153616,"gpath_3neocort"
"31","PLCH2","Inh ENOX2 SPHKAP",-0.0647566233214594,4.28039274430776,0.668604274943475,0.414122557305692,0.741314515723575,0.726578635287792,"gpath_3neocort"
"32","TPRG1L","Inh ENOX2 SPHKAP",-0.0678674626277808,4.75130426328692,1.047937786588,0.306724628419079,0.663843612678616,0.638444023091027,"gpath_3neocort"
"33","LRRC47","Inh ENOX2 SPHKAP",-0.157489485117831,4.53009570307795,5.64750547082146,0.018044421346952,0.195240638974021,0.162887695682133,"gpath_3neocort"
"34","CEP104","Inh ENOX2 SPHKAP",-0.0298393976219132,5.66779529523581,0.554749034702925,0.456908348822888,0.772289388908063,0.758109975151976,"gpath_3neocort"
"35","DFFB","Inh ENOX2 SPHKAP",-0.0832206437705319,4.89851974267556,2.25179892639867,0.134405482998886,0.467610072684228,0.437210273159004,"gpath_3neocort"
"36","AJAP1","Inh ENOX2 SPHKAP",0.0650741513020613,4.59447971525459,0.73188363080071,0.392887637070914,0.72999619626655,0.711117439314194,"gpath_3neocort"
"37","NPHP4","Inh ENOX2 SPHKAP",-0.020666909069018,5.39931068429079,0.1965931266672,0.657772501420553,0.886317117013643,0.880297783210584,"gpath_3neocort"
"38","KCNAB2","Inh ENOX2 SPHKAP",-0.116240000353327,6.16452691088232,9.81632094307142,0.00188309702928281,0.0708015400430734,0.0478244208806774,"gpath_3neocort"
"39","CHD5","Inh ENOX2 SPHKAP",0.0602477078765119,7.68624390956882,5.05197999679636,0.025251061381327,0.229891892697469,0.192458489834321,"gpath_3neocort"
"40","RPL22","Inh ENOX2 SPHKAP",-0.00423136409877297,5.58704793543731,0.00973896474077205,0.921446732472527,0.990636355721171,0.986810945292075,"gpath_3neocort"
"41","RNF207","Inh ENOX2 SPHKAP",-0.14934988308125,4.70822310004286,5.59761309006016,0.0185564486032581,0.198138921599262,0.165058455482776,"gpath_3neocort"
"42","ICMT","Inh ENOX2 SPHKAP",0.078343666924065,4.20809758034534,1.21509158826462,0.290236819789422,0.647349095535821,0.623049022892165,"gpath_3neocort"
"43","GPR153","Inh ENOX2 SPHKAP",0.0427119614690784,4.31446181186323,0.320645467727496,0.571600918703965,0.84494934070392,0.832072530890417,"gpath_3neocort"
"44","ACOT7","Inh ENOX2 SPHKAP",0.0128185800002707,6.2759740716552,0.148494853583528,0.700223614015219,0.908105504900868,0.901298305356448,"gpath_3neocort"
"45","TNFRSF25","Inh ENOX2 SPHKAP",0.0526131524777343,4.92685502588526,0.872612949522498,0.350908935066699,0.699519183148314,0.677364655108427,"gpath_3neocort"
"46","PLEKHG5","Inh ENOX2 SPHKAP",0.0475805151097922,4.22555256014297,0.391044739103887,0.532178500102866,0.821422449516834,0.808870385017661,"gpath_3neocort"
"47","NOL9","Inh ENOX2 SPHKAP",-0.0201537053477,5.41555757193167,0.2065542525952,0.649777384198137,0.883125333262741,0.875833725473182,"gpath_3neocort"
"48","KLHL21","Inh ENOX2 SPHKAP",0.055943502311913,4.91423610275887,1.1359121506012,0.287288909265873,0.644167487550328,0.620202778739152,"gpath_3neocort"
"49","DNAJC11","Inh ENOX2 SPHKAP",-0.0909024698695383,6.09503178444469,5.91662864267366,0.0155242827788874,0.181701280890391,0.150454380254086,"gpath_3neocort"
"50","CAMTA1","Inh ENOX2 SPHKAP",0.0190825383241082,9.4487244950286,1.02501454450347,0.31206660067495,0.66620805586772,0.643100083889863,"gpath_3neocort"
"51","PER3","Inh ENOX2 SPHKAP",0.0360481082259932,6.86721868571392,1.13384671938777,0.287726799314982,0.644703997176552,0.620672132300671,"gpath_3neocort"
"52","PARK7","Inh ENOX2 SPHKAP",-0.161919295352122,5.16770760209405,5.91042816650988,0.0155780375207975,0.182111559876982,0.150751034509148,"gpath_3neocort"
"53","ERRFI1","Inh ENOX2 SPHKAP",-0.0673957997199312,4.6238618662253,1.07812498082241,0.29986976749762,0.657622922180519,0.632021421902186,"gpath_3neocort"
"54","SLC45A1","Inh ENOX2 SPHKAP",-0.132567431070987,4.37256343753819,3.35102562047617,0.0680555708959857,0.349170257842523,0.315454134809012,"gpath_3neocort"
"55","RERE","Inh ENOX2 SPHKAP",0.0140765222738508,9.04333380438418,0.670218369020637,0.413560194920368,0.740992576296177,0.726125169111387,"gpath_3neocort"
"56","ENO1","Inh ENOX2 SPHKAP",-0.0397829067570713,5.60680617149209,0.533847559481909,0.465506824734382,0.777014991303294,0.764024155728154,"gpath_3neocort"
"57","MIR34AHG","Inh ENOX2 SPHKAP",-0.0812876930791619,4.48759002988117,1.16408308128326,0.281400223899595,0.639342488240587,0.614322889480023,"gpath_3neocort"
"58","H6PD","Inh ENOX2 SPHKAP",-0.0218227088059363,4.59258271160275,0.117551266563824,0.731921713128045,0.9242271764306,0.916499483396221,"gpath_3neocort"
"59","SLC25A33","Inh ENOX2 SPHKAP",-0.095379051232189,4.54489894817987,1.75956726742506,0.185586314216318,0.538029034783717,0.509138915669785,"gpath_3neocort"
"60","TMEM201","Inh ENOX2 SPHKAP",0.110825358420064,4.40413298119829,2.78654266135581,0.0959976892997918,0.406092744744297,0.372477377814134,"gpath_3neocort"
"61","PIK3CD","Inh ENOX2 SPHKAP",-0.0163271450626495,5.74471234664512,0.151456327136054,0.697395930778492,0.906880198724163,0.899849302785402,"gpath_3neocort"
"62","CLSTN1","Inh ENOX2 SPHKAP",-0.0249010792214684,8.22153924642345,1.13772574010412,0.286905112302305,0.643822502383729,0.619836533843116,"gpath_3neocort"
"63","CTNNBIP1","Inh ENOX2 SPHKAP",-0.0373527931439768,5.2824797174205,0.583464992189287,0.445497518795563,0.762971304613294,0.750072113551898,"gpath_3neocort"
"64","LZIC","Inh ENOX2 SPHKAP",0.0434697451644881,4.56766214245059,0.52583781642165,0.468870597852104,0.779822695454107,0.766247729153661,"gpath_3neocort"
"65","NMNAT1","Inh ENOX2 SPHKAP",-0.124654421142009,4.42919331214419,3.06047993590673,0.0811379951907546,0.378773632390973,0.343532811629611,"gpath_3neocort"
"66","UBE4B","Inh ENOX2 SPHKAP",-0.051051269276569,7.5871143842545,4.39356375262987,0.0368282730335451,0.271281182148761,0.233028342632921,"gpath_3neocort"
"67","KIF1B","Inh ENOX2 SPHKAP",-0.00587434497575588,8.73417987792573,0.0903354300678417,0.763938473469448,0.936302600649689,0.931106470527346,"gpath_3neocort"
"68","PGD","Inh ENOX2 SPHKAP",-0.0350877265297963,4.36097434309583,0.256978240410695,0.612538864035589,0.863977905269201,0.855466999952202,"gpath_3neocort"
"69","DFFA","Inh ENOX2 SPHKAP",-0.0555390926022505,5.2122250659804,1.34624872144873,0.258392179331672,0.617463706512314,0.592117536447076,"gpath_3neocort"
"70","PEX14","Inh ENOX2 SPHKAP",0.0192668416125691,6.23442839483886,0.3409928313366,0.700758541777967,0.908105504900868,0.901524187518397,"gpath_3neocort"
"71","SRM","Inh ENOX2 SPHKAP",-0.172093551187685,5.08800387481104,7.75549406336399,0.00566086853519237,0.120006222789673,0.0885143961903837,"gpath_3neocort"
"72","EXOSC10","Inh ENOX2 SPHKAP",0.019773671356569,5.48391352031326,0.204736465317878,0.651218815076155,0.883719177983779,0.876646139159672,"gpath_3neocort"
"73","MTOR","Inh ENOX2 SPHKAP",-0.0707645254229827,6.03737564913017,4.23427415747889,0.0403926312634108,0.28000473512157,0.243782422795073,"gpath_3neocort"
"74","DISP3","Inh ENOX2 SPHKAP",-0.0548172375676125,4.03534210693385,0.321378442467413,0.571161851855561,0.84494934070392,0.831769458560244,"gpath_3neocort"
"75","FBXO2","Inh ENOX2 SPHKAP",-0.0205195407340824,5.32282779473761,0.133506682564943,0.715055216656052,0.91560916499627,0.908330394902731,"gpath_3neocort"
"76","FBXO44","Inh ENOX2 SPHKAP",0.0124038189565955,5.95509961981753,0.0892575066221268,0.765309323373064,0.936351870264121,0.931658197002157,"gpath_3neocort"
"77","MTHFR","Inh ENOX2 SPHKAP",-0.0364774464802213,5.10485113335819,0.496298927655221,0.481622624038215,0.788368832806739,0.775094762737639,"gpath_3neocort"
"78","CLCN6","Inh ENOX2 SPHKAP",0.0362639523140673,4.78844412515829,0.381734342655593,0.537098259976767,0.824052758098905,0.811824604285967,"gpath_3neocort"
"79","KIAA2013","Inh ENOX2 SPHKAP",-0.00264634852808552,4.40446355549273,0.00166574087644174,0.967469013094376,0.995859773924732,0.9960024315859,"gpath_3neocort"
"80","PLOD1","Inh ENOX2 SPHKAP",-0.035262330015616,4.1621850453741,0.198923457462002,0.655880688745119,0.885848338339017,0.879205012756266,"gpath_3neocort"
"81","MFN2","Inh ENOX2 SPHKAP",-0.0606325891086887,5.26904444111163,1.63053988012638,0.202516923165979,0.556754766278031,0.530137975489207,"gpath_3neocort"
"82","VPS13D","Inh ENOX2 SPHKAP",0.0119535417036274,7.60100475507221,0.301408869330647,0.6071792512127,0.860775842704527,0.852294154371087,"gpath_3neocort"
"83","PRDM2","Inh ENOX2 SPHKAP",-0.0406580507708122,6.83631125052352,2.2845665901113,0.131613783080406,0.462574053886986,0.432832019130915,"gpath_3neocort"
"84","KAZN","Inh ENOX2 SPHKAP",0.0154695894744702,11.6152150444202,0.49276539890426,0.483186017214933,0.789076880033375,0.776004160892706,"gpath_3neocort"
"85","FHAD1","Inh ENOX2 SPHKAP",0.0815452901003213,3.79764411009733,0.691837776924063,0.406135268787446,0.737250084133714,0.720619522055703,"gpath_3neocort"
"86","EFHD2","Inh ENOX2 SPHKAP",0.0253788094527078,6.5375637524496,0.383182622940614,0.536327544607948,0.823778805897824,0.811482193142743,"gpath_3neocort"
"87","CASP9","Inh ENOX2 SPHKAP",-0.157321190731653,4.48861366121288,4.8956083192785,0.0276022098475062,0.238924728440014,0.201077671418337,"gpath_3neocort"
"88","DNAJC16","Inh ENOX2 SPHKAP",-0.0793117132383134,5.52295293568943,3.77952471158399,0.0527242387954048,0.313061959507303,0.278612113442287,"gpath_3neocort"
"89","DDI2","Inh ENOX2 SPHKAP",0.0622121430962331,6.12418629258888,3.02081976273809,0.0831251070152578,0.382413502371361,0.347634836232591,"gpath_3neocort"
"90","PLEKHM2","Inh ENOX2 SPHKAP",0.0316589576583267,6.32480088245321,0.992356224835304,0.415031768173615,0.741572695131503,0.727246121795992,"gpath_3neocort"
"91","FBLIM1","Inh ENOX2 SPHKAP",-0.125372747979937,4.62552261942539,4.01640612604491,0.0458680970000586,0.293278744968201,0.259801519461905,"gpath_3neocort"
"92","SPEN","Inh ENOX2 SPHKAP",0.0506255518972798,6.69138012732295,2.97857494704265,0.0852999452926482,0.386184312630241,0.352152545412688,"gpath_3neocort"
"93","ZBTB17","Inh ENOX2 SPHKAP",-0.038763193437778,4.24473755747921,0.2725007993235,0.63405865717281,0.876431966437022,0.867315345117972,"gpath_3neocort"
"94","FAM131C","Inh ENOX2 SPHKAP",0.110583237556804,4.51817670983143,2.7181887780667,0.100152380987621,0.412621271547029,0.379933421961463,"gpath_3neocort"
"95","FBXO42","Inh ENOX2 SPHKAP",0.0350983532852963,6.83745644751125,1.55257434992981,0.213630568691931,0.57011084623788,0.54311741172249,"gpath_3neocort"
"96","SZRD1","Inh ENOX2 SPHKAP",0.0278602877800665,4.47374899754095,0.231681148810614,0.630595800976512,0.875304445396154,0.865622368705713,"gpath_3neocort"
"97","NECAP2","Inh ENOX2 SPHKAP",0.025838864785861,4.1138798276446,0.108571899431948,0.741982794580988,0.928670714506067,0.921348406539271,"gpath_3neocort"
"98","NBPF1","Inh ENOX2 SPHKAP",0.108473545500528,6.0089531272696,6.49956319876988,0.0112373179488564,0.157225577853395,0.126923649954254,"gpath_3neocort"
"99","CROCC","Inh ENOX2 SPHKAP",0.0624058025831144,6.46371400267618,2.26228583296043,0.13350486814915,0.466016611844553,0.435751738811194,"gpath_3neocort"
"100","ATP13A2","Inh ENOX2 SPHKAP",-0.0846514966836987,6.75330377378585,6.76414564325117,0.00971494704555931,0.147771602677457,0.118196849067052,"gpath_3neocort"
"101","SDHB","Inh ENOX2 SPHKAP",-0.0921593219023573,5.45679589374461,4.43316128470758,0.0359946662685624,0.270348089325986,0.230409614774587,"gpath_3neocort"
"102","RCC2","Inh ENOX2 SPHKAP",0.0839964892885825,4.12674026727149,1.17023232026618,0.280135252880649,0.638594087367346,0.613221560784192,"gpath_3neocort"
"103","ARHGEF10L","Inh ENOX2 SPHKAP",0.0232327821845762,5.49676813534027,0.299549558384909,0.957377671275689,0.995700592042286,0.994350416523889,"gpath_3neocort"
"104","IGSF21","Inh ENOX2 SPHKAP",0.106715258696223,5.78467019205636,3.94796538647159,0.0477461080860513,0.299968774543205,0.265108043970367,"gpath_3neocort"
"105","IFFO2","Inh ENOX2 SPHKAP",0.0490249065307561,4.19876338674337,0.39030178020689,0.532568086882104,0.82145780817606,0.809149129156966,"gpath_3neocort"
"106","UBR4","Inh ENOX2 SPHKAP",-0.0213687826804291,6.67975996706788,0.488303021267278,0.485172380097015,0.791259192327035,0.777413702057941,"gpath_3neocort"
"107","AL035413.1","Inh ENOX2 SPHKAP",-0.049988844648159,4.5352433428935,0.538848067953084,0.463426384840813,0.7754810090113,0.762552681142559,"gpath_3neocort"
"108","EMC1","Inh ENOX2 SPHKAP",-0.0967516485308951,4.72500411883367,2.45711877286153,0.117941714950876,0.443956869034259,0.411011384717245,"gpath_3neocort"
"109","MRTO4","Inh ENOX2 SPHKAP",-0.223159069073366,4.27450702998488,7.88623176206512,0.00527472067686011,0.118836096410716,0.0850100931379951,"gpath_3neocort"
"110","CAPZB","Inh ENOX2 SPHKAP",0.0386298179412328,7.4359943858915,2.69792734722996,0.10142149561785,0.413876650318563,0.382196902830269,"gpath_3neocort"
"111","NBL1","Inh ENOX2 SPHKAP",-0.0529119541105302,5.08683894375915,0.675166827892512,0.411843143046964,0.740496404540497,0.724760701705505,"gpath_3neocort"
"112","OTUD3","Inh ENOX2 SPHKAP",-0.0444633828789827,5.53020979187291,0.89586312647475,0.34457880425644,0.69343012933441,0.671771748070638,"gpath_3neocort"
"113","CAMK2N1","Inh ENOX2 SPHKAP",-0.0246100070345798,7.12328009003947,0.34785068164507,0.555731782274693,0.836820178721348,0.822819550624102,"gpath_3neocort"
"114","FAM43B","Inh ENOX2 SPHKAP",0.102173428363072,4.43813721773432,1.92318085032035,0.166432850473058,0.516977064723009,0.483579268765769,"gpath_3neocort"
"115","PINK1","Inh ENOX2 SPHKAP",-0.0615752474446855,5.45528638441257,1.28768977038148,0.257289236142397,0.615900339615206,0.590904786656932,"gpath_3neocort"
"116","DDOST","Inh ENOX2 SPHKAP",-0.135842931400057,4.28826568529908,3.15894256385206,0.0764235622651393,0.368787239513343,0.33377315225749,"gpath_3neocort"
"117","KIF17","Inh ENOX2 SPHKAP",-0.00849218101537458,4.48333515191494,0.0151939517965263,0.901972512952186,0.985533466494216,0.981909512411096,"gpath_3neocort"
"118","SH2D5","Inh ENOX2 SPHKAP",-0.178715787932066,4.15401272860191,5.17403517661221,0.0235615969387511,0.221273386351433,0.185807161102565,"gpath_3neocort"
"119","HP1BP3","Inh ENOX2 SPHKAP",0.0641294887958681,7.34073387138486,5.87278715974925,0.0159085283251561,0.183334022284461,0.152415107906765,"gpath_3neocort"
"120","EIF4G3","Inh ENOX2 SPHKAP",0.0340893259869606,8.91085860288734,3.65965229545618,0.0566015791412914,0.32101699340588,0.288726364747089,"gpath_3neocort"
"121","ECE1","Inh ENOX2 SPHKAP",-0.0741704434443804,4.69233252355172,1.28290271759983,0.258173850666087,0.617259257988302,0.591904648137028,"gpath_3neocort"
"122","NBPF3","Inh ENOX2 SPHKAP",-0.0308078058169411,4.70503868364599,0.29585462515147,0.58685645569635,0.85117786201535,0.841249928650444,"gpath_3neocort"
"123","RAP1GAP","Inh ENOX2 SPHKAP",0.034152188599048,6.5063796936936,1.12804225911248,0.288961964970149,0.645948223594981,0.621906779889222,"gpath_3neocort"
"124","USP48","Inh ENOX2 SPHKAP",-0.00278164610779909,6.98866135094181,0.0109850273907275,0.91659000530212,0.989065400865346,0.985718198653222,"gpath_3neocort"
"125","CDC42","Inh ENOX2 SPHKAP",-0.0478966679446625,6.32245218437116,1.70695071588839,0.192281939721243,0.54568240803677,0.517439922934007,"gpath_3neocort"
"126","ZBTB40","Inh ENOX2 SPHKAP",0.030971029506772,4.9328005806198,0.294618813833991,0.587638404019741,0.851588997986641,0.841701966199251,"gpath_3neocort"
"127","EPHB2","Inh ENOX2 SPHKAP",0.0292024427842109,6.01468083447802,0.499046595261421,0.480412678792382,0.787735901619491,0.774218379395512,"gpath_3neocort"
"128","KDM1A","Inh ENOX2 SPHKAP",0.00757575545052204,6.24923680945107,0.0532202218833037,0.817693176453529,0.958326597322361,0.953723286435126,"gpath_3neocort"
"129","LUZP1","Inh ENOX2 SPHKAP",-0.113744611219517,6.44482913483055,9.1258390900362,0.0027150163629213,0.0852050496360834,0.0589552058125036,"gpath_3neocort"
"130","HNRNPR","Inh ENOX2 SPHKAP",0.0861739470543083,5.96942181800254,5.97347443535623,0.0150403221990533,0.178831083729403,0.147875810874132,"gpath_3neocort"
"131","TCEA3","Inh ENOX2 SPHKAP",0.0348936526340448,4.77361599500064,0.262663592587859,0.608635437919399,0.861842648605367,0.853201094883108,"gpath_3neocort"
"132","RPL11","Inh ENOX2 SPHKAP",-0.0811229799397805,5.57062439982028,1.24496833993054,0.265319162560682,0.624076812805777,0.598946877901938,"gpath_3neocort"
"133","ELOA","Inh ENOX2 SPHKAP",0.0541625828551748,4.98168434630924,0.906494349498441,0.341735946486648,0.691302312324829,0.669431441926389,"gpath_3neocort"
"134","ELOA-AS1","Inh ENOX2 SPHKAP",0.00484768848432802,5.05671421872886,0.00896866865077537,0.92460757720884,0.99106533702363,0.987640254651628,"gpath_3neocort"
"135","PITHD1","Inh ENOX2 SPHKAP",0.000328438106052922,5.58291692698043,7.8901115442438e-05,0.992918092028387,0.998951897108485,0.999193584560602,"gpath_3neocort"
"136","HMGCL","Inh ENOX2 SPHKAP",-0.244238682006384,4.29154797177822,9.27870489943726,0.00250318388974535,0.0815670200660179,0.0563294442295904,"gpath_3neocort"
"137","SRSF10","Inh ENOX2 SPHKAP",-0.0705354123571732,6.23891618737585,3.7159151655601,0.0547452108686339,0.316926225153371,0.283846885554196,"gpath_3neocort"
"138","IFNLR1","Inh ENOX2 SPHKAP",-0.129196593471976,4.42420407758163,3.22150863820079,0.0735822228576001,0.361469499621407,0.327830767225923,"gpath_3neocort"
"139","STPG1","Inh ENOX2 SPHKAP",-0.0234073559461606,5.0330580234362,0.180538279581998,0.671185120043155,0.892619175128322,0.887126805525136,"gpath_3neocort"
"140","NIPAL3","Inh ENOX2 SPHKAP",-0.141839725385098,7.75175830491426,30.6163754126557,6.36919684627582e-08,0.000173091027841703,7.99570290666626e-05,"gpath_3neocort"
"141","RCAN3","Inh ENOX2 SPHKAP",-0.0781883562698871,6.52727809015181,4.21817203496974,0.0407726568620956,0.280510951461368,0.244965583120344,"gpath_3neocort"
"142","SRRM1","Inh ENOX2 SPHKAP",0.0712459150519392,6.64331660389587,4.10589709721107,0.043529638218884,0.286045634981411,0.252919389274863,"gpath_3neocort"
"143","SYF2","Inh ENOX2 SPHKAP",-0.0774596351755857,4.6110766426095,1.29563375172355,0.25582951127129,0.614600792881619,0.589496098464438,"gpath_3neocort"
"144","RSRP1","Inh ENOX2 SPHKAP",-0.0600885729929207,7.3014568360996,3.69134632319329,0.0555477420825595,0.318468451233446,0.286098657043452,"gpath_3neocort"
"145","TMEM50A","Inh ENOX2 SPHKAP",-0.050361154640095,5.37757282673091,1.19923778963139,0.387119413111512,0.726423659542084,0.706854152956257,"gpath_3neocort"
"146","MACO1","Inh ENOX2 SPHKAP",-0.00713024042102602,7.00694277866725,0.0773020410888861,0.781159777273628,0.94463015286981,0.938760794918094,"gpath_3neocort"
"147","MAN1C1","Inh ENOX2 SPHKAP",-0.014429395002363,6.15552305811457,0.123204417719613,0.725806369411344,0.920875843394561,0.91353110871446,"gpath_3neocort"
"148","MTFR1L","Inh ENOX2 SPHKAP",-0.0186340899284558,4.97995747461286,0.135755802845946,0.712771134176671,0.914520657340325,0.907344209948952,"gpath_3neocort"
"149","STMN1","Inh ENOX2 SPHKAP",-0.160592893411831,7.11044600703435,7.47716064653099,0.00658250947185226,0.12419581335652,0.0961901287759446,"gpath_3neocort"
"150","PDIK1L","Inh ENOX2 SPHKAP",0.0893792922094498,4.70216707385952,2.76076413331764,0.097541962051664,0.407980128991614,0.375187584710647,"gpath_3neocort"
"151","CEP85","Inh ENOX2 SPHKAP",-0.0586342032797033,4.13073778887321,0.605736982959029,0.436949378063614,0.758584963925395,0.743531942446918,"gpath_3neocort"
"152","SH3BGRL3","Inh ENOX2 SPHKAP",-0.0684260159751604,4.14117956082265,0.481620761404644,0.488172304966565,0.794027547784085,0.779447994919558,"gpath_3neocort"
"153","DHDDS","Inh ENOX2 SPHKAP",-0.120863808969766,5.11476833584332,4.5053961612189,0.0345246784282125,0.265683787043354,0.225497328866486,"gpath_3neocort"
"154","HMGN2","Inh ENOX2 SPHKAP",-0.119910520858557,4.98279547237381,3.87967649643963,0.0497013904512952,0.304931980767736,0.270512609619587,"gpath_3neocort"
"155","ARID1A","Inh ENOX2 SPHKAP",-0.027659284422309,6.72074537589979,0.716459275264023,0.397914864844546,0.732377591644456,0.714677974010702,"gpath_3neocort"
"156","ZDHHC18","Inh ENOX2 SPHKAP",0.000783686482565944,5.29877050842685,0.000341301028318414,0.985271502132239,0.9984270842391,0.998266728648838,"gpath_3neocort"
"157","NUDC","Inh ENOX2 SPHKAP",0.00572741462698986,5.27833887869437,0.0131472053172294,0.908782633936756,0.987582333364148,0.983594017175409,"gpath_3neocort"
"158","TRNP1","Inh ENOX2 SPHKAP",-0.0316240636097156,4.57098170885736,0.233883114713973,0.628976827527294,0.874771932973166,0.864721362987908,"gpath_3neocort"
"159","SLC9A1","Inh ENOX2 SPHKAP",0.0412381847010649,4.45236425465578,0.419747323362007,0.517509012852462,0.811514133197629,0.798800104435649,"gpath_3neocort"
"160","WDTC1","Inh ENOX2 SPHKAP",0.0703073398964587,5.29175552014545,2.50408290800538,0.191585503651518,0.54568240803677,0.516562645157609,"gpath_3neocort"
"161","TMEM222","Inh ENOX2 SPHKAP",-0.00218193642962938,5.28569944434962,0.00192919769775914,0.96499236578304,0.995700592042286,0.995644349288254,"gpath_3neocort"
"162","WASF2","Inh ENOX2 SPHKAP",0.043857342363168,5.14314286652009,0.742412200902296,0.389508477873664,0.727649032330622,0.708762961998493,"gpath_3neocort"
"163","AHDC1","Inh ENOX2 SPHKAP",0.0489727188793283,5.92502991294515,1.89376686949027,0.169701201488014,0.519249484808241,0.48811735784328,"gpath_3neocort"
"164","IFI6","Inh ENOX2 SPHKAP",0.16294743899751,4.27657326278719,1.91537032235659,0.167293606558637,0.518110198190241,0.484782581519867,"gpath_3neocort"
"165","FAM76A","Inh ENOX2 SPHKAP",-0.047813851120066,4.93063990846532,0.650336178112033,0.420567319540398,0.745269420362709,0.731583962750147,"gpath_3neocort"
"166","STX12","Inh ENOX2 SPHKAP",-0.0135047391430282,6.81235622762504,0.236482713327179,0.627077563361116,0.873852506011812,0.863649630257852,"gpath_3neocort"
"167","PPP1R8","Inh ENOX2 SPHKAP",-0.0240813601843888,4.42737562828199,0.137549323930422,0.710965091635111,0.913494928399883,0.906566052978988,"gpath_3neocort"
"168","RPA2","Inh ENOX2 SPHKAP",-0.0792632876227553,4.50282701873883,1.37594609847627,0.241630180279105,0.601020356464349,0.574301413809337,"gpath_3neocort"
"169","EYA3","Inh ENOX2 SPHKAP",-0.0447330483299372,6.28697581519029,1.74479969153238,0.276323368923837,0.635281253780055,0.609795750591982,"gpath_3neocort"
"170","DNAJC8","Inh ENOX2 SPHKAP",0.023273223448655,5.07733186042274,0.209287481484247,0.647624387465939,0.882081437008956,0.874684838409208,"gpath_3neocort"
"171","ATP5IF1","Inh ENOX2 SPHKAP",-0.165758489251926,6.10349440612649,6.42706227550264,0.0116959903166374,0.160541254450746,0.129861959375442,"gpath_3neocort"
"172","SESN2","Inh ENOX2 SPHKAP",0.0397012253107346,4.3404934743998,0.285527173147589,0.59345728339278,0.85343611858588,0.844826683347426,"gpath_3neocort"
"173","PHACTR4","Inh ENOX2 SPHKAP",-0.0396407154875063,6.93746255771003,1.96601744276698,0.241615508980835,0.601020356464349,0.574284850005761,"gpath_3neocort"
"174","RCC1","Inh ENOX2 SPHKAP",0.102937881935636,4.74639549757807,2.94963740837146,0.0868253374418224,0.389095782792668,0.355293081071291,"gpath_3neocort"
"175","TRNAU1AP","Inh ENOX2 SPHKAP",0.00715863893808712,6.21683346753271,0.0415346774800934,0.838633664981034,0.965268659340715,0.961858309532741,"gpath_3neocort"
"176","TAF12","Inh ENOX2 SPHKAP",-0.0802767371610905,4.60636211917513,1.36477087686491,0.243546974152246,0.602037940859763,0.576377690840477,"gpath_3neocort"
"177","GMEB1","Inh ENOX2 SPHKAP",0.106512761681991,4.51965165271512,3.02062336670562,0.0831350774820468,0.382413502371361,0.34766835429659,"gpath_3neocort"
"178","YTHDF2","Inh ENOX2 SPHKAP",0.0324467762860638,5.30434948445414,0.511095863626923,0.47516509632589,0.783334638229476,0.770484632583474,"gpath_3neocort"
"179","OPRD1","Inh ENOX2 SPHKAP",0.0514292464424895,5.75382557479527,0.943082938133859,0.332190186062083,0.683615391350923,0.661326245881902,"gpath_3neocort"
"180","EPB41","Inh ENOX2 SPHKAP",0.155867038949954,5.62999447644898,8.09298320259574,0.00471829126913881,0.111792507004559,0.0798345399143222,"gpath_3neocort"
"181","SRSF4","Inh ENOX2 SPHKAP",0.0419960164198197,6.65678413645469,1.91181007732905,0.167687659313319,0.518110198190241,0.485385284987234,"gpath_3neocort"
"182","MECR","Inh ENOX2 SPHKAP",-0.0641117255445225,5.11832418323998,1.63359957017346,0.202094937730841,0.556754766278031,0.529652084384225,"gpath_3neocort"
"183","PTPRU","Inh ENOX2 SPHKAP",0.0447246892316732,5.98873913103993,1.64459117290429,0.309454640853244,0.666017848137846,0.640977926269671,"gpath_3neocort"
"184","SDC3","Inh ENOX2 SPHKAP",0.0153534481021217,5.52164294734669,0.100440537356808,0.751499950771309,0.931658994455486,0.925573314616279,"gpath_3neocort"
"185","PUM1","Inh ENOX2 SPHKAP",0.027697484654114,7.44690217181629,1.45898548063715,0.227947645337808,0.587236552989306,0.55938690777525,"gpath_3neocort"
"186","SNRNP40","Inh ENOX2 SPHKAP",-0.0791995992073384,5.02050949075775,2.16912291416884,0.141749844416029,0.479735384632701,0.448608434715495,"gpath_3neocort"
"187","ZCCHC17","Inh ENOX2 SPHKAP",-0.0679253483803165,5.74866782815224,2.30600673630757,0.129822345820784,0.460550092387176,0.430098314604597,"gpath_3neocort"
"188","AL451070.1","Inh ENOX2 SPHKAP",0.120398926022426,4.40662114077365,2.1055035644908,0.147710156260001,0.487494224131601,0.456860408734357,"gpath_3neocort"
"189","FABP3","Inh ENOX2 SPHKAP",0.0348801256338521,4.01214366715801,0.135307486403207,0.713224695825904,0.914708558929626,0.907569970487309,"gpath_3neocort"
"190","PEF1","Inh ENOX2 SPHKAP",-0.0649234637024388,4.28303555858363,0.750040949766076,0.387086002518872,0.726423659542084,0.706854152956257,"gpath_3neocort"
"191","ADGRB2","Inh ENOX2 SPHKAP",0.0317846948968401,5.0590968514376,0.387322802600709,0.66718578560228,0.889970858297957,0.884990207668243,"gpath_3neocort"
"192","KHDRBS1","Inh ENOX2 SPHKAP",0.0261674466082493,6.58732695314596,0.751615445477616,0.386588711828154,0.726388849781961,0.706538574957172,"gpath_3neocort"
"193","TMEM39B","Inh ENOX2 SPHKAP",0.000832737396943961,4.98684397109335,0.000230260255116919,0.987902177457085,0.998951897108485,0.998627204769558,"gpath_3neocort"
"194","KPNA6","Inh ENOX2 SPHKAP",0.0490161074044672,6.64203776526548,3.01062049439604,0.113362915328069,0.434127975957069,0.403121208602234,"gpath_3neocort"
"195","EIF3I","Inh ENOX2 SPHKAP",-0.0730454492543422,4.34231219435791,0.785698233289922,0.376042916471138,0.718584364324164,0.698298777901993,"gpath_3neocort"
"196","HDAC1","Inh ENOX2 SPHKAP",0.0507927506530482,4.21247508638812,0.47626938601002,0.635220613712216,0.87697971030166,0.868009032606345,"gpath_3neocort"
"197","MARCKSL1","Inh ENOX2 SPHKAP",-0.04424747203466,5.26679646680085,0.545740042897621,0.460583239729696,0.77425788578238,0.760635392793414,"gpath_3neocort"
"198","BSDC1","Inh ENOX2 SPHKAP",0.0348607664130177,6.60640955209805,1.55643391840683,0.213063617575567,0.569977946825382,0.542571469279215,"gpath_3neocort"
"199","ZBTB8OS","Inh ENOX2 SPHKAP",-0.0561145423034074,6.92401588186801,3.12218945623262,0.0781477201861255,0.37267507305215,0.337215136795238,"gpath_3neocort"
"200","RBBP4","Inh ENOX2 SPHKAP",-0.041859189953031,6.17517324728214,1.7237088510816,0.190119212146401,0.543812476504925,0.514970570349152,"gpath_3neocort"
"201","SYNC","Inh ENOX2 SPHKAP",-0.0988405542777124,4.2989460470429,1.5218162329424,0.218213733945269,0.575715345748858,0.548389122059669,"gpath_3neocort"
"202","KIAA1522","Inh ENOX2 SPHKAP",0.130113290673583,4.38042885918822,3.23327534064673,0.0730606997587144,0.359871064365382,0.326552684223724,"gpath_3neocort"
"203","YARS","Inh ENOX2 SPHKAP",0.00658735546920635,5.84404132399992,0.0256338709077283,0.872894671975654,0.976815481004242,0.973310368298669,"gpath_3neocort"
"204","S100PBP","Inh ENOX2 SPHKAP",-0.085100912565998,5.465215137259,3.68211341480986,0.055852563512775,0.319185600638147,0.286921989322976,"gpath_3neocort"
"205","FNDC5","Inh ENOX2 SPHKAP",-0.0610754696961422,4.70074091892611,0.880228227207419,0.34881827640865,0.69790988776491,0.675523803476121,"gpath_3neocort"
"206","HPCA","Inh ENOX2 SPHKAP",0.00259786524973976,4.02416324798082,0.00142531532589786,0.96990693343119,0.995943372722374,0.996361532349396,"gpath_3neocort"
"207","AK2","Inh ENOX2 SPHKAP",0.0142996017785577,4.8977530279152,0.060900122791861,0.805230741811325,0.952559922311815,0.948845574984939,"gpath_3neocort"
"208","AZIN2","Inh ENOX2 SPHKAP",-0.0335171036976626,5.12702174069309,0.433556101394652,0.510703554464149,0.80770894481556,0.794466031700109,"gpath_3neocort"
"209","ZNF362","Inh ENOX2 SPHKAP",-0.0770121654220525,5.29618490565478,2.88523211976693,0.0903279678390476,0.395234941359068,0.361999680621457,"gpath_3neocort"
"210","PHC2","Inh ENOX2 SPHKAP",-0.0148822059150629,6.52452417911312,0.226465488766919,0.634468734176017,0.87662550133457,0.867595083228239,"gpath_3neocort"
"211","CSMD2","Inh ENOX2 SPHKAP",0.0787248635871048,8.09881636311322,6.16647205320451,0.0135105233555136,0.169860207319125,0.139793067519755,"gpath_3neocort"
"212","SMIM12","Inh ENOX2 SPHKAP",-0.0316807368640081,5.41699495918276,0.422987895839974,0.51589776856552,0.810186041624116,0.797868786160135,"gpath_3neocort"
"213","DLGAP3","Inh ENOX2 SPHKAP",0.0944085616461203,6.26358898024586,4.85077507871785,0.0283176926543296,0.24155824305894,0.203715234627991,"gpath_3neocort"
"214","ZMYM1","Inh ENOX2 SPHKAP",-0.0375726444958484,4.44125067855917,0.295296632934864,0.587209257599297,0.851435936644127,0.841453563390543,"gpath_3neocort"
"215","SFPQ","Inh ENOX2 SPHKAP",-0.0633320751158683,7.1647985068255,4.70115637016196,0.0308491805022213,0.250264493100595,0.213103136176513,"gpath_3neocort"
"216","ZMYM4","Inh ENOX2 SPHKAP",-0.0131627640974156,7.43834426801977,0.350667434049066,0.580358944527136,0.848345470966471,0.83723158578534,"gpath_3neocort"
"217","KIAA0319L","Inh ENOX2 SPHKAP",-0.0575370061375626,6.94908202757784,3.38324584321275,0.0667511660595055,0.346622121293336,0.312624949232752,"gpath_3neocort"
"218","NCDN","Inh ENOX2 SPHKAP",0.047382987593251,6.36757435415761,1.06596936017057,0.302605934448274,0.659687526632259,0.634617255992044,"gpath_3neocort"
"219","TFAP2E","Inh ENOX2 SPHKAP",-0.118956043035229,5.30126906629354,4.77917057594783,0.0295009227230436,0.246213865163732,0.2081573419013,"gpath_3neocort"
"220","PSMB2","Inh ENOX2 SPHKAP",-0.0370823260514459,5.21440321327105,0.517193856393269,0.472544877269854,0.781699038975728,0.768750214135773,"gpath_3neocort"
"221","C1orf216","Inh ENOX2 SPHKAP",-0.0460131713168659,4.8466104028557,0.483204953085432,0.487458318340539,0.793567543867247,0.779020180190733,"gpath_3neocort"
"222","AGO4","Inh ENOX2 SPHKAP",-0.111378139799887,6.44951217587386,9.93880345721178,0.00176524271123754,0.0693142480727065,0.0460844135028391,"gpath_3neocort"
"223","AGO1","Inh ENOX2 SPHKAP",-0.0237988373597767,5.79460743479839,0.390196780072389,0.532623187597417,0.82145780817606,0.809173508138606,"gpath_3neocort"
"224","AGO3","Inh ENOX2 SPHKAP",0.0243274250221205,7.347176518215,1.06719600705116,0.302328361318304,0.65966246527395,0.634335253932293,"gpath_3neocort"
"225","ADPRHL2","Inh ENOX2 SPHKAP",0.0682435291821687,4.24824547760927,0.983475130805136,0.322061474862051,0.673468389435468,0.652175725786009,"gpath_3neocort"
"226","TRAPPC3","Inh ENOX2 SPHKAP",-0.0097706725898659,4.827904888482,0.0274336870696004,0.86854758989518,0.974863581189403,0.972019780133806,"gpath_3neocort"
"227","MAP7D1","Inh ENOX2 SPHKAP",-0.0141501184141159,5.68378627566671,0.103935877391992,0.747358643317739,0.930037313045212,0.923805330851104,"gpath_3neocort"
"228","THRAP3","Inh ENOX2 SPHKAP",-0.0643104808676701,6.43804247430652,5.07311365662986,0.0367882609693109,0.271191586161355,0.232873981262068,"gpath_3neocort"
"229","STK40","Inh ENOX2 SPHKAP",0.0284388829756558,5.44865970036343,0.30868507851141,0.578860781718023,0.847855388854142,0.836368171022513,"gpath_3neocort"
"230","LSM10","Inh ENOX2 SPHKAP",-0.0547860680495187,4.09069663828754,0.363452686254969,0.547004747057032,0.830389902379284,0.817599406796239,"gpath_3neocort"
"231","OSCP1","Inh ENOX2 SPHKAP",-0.0915219654193632,4.42989360005141,1.85492094444859,0.174131561755258,0.525171197091898,0.493985712381381,"gpath_3neocort"
"232","GRIK3","Inh ENOX2 SPHKAP",0.0297707501663543,9.03527422672027,1.70207470501241,0.192916619565046,0.545983119993007,0.518310026899319,"gpath_3neocort"
"233","MEAF6","Inh ENOX2 SPHKAP",0.0469429707932147,5.3137667730304,1.07997670102658,0.299455765201588,0.657147791220237,0.631565417187355,"gpath_3neocort"
"234","EPHA10","Inh ENOX2 SPHKAP",-0.0300952739921323,5.05648679815232,0.255328322230573,0.61368181915705,0.864666544807891,0.856133139100814,"gpath_3neocort"
"235","C1orf122","Inh ENOX2 SPHKAP",-0.125836061225378,4.11175592419309,1.88066203014623,0.171181107568,0.521538606022918,0.490052808528978,"gpath_3neocort"
"236","MTF1","Inh ENOX2 SPHKAP",-0.108534212684498,4.78181085755771,3.44636583181017,0.06427291987436,0.338309213257707,0.30670146112889,"gpath_3neocort"
"237","INPP5B","Inh ENOX2 SPHKAP",-0.0438303666205774,6.11160540127367,1.20912734871894,0.272298303370782,0.630548689292513,0.606013937709273,"gpath_3neocort"
"238","SF3A3","Inh ENOX2 SPHKAP",0.0176897684737058,4.87285278712534,0.122015354584297,0.947068280861403,0.994776274703702,0.992360497542345,"gpath_3neocort"
"239","AL139158.2","Inh ENOX2 SPHKAP",-0.103872039978799,4.67943446887571,1.98366698559479,0.159936385031504,0.505962965017542,0.474434172253024,"gpath_3neocort"
"240","AL139260.1","Inh ENOX2 SPHKAP",0.121941673764749,7.343752173342,10.9316679764394,0.00104832067602332,0.0545911590540912,0.0344689413978799,"gpath_3neocort"
"241","RHBDL2","Inh ENOX2 SPHKAP",-0.0777738745069852,4.1296414878533,0.751526759248087,0.386616698338458,0.726388849781961,0.706560021648843,"gpath_3neocort"
"242","AKIRIN1","Inh ENOX2 SPHKAP",-0.0742515814214381,5.11133217628634,2.1731547014651,0.141381375728588,0.479043784566802,0.448038188602888,"gpath_3neocort"
"243","NDUFS5","Inh ENOX2 SPHKAP",-0.104801709128399,5.22672114607342,1.96974639199435,0.16140538203779,0.507676230711886,0.476334766071126,"gpath_3neocort"
"244","MACF1","Inh ENOX2 SPHKAP",0.0108239463984209,9.12322097130434,0.295857012940722,0.586854946895242,0.85117786201535,0.841249928650444,"gpath_3neocort"
"245","PABPC4","Inh ENOX2 SPHKAP",0.021640903630043,4.39159786754968,0.111505277516643,0.793140238934831,0.949895418367653,0.943905345112605,"gpath_3neocort"
"246","HPCAL4","Inh ENOX2 SPHKAP",0.0160780813680217,6.32738375760596,0.175181924404459,0.675816400790067,0.895022454901901,0.889580408195815,"gpath_3neocort"
"247","PPIE","Inh ENOX2 SPHKAP",-0.0779802146979213,5.45756106264927,2.95207427862885,0.0866957454425308,0.388887375889681,0.355031783312842,"gpath_3neocort"
"248","TRIT1","Inh ENOX2 SPHKAP",0.0520622181450563,5.41230357058326,1.31022299199595,0.253175283659426,0.611160364966656,0.586957295769237,"gpath_3neocort"
"249","CAP1","Inh ENOX2 SPHKAP",-0.0469212887242723,4.93698487686465,0.722930594899202,0.395794428034746,0.731633663667873,0.713119877703368,"gpath_3neocort"
"250","PPT1","Inh ENOX2 SPHKAP",0.0268467139425029,5.58974287267735,0.403738096878722,0.525600857651035,0.816310724317874,0.804120824071442,"gpath_3neocort"
"251","RLF","Inh ENOX2 SPHKAP",0.0338553858454344,6.9442500988777,1.24986476154773,0.264383154718472,0.623312478613645,0.598041091838081,"gpath_3neocort"
"252","SMAP2","Inh ENOX2 SPHKAP",-0.0346928110264093,6.20493510814093,0.829944584986677,0.362946685638754,0.708893738458235,0.687611928738445,"gpath_3neocort"
"253","AL603839.3","Inh ENOX2 SPHKAP",0.054967635285575,4.12306413310409,0.435736281190726,0.509643310923596,0.806549131519222,0.793703666957151,"gpath_3neocort"
"254","RIMS3","Inh ENOX2 SPHKAP",-0.0278606655360688,6.08973368119346,0.574149167317512,0.449150017658177,0.765859371730927,0.752630873180437,"gpath_3neocort"
"255","NFYC","Inh ENOX2 SPHKAP",-0.042170060421103,5.94398718988367,1.25233753904347,0.402249487144294,0.734778748041856,0.717995192386568,"gpath_3neocort"
"256","KCNQ4","Inh ENOX2 SPHKAP",0.018063077557765,4.61611388702555,0.084693500705429,0.833348026134936,0.963467839971871,0.95992069414476,"gpath_3neocort"
"257","SCMH1","Inh ENOX2 SPHKAP",-0.000764983156671223,8.22372952865411,0.00115300848567234,0.972932572262883,0.997086080630386,0.99685808059159,"gpath_3neocort"
"258","HIVEP3","Inh ENOX2 SPHKAP",0.0559487822240792,8.55215744669191,4.58083146642792,0.0330566999636669,0.259945813715354,0.220760605020988,"gpath_3neocort"
"259","FOXJ3","Inh ENOX2 SPHKAP",0.0258186824633941,7.0060176704011,1.09303798624889,0.296556397921203,0.654103330228013,0.628948984851218,"gpath_3neocort"
"260","RIMKLA","Inh ENOX2 SPHKAP",0.0276968034080179,5.17565230218513,0.325959093544491,0.83563542000141,0.964374500911426,0.960754590731147,"gpath_3neocort"
"261","CCDC30","Inh ENOX2 SPHKAP",0.0515651499181381,6.58591554949213,2.0223280442454,0.155936092132614,0.50046916828444,0.468791207788765,"gpath_3neocort"
"262","PPIH","Inh ENOX2 SPHKAP",-0.115057479181824,4.25887489407401,2.27999932463632,0.131998970313439,0.463710668438771,0.433385123277954,"gpath_3neocort"
"263","YBX1","Inh ENOX2 SPHKAP",0.11346457425603,4.9968641377855,4.19716045230573,0.0412742326709843,0.280688185418477,0.246365953585241,"gpath_3neocort"
"264","P3H1","Inh ENOX2 SPHKAP",0.113875478705863,4.61113438469004,3.55847235991691,0.0601110284546494,0.328301762136998,0.297240970769245,"gpath_3neocort"
"265","SVBP","Inh ENOX2 SPHKAP",0.0183707449985823,4.20153251514785,0.0527158320639431,0.818543941598865,0.958326597322361,0.954064024908951,"gpath_3neocort"
"266","SZT2","Inh ENOX2 SPHKAP",0.052162921063519,5.42551954259421,1.30840875127694,0.394896639622008,0.731155331487715,0.712519383014147,"gpath_3neocort"
"267","PTPRF","Inh ENOX2 SPHKAP",-0.0354264405825607,5.50076236137397,0.576237639085133,0.448327134748431,0.765122260199796,0.751910188405667,"gpath_3neocort"
"268","ATP6V0B","Inh ENOX2 SPHKAP",-0.0174482490681623,5.88606631323988,0.105546989333406,0.745475664633153,0.929268051996626,0.922977140663377,"gpath_3neocort"
"269","B4GALT2","Inh ENOX2 SPHKAP",-0.0176421724735373,4.27179475902494,0.0619710722693447,0.873347863917532,0.976948901017904,0.973483589583952,"gpath_3neocort"
"270","CCDC24","Inh ENOX2 SPHKAP",-0.0281166304521117,4.64196813981525,0.191476038882232,0.661974252998072,0.887309742008978,0.882252375187608,"gpath_3neocort"
"271","DMAP1","Inh ENOX2 SPHKAP",-0.0173317087174412,4.71624038993912,0.0982161821878641,0.784391375191816,0.946213564168876,0.940048366101491,"gpath_3neocort"
"272","ERI3","Inh ENOX2 SPHKAP",-0.0830429211514783,6.35161408085114,6.16542858434654,0.0135183467521382,0.169860207319125,0.139826997964663,"gpath_3neocort"
"273","RNF220","Inh ENOX2 SPHKAP",0.0245459962984774,5.27436364061862,0.219312064857101,0.63987057741147,0.87922388638816,0.870696856261482,"gpath_3neocort"
"274","ARMH1","Inh ENOX2 SPHKAP",-0.0703504401145386,4.75230000492536,0.976552505517067,0.323767981704955,0.674840026935541,0.653659232690923,"gpath_3neocort"
"275","RPS8","Inh ENOX2 SPHKAP",-0.00869933559470143,5.87915651234634,0.020919716505692,0.885085264018691,0.979658385812387,0.977036611521856,"gpath_3neocort"
"276","PTCH2","Inh ENOX2 SPHKAP",-0.115292075151108,5.98402739402936,8.97587922652894,0.00294062436823166,0.0870389060724616,0.061553602780313,"gpath_3neocort"
"277","EIF2B3","Inh ENOX2 SPHKAP",-0.000401273333684229,6.19395901733222,0.000105418638407385,0.991814117933193,0.998951897108485,0.999044070863467,"gpath_3neocort"
"278","UROD","Inh ENOX2 SPHKAP",-0.0186026880880209,3.9699399244575,0.0392777028215207,0.843020293125652,0.967020502878925,0.963574228326787,"gpath_3neocort"
"279","ZSWIM5","Inh ENOX2 SPHKAP",0.0086334356856476,7.11848998139925,0.0826651705399166,0.773896235295681,0.942260757603068,0.935528664807798,"gpath_3neocort"
"280","PRDX1","Inh ENOX2 SPHKAP",-0.0445499122481142,5.27023294791326,0.426553471020936,0.514135051862077,0.809351298906063,0.796883501614948,"gpath_3neocort"
"281","NASP","Inh ENOX2 SPHKAP",-0.117266424315047,5.78824842573076,9.02369786458786,0.00286667666768602,0.0861013796263929,0.0607274461317052,"gpath_3neocort"
"282","GPBP1L1","Inh ENOX2 SPHKAP",0.0720534219393715,6.2849236119876,4.4533594440993,0.0355771204641235,0.269820871557348,0.229123744170667,"gpath_3neocort"
"283","TMEM69","Inh ENOX2 SPHKAP",-0.059346172493474,4.44526280210718,0.791338996420948,0.461062357419607,0.774614461585614,0.761015998610766,"gpath_3neocort"
"284","MAST2","Inh ENOX2 SPHKAP",-0.0410294895242331,6.66994102167809,1.64443583175605,0.200608752986752,0.554954916763844,0.527792471764484,"gpath_3neocort"
"285","POMGNT1","Inh ENOX2 SPHKAP",-0.101497229047393,4.99777595038721,3.52643180457084,0.0612702589560091,0.331656354482277,0.29989699541651,"gpath_3neocort"
"286","LRRC41","Inh ENOX2 SPHKAP",0.0322149481015168,5.72052989061243,0.654552668426739,0.443264059871381,0.762896553788801,0.748424252903051,"gpath_3neocort"
"287","UQCRH","Inh ENOX2 SPHKAP",-0.0423633010795992,6.29987094495563,0.752676115045913,0.386254222817486,0.726388849781961,0.706290819727924,"gpath_3neocort"
"288","NSUN4","Inh ENOX2 SPHKAP",0.0106015694684969,4.86175951957304,0.0372727758566995,0.847028281452716,0.96857188696802,0.965036000831885,"gpath_3neocort"
"289","FAAH","Inh ENOX2 SPHKAP",-0.102193805069677,4.75660862535512,2.95237078256803,0.0866799918140931,0.388887375889681,0.354986767164088,"gpath_3neocort"
"290","MKNK1","Inh ENOX2 SPHKAP",-0.0850248305879825,5.7254894312045,4.29632862492492,0.0389626636805214,0.276947751037166,0.239389943604542,"gpath_3neocort"
"291","ATPAF1","Inh ENOX2 SPHKAP",-0.0760867323622938,6.08334065427229,4.22100313168759,0.0407055679232011,0.280510951461368,0.244746576491305,"gpath_3neocort"
"292","EFCAB14","Inh ENOX2 SPHKAP",-0.103891568111427,5.27911913851949,4.39141590096544,0.036874066379207,0.271413196070081,0.233192763408747,"gpath_3neocort"
"293","CYP4X1","Inh ENOX2 SPHKAP",-0.18005834436012,5.2104940043997,10.7143498782898,0.00117449388779526,0.0579801458738185,0.0365719932307982,"gpath_3neocort"
"294","CMPK1","Inh ENOX2 SPHKAP",0.0794332908115873,5.23502598914675,2.84769867578294,0.0924399927659651,0.39902009088589,0.365967192410762,"gpath_3neocort"
"295","SPATA6","Inh ENOX2 SPHKAP",-0.0859402081308216,4.91956823589195,1.88262130114256,0.170958907673125,0.521063487612173,0.489771450878114,"gpath_3neocort"
"296","AGBL4","Inh ENOX2 SPHKAP",0.0193058304548481,9.87212102971202,0.678277481970643,0.410769174107287,0.740342442616465,0.72408254839008,"gpath_3neocort"
"297","ELAVL4","Inh ENOX2 SPHKAP",0.0518322992502134,6.98807962316767,2.60048805609057,0.107776862825142,0.425428086822551,0.393576059375837,"gpath_3neocort"
"298","FAF1","Inh ENOX2 SPHKAP",-0.00264393613615396,8.44944741003719,0.0151731153345482,0.902039411261342,0.985533466494216,0.981913387871371,"gpath_3neocort"
"299","RNF11","Inh ENOX2 SPHKAP",0.0536372614028355,6.59128645893295,2.97444746564484,0.0855157260795182,0.386477689169805,0.352606352290297,"gpath_3neocort"
"300","TTC39A","Inh ENOX2 SPHKAP",-0.131325860344829,4.8505267492283,4.92880733644603,0.0270845891121247,0.237551136655977,0.19920781195545,"gpath_3neocort"
"301","EPS15","Inh ENOX2 SPHKAP",0.0098229090156188,6.5191972825475,0.0905456384427296,0.763672181645855,0.936302600649689,0.930969601126667,"gpath_3neocort"
"302","OSBPL9","Inh ENOX2 SPHKAP",0.0466215848882976,7.4688889696081,4.40228506732185,0.0366429438473552,0.27089218172312,0.232335459003352,"gpath_3neocort"
"303","NRDC","Inh ENOX2 SPHKAP",-0.0221893091141907,7.07782699522043,0.67925687190932,0.410431890286939,0.740253909758388,0.723895031234902,"gpath_3neocort"
"304","RAB3B","Inh ENOX2 SPHKAP",-0.0359888344769342,7.09069418286326,0.731636782486576,0.392967368321195,0.72999619626655,0.711155941934123,"gpath_3neocort"
"305","TXNDC12","Inh ENOX2 SPHKAP",-0.120050805578168,5.02321335488124,5.25858710890809,0.0224606553239694,0.216167843801549,0.18141847555414,"gpath_3neocort"
"306","BTF3L4","Inh ENOX2 SPHKAP",-0.0756930827054336,5.70590260440483,2.97063998791226,0.0857153033610039,0.386477689169805,0.352961796227775,"gpath_3neocort"
"307","ZFYVE9","Inh ENOX2 SPHKAP",-0.0182611117558208,8.07350374989117,0.859149061033871,0.354647360394504,0.703371893181605,0.68038867349735,"gpath_3neocort"
"308","PRPF38A","Inh ENOX2 SPHKAP",0.035096307956546,4.55020498022103,0.342549782033375,0.558757004960889,0.837336182883643,0.824526168190528,"gpath_3neocort"
"309","TUT4","Inh ENOX2 SPHKAP",0.0353839442149854,7.91558389784185,2.32180660873352,0.128519649810698,0.458938155429622,0.428158288244419,"gpath_3neocort"
"310","COA7","Inh ENOX2 SPHKAP",-0.122366781645746,3.78912152552006,1.52037316257111,0.21843163287848,0.575978131863157,0.548724931616882,"gpath_3neocort"
"311","ZYG11B","Inh ENOX2 SPHKAP",-0.0204588559383675,6.94479369797976,0.647243429958777,0.583131786384552,0.850089769751807,0.838990490570448,"gpath_3neocort"
"312","ECHDC2","Inh ENOX2 SPHKAP",-0.0544382710658965,5.71094918509894,1.21633647160423,0.27087619214296,0.630296859997167,0.604730525544325,"gpath_3neocort"
"313","SCP2","Inh ENOX2 SPHKAP",-0.0345325655281462,6.32229527524054,1.0751015141053,0.300547335682232,0.657839953893813,0.63271915828959,"gpath_3neocort"
"314","C1orf123","Inh ENOX2 SPHKAP",0.00132385031829377,4.65971075404405,0.000421964282266761,0.983623478958494,0.998198786643165,0.998025389924043,"gpath_3neocort"
"315","MAGOH","Inh ENOX2 SPHKAP",0.0599674403779329,4.39674715813025,0.778190824573991,0.378330525135579,0.720411156388398,0.699980699950264,"gpath_3neocort"
"316","LRP8","Inh ENOX2 SPHKAP",-0.180550021532564,6.85740360227012,10.8017326906514,0.0011220005393068,0.0563198002668537,0.0356879702405256,"gpath_3neocort"
"317","LINC01771","Inh ENOX2 SPHKAP",-0.15915842706937,4.97625899870614,5.66376053006073,0.017880786470956,0.194578684005314,0.162189464663824,"gpath_3neocort"
"318","GLIS1","Inh ENOX2 SPHKAP",-0.0323953860257838,6.12700396273644,0.548535529025759,0.459437922416774,0.77377561130366,0.759858653560877,"gpath_3neocort"
"319","NDC1","Inh ENOX2 SPHKAP",-0.138668503081013,4.53126680908752,4.21529435565687,0.0408409692504805,0.280510951461368,0.245206499879423,"gpath_3neocort"
"320","HSPB11","Inh ENOX2 SPHKAP",0.0101899409425941,4.72886244033529,0.0288274855243497,0.877233828574712,0.978122005459182,0.974705552710752,"gpath_3neocort"
"321","TMEM59","Inh ENOX2 SPHKAP",-0.0197941443513934,5.98687520339081,0.251357829759798,0.65695590656396,0.886317117013643,0.879807441418484,"gpath_3neocort"
"322","TCEANC2","Inh ENOX2 SPHKAP",-0.0865950154891861,4.19829412005195,1.23409702523411,0.26741217675851,0.626433379331033,0.601198830057154,"gpath_3neocort"
"323","MRPL37","Inh ENOX2 SPHKAP",-0.00216661323145014,4.53734617617058,0.0012436703981168,0.971888967194666,0.996656988473215,0.996650182196164,"gpath_3neocort"
"324","SSBP3","Inh ENOX2 SPHKAP",0.0277679531866506,6.92745277564832,0.875637830673826,0.350076458314661,0.698413426865544,0.676586162402422,"gpath_3neocort"
"325","ACOT11","Inh ENOX2 SPHKAP",-0.0697014430615587,4.88330085201983,1.03300366990537,0.310191156153051,0.66620805586772,0.64157718811955,"gpath_3neocort"
"326","USP24","Inh ENOX2 SPHKAP",0.0199024745470382,7.00857198368273,0.495559811996287,0.481948952195663,0.788368832806739,0.775271880907702,"gpath_3neocort"
"327","PRKAA2","Inh ENOX2 SPHKAP",-0.0357316147275073,6.8474994238406,1.6350374846874,0.201896982679503,0.556645758021801,0.529328784035395,"gpath_3neocort"
"328","DAB1","Inh ENOX2 SPHKAP",-0.0815594865012337,9.59476721873885,4.71532699301317,0.0305995658921174,0.24977248336751,0.212128602811464,"gpath_3neocort"
"329","MYSM1","Inh ENOX2 SPHKAP",0.0376245884690927,5.98756803696279,1.17188329125779,0.279796855494614,0.638594087367346,0.612901490603147,"gpath_3neocort"
"330","JUN","Inh ENOX2 SPHKAP",0.253031480709969,4.48900940256562,9.53023634926199,0.00219062833242096,0.0772910822504177,0.0522211848329199,"gpath_3neocort"
"331","LINC01135","Inh ENOX2 SPHKAP",0.05627352453692,5.69980812239344,0.970278790176233,0.325324884872557,0.676059267795339,0.655063108853226,"gpath_3neocort"
"332","LINC01358","Inh ENOX2 SPHKAP",0.190929178876735,4.383378304728,4.63994513821394,0.0319521854972024,0.25504129702603,0.216816638286179,"gpath_3neocort"
"333","FGGY","Inh ENOX2 SPHKAP",-0.0242282733502271,5.80228952011309,0.258293375896514,0.61163112455874,0.863698360056991,0.854954736024699,"gpath_3neocort"
"334","HOOK1","Inh ENOX2 SPHKAP",0.017359106860393,5.96751828403867,0.244245406067247,0.621481962774402,0.870790122805342,0.860689556564035,"gpath_3neocort"
"335","NFIA","Inh ENOX2 SPHKAP",0.138220945019598,6.0432040355508,5.74265097306145,0.0171082068724713,0.190182327082335,0.158454869511934,"gpath_3neocort"
"336","TM2D1","Inh ENOX2 SPHKAP",-0.0783367307072589,5.64760366791387,3.613223057983,0.0581840371909633,0.325196515296446,0.292793332348973,"gpath_3neocort"
"337","PATJ","Inh ENOX2 SPHKAP",0.0271268315669384,7.70489861236585,1.18214015801704,0.277706062216035,0.63630930385357,0.611153678402837,"gpath_3neocort"
"338","DOCK7","Inh ENOX2 SPHKAP",0.0218771993675574,6.95998277981154,0.650468246415338,0.420520192149869,0.745269420362709,0.731558875548499,"gpath_3neocort"
"339","ATG4C","Inh ENOX2 SPHKAP",-0.00311165574696767,5.78955207306237,0.00524623504793532,0.942302423837483,0.993518947956843,0.991414870407458,"gpath_3neocort"
"340","ALG6","Inh ENOX2 SPHKAP",-0.147287858086054,4.55960527522434,4.85136816625086,0.0283081021714967,0.24155824305894,0.203700761370889,"gpath_3neocort"
"341","ITGB3BP","Inh ENOX2 SPHKAP",0.0522935280134771,5.56776811105191,0.792929397571025,0.373857865404631,0.717216387462269,0.696688003154824,"gpath_3neocort"
"342","EFCAB7","Inh ENOX2 SPHKAP",-0.00971209525521056,5.88654670889759,0.0643346894679961,0.799927825605679,0.952177907887809,0.946712465393142,"gpath_3neocort"
"343","PGM1","Inh ENOX2 SPHKAP",-0.0964052082444858,4.5889479205627,2.1853355463347,0.14027470464732,0.476859366285425,0.446396821838655,"gpath_3neocort"
"344","CACHD1","Inh ENOX2 SPHKAP",0.0743681792033053,5.34612030326089,1.60903142482394,0.205512905351945,0.562000750440113,0.533674965906578,"gpath_3neocort"
"345","RAVER2","Inh ENOX2 SPHKAP",-0.0295421237953144,5.44171188205924,0.364938378181779,0.546187095557644,0.830389902379284,0.817179971299246,"gpath_3neocort"
"346","JAK1","Inh ENOX2 SPHKAP",-0.0214531239783943,6.34660019284153,0.370301717171472,0.54325417137276,0.829052612138547,0.815505876230466,"gpath_3neocort"
"347","DNAJC6","Inh ENOX2 SPHKAP",0.00906075648923935,8.04559587448279,0.166654285760111,0.683364559283695,0.899184258755943,0.893412129060016,"gpath_3neocort"
"348","LEPR","Inh ENOX2 SPHKAP",-0.0225333059641613,5.71204543017922,0.111537873360116,0.738609984449397,0.92694312802077,0.919889198454494,"gpath_3neocort"
"349","PDE4B","Inh ENOX2 SPHKAP",-0.129534798525818,8.30578272130638,10.1917728283689,0.00154504527054827,0.0648519432956855,0.0426821379722746,"gpath_3neocort"
"350","SGIP1","Inh ENOX2 SPHKAP",-0.0193051998818308,8.53810255839548,0.785360330115202,0.376145460328257,0.718622793252428,0.698356485928425,"gpath_3neocort"
"351","WDR78","Inh ENOX2 SPHKAP",-0.0092880307832395,5.41264866839234,0.0339133531366497,0.85400319189055,0.970401727505604,0.967361832249641,"gpath_3neocort"
"352","MIER1","Inh ENOX2 SPHKAP",-0.0352833707946396,6.08735980346017,0.98079666330072,0.389289598922498,0.727649032330622,0.708568461291577,"gpath_3neocort"
"353","SLC35D1","Inh ENOX2 SPHKAP",0.0114147094944874,5.12514538809909,0.042969349067254,0.83590953709265,0.964374500911426,0.960877132259731,"gpath_3neocort"
"354","SERBP1","Inh ENOX2 SPHKAP",-0.0177506178145614,5.50777914543837,0.155073407806645,0.693985128585332,0.905685825651283,0.898454121912939,"gpath_3neocort"
"355","GADD45A","Inh ENOX2 SPHKAP",0.0104165670287788,4.07295661667668,0.0173218395623362,0.8953702085055,0.983306856487617,0.980033518060582,"gpath_3neocort"
"356","GNG12-AS1","Inh ENOX2 SPHKAP",-0.345780454404149,5.13147853264448,11.1793631255221,0.000921200545847579,0.0501153682428141,0.0319522287968553,"gpath_3neocort"
"357","DIRAS3","Inh ENOX2 SPHKAP",-0.125378768145959,4.57589236003579,2.44528386421819,0.118827128492264,0.445053298945258,0.412370970883224,"gpath_3neocort"
"358","WLS","Inh ENOX2 SPHKAP",-0.0376480792349052,8.65378487178163,3.1926174797208,0.0748798416962478,0.364407745346358,0.330634344974883,"gpath_3neocort"
"359","LRRC7","Inh ENOX2 SPHKAP",0.0480926077782792,10.2077971679892,4.74511434785633,0.0300817370236716,0.248287147181729,0.210430104428068,"gpath_3neocort"
"360","LRRC40","Inh ENOX2 SPHKAP",-0.044915254347955,5.47227075121913,1.13356905442866,0.43167424390289,0.75469367811963,0.739939864563402,"gpath_3neocort"
"361","SRSF11","Inh ENOX2 SPHKAP",0.0316658247669031,8.04078926686641,1.87476355259339,0.28863844071273,0.645948223594981,0.621616312421788,"gpath_3neocort"
"362","ANKRD13C","Inh ENOX2 SPHKAP",0.0042341513960992,7.01530352094894,0.0206922576504084,0.925177015850606,0.991160175073745,0.987784992779691,"gpath_3neocort"
"363","ZRANB2","Inh ENOX2 SPHKAP",0.0444374791057332,7.54249820026469,4.06045909857495,0.0447007842716256,0.290004155387801,0.256489139539324,"gpath_3neocort"
"364","NEGR1","Inh ENOX2 SPHKAP",0.136997801124019,11.3287461520379,18.6893111138997,2.0340019665957e-05,0.00647735723387764,0.00325209145025084,"gpath_3neocort"
"365","LRRIQ3","Inh ENOX2 SPHKAP",0.109540269407127,3.98300809883291,1.08897424653538,0.297454582407621,0.655153791850274,0.629755598072152,"gpath_3neocort"
"366","ERICH3","Inh ENOX2 SPHKAP",0.0788504946919705,6.54277573111531,5.29214730104718,0.0220386505098348,0.215562168384263,0.179723190225322,"gpath_3neocort"
"367","TYW3","Inh ENOX2 SPHKAP",-0.0512226876084732,5.10187153565723,0.855311164162479,0.35572299728865,0.704500823184233,0.681308713332365,"gpath_3neocort"
"368","SLC44A5","Inh ENOX2 SPHKAP",-0.0516005257372994,8.92815870725985,3.50476941092235,0.0620675390113375,0.333377658517598,0.301636956621588,"gpath_3neocort"
"369","ACADM","Inh ENOX2 SPHKAP",-0.0541722462931947,6.06209662266957,2.09430783047955,0.14878815059905,0.489289671965873,0.458372916029392,"gpath_3neocort"
"370","MSH4","Inh ENOX2 SPHKAP",-0.0294571629956811,5.46104491072889,0.169099882093099,0.681177187718483,0.898334703954847,0.89231000278796,"gpath_3neocort"
"371","AC092813.1","Inh ENOX2 SPHKAP",0.0794228645670531,3.98427078076952,0.511590508122978,0.474951675430738,0.783115376793859,0.770333177921741,"gpath_3neocort"
"372","ST6GALNAC3","Inh ENOX2 SPHKAP",0.0296772384151172,7.4794691163484,0.736498476800667,0.391401331547014,0.728630504034568,0.710088173683524,"gpath_3neocort"
"373","ST6GALNAC5","Inh ENOX2 SPHKAP",-0.0091502712916418,10.5022849888549,0.147699222070641,0.700988814986632,0.908105504900868,0.901639874671655,"gpath_3neocort"
"374","AL035409.1","Inh ENOX2 SPHKAP",0.0691976634647901,4.4009097720954,1.10101846072449,0.294802651136524,0.651711286439834,0.627260124286348,"gpath_3neocort"
"375","PIGK","Inh ENOX2 SPHKAP",0.047500966898158,5.29031779200489,1.01479134465051,0.314488189205537,0.667499125214368,0.645396877376795,"gpath_3neocort"
"376","AK5","Inh ENOX2 SPHKAP",-0.0261599882980867,6.60491769625722,0.520894610996591,0.470966123576062,0.780957264084683,0.767676487434458,"gpath_3neocort"
"377","AC118549.1","Inh ENOX2 SPHKAP",-0.0052569855546749,6.89412162509858,0.032092339381721,0.857933952652421,0.971265236051276,0.968617786419643,"gpath_3neocort"
"378","USP33","Inh ENOX2 SPHKAP",0.0112349893770883,7.53168261100885,0.250726198877635,0.616894564680326,0.867357676993505,0.858173216418928,"gpath_3neocort"
"379","MIGA1","Inh ENOX2 SPHKAP",-0.0355463759479124,6.82566479470175,1.56468004817175,0.211858299068196,0.568497138695534,0.541022319282808,"gpath_3neocort"
"380","FUBP1","Inh ENOX2 SPHKAP",0.0531833927839813,6.17217000048112,2.67445307472446,0.102913978799933,0.416359088306502,0.38507697711522,"gpath_3neocort"
"381","GIPC2","Inh ENOX2 SPHKAP",0.0276878751631104,5.3419814761846,0.201859069320363,0.653516319953311,0.885001730909529,0.877984695925839,"gpath_3neocort"
"382","ADGRL2","Inh ENOX2 SPHKAP",0.0329743484709905,9.97523806530759,1.20687054474805,0.272745419367411,0.630855968929576,0.606416923278615,"gpath_3neocort"
"383","LINC01725","Inh ENOX2 SPHKAP",0.0142399263165425,5.66175633190769,0.0340869845715188,0.853634156674898,0.970401727505604,0.967275859774865,"gpath_3neocort"
"384","TTLL7","Inh ENOX2 SPHKAP",0.0158137917001104,8.30552329815128,0.718835002232409,0.397134511612003,0.732329198632492,0.714139491565225,"gpath_3neocort"
"385","PRKACB","Inh ENOX2 SPHKAP",0.0542756600788262,8.62082533564134,6.71661230562734,0.00997189861073501,0.149394382571289,0.119734638400138,"gpath_3neocort"
"386","RPF1","Inh ENOX2 SPHKAP",-0.113943480503503,3.98278360853524,1.55005410945156,0.214001750171714,0.570422537231176,0.54359769106906,"gpath_3neocort"
"387","SSX2IP","Inh ENOX2 SPHKAP",-0.0106572872611653,6.7826561698275,0.120081242336541,0.81661355349013,0.958094311311673,0.953274691821161,"gpath_3neocort"
"388","C1orf52","Inh ENOX2 SPHKAP",-0.0369728280615643,4.80619829171665,0.448512696551668,0.503505601256903,0.802187554689946,0.789415275704057,"gpath_3neocort"
"389","DDAH1","Inh ENOX2 SPHKAP",0.0323752747262849,5.43258313907306,0.314152826914001,0.57551936447709,0.845900315657619,0.834458498133803,"gpath_3neocort"
"390","ZNHIT6","Inh ENOX2 SPHKAP",0.0312886596157934,5.57385547277011,0.547452061352044,0.459881284350708,0.77408846921504,0.760167658068047,"gpath_3neocort"
"391","COL24A1","Inh ENOX2 SPHKAP",-0.0248722701037697,3.84731639902006,0.055484926203859,0.813924634172548,0.956689256079316,0.952200936919769,"gpath_3neocort"
"392","AL136382.1","Inh ENOX2 SPHKAP",0.0341767124583567,4.41498882493537,0.142778635589729,0.7057745765817,0.910811908067647,0.904313780880688,"gpath_3neocort"
"393","ODF2L","Inh ENOX2 SPHKAP",0.100882905695032,7.19756309261788,17.2935299354655,4.07779524896613e-05,0.0107323162525492,0.00490238902651195,"gpath_3neocort"
"394","SH3GLB1","Inh ENOX2 SPHKAP",-0.0195203092713259,5.98203541495218,0.288471128767442,0.921182487643316,0.990636355721171,0.986743951032984,"gpath_3neocort"
"395","SELENOF","Inh ENOX2 SPHKAP",0.0242283910278391,5.87454386747942,0.445455233069381,0.50496278183771,0.802205677317532,0.790250632296505,"gpath_3neocort"
"396","HS2ST1","Inh ENOX2 SPHKAP",0.018042877449014,6.7284906231696,0.331486058033445,0.565173721158784,0.841409829788143,0.828392288485371,"gpath_3neocort"
"397","LMO4","Inh ENOX2 SPHKAP",-0.0353317342464433,5.92043061623657,0.42771668523812,0.51356226662375,0.809351298906063,0.796539172227272,"gpath_3neocort"
"398","PKN2-AS1","Inh ENOX2 SPHKAP",-0.0733259723185448,5.66868372371286,0.756700827114723,0.384988753038799,0.725211973695562,0.70524403202311,"gpath_3neocort"
"399","PKN2","Inh ENOX2 SPHKAP",0.00477451112996642,7.41557066280243,0.0339104714779887,0.85400932478158,0.970401727505604,0.967361832249641,"gpath_3neocort"
"400","GTF2B","Inh ENOX2 SPHKAP",0.000638787069615762,5.26946889891683,0.000187413006293409,0.989085579213607,0.998951897108485,0.998728720282548,"gpath_3neocort"
"401","KYAT3","Inh ENOX2 SPHKAP",-0.0716605721202558,5.62497369671253,2.30844506640129,0.129620345414728,0.460358668062951,0.429784761905302,"gpath_3neocort"
"402","LRRC8B","Inh ENOX2 SPHKAP",-0.0358796025010032,7.21974334979062,0.929432592685885,0.33570907959603,0.686267070027266,0.664341592083971,"gpath_3neocort"
"403","LRRC8D","Inh ENOX2 SPHKAP",0.0460011370404795,4.12161021795804,0.330863948963126,0.565538751226387,0.841695913104471,0.828615841098446,"gpath_3neocort"
"404","ZNF326","Inh ENOX2 SPHKAP",0.0480098639436082,5.79847234299527,1.53433643059962,0.315451910532034,0.668340060481653,0.646193364967394,"gpath_3neocort"
"405","ZNF644","Inh ENOX2 SPHKAP",-0.00996262670416012,6.95276066285145,0.149964476547314,0.698816369646449,0.907454363406888,0.90057787453288,"gpath_3neocort"
"406","HFM1","Inh ENOX2 SPHKAP",-0.0406935380328703,5.68806248720084,0.555441503710658,0.456627803740737,0.772289388908063,0.757949790064315,"gpath_3neocort"
"407","CDC7","Inh ENOX2 SPHKAP",0.0314548672545356,5.11933328521255,0.357883166845417,0.550090364500881,0.832315097810687,0.81935343118884,"gpath_3neocort"
"408","TGFBR3","Inh ENOX2 SPHKAP",0.0491243874939828,6.72752656231365,1.51118584606614,0.219825014657158,0.577463175811008,0.550214677027019,"gpath_3neocort"
"409","EPHX4","Inh ENOX2 SPHKAP",-0.0189682257629694,4.95677653933826,0.106456185477321,0.74442005438836,0.929084265444896,0.922441377510515,"gpath_3neocort"
"410","BTBD8","Inh ENOX2 SPHKAP",-0.0562549596317577,7.38208972631066,5.04489551585985,0.0906937505340878,0.396175485592058,0.36261434819359,"gpath_3neocort"
"411","GLMN","Inh ENOX2 SPHKAP",-0.125647250264559,6.19715174894638,12.0755758080701,0.000578372365581478,0.0401218919750735,0.0243431862802292,"gpath_3neocort"
"412","RPAP2","Inh ENOX2 SPHKAP",0.0483357986972614,7.28268329676681,3.08597607991715,0.0798877685978585,0.375638382716536,0.340713023962049,"gpath_3neocort"
"413","EVI5","Inh ENOX2 SPHKAP",-0.0338093122527164,7.3507722289864,1.73246015885795,0.268739940875805,0.628027248439786,0.602447534079798,"gpath_3neocort"
"414","RPL5","Inh ENOX2 SPHKAP",-0.0697235741176332,5.60326705768651,1.6659103233418,0.197701451153427,0.551886530094301,0.524451135537923,"gpath_3neocort"
"415","FAM69A","Inh ENOX2 SPHKAP",0.0075942666303579,7.87663666337848,0.107883624873818,0.742772762380071,0.928690141752682,0.92171000238036,"gpath_3neocort"
"416","MTF2","Inh ENOX2 SPHKAP",-0.0741651261976849,6.12422348168576,4.35883987402651,0.0375760002016808,0.273240750980963,0.235257292834891,"gpath_3neocort"
"417","TMED5","Inh ENOX2 SPHKAP",0.0826958863509509,4.51976617894486,1.54011758425126,0.215472721416466,0.572064751780574,0.545204336996409,"gpath_3neocort"
"418","CCDC18","Inh ENOX2 SPHKAP",-0.0271441774103442,4.49764220856898,0.139119568468646,0.709394852853378,0.913043494195903,0.905960925161414,"gpath_3neocort"
"419","DR1","Inh ENOX2 SPHKAP",0.132874933946358,4.44378778638048,4.41984938702728,0.0362726711070246,0.27089218172312,0.231198263423295,"gpath_3neocort"
"420","FNBP1L","Inh ENOX2 SPHKAP",0.111194515852362,5.86636599686285,6.36552674138922,0.0121004356266541,0.161063052809379,0.132056866774279,"gpath_3neocort"
"421","BCAR3","Inh ENOX2 SPHKAP",-0.0309436508735998,5.68890739800626,0.307052413054822,0.57986603824939,0.848227947134777,0.836881920276883,"gpath_3neocort"
"422","DNTTIP2","Inh ENOX2 SPHKAP",0.058830590605864,4.18824225559428,0.540689621670736,0.462663955910929,0.775333429049331,0.76210389503301,"gpath_3neocort"
"423","GCLM","Inh ENOX2 SPHKAP",-0.0189339214258127,5.01738586878957,0.123667575795658,0.735687097792415,0.925976813418298,0.918562663657999,"gpath_3neocort"
"424","ARHGAP29","Inh ENOX2 SPHKAP",0.0535028313100088,4.47084642971904,0.550861425999356,0.458488437470493,0.773146768073419,0.759250028302607,"gpath_3neocort"
"425","ABCD3","Inh ENOX2 SPHKAP",-0.0107348343207314,5.38080502626031,0.0632134509827992,0.801642083584788,0.952551397154178,0.947391249567981,"gpath_3neocort"
"426","CNN3","Inh ENOX2 SPHKAP",-0.0480652357093086,5.19979330755171,0.758355339597695,0.384470246913948,0.725144740452949,0.704803301971502,"gpath_3neocort"
"427","ALG14","Inh ENOX2 SPHKAP",-0.0487905867961014,5.53811054999061,1.02361796506474,0.312395968024265,0.66620805586772,0.643453081411317,"gpath_3neocort"
"428","PTBP2","Inh ENOX2 SPHKAP",0.0160877297812488,7.09837241410794,0.454113918733244,0.500854647579513,0.800833275668438,0.787773763992575,"gpath_3neocort"
"429","DPYD","Inh ENOX2 SPHKAP",0.0670224072089592,7.17168532437821,1.9572336072804,0.162739011277658,0.509730618147903,0.478232520745665,"gpath_3neocort"
"430","MIR137HG","Inh ENOX2 SPHKAP",0.178898169729849,7.02822974498356,14.318797206356,0.000182913895236107,0.0222197291041148,0.0123124775805921,"gpath_3neocort"
"431","PLPPR5","Inh ENOX2 SPHKAP",-0.0487266161790885,6.80540582970097,1.52876456559916,0.217168192759627,0.5735784814465,0.547043835724522,"gpath_3neocort"
"432","AL445433.2","Inh ENOX2 SPHKAP",-0.0830483651219039,6.33567171789906,2.40420767140976,0.121957993109322,0.449478659272088,0.417644230636061,"gpath_3neocort"
"433","PLPPR4","Inh ENOX2 SPHKAP",-0.0509121338474416,7.18235009243048,2.56130959937339,0.110454860243711,0.428153428105986,0.398115079241423,"gpath_3neocort"
"434","AGL","Inh ENOX2 SPHKAP",-0.0217185105978117,5.94335280737792,0.31767137487761,0.573389292520019,0.845326168242279,0.833244265612707,"gpath_3neocort"
"435","TRMT13","Inh ENOX2 SPHKAP",-0.0402040875275903,5.32106934735712,0.663133103094244,0.416037216046218,0.742183333147276,0.728008857670784,"gpath_3neocort"
"436","LRRC39","Inh ENOX2 SPHKAP",-0.268897863657587,4.62352514136455,15.2649405162239,0.000113150226274883,0.0190388428836809,0.00914362563706364,"gpath_3neocort"
"437","DBT","Inh ENOX2 SPHKAP",-0.00367773792795683,5.27875312411741,0.00657309050370494,0.935431269014422,0.993269159402148,0.990285291459536,"gpath_3neocort"
"438","RTCA","Inh ENOX2 SPHKAP",-0.0315345275360182,4.85653764485426,0.31526388989732,0.574845056169132,0.8458508850068,0.834056712191192,"gpath_3neocort"
"439","EXTL2","Inh ENOX2 SPHKAP",-0.0883178468164125,4.89950689322021,2.44871892872093,0.118569380520937,0.444927126820223,0.412039051133402,"gpath_3neocort"
"440","SLC30A7","Inh ENOX2 SPHKAP",-0.00615115374315553,5.59748032916456,0.0221757312744054,0.881710585757121,0.978695735108041,0.975983696809297,"gpath_3neocort"
"441","DPH5","Inh ENOX2 SPHKAP",0.0200384045744276,4.52386784476963,0.104149322536678,0.747108258266677,0.930037313045212,0.923696348133227,"gpath_3neocort"
"442","AC093157.1","Inh ENOX2 SPHKAP",-0.132423085995691,4.38378458440276,2.86097754950317,0.0916866894136346,0.397980218620841,0.364415792462771,"gpath_3neocort"
"443","OLFM3","Inh ENOX2 SPHKAP",0.157800160791424,5.57193976868585,3.8403662041747,0.0508653288879142,0.307990517734783,0.273652102592772,"gpath_3neocort"
"444","RNPC3","Inh ENOX2 SPHKAP",0.0431790590477668,7.37388547622597,1.66107905900854,0.198351175325847,0.55219253877323,0.525135280527101,"gpath_3neocort"
"445","AMY2B","Inh ENOX2 SPHKAP",-0.0301243583260238,5.95059232568883,0.498635059227956,0.480593581778518,0.787735901619491,0.774348126185302,"gpath_3neocort"
"446","SLC25A24","Inh ENOX2 SPHKAP",-0.0285916961679568,5.04936320088046,0.262187454700439,0.608960286366118,0.862089316756531,0.853346317015573,"gpath_3neocort"
"447","FAM102B","Inh ENOX2 SPHKAP",0.02468872281391,5.57146345551521,0.313087614939643,0.576167319316812,0.846076701601355,0.834943358829347,"gpath_3neocort"
"448","PRPF38B","Inh ENOX2 SPHKAP",0.0816378112278111,5.88819095322053,4.85049776461594,0.0283221781096875,0.24155824305894,0.20372823262648,"gpath_3neocort"
"449","STXBP3","Inh ENOX2 SPHKAP",-0.057495250105083,5.08994032388425,1.15150586313737,0.28401014728279,0.64050273604442,0.616899307182646,"gpath_3neocort"
"450","AL449266.1","Inh ENOX2 SPHKAP",0.0210654202033139,5.72046633415095,0.24536282600833,0.620685632127675,0.870168415362743,0.860325143103155,"gpath_3neocort"
"451","GPSM2","Inh ENOX2 SPHKAP",-0.127172207350716,4.40288609164186,2.77927279001767,0.0964304666934417,0.406686827484078,0.373212610668475,"gpath_3neocort"
"452","WDR47","Inh ENOX2 SPHKAP",0.00671242551779447,6.27006332469633,0.0438447519505013,0.849397230009146,0.969232508299632,0.965858317068196,"gpath_3neocort"
"453","TAF13","Inh ENOX2 SPHKAP",-0.137177067192404,4.29552631560629,3.22093096642357,0.0736079295285736,0.361469499621407,0.327910124970243,"gpath_3neocort"
"454","TMEM167B","Inh ENOX2 SPHKAP",0.076787079957107,4.75150193221486,1.70459086581887,0.192588800483393,0.545815481574353,0.517855034468304,"gpath_3neocort"
"455","KIAA1324","Inh ENOX2 SPHKAP",0.0157012666670085,6.82023298623217,0.198337368603381,0.656355232917025,0.88624338021991,0.879497575365247,"gpath_3neocort"
"456","SARS","Inh ENOX2 SPHKAP",-0.034175473182626,5.76173631603402,0.650187661021857,0.420620325971806,0.745269420362709,0.731610509731878,"gpath_3neocort"
"457","CELSR2","Inh ENOX2 SPHKAP",-0.0443931871018679,5.43293822925151,0.932476089951903,0.334920191283115,0.685568174833228,0.663690759541008,"gpath_3neocort"
"458","SORT1","Inh ENOX2 SPHKAP",-0.0136875783533412,5.75551533549112,0.102835056001913,0.748654507527069,0.930609853752693,0.924292321484928,"gpath_3neocort"
"459","PSMA5","Inh ENOX2 SPHKAP",-0.0691653483208509,4.75575873640015,1.37085678762016,0.242500812508151,0.601342732927012,0.575209427711644,"gpath_3neocort"
"460","CYB561D1","Inh ENOX2 SPHKAP",0.0662461290094155,4.13819149969642,0.719551266908368,0.396899675578154,0.732221488574257,0.713961063258438,"gpath_3neocort"
"461","AMIGO1","Inh ENOX2 SPHKAP",-0.0217344718836957,4.52363421346672,0.0972318070946136,0.755372097534929,0.932986034557454,0.9273253394476,"gpath_3neocort"
"462","GNAI3","Inh ENOX2 SPHKAP",-0.0452563005702328,5.62741688606378,1.21239756160857,0.271652044365277,0.630548689292513,0.605399627697651,"gpath_3neocort"
"463","AMPD2","Inh ENOX2 SPHKAP",0.0254660863448196,4.93479502748532,0.2252993077674,0.635342166859799,0.87697971030166,0.868082007886835,"gpath_3neocort"
"464","GSTM3","Inh ENOX2 SPHKAP",0.0236105317037212,4.72420899671713,0.146151939788211,0.702483720784229,0.908953823146004,0.902515500069906,"gpath_3neocort"
"465","AHCYL1","Inh ENOX2 SPHKAP",0.0284796067058277,5.84378203405034,0.405408801061438,0.524745941454759,0.815508454817498,0.803535858061955,"gpath_3neocort"
"466","STRIP1","Inh ENOX2 SPHKAP",0.126570730289973,5.0821939908031,6.73917751562993,0.00984905585548223,0.148238185348819,0.118938976942755,"gpath_3neocort"
"467","SLC6A17","Inh ENOX2 SPHKAP",-0.0553662691636022,6.436321394434,2.15171828329091,0.143352960988089,0.482034231388814,0.450897875964961,"gpath_3neocort"
"468","KCNC4","Inh ENOX2 SPHKAP",-0.0936980195094008,5.14518835060328,2.83086906748852,0.0934044500729491,0.400554830865968,0.367675644037156,"gpath_3neocort"
"469","LAMTOR5","Inh ENOX2 SPHKAP",-0.185225965366013,4.7794903805561,5.3135359541949,0.0217740116959224,0.214393656112125,0.178679019376169,"gpath_3neocort"
"470","KCNA2","Inh ENOX2 SPHKAP",0.0486920213474515,5.66900329388862,1.05985697588019,0.303994014316022,0.661360288470895,0.635842989276538,"gpath_3neocort"
"471","AL365361.1","Inh ENOX2 SPHKAP",0.141358595315748,6.86902108010401,13.6872820661472,0.000252460418712355,0.0261538250789459,0.0150267692703561,"gpath_3neocort"
"472","LRIF1","Inh ENOX2 SPHKAP",0.108334540821711,4.57382887279412,2.85402230256486,0.0920804178885933,0.398802733538941,0.36524693574752,"gpath_3neocort"
"473","DRAM2","Inh ENOX2 SPHKAP",0.0305850010570659,4.8927159590453,0.29388792075072,0.588101870143783,0.851588997986641,0.841890284366886,"gpath_3neocort"
"474","CEPT1","Inh ENOX2 SPHKAP",-0.0271353446216634,5.50737582619111,0.390609287091103,0.567024723234148,0.842533094772827,0.829356479920339,"gpath_3neocort"
"475","OVGP1","Inh ENOX2 SPHKAP",-0.000565428655068391,3.99298115514883,2.55889588534844e-05,0.995966900971629,0.99916057852693,0.999484192120354,"gpath_3neocort"
"476","ATP5PB","Inh ENOX2 SPHKAP",-0.0355493075828566,5.24558442519178,0.460456426399689,0.497881423206016,0.79940136837266,0.785904623154757,"gpath_3neocort"
"477","RAP1A","Inh ENOX2 SPHKAP",0.0301986428735335,6.53440149608441,0.987799614041534,0.321001472277266,0.672528471823584,0.651329784333424,"gpath_3neocort"
"478","KCND3","Inh ENOX2 SPHKAP",0.0285690123821282,8.07142332218569,1.02114552572198,0.312980180987735,0.66620805586772,0.644033607256164,"gpath_3neocort"
"479","CTTNBP2NL","Inh ENOX2 SPHKAP",-0.0333356168155296,5.55976459949956,0.45000115235286,0.502798809338418,0.801875991702835,0.789029125728401,"gpath_3neocort"
"480","WNT2B","Inh ENOX2 SPHKAP",0.0477802598416738,4.69132219974892,0.470108342805095,0.493413758174288,0.796248150379289,0.782821036396419,"gpath_3neocort"
"481","ST7L","Inh ENOX2 SPHKAP",0.0895280566379201,6.1332571678197,6.76135950186784,0.00972981827059511,0.147771602677457,0.118294134176812,"gpath_3neocort"
"482","CAPZA1","Inh ENOX2 SPHKAP",-0.0198999249690101,5.9442409960271,0.343624215622991,0.558141294345305,0.837028525953076,0.824185566530235,"gpath_3neocort"
"483","AL390729.1","Inh ENOX2 SPHKAP",0.0082191597704953,4.42047720488863,0.0123352877481677,0.911632149625205,0.98778742870664,0.984441954045434,"gpath_3neocort"
"484","SLC16A1","Inh ENOX2 SPHKAP",0.00244915688992806,4.09669791811077,0.000770144172529148,0.977876973316563,0.997825265393623,0.99749914479963,"gpath_3neocort"
"485","SLC16A1-AS1","Inh ENOX2 SPHKAP",0.0597113483083931,7.11740668743501,2.54835978239878,0.111356120428908,0.429289746926646,0.399695888405575,"gpath_3neocort"
"486","LRIG2","Inh ENOX2 SPHKAP",-0.0369668530592335,5.5385645959298,0.826787008813498,0.379772087306704,0.721508341736691,0.700997965769974,"gpath_3neocort"
"487","MAGI3","Inh ENOX2 SPHKAP",0.0688039380065357,6.7098888206397,3.39225436237807,0.0663912848718598,0.345177966941896,0.311826813387549,"gpath_3neocort"
"488","PHTF1","Inh ENOX2 SPHKAP",-0.0652718885556018,6.60355503303301,3.85171892396236,0.0505262425224472,0.307554248150814,0.27258774399227,"gpath_3neocort"
"489","RSBN1","Inh ENOX2 SPHKAP",0.0189297415967549,5.85142058160074,0.260162216250612,0.61034619530891,0.863260893234302,0.854232492490798,"gpath_3neocort"
"490","AP4B1","Inh ENOX2 SPHKAP",-0.101402404986841,4.44589948864114,2.39134034705783,0.12295755007086,0.450803588369998,0.419289723987133,"gpath_3neocort"
"491","HIPK1","Inh ENOX2 SPHKAP",0.0994898881708749,5.57827099703377,6.62218747010919,0.0105033121651702,0.152431078784541,0.122942174699509,"gpath_3neocort"
"492","TRIM33","Inh ENOX2 SPHKAP",0.0254800738405289,7.08368044010519,1.09676213789628,0.563772437262839,0.840155822992941,0.827525800974965,"gpath_3neocort"
"493","BCAS2","Inh ENOX2 SPHKAP",0.0217135009846297,4.93889391516061,0.118097564548981,0.731323660696574,0.923927063812045,0.916211824312745,"gpath_3neocort"
"494","CSDE1","Inh ENOX2 SPHKAP",-0.0119489774129174,6.66273529512762,0.178584436251915,0.804679819006687,0.952559922311815,0.948672253176803,"gpath_3neocort"
"495","SIKE1","Inh ENOX2 SPHKAP",0.0559320707154382,4.54441785783881,0.752816739517258,0.386209907002761,0.726388849781961,0.706253841025499,"gpath_3neocort"
"496","TSPAN2","Inh ENOX2 SPHKAP",-0.129105336058622,4.96154068514199,3.9196638907548,0.0485463638925816,0.301495211470638,0.26735946636706,"gpath_3neocort"
"497","NGF","Inh ENOX2 SPHKAP",0.122649796745258,5.22702585244213,4.86534199756015,0.0280831194494064,0.240945742024951,0.202975334914136,"gpath_3neocort"
"498","SLC22A15","Inh ENOX2 SPHKAP",0.0237143858108959,6.41483592182632,0.435386281641101,0.509813262274056,0.806590015926036,0.793804272111509,"gpath_3neocort"
"499","ATP1A1","Inh ENOX2 SPHKAP",-0.0670658689259635,7.14209657961291,2.97058885459151,0.0857179870678169,0.386477689169805,0.352966349391881,"gpath_3neocort"
"500","IGSF3","Inh ENOX2 SPHKAP",-0.00110290063129754,6.22893291848426,0.000951288316052197,0.975413231150375,0.997368972015209,0.997153357264384,"gpath_3neocort"
"501","PTGFRN","Inh ENOX2 SPHKAP",0.0602604562566677,4.67748488904215,1.00607374778197,0.316572640200525,0.669116321980692,0.647155322589527,"gpath_3neocort"
"502","MAN1A2","Inh ENOX2 SPHKAP",0.00399178960607847,8.09853657376335,0.0339682759491915,0.853886353858675,0.970401727505604,0.967342453855358,"gpath_3neocort"
"503","GDAP2","Inh ENOX2 SPHKAP",-0.0925123939734935,5.38475030212216,4.04774604643225,0.0450343915575902,0.291391963447052,0.257412867349637,"gpath_3neocort"
"504","WDR3","Inh ENOX2 SPHKAP",-0.0568523466170795,4.49056293415359,0.791237808855431,0.374367411860441,0.717216387462269,0.697103187489166,"gpath_3neocort"
"505","WARS2","Inh ENOX2 SPHKAP",0.0353806829817202,4.68893890028795,0.269731533537013,0.603856487597056,0.85942921878237,0.850584124712644,"gpath_3neocort"
"506","AL359915.2","Inh ENOX2 SPHKAP",0.221873792181508,5.60838612630292,16.8791311811184,5.018210282296e-05,0.0118626731524146,0.00561239147077125,"gpath_3neocort"
"507","NOTCH2","Inh ENOX2 SPHKAP",-0.00366752728106934,4.60731187314239,0.00280292671407062,0.957809288000823,0.995700592042286,0.994462972588619,"gpath_3neocort"
"508","SEC22B","Inh ENOX2 SPHKAP",0.0293157669376315,5.28808520255276,0.412485776462363,0.521151839979033,0.814472254488176,0.801359090511412,"gpath_3neocort"
"509","LINC00623","Inh ENOX2 SPHKAP",0.00863861369184866,7.28492750281235,0.0882755789177974,0.766565962037323,0.936614722499304,0.932287436313206,"gpath_3neocort"
"510","SRGAP2C","Inh ENOX2 SPHKAP",0.00173247572651446,6.22613076499855,0.00213295234410856,0.96319132514279,0.995700592042286,0.995439903418109,"gpath_3neocort"
"511","AC244021.1","Inh ENOX2 SPHKAP",0.113144483017255,5.95033471071527,4.42738261755459,0.0361150713246784,0.270528107814418,0.230708418362856,"gpath_3neocort"
"512","NBPF15","Inh ENOX2 SPHKAP",0.0156316353692915,4.89908521119226,0.0723553246338827,0.788104166834461,0.948079872662112,0.941737035657987,"gpath_3neocort"
"513","LINC01632","Inh ENOX2 SPHKAP",-0.00841542956449143,4.986947093125,0.0121796987876978,0.91218894417768,0.98778742870664,0.984517986940798,"gpath_3neocort"
"514","FP700111.1","Inh ENOX2 SPHKAP",-0.0344836076840108,7.51452843805052,0.995234142289594,0.319189886565946,0.671228787249916,0.649710738165051,"gpath_3neocort"
"515","SRGAP2B","Inh ENOX2 SPHKAP",-0.0453339910858311,6.27868004832263,1.58928102082395,0.208310338804198,0.565049047151889,0.537050805016792,"gpath_3neocort"
"516","GPR89A","Inh ENOX2 SPHKAP",-0.10453937200569,4.8009631686595,2.89050697075586,0.090035390527533,0.394406042715752,0.361407031449657,"gpath_3neocort"
"517","RNF115","Inh ENOX2 SPHKAP",0.0245995995747113,6.88181758264583,0.790861986154434,0.374480751047045,0.717216387462269,0.697157983495386,"gpath_3neocort"
"518","POLR3C","Inh ENOX2 SPHKAP",-0.0659668870404463,4.5665203729608,1.05033398071651,0.306173123697321,0.663256964471062,0.637973712919828,"gpath_3neocort"
"519","PIAS3","Inh ENOX2 SPHKAP",-0.101718805815958,3.82939108526749,1.26705761870402,0.303506956294042,0.660753574869524,0.635386922167059,"gpath_3neocort"
"520","PEX11B","Inh ENOX2 SPHKAP",-0.163661339932922,4.47387006413489,4.98758953335428,0.0261928166643393,0.233892138256704,0.195954226706448,"gpath_3neocort"
"521","RBM8A","Inh ENOX2 SPHKAP",-0.0610262592926595,4.41654623411705,0.775905809717591,0.528593546693755,0.818108805464264,0.806225090343193,"gpath_3neocort"
"522","LIX1L","Inh ENOX2 SPHKAP",-0.0802433942104537,4.13166030036614,0.935520599142124,0.334133526149897,0.684720597148085,0.66298894112302,"gpath_3neocort"
"523","NBPF12","Inh ENOX2 SPHKAP",-0.0284031197827004,5.16254898591276,0.358188736738063,0.54992022943198,0.832186976566996,0.81923396785983,"gpath_3neocort"
"524","PRKAB2","Inh ENOX2 SPHKAP",-0.00307327335758332,5.01297849654023,0.00385241402663379,0.950546013842438,0.994776274703702,0.993009077545134,"gpath_3neocort"
"525","AC242426.2","Inh ENOX2 SPHKAP",0.0474569143949043,6.09712594356242,1.37771987373424,0.241327636839243,0.601020356464349,0.573978767154783,"gpath_3neocort"
"526","CHD1L","Inh ENOX2 SPHKAP",-0.0519274360106988,5.44364241337798,1.25679241176839,0.263065876301475,0.62223354467422,0.596740984686587,"gpath_3neocort"
"527","BCL9","Inh ENOX2 SPHKAP",0.0251097789367657,5.50123961938256,0.290895536254395,0.590007183721943,0.852390391727358,0.843024876903194,"gpath_3neocort"
"528","ACP6","Inh ENOX2 SPHKAP",-0.00701136471114461,5.14297609295245,0.0196393565216236,0.888633607565834,0.980498688706916,0.97797342184828,"gpath_3neocort"
"529","GPR89B","Inh ENOX2 SPHKAP",-0.0294683704066115,5.24422329459426,0.277324048431116,0.598810659195962,0.857532088125041,0.84779679002723,"gpath_3neocort"
"530","NBPF11","Inh ENOX2 SPHKAP",0.0218618210956619,4.53861428977356,0.110834718341261,0.739405041519834,0.927279625797829,0.920213313742192,"gpath_3neocort"
"531","AC239809.3","Inh ENOX2 SPHKAP",-0.0746721296298615,6.2307358377899,3.2630931410422,0.071756868615737,0.357109598488891,0.323686614008443,"gpath_3neocort"
"532","PDE4DIP","Inh ENOX2 SPHKAP",0.0409892154227453,9.59995429376623,3.3585201088476,0.0677497394447185,0.348703300903467,0.314927877571365,"gpath_3neocort"
"533","NBPF9","Inh ENOX2 SPHKAP",0.0112515556210748,4.63847893851364,0.0343569455819905,0.853062308463248,0.970401727505604,0.967068117245795,"gpath_3neocort"
"534","AC245297.3","Inh ENOX2 SPHKAP",0.0491544409090264,7.91085689207358,3.50560331852799,0.0620366426480482,0.333377658517598,0.301562930873803,"gpath_3neocort"
"535","NBPF19","Inh ENOX2 SPHKAP",-0.019719234815466,4.13766943711517,0.0522934842542503,0.819259626974842,0.958326597322361,0.954299743612573,"gpath_3neocort"
"536","SV2A","Inh ENOX2 SPHKAP",-0.0388295374018835,7.53902805079432,1.64613572097225,0.200376786699221,0.554954916763844,0.527516977881108,"gpath_3neocort"
"537","SF3B4","Inh ENOX2 SPHKAP",0.18029536601418,3.92578384125987,4.44044866306122,0.0358434270878326,0.270348089325986,0.229948103347987,"gpath_3neocort"
"538","OTUD7B","Inh ENOX2 SPHKAP",-0.0144040182492256,5.43147267375189,0.0980683291023642,0.754355938516408,0.932681581508696,0.926904857429169,"gpath_3neocort"
"539","VPS45","Inh ENOX2 SPHKAP",-0.000453932563104796,6.7753873511657,0.000210255813989597,0.988439591566238,0.998951897108485,0.998728720282548,"gpath_3neocort"
"540","PLEKHO1","Inh ENOX2 SPHKAP",0.090413710100204,5.58449279044345,4.66137523406785,0.031561392604464,0.253375796522894,0.215498656551239,"gpath_3neocort"
"541","ANP32E","Inh ENOX2 SPHKAP",0.0206139773245291,4.50635659823948,0.0979309410654225,0.754522502124694,0.932681581508696,0.926959658697123,"gpath_3neocort"
"542","MRPS21","Inh ENOX2 SPHKAP",-0.106561618535565,5.68806443329109,4.579291353402,0.0330860061943132,0.259945813715354,0.220866108862127,"gpath_3neocort"
"543","PRPF3","Inh ENOX2 SPHKAP",0.0965045550563962,5.29159320419197,4.13874015042725,0.0427033430174816,0.284372339166754,0.250614642112959,"gpath_3neocort"
"544","RPRD2","Inh ENOX2 SPHKAP",0.0419349895044325,7.82854629335062,3.51013238494902,0.061869127425619,0.333267656705221,0.301232287800793,"gpath_3neocort"
"545","TARS2","Inh ENOX2 SPHKAP",-0.0158674431032954,4.64452763900836,0.069935688069595,0.791593830592212,0.948860256315481,0.943231547538976,"gpath_3neocort"
"546","MCL1","Inh ENOX2 SPHKAP",0.158901217786357,4.03689301511323,3.73216659117498,0.0542211565438471,0.315989927949653,0.28246024596221,"gpath_3neocort"
"547","ENSA","Inh ENOX2 SPHKAP",0.0519757173512014,7.79844619241928,2.91728275793331,0.0885660679775496,0.39113667572126,0.358639824962639,"gpath_3neocort"
"548","GOLPH3L","Inh ENOX2 SPHKAP",0.0277900526539311,4.96312615620819,0.214880891058345,0.643270863824337,0.881158322700629,0.872502923772758,"gpath_3neocort"
"549","CTSS","Inh ENOX2 SPHKAP",0.224108222006087,4.49470776484922,9.403093888418,0.0023433025105722,0.0791265424945092,0.0542881666356602,"gpath_3neocort"
"550","CTSK","Inh ENOX2 SPHKAP",0.164128800806812,4.93904074304657,7.90954337655797,0.00520875580777629,0.117960148967734,0.0843236381153079,"gpath_3neocort"
"551","ARNT","Inh ENOX2 SPHKAP",0.0106602251667492,6.1494142496148,0.0969567461673465,0.832267207611278,0.963230100750965,0.959422382336858,"gpath_3neocort"
"552","SETDB1","Inh ENOX2 SPHKAP",-0.0115543100887092,5.46994627638552,0.0738991497965551,0.785910230240825,0.94717745322836,0.94081502628051,"gpath_3neocort"
"553","PRUNE1","Inh ENOX2 SPHKAP",0.161353679470791,4.53365140224016,7.60027978115594,0.00615719164984543,0.123857366202723,0.093006941209419,"gpath_3neocort"
"554","CDC42SE1","Inh ENOX2 SPHKAP",-0.0436071037935542,4.87328774997645,0.545155777784043,0.460823187714312,0.774373805342876,0.760879365289263,"gpath_3neocort"
"555","MLLT11","Inh ENOX2 SPHKAP",-0.037344258822836,5.68129510561557,0.452586432273642,0.501575212649698,0.800919732507534,0.788247513845777,"gpath_3neocort"
"556","GABPB2","Inh ENOX2 SPHKAP",-0.0287933187298897,6.11810869142145,0.394974131056536,0.530126564960214,0.81940583384769,0.80749563639607,"gpath_3neocort"
"557","SEMA6C","Inh ENOX2 SPHKAP",-0.0721408955228329,4.90523555304953,1.8375486568043,0.176155997657769,0.526359958634965,0.496756804237107,"gpath_3neocort"
"558","VPS72","Inh ENOX2 SPHKAP",0.067547634943672,4.3033064801538,1.03748107480944,0.309146519191632,0.665977642116935,0.640706791187675,"gpath_3neocort"
"559","PIP5K1A","Inh ENOX2 SPHKAP",-0.0297684914557818,6.3882698597826,0.579118699947907,0.447195813794973,0.764669505660306,0.751202696328018,"gpath_3neocort"
"560","PSMD4","Inh ENOX2 SPHKAP",0.0156993886198617,5.53929416512638,0.127169939959374,0.721610139525142,0.918567259960239,0.911397082875542,"gpath_3neocort"
"561","PI4KB","Inh ENOX2 SPHKAP",0.0224158369474246,5.57418518139143,0.306783312401619,0.58003206291742,0.848227947134777,0.837013740535408,"gpath_3neocort"
"562","PSMB4","Inh ENOX2 SPHKAP",0.00718730483509561,4.72473668634779,0.0139611845942662,0.906014046078876,0.986555381942983,0.982860996050133,"gpath_3neocort"
"563","POGZ","Inh ENOX2 SPHKAP",-0.00582456056490464,7.64434517697464,0.0689179052790896,0.965944113368262,0.995700592042286,0.995801495175648,"gpath_3neocort"
"564","TUFT1","Inh ENOX2 SPHKAP",-0.132588251869291,4.84837126488308,5.22525484036308,0.0228881299157456,0.217448399141005,0.183170165283736,"gpath_3neocort"
"565","SNX27","Inh ENOX2 SPHKAP",0.00718068957105662,6.96467322830098,0.0795045965891827,0.778144819355483,0.944495130113347,0.93746268857387,"gpath_3neocort"
"566","CELF3","Inh ENOX2 SPHKAP",0.00877703817918118,5.69442358060875,0.0402784317785298,0.841059531474567,0.966118201568113,0.962721598387811,"gpath_3neocort"
"567","MRPL9","Inh ENOX2 SPHKAP",-0.0398611726645983,3.9699348754853,0.174485625162601,0.676424534929518,0.895219391241871,0.889878861619014,"gpath_3neocort"
"568","THEM4","Inh ENOX2 SPHKAP",-0.00359178690696339,5.50883167799807,0.00589067171375806,0.938867894134958,0.993518947956843,0.99075857091782,"gpath_3neocort"
"569","FLG-AS1","Inh ENOX2 SPHKAP",-0.111605281477542,5.85214064347946,2.04095697062872,0.154049374881241,0.497886761564397,0.466135517660706,"gpath_3neocort"
"570","S100A6","Inh ENOX2 SPHKAP",-0.150969472491282,3.90628520690433,1.85213550798716,0.174454337184369,0.525171197091898,0.49443801621637,"gpath_3neocort"
"571","CHTOP","Inh ENOX2 SPHKAP",-0.0941023481289817,4.92226587197817,3.56719530241321,0.0633186369539574,0.33749145410927,0.304656500086002,"gpath_3neocort"
"572","ILF2","Inh ENOX2 SPHKAP",-0.0381205755428535,4.33337140513761,0.264703552069581,0.607247857284001,0.860775842704527,0.852333872784132,"gpath_3neocort"
"573","INTS3","Inh ENOX2 SPHKAP",0.000538790030227198,5.48447122469509,7.23532780382627e-05,0.993218304455787,0.998951897108485,0.999193584560602,"gpath_3neocort"
"574","GATAD2B","Inh ENOX2 SPHKAP",0.031965378669568,6.92098738256669,1.39120505122929,0.239042594454272,0.599175491581905,0.571558811088087,"gpath_3neocort"
"575","DENND4B","Inh ENOX2 SPHKAP",0.0391540478165196,5.26713036825452,0.66741169396601,0.414538789792994,0.741439283959848,0.726868634048671,"gpath_3neocort"
"576","CRTC2","Inh ENOX2 SPHKAP",-0.0305497484083827,4.07408510386965,0.129086518221008,0.719608475772781,0.918059391730033,0.910391861528068,"gpath_3neocort"
"577","JTB","Inh ENOX2 SPHKAP",0.00228927824294054,4.79724233717802,0.00108785321677037,0.973708182206088,0.997170280740144,0.997009714847109,"gpath_3neocort"
"578","RPS27","Inh ENOX2 SPHKAP",-0.153073849911664,4.49107180176011,2.61501175778603,0.106802375052413,0.423814803692092,0.3919862415556,"gpath_3neocort"
"579","NUP210L","Inh ENOX2 SPHKAP",-0.00562718349949881,4.08240690268346,0.00360054198302844,0.952187985627375,0.994776274703702,0.993392633559777,"gpath_3neocort"
"580","TPM3","Inh ENOX2 SPHKAP",-0.0546832388400975,5.92401272894652,1.73646197939891,0.18849241298263,0.541936556724196,0.512809499481472,"gpath_3neocort"
"581","C1orf43","Inh ENOX2 SPHKAP",-0.0558171554376006,5.42535108739394,1.18005657876391,0.278129183249677,0.63630930385357,0.61144027674989,"gpath_3neocort"
"582","UBAP2L","Inh ENOX2 SPHKAP",0.0472260552682073,5.45888275098719,1.22418378631668,0.301503315108566,0.658992359947527,0.633577872184426,"gpath_3neocort"
"583","HAX1","Inh ENOX2 SPHKAP",-0.157061961991004,4.36269335308977,4.47769866846708,0.0350807240365741,0.267572402736661,0.227334239832725,"gpath_3neocort"
"584","ATP8B2","Inh ENOX2 SPHKAP",-0.00841907020713466,5.66754984534962,0.037746684331317,0.846070999075825,0.968021000884318,0.964723126044811,"gpath_3neocort"
"585","UBE2Q1","Inh ENOX2 SPHKAP",0.055364203954022,4.74580305970704,0.849405761715192,0.357386863760185,0.704883377262009,0.682769070426466,"gpath_3neocort"
"586","ADAR","Inh ENOX2 SPHKAP",-0.0181189957759432,6.69229227865812,0.411082262935905,0.611213505795131,0.863698360056991,0.854691581843888,"gpath_3neocort"
"587","KCNN3","Inh ENOX2 SPHKAP",0.0994512270578252,4.6306325315066,1.91220809644325,0.167643553062897,0.518110198190241,0.485314976025809,"gpath_3neocort"
"588","PMVK","Inh ENOX2 SPHKAP",-0.157598212385227,4.22059391088583,3.80326292051755,0.051990507597232,0.310412975464037,0.276598057507764,"gpath_3neocort"
"589","ADAM15","Inh ENOX2 SPHKAP",0.00663158716653977,4.5689481596331,0.0097653604872708,0.921340698740763,0.990636355721171,0.986794798926178,"gpath_3neocort"
"590","EFNA3","Inh ENOX2 SPHKAP",0.143147269843253,4.30814610597736,3.77149633482182,0.0529748757173488,0.313598382817959,0.279113232565419,"gpath_3neocort"
"591","DPM3","Inh ENOX2 SPHKAP",-0.171442866986927,3.85525857095833,2.62452724314706,0.106169186931796,0.421990017282378,0.390753268648144,"gpath_3neocort"
"592","TRIM46","Inh ENOX2 SPHKAP",-0.104374871557272,4.4461661565656,2.39245040706636,0.122870959964991,0.450803588369998,0.419141032084234,"gpath_3neocort"
"593","GBA","Inh ENOX2 SPHKAP",-0.186822721886831,4.31946579716286,6.17078685263823,0.013478222849001,0.16979422264369,0.139562187070059,"gpath_3neocort"
"594","FAM189B","Inh ENOX2 SPHKAP",-0.0563758478813292,4.72177231050643,0.938414028729197,0.333388191163864,0.684423389092004,0.66237890256721,"gpath_3neocort"
"595","SCAMP3","Inh ENOX2 SPHKAP",-0.123540095144706,4.51856672411775,3.45579918664867,0.0639110967681847,0.338309213257707,0.306062823984688,"gpath_3neocort"
"596","CLK2","Inh ENOX2 SPHKAP",-0.0269285615158725,4.32796856153571,0.154185706291862,0.694817918321813,0.906070411392328,0.898746678009457,"gpath_3neocort"
"597","HCN3","Inh ENOX2 SPHKAP",0.00912415681955694,4.42468362850054,0.0233108402402201,0.878743866572182,0.978266576276527,0.975131873229444,"gpath_3neocort"
"598","FDPS","Inh ENOX2 SPHKAP",-0.0129556402518362,5.53663667435513,0.0741434340801824,0.785565339245898,0.946878979276712,0.940631872108997,"gpath_3neocort"
"599","RUSC1","Inh ENOX2 SPHKAP",-0.0654999678140196,5.55794703083093,1.91251484201605,0.167609570339116,0.518110198190241,0.485280510109842,"gpath_3neocort"
"600","ASH1L","Inh ENOX2 SPHKAP",0.0515852907670757,8.56553343758823,7.5959089279967,0.0061717972166773,0.123857366202723,0.0930955407123606,"gpath_3neocort"
"601","YY1AP1","Inh ENOX2 SPHKAP",-0.05554406052602,6.0469858792742,2.44755865041607,0.118656371775736,0.444927126820223,0.412155660214431,"gpath_3neocort"
"602","DAP3","Inh ENOX2 SPHKAP",-0.0530878629499319,6.33394171885468,2.59213300917209,0.108341895290296,0.426340507208765,0.394594536846516,"gpath_3neocort"
"603","GON4L","Inh ENOX2 SPHKAP",-0.034038205153461,6.43537749705065,1.05809787263433,0.304395023481273,0.66165150416532,0.636324737594177,"gpath_3neocort"
"604","SYT11","Inh ENOX2 SPHKAP",-0.0204176012560376,7.53271945269133,0.484051518935828,0.487077487391176,0.793535134083531,0.77874955955567,"gpath_3neocort"
"605","KHDC4","Inh ENOX2 SPHKAP",-0.0842487024088057,5.41613691721595,3.30534380981065,0.0699521100063137,0.353623557838017,0.319670487569738,"gpath_3neocort"
"606","ARHGEF2","Inh ENOX2 SPHKAP",-0.102435535635485,4.78800099912835,2.92338790875258,0.0882347161195301,0.390798959620442,0.357868775761537,"gpath_3neocort"
"607","SSR2","Inh ENOX2 SPHKAP",-0.100055473159669,4.59375030611119,1.89056389960685,0.170061541127944,0.51971205280905,0.488518061600455,"gpath_3neocort"
"608","UBQLN4","Inh ENOX2 SPHKAP",-0.00343114516634509,4.27348250706468,0.0024658555727389,0.960425151263763,0.995700592042286,0.994983496225378,"gpath_3neocort"
"609","LAMTOR2","Inh ENOX2 SPHKAP",-0.128996519351752,3.7523549322683,1.48273370361542,0.224208322014064,0.582843048188689,0.555223763660826,"gpath_3neocort"
"610","LMNA","Inh ENOX2 SPHKAP",0.0924039520045031,4.95152906014918,2.24210450233518,0.135244111307298,0.469690432328272,0.438593673725251,"gpath_3neocort"
"611","SEMA4A","Inh ENOX2 SPHKAP",-0.00990839604933622,4.54060254098205,0.0222563475248321,0.881497362075064,0.978592348689236,0.97589227663405,"gpath_3neocort"
"612","SMG5","Inh ENOX2 SPHKAP",-0.0334243196974929,5.48795452234832,0.606255189141267,0.436753499507431,0.758584963925395,0.743356968569354,"gpath_3neocort"
"613","CCT3","Inh ENOX2 SPHKAP",-0.032273379060216,5.73791571291517,0.411754268932325,0.521521317265737,0.814660326533714,0.801497950166106,"gpath_3neocort"
"614","C1orf61","Inh ENOX2 SPHKAP",-0.0661832267797068,5.38965671745831,1.47927216224635,0.224748740563325,0.582850395633996,0.555780863980992,"gpath_3neocort"
"615","MEF2D","Inh ENOX2 SPHKAP",-0.0469989577793986,5.68622331779356,1.40245701874547,0.26621270056573,0.625272377739767,0.599853872206604,"gpath_3neocort"
"616","HAPLN2","Inh ENOX2 SPHKAP",0.0166406726487227,4.05731303881278,0.0411399299804181,0.839391773510486,0.965432778069442,0.962061277590503,"gpath_3neocort"
"617","BCAN","Inh ENOX2 SPHKAP",-0.024176976591243,4.48559919869412,0.138431098936795,0.710082071004484,0.913365480509959,0.906217686666518,"gpath_3neocort"
"618","ISG20L2","Inh ENOX2 SPHKAP",0.0785731577414755,4.44556224600122,1.45352869991245,0.228817451414403,0.588387732208464,0.560457681060697,"gpath_3neocort"
"619","HDGF","Inh ENOX2 SPHKAP",0.0397782761895993,4.97820478763347,0.563858020353653,0.453239561056395,0.76995662865787,0.755492713847737,"gpath_3neocort"
"620","PRCC","Inh ENOX2 SPHKAP",0.0121284726157477,5.04045455250264,0.0664648344594526,0.796714327870465,0.951589262927969,0.945520737552359,"gpath_3neocort"
"621","ARHGEF11","Inh ENOX2 SPHKAP",-0.0343584734449799,6.9821327125008,1.41950589873249,0.234332126940864,0.594679149493799,0.566649666322623,"gpath_3neocort"
"622","KIRREL1","Inh ENOX2 SPHKAP",0.0657392914378365,3.6765513881437,0.252914968184892,0.615362014888317,0.865953078176652,0.857218243700558,"gpath_3neocort"
"623","CADM3","Inh ENOX2 SPHKAP",0.0201891034606512,6.79104514642224,0.405070047663687,0.524919084607887,0.815647366508952,0.803657944997787,"gpath_3neocort"
"624","KCNJ9","Inh ENOX2 SPHKAP",-0.0526590749694384,4.77727933373398,0.866165449039359,0.352692401106061,0.701203589896446,0.678996694740418,"gpath_3neocort"
"625","IGSF8","Inh ENOX2 SPHKAP",-0.0335018679358305,5.95386406043816,0.561584902937462,0.454150739245871,0.770205485680301,0.756155031153275,"gpath_3neocort"
"626","PEA15","Inh ENOX2 SPHKAP",0.00970292913020386,5.89685130274041,0.0378613666148564,0.84584028256067,0.967996300285126,0.964650908978489,"gpath_3neocort"
"627","DCAF8","Inh ENOX2 SPHKAP",0.0275618982510251,4.80361381029082,0.232092512378091,0.630292631673977,0.875304445396154,0.865490823345714,"gpath_3neocort"
"628","AL139011.2","Inh ENOX2 SPHKAP",0.0547271407758635,4.58503331289951,0.721430092272998,0.39628463419702,0.731949594765672,0.713527756056073,"gpath_3neocort"
"629","COPA","Inh ENOX2 SPHKAP",0.0130012790366883,6.61362839316837,0.191027353458781,0.662345857912034,0.887563501355083,0.88248437350829,"gpath_3neocort"
"630","USF1","Inh ENOX2 SPHKAP",-0.0530157322787431,3.78247502411734,0.301777112485693,0.583138186685363,0.850089769751807,0.838990490570448,"gpath_3neocort"
"631","PFDN2","Inh ENOX2 SPHKAP",0.0245278675256563,5.43541892729519,0.158134681545597,0.691134170891805,0.90363380184538,0.897068347603752,"gpath_3neocort"
"632","NIT1","Inh ENOX2 SPHKAP",-0.099572697479982,4.21040834291148,1.61267696730707,0.205001433379489,0.561390314468352,0.53301707121735,"gpath_3neocort"
"633","UFC1","Inh ENOX2 SPHKAP",-0.0500545165911725,3.96537019000296,0.274300074062123,0.600809652193453,0.858879094694633,0.84902959068692,"gpath_3neocort"
"634","NDUFS2","Inh ENOX2 SPHKAP",-0.0179453626097021,5.50910485034768,0.136398379633657,0.712122520716585,0.91401728044525,0.907025997382964,"gpath_3neocort"
"635","PCP4L1","Inh ENOX2 SPHKAP",-0.0460339595553149,5.72832792487236,0.919963806808252,0.338179451363076,0.688088486705732,0.66644627379074,"gpath_3neocort"
"636","SDHC","Inh ENOX2 SPHKAP",-0.0614286479905879,6.16973600731861,3.10425862283013,0.0790041129077999,0.374095125002494,0.338931890266284,"gpath_3neocort"
"637","HSPA6","Inh ENOX2 SPHKAP",0.859844131360152,3.7830550533056,10.2589655410161,0.00149345645239122,0.064120845589967,0.0418776272693144,"gpath_3neocort"
"638","DUSP12","Inh ENOX2 SPHKAP",-0.083587834292123,4.40088068361485,1.40547744572966,0.360858421327412,0.707291679160716,0.68566502612904,"gpath_3neocort"
"639","ATF6","Inh ENOX2 SPHKAP",0.00846907134514599,6.56967058105331,0.068407993804267,0.793830486610624,0.950379935797872,0.944268894012086,"gpath_3neocort"
"640","NOS1AP","Inh ENOX2 SPHKAP",-0.0416175296707771,7.28935074448192,1.7248441200352,0.18997373236372,0.543627448062858,0.514799417649388,"gpath_3neocort"
"641","UHMK1","Inh ENOX2 SPHKAP",-0.00193660330477133,5.3603148496869,0.00195954857301094,0.964718242651488,0.995700592042286,0.995638497316582,"gpath_3neocort"
"642","UAP1","Inh ENOX2 SPHKAP",-0.0495375983416716,4.57886255376632,0.696691557220826,0.5155200089042,0.809984618828598,0.797736621417216,"gpath_3neocort"
"643","HSD17B7","Inh ENOX2 SPHKAP",0.0160821771892834,4.31096817830825,0.0466821007088449,0.829072776408689,0.962697839944459,0.958225232702174,"gpath_3neocort"
"644","RGS4","Inh ENOX2 SPHKAP",-0.098099785295789,6.81244449207797,2.61208466927644,0.10699798798932,0.424072611737892,0.392322903407224,"gpath_3neocort"
"645","RGS5","Inh ENOX2 SPHKAP",-0.134569240764568,5.64764226545469,3.88367268425796,0.0495846607946819,0.304931980767736,0.270199437517424,"gpath_3neocort"
"646","PBX1","Inh ENOX2 SPHKAP",-0.0263166619729179,9.35293038041234,1.69759341023361,0.193502088946065,0.54633903802748,0.51913954899063,"gpath_3neocort"
"647","MGST3","Inh ENOX2 SPHKAP",-0.0986469418021965,6.85778222759027,8.93155795538498,0.0030109029951465,0.087767434119379,0.0623739044768358,"gpath_3neocort"
"648","TMCO1","Inh ENOX2 SPHKAP",-0.031007249541995,5.43099706860434,0.478613830921887,0.710200931246102,0.913365480509959,0.906259766116001,"gpath_3neocort"
"649","UCK2","Inh ENOX2 SPHKAP",-0.114026064113347,5.44760616556967,5.33364955658981,0.0215281658628363,0.213483991010489,0.177612926688001,"gpath_3neocort"
"650","FAM78B","Inh ENOX2 SPHKAP",-0.0496365585917575,5.6790299548227,1.09087502376592,0.297034029432095,0.654628817097585,0.629377533840446,"gpath_3neocort"
"651","POGK","Inh ENOX2 SPHKAP",0.00768219228789489,5.23427409158709,0.0261270947523854,0.885825230974774,0.979658385812387,0.977262898194707,"gpath_3neocort"
"652","TADA1","Inh ENOX2 SPHKAP",0.0386388208189645,4.45736479423456,0.305013632168234,0.581126264814817,0.848936028617865,0.837765801790699,"gpath_3neocort"
"653","ILDR2","Inh ENOX2 SPHKAP",-0.0129645853376045,6.04780332279171,0.0862357582922111,0.769200993441231,0.93842135732031,0.933527470003462,"gpath_3neocort"
"654","MAEL","Inh ENOX2 SPHKAP",0.00718509700024306,4.00229820428515,0.00477319887398336,0.944960715374604,0.993846791912506,0.992012775010933,"gpath_3neocort"
"655","POU2F1","Inh ENOX2 SPHKAP",0.0232176539793817,7.75348639745133,1.15010848024028,0.284302015029633,0.640556855832835,0.617281515650628,"gpath_3neocort"
"656","CD247","Inh ENOX2 SPHKAP",0.0757255937082567,5.27109587031225,1.18822088237509,0.276475862961581,0.635281253780055,0.609891591663718,"gpath_3neocort"
"657","CREG1","Inh ENOX2 SPHKAP",-0.0671260523408915,5.22933127044717,1.79659315391856,0.181037491447603,0.532611205956724,0.503168267298121,"gpath_3neocort"
"658","MPZL1","Inh ENOX2 SPHKAP",-0.0592048083570583,5.23003676313863,1.50760391858983,0.220371147034033,0.578117695772738,0.550868761759008,"gpath_3neocort"
"659","ADCY10","Inh ENOX2 SPHKAP",-0.0524752458717445,4.21237143316932,0.277747552104613,0.598531815765126,0.857532088125041,0.847627183643614,"gpath_3neocort"
"660","MPC2","Inh ENOX2 SPHKAP",-0.00343865698952749,4.64910031135772,0.00219890806703164,0.962626965999854,0.995700592042286,0.995346706768488,"gpath_3neocort"
"661","DCAF6","Inh ENOX2 SPHKAP",0.0607780751902916,6.55298373681953,3.60233830565958,0.0585618140494965,0.325499397953194,0.293788887532362,"gpath_3neocort"
"662","TIPRL","Inh ENOX2 SPHKAP",-0.0925676816951257,5.87985961075601,6.79036223039596,0.00957615544730254,0.147086122627495,0.117292959511996,"gpath_3neocort"
"663","LINC00970","Inh ENOX2 SPHKAP",-0.0953929572992556,4.2086422099617,0.794450403597878,0.373400534042048,0.717194161834608,0.696246658063415,"gpath_3neocort"
"664","ATP1B1","Inh ENOX2 SPHKAP",-0.0489419892188383,8.70809087580142,1.48138241864977,0.224419099420604,0.582843048188689,0.555428390183674,"gpath_3neocort"
"665","NME7","Inh ENOX2 SPHKAP",0.0680463658332758,7.13841705276813,5.18491962324159,0.023416773678727,0.220817798840504,0.185208703837606,"gpath_3neocort"
"666","BLZF1","Inh ENOX2 SPHKAP",0.0494643017685193,5.6284040834524,1.26901812558155,0.260761056212619,0.619944132177364,0.594449089708685,"gpath_3neocort"
"667","CCDC181","Inh ENOX2 SPHKAP",0.0285718136994291,4.61756981354756,0.180049108784845,0.671604683566838,0.892619175128322,0.887362855298557,"gpath_3neocort"
"668","SLC19A2","Inh ENOX2 SPHKAP",-0.0508597904276897,4.71283462758839,0.72399978406782,0.395445664324593,0.731491112901822,0.712871049080028,"gpath_3neocort"
"669","C1orf112","Inh ENOX2 SPHKAP",-0.164493951995367,4.49865869324653,3.83087069988147,0.0511507998836351,0.308815453547989,0.274368321040146,"gpath_3neocort"
"670","SCYL3","Inh ENOX2 SPHKAP",0.0297650194638559,4.54500704590123,0.213374502756666,0.64443650265928,0.881448868178843,0.873159777520658,"gpath_3neocort"
"671","KIFAP3","Inh ENOX2 SPHKAP",0.00175659787957635,7.37089114631843,0.00483984438772335,0.944578422959493,0.993827758391978,0.991870311272404,"gpath_3neocort"
"672","GORAB","Inh ENOX2 SPHKAP",-0.0580929421000315,3.94431046526234,0.467900980231887,0.494429523110438,0.796880949362701,0.783535799242571,"gpath_3neocort"
"673","PRRC2C","Inh ENOX2 SPHKAP",0.0974481804114402,7.8371942367381,11.8679151685912,0.000644042794031158,0.0423762751910501,0.0258682234174328,"gpath_3neocort"
"674","VAMP4","Inh ENOX2 SPHKAP",0.0700573848147351,5.01436473162829,1.83219051029856,0.176785881620007,0.527113725741106,0.497614484130634,"gpath_3neocort"
"675","DNM3","Inh ENOX2 SPHKAP",0.0172553431632742,9.51087277751038,0.715567059048196,0.398208504492588,0.732487095598129,0.714924082329954,"gpath_3neocort"
"676","PIGC","Inh ENOX2 SPHKAP",-0.160132278702183,4.44512023952917,5.28356203014643,0.0221458145937857,0.216167843801549,0.180111186203417,"gpath_3neocort"
"677","SUCO","Inh ENOX2 SPHKAP",-0.0203852182485043,5.64424682463775,0.231010247734634,0.631090958150021,0.875304445396154,0.865865441629568,"gpath_3neocort"
"678","AL645568.1","Inh ENOX2 SPHKAP",-0.0549397003069566,6.55981915912338,3.05432509382531,0.0814429687399134,0.379288201620888,0.344260723221509,"gpath_3neocort"
"679","PRDX6","Inh ENOX2 SPHKAP",0.0664232358250545,4.60996718080852,0.996847048136658,0.318798647472223,0.671228787249916,0.649321437375184,"gpath_3neocort"
"680","KLHL20","Inh ENOX2 SPHKAP",0.0184600798161004,5.95106491077863,0.234272406960038,0.628691583694408,0.874599806002306,0.864544428493819,"gpath_3neocort"
"681","ZBTB37","Inh ENOX2 SPHKAP",-0.019783205699797,4.36334072603079,0.0724289317067191,0.787998996526721,0.948079872662112,0.941684285173049,"gpath_3neocort"
"682","RC3H1","Inh ENOX2 SPHKAP",0.0482646943968246,6.744398597036,2.72895293941781,0.0994852419387901,0.411724303442388,0.378644859658168,"gpath_3neocort"
"683","RABGAP1L","Inh ENOX2 SPHKAP",0.0585653186727788,9.07510930667865,9.0473679961026,0.00283077803909602,0.0856982292316283,0.0602809655905405,"gpath_3neocort"
"684","CACYBP","Inh ENOX2 SPHKAP",-0.0203317011756207,5.34635053140705,0.0810282231834957,0.776085510774584,0.943982101414302,0.936537115195754,"gpath_3neocort"
"685","MRPS14","Inh ENOX2 SPHKAP",-0.0302575145606742,4.36687283686957,0.196799117654984,0.65760473413026,0.886317117013643,0.880220720094492,"gpath_3neocort"
"686","TNR","Inh ENOX2 SPHKAP",-0.0766636571856617,5.80154523919057,1.90169612427958,0.168812923361032,0.518440590239748,0.486739069198986,"gpath_3neocort"
"687","AL513329.1","Inh ENOX2 SPHKAP",0.0774430784128582,4.29881444577201,1.02665555105911,0.311680168103196,0.66620805586772,0.642718228496671,"gpath_3neocort"
"688","COP1","Inh ENOX2 SPHKAP",-0.00625824514028989,7.463419866235,0.0648705864695932,0.895457507017066,0.983306856487617,0.980069631683144,"gpath_3neocort"
"689","ASTN1","Inh ENOX2 SPHKAP",-0.0167874306920039,8.63240640284299,0.58396038963738,0.445304580668841,0.762971304613294,0.749933548476036,"gpath_3neocort"
"690","BRINP2","Inh ENOX2 SPHKAP",-0.00127479114636219,7.56393561978224,0.00172286075194349,0.96691627059081,0.995859773924732,0.995957650169212,"gpath_3neocort"
"691","RASAL2","Inh ENOX2 SPHKAP",0.0204542838021957,8.19710517156524,0.60133444040334,0.43861895821172,0.759607223024317,0.74477663209646,"gpath_3neocort"
"692","RALGPS2","Inh ENOX2 SPHKAP",0.0704339407624859,7.04118304487825,5.26840328894211,0.0223363575430069,0.216167843801549,0.180983075837764,"gpath_3neocort"
"693","ANGPTL1","Inh ENOX2 SPHKAP",-0.175365729613948,3.91966293791849,2.11474668864134,0.14682684006193,0.485830706259964,0.455761299062072,"gpath_3neocort"
"694","FAM20B","Inh ENOX2 SPHKAP",-0.00215413689332977,5.98429866463471,0.00325229259252431,0.954556352989078,0.995247935921674,0.993763821317301,"gpath_3neocort"
"695","ABL2","Inh ENOX2 SPHKAP",0.0149733522189773,6.50902756824362,0.249548179911323,0.936692694816567,0.993269159402148,0.990460427979182,"gpath_3neocort"
"696","SOAT1","Inh ENOX2 SPHKAP",-0.237311501459913,4.55682068875153,12.4158214597594,0.000485114358020556,0.0370884654328708,0.0220460919781382,"gpath_3neocort"
"697","TOR1AIP2","Inh ENOX2 SPHKAP",0.0260492142571495,5.75108702111494,0.449065658667901,0.503242829445651,0.802187554689946,0.789282497166975,"gpath_3neocort"
"698","TOR1AIP1","Inh ENOX2 SPHKAP",-0.0839409020986322,4.7256102089012,2.18767256906466,0.270617082540468,0.630296859997167,0.604462968956641,"gpath_3neocort"
"699","CEP350","Inh ENOX2 SPHKAP",0.0305392040363957,7.30244968541315,1.64160251107448,0.200996091480362,0.554954916763844,0.528222699697499,"gpath_3neocort"
"700","QSOX1","Inh ENOX2 SPHKAP",0.0520165759430469,5.23080461118515,1.13372464316496,0.314872887534977,0.667952367897072,0.645738589144042,"gpath_3neocort"
"701","ACBD6","Inh ENOX2 SPHKAP",-0.0024958882457781,7.56317844536027,0.0104583244765724,0.918607055429228,0.990510435757082,0.986210305668713,"gpath_3neocort"
"702","XPR1","Inh ENOX2 SPHKAP",0.0547263043870815,6.46586559729718,2.78855248910198,0.0958784190043953,0.406092744744297,0.372245511279089,"gpath_3neocort"
"703","STX6","Inh ENOX2 SPHKAP",-0.091562791820889,5.09744368106807,3.16571551912245,0.0761103385425677,0.368188016258084,0.333155217671275,"gpath_3neocort"
"704","CACNA1E","Inh ENOX2 SPHKAP",0.0322357113070372,8.12940646253585,1.45910220396032,0.227929083387093,0.587236552989306,0.559372040958355,"gpath_3neocort"
"705","GLUL","Inh ENOX2 SPHKAP",0.11643514034726,5.64084910951069,5.322167301526,0.0216681559389403,0.214393656112125,0.178255544732651,"gpath_3neocort"
"706","RNASEL","Inh ENOX2 SPHKAP",-0.0385171702533396,4.04928722751358,0.21933144940985,0.639855794937537,0.87922388638816,0.870696856261482,"gpath_3neocort"
"707","RGS8","Inh ENOX2 SPHKAP",0.0176772539856495,4.64078557241502,0.0873708177462942,0.767730597624727,0.937567163239226,0.932817680583853,"gpath_3neocort"
"708","NPL","Inh ENOX2 SPHKAP",-0.126196481187116,4.07537508574104,2.10459110352936,0.14779768140915,0.487552107575305,0.456989482946006,"gpath_3neocort"
"709","DHX9","Inh ENOX2 SPHKAP",0.0149782254325779,6.32108503717733,0.231904507304126,0.779488919669055,0.944495130113347,0.938093440009544,"gpath_3neocort"
"710","LAMC1","Inh ENOX2 SPHKAP",0.0293638155335515,5.68464702563059,0.418972862181029,0.51789539050429,0.811858550021052,0.799031440710681,"gpath_3neocort"
"711","NMNAT2","Inh ENOX2 SPHKAP",0.0131094648351924,8.30476696040264,0.338250939392136,0.561233530756461,0.839116879236982,0.826102736470423,"gpath_3neocort"
"712","SMG7","Inh ENOX2 SPHKAP",0.0176879793122044,6.04051755051414,0.289080098353143,0.591169288135627,0.852390391727358,0.84358313225495,"gpath_3neocort"
"713","ARPC5","Inh ENOX2 SPHKAP",-0.0705362742486585,4.90297731911455,1.45073102784416,0.229264952057987,0.588843375206122,0.561035628387426,"gpath_3neocort"
"714","RGL1","Inh ENOX2 SPHKAP",0.0212299750507358,7.28075370190577,0.672981894901323,0.412599984143946,0.74080992909015,0.725323458780312,"gpath_3neocort"
"715","COLGALT2","Inh ENOX2 SPHKAP",-0.0174706670007645,5.75504993176794,0.182149781893617,0.66980765928966,0.891916721750678,0.886386476939012,"gpath_3neocort"
"716","TSEN15","Inh ENOX2 SPHKAP",-0.029415529781416,5.18856501731408,0.258888430684092,0.61122135850524,0.863698360056991,0.854694261288325,"gpath_3neocort"
"717","C1orf21","Inh ENOX2 SPHKAP",0.0357255155724121,7.084871304048,1.44132961233512,0.230776522006259,0.590674359921662,0.562600930965549,"gpath_3neocort"
"718","EDEM3","Inh ENOX2 SPHKAP",0.0271904232142064,5.89719237218726,0.632424902102751,0.427032968507074,0.750996699397502,0.736608478259608,"gpath_3neocort"
"719","RNF2","Inh ENOX2 SPHKAP",-0.056587753882714,5.19722333492405,1.27268222014983,0.328548928218075,0.679446903286699,0.657943026916964,"gpath_3neocort"
"720","TRMT1L","Inh ENOX2 SPHKAP",0.00746289134518504,5.11351587179683,0.0225431306021388,0.88074202591927,0.978345111313283,0.97571719499835,"gpath_3neocort"
"721","SWT1","Inh ENOX2 SPHKAP",0.00672466383604807,5.80769841888511,0.0290862901436297,0.864683389870028,0.973668692247263,0.970731509556252,"gpath_3neocort"
"722","IVNS1ABP","Inh ENOX2 SPHKAP",-0.116064307153838,5.09686171936394,4.21567406573467,0.0408319485119025,0.280510951461368,0.245176932113467,"gpath_3neocort"
"723","TPR","Inh ENOX2 SPHKAP",0.08549984249655,6.14267661150705,6.19151244811407,0.0133241802978251,0.168289063216888,0.138684907847151,"gpath_3neocort"
"724","ODR4","Inh ENOX2 SPHKAP",0.0312632262094615,5.88181045590958,0.683319220213508,0.409037241456591,0.73886192864112,0.722729992615101,"gpath_3neocort"
"725","AL596220.1","Inh ENOX2 SPHKAP",0.0387384653766107,6.01404109533137,1.06924676879527,0.301865038169049,0.659383990149267,0.633944921628872,"gpath_3neocort"
"726","ERVMER61-1","Inh ENOX2 SPHKAP",-0.213803131349938,3.553690493683,3.4767643918186,0.063114751392539,0.336773396745504,0.304130415097383,"gpath_3neocort"
"727","BRINP3","Inh ENOX2 SPHKAP",0.113483264030009,8.19901124292159,5.51092057737941,0.0194823303766791,0.201536461208495,0.169125470252117,"gpath_3neocort"
"728","AL390957.1","Inh ENOX2 SPHKAP",-0.0353827227292281,4.55503937301004,0.157346567975876,0.691865064725112,0.903982557398784,0.897355716679197,"gpath_3neocort"
"729","AL136454.1","Inh ENOX2 SPHKAP",-0.197716038200109,3.82771368596165,2.36654521486106,0.124909528055676,0.454874635733543,0.422554433117962,"gpath_3neocort"
"730","RGS2","Inh ENOX2 SPHKAP",0.205576001474692,3.86318141916654,3.61751808940729,0.0580356861339939,0.324799719294732,0.292481081248601,"gpath_3neocort"
"731","UCHL5","Inh ENOX2 SPHKAP",0.0412297011098048,5.33536960720929,0.86694348269609,0.352476529520213,0.70118851345837,0.67882064470245,"gpath_3neocort"
"732","TROVE2","Inh ENOX2 SPHKAP",0.0180872830054342,5.84830568018065,0.238665736796358,0.625492598455879,0.873023266999105,0.862703345534572,"gpath_3neocort"
"733","GLRX2","Inh ENOX2 SPHKAP",0.171136500290963,4.1248985465094,4.77735993939852,0.0295315048789524,0.246213865163732,0.208289285804417,"gpath_3neocort"
"734","CDC73","Inh ENOX2 SPHKAP",0.0305888726347153,6.13647004077196,0.844762281795077,0.358702712101707,0.705523532709841,0.683752876949354,"gpath_3neocort"
"735","B3GALT2","Inh ENOX2 SPHKAP",-0.0320487805868417,4.16129632547322,0.14219118976674,0.70635219589162,0.910933344403735,0.904581398107253,"gpath_3neocort"
"736","KCNT2","Inh ENOX2 SPHKAP",0.0426338153539081,5.50797484371648,0.232803578533668,0.629769365751575,0.875190251633105,0.865207559479287,"gpath_3neocort"
"737","ZBTB41","Inh ENOX2 SPHKAP",0.0362308525540439,5.35564011249902,0.588880807639738,0.443395281732156,0.762896553788801,0.748504562259952,"gpath_3neocort"
"738","CRB1","Inh ENOX2 SPHKAP",0.0291781580448215,8.44966318247794,1.16381726531877,0.281455068409606,0.639342488240587,0.614373601594061,"gpath_3neocort"
"739","DENND1B","Inh ENOX2 SPHKAP",0.0564791906034397,6.77430525902288,3.16940017379975,0.0759405196189008,0.367731864768203,0.332734938960556,"gpath_3neocort"
"740","NEK7","Inh ENOX2 SPHKAP",-0.00524606403303701,4.83340456935851,0.00584961740956218,0.9390808751569,0.993518947956843,0.990775890502061,"gpath_3neocort"
"741","MIR181A1HG","Inh ENOX2 SPHKAP",0.0318059817094333,7.50100954132498,0.687011711405231,0.40777561171071,0.737786450977655,0.72174824810932,"gpath_3neocort"
"742","LINC00862","Inh ENOX2 SPHKAP",-0.0061875045746327,5.0396293118295,0.00734754731720682,0.931742171385195,0.992627611257954,0.98937589015771,"gpath_3neocort"
"743","ZNF281","Inh ENOX2 SPHKAP",0.0106676201044453,4.81958850827832,0.0352579917984161,0.851170296062237,0.970401727505604,0.966405571461609,"gpath_3neocort"
"744","CAMSAP2","Inh ENOX2 SPHKAP",0.0371843673179465,8.17704605817499,3.43481574851737,0.0647189235905977,0.339185680786275,0.307694132538439,"gpath_3neocort"
"745","KIF21B","Inh ENOX2 SPHKAP",-0.0613221914246743,5.21428000085782,1.53187645359406,0.21670187883307,0.57312408910278,0.546589965377739,"gpath_3neocort"
"746","TMEM9","Inh ENOX2 SPHKAP",-0.0999252407944427,5.33255387833673,3.76091045241845,0.0533072941586917,0.314419400676765,0.28001160221969,"gpath_3neocort"
"747","PHLDA3","Inh ENOX2 SPHKAP",0.017310347680639,4.18303294260212,0.0472927491284941,0.827975908951713,0.962118428559343,0.957766781703593,"gpath_3neocort"
"748","NAV1","Inh ENOX2 SPHKAP",0.0209476739861807,8.04945885396282,0.862570592257994,0.353692176992803,0.702478976046485,0.679689695104322,"gpath_3neocort"
"749","IPO9-AS1","Inh ENOX2 SPHKAP",-0.127393216000895,4.51303260135403,2.1273268031027,0.145634222192017,0.485015750925399,0.454112222433815,"gpath_3neocort"
"750","IPO9","Inh ENOX2 SPHKAP",-0.0267982877958812,6.6202587314789,0.848688870483592,0.357589578624759,0.704883377262009,0.682931028928187,"gpath_3neocort"
"751","TIMM17A","Inh ENOX2 SPHKAP",-0.0830142598100552,4.41497582764255,1.24954054148046,0.264445005677256,0.623312478613645,0.598088901567714,"gpath_3neocort"
"752","RNPEP","Inh ENOX2 SPHKAP",-0.130901041406884,4.81126851035928,5.03965375041795,0.0254285668353283,0.229942570647406,0.193150205728507,"gpath_3neocort"
"753","ARL8A","Inh ENOX2 SPHKAP",0.0314293922649675,5.36573065916991,0.431785908783329,0.511567233483641,0.808314871808687,0.795113323410289,"gpath_3neocort"
"754","PPP1R12B","Inh ENOX2 SPHKAP",0.0218846793130178,8.09433441863086,1.07121453375778,0.470715715854367,0.780957264084683,0.767521701374966,"gpath_3neocort"
"755","KDM5B","Inh ENOX2 SPHKAP",-0.0134590939919554,6.52080102003225,0.176261254356532,0.931953422823138,0.992648122966936,0.989376384567348,"gpath_3neocort"
"756","KLHL12","Inh ENOX2 SPHKAP",-0.103175504708843,4.84588442925333,3.61835061103089,0.0619569212756091,0.333377658517598,0.301443992427231,"gpath_3neocort"
"757","ADIPOR1","Inh ENOX2 SPHKAP",0.024276644285039,4.78893490164117,0.176218689298008,0.674913537879974,0.894792301984542,0.889292520656579,"gpath_3neocort"
"758","CYB5R1","Inh ENOX2 SPHKAP",-0.0948925725966622,4.302119398449,1.47973153427465,0.224676932905375,0.582850395633996,0.555725907900956,"gpath_3neocort"
"759","TMEM183A","Inh ENOX2 SPHKAP",-0.13111080409122,4.27380808077972,2.94232322677862,0.087215570094271,0.389650787368076,0.356134343913003,"gpath_3neocort"
"760","PPFIA4","Inh ENOX2 SPHKAP",0.0540764390910491,6.13063528721812,2.08171173851932,0.15001166337982,0.491068244107327,0.460277805042062,"gpath_3neocort"
"761","ATP2B4","Inh ENOX2 SPHKAP",0.0139311050886082,5.73192472855155,0.0598208717048389,0.806929727865312,0.953279350958682,0.949483927653808,"gpath_3neocort"
"762","SNRPE","Inh ENOX2 SPHKAP",0.0506460654458631,4.01832322285187,0.360789916424442,0.548475925315498,0.83116379718679,0.818334315386711,"gpath_3neocort"
"763","PLEKHA6","Inh ENOX2 SPHKAP",0.0444769015125734,7.6359348946362,3.00169950709736,0.0841019017852396,0.383958893382402,0.349658881679229,"gpath_3neocort"
"764","PIK3C2B","Inh ENOX2 SPHKAP",-0.0235321130567386,5.58560088175522,0.316439540961933,0.574133249537907,0.84549412279749,0.833661290542198,"gpath_3neocort"
"765","MDM4","Inh ENOX2 SPHKAP",3.53583151749249e-05,6.3149959949331,2.82690265165156e-09,0.999957609370886,0.999957609370886,0.999996566108268,"gpath_3neocort"
"766","LRRN2","Inh ENOX2 SPHKAP",-0.0265300080043453,7.51992148856727,0.622000440055623,0.430865262717062,0.753903852081274,0.73940164985141,"gpath_3neocort"
"767","NFASC","Inh ENOX2 SPHKAP",-0.0485545660966724,8.65344012401105,5.474347966531,0.0198872023381154,0.204284363257983,0.170830840628451,"gpath_3neocort"
"768","CNTN2","Inh ENOX2 SPHKAP",0.0281380096534228,5.26856454296914,0.361149401514131,0.5482768791265,0.831139249461779,0.818198584362542,"gpath_3neocort"
"769","RBBP5","Inh ENOX2 SPHKAP",-0.0112807684744222,4.68329696436003,0.0391551764834642,0.979741195419505,0.997825265393623,0.997888191785471,"gpath_3neocort"
"770","DSTYK","Inh ENOX2 SPHKAP",-0.00962600342213689,6.13056207692311,0.0696300479503645,0.792039203353774,0.9491604433004,0.943401883777258,"gpath_3neocort"
"771","TMCC2","Inh ENOX2 SPHKAP",0.0934093991586004,4.46322101455926,1.90221281244241,0.168755227179824,0.518440590239748,0.486666031263402,"gpath_3neocort"
"772","KLHDC8A","Inh ENOX2 SPHKAP",-0.0585756420883437,4.58698934345132,0.808059062935225,0.369343407042526,0.714474790977377,0.693225111228691,"gpath_3neocort"
"773","CDK18","Inh ENOX2 SPHKAP",-0.101263178416078,4.71882195600699,2.07381462478593,0.150784568197537,0.492249167049964,0.461396277490007,"gpath_3neocort"
"774","MFSD4A","Inh ENOX2 SPHKAP",0.0074218120194961,5.07094570247426,0.0231408903697617,0.955373956447132,0.995337913222174,0.993997755838078,"gpath_3neocort"
"775","ELK4","Inh ENOX2 SPHKAP",-0.0188872681633297,4.47183966918747,0.0746905843846326,0.784795057428332,0.946213564168876,0.940242301792803,"gpath_3neocort"
"776","NUCKS1","Inh ENOX2 SPHKAP",0.0220295452986903,7.71029395683428,0.632720113192964,0.426925193231584,0.750974987660615,0.736533341469749,"gpath_3neocort"
"777","SLC41A1","Inh ENOX2 SPHKAP",-0.00393775271047152,4.03310580622757,0.00198013146393741,0.964533550776084,0.995700592042286,0.995601447022142,"gpath_3neocort"
"778","SRGAP2","Inh ENOX2 SPHKAP",-0.0188194060495573,7.27153838532047,0.580025193624539,0.571389574473446,0.84494934070392,0.83191498503814,"gpath_3neocort"
"779","RASSF5","Inh ENOX2 SPHKAP",0.0173699480946691,5.17002621370751,0.133680374529908,0.913337050399619,0.988120897321575,0.984814831346907,"gpath_3neocort"
"780","EIF2D","Inh ENOX2 SPHKAP",-0.0693845471455491,4.61845715115508,1.4836246960981,0.224069472671204,0.582640460580023,0.555045833470666,"gpath_3neocort"
"781","MAPKAPK2","Inh ENOX2 SPHKAP",-0.0259516594022459,4.08243834710931,0.106439055568722,0.744439896645596,0.929084265444896,0.922441377510515,"gpath_3neocort"
"782","AL596218.1","Inh ENOX2 SPHKAP",-0.168049840022834,3.55605576813152,1.83164151261114,0.176850566933299,0.527141359288787,0.497657110623039,"gpath_3neocort"
"783","CD55","Inh ENOX2 SPHKAP",0.0962812581227134,5.41473215789381,3.75697952956347,0.0534312976573289,0.314457297970349,0.280373162536731,"gpath_3neocort"
"784","CD46","Inh ENOX2 SPHKAP",-0.0661633922038541,6.26480199877755,3.75290464451782,0.0535601665997607,0.314457297970349,0.280676403926555,"gpath_3neocort"
"785","MIR29B2CHG","Inh ENOX2 SPHKAP",0.01739214249665,7.21194484105428,0.241765606809448,0.623257327647938,0.871821402008105,0.861553808285016,"gpath_3neocort"
"786","PLXNA2","Inh ENOX2 SPHKAP",0.0537914758709266,6.59839691047266,1.77327141809125,0.183887349702769,0.536158918046073,0.50696262352266,"gpath_3neocort"
"787","CAMK1G","Inh ENOX2 SPHKAP",-0.0320184106456422,4.7431335615156,0.224831347998884,0.635693433069935,0.877252323786555,0.868280136309259,"gpath_3neocort"
"788","AL031316.1","Inh ENOX2 SPHKAP",-0.122306093566899,4.6047757159058,2.85369833233003,0.0920988023816743,0.398802733538941,0.365274517102296,"gpath_3neocort"
"789","SYT14","Inh ENOX2 SPHKAP",0.0270380975595503,8.00926844171602,1.37662073400755,0.241515056720616,0.601020356464349,0.574186420814413,"gpath_3neocort"
"790","KCNH1","Inh ENOX2 SPHKAP",0.0309719975663551,6.2341251091199,0.427240794230918,0.513796468357985,0.809351298906063,0.796715060157636,"gpath_3neocort"
"791","RCOR3","Inh ENOX2 SPHKAP",0.0184331585711505,6.69116429059912,0.340142891220754,0.657753367468165,0.886317117013643,0.880285194922381,"gpath_3neocort"
"792","LPGAT1","Inh ENOX2 SPHKAP",-0.0149665725405604,6.35637795763206,0.193409983271097,0.660378457606025,0.886412322509415,0.881551191301497,"gpath_3neocort"
"793","INTS7","Inh ENOX2 SPHKAP",0.0216763855820131,4.71218175638132,0.104016731787124,0.747263762473622,0.930037313045212,0.923779737227049,"gpath_3neocort"
"794","PPP2R5A","Inh ENOX2 SPHKAP",-0.0410850955333435,4.70867166853749,0.457626397828813,0.509217141115413,0.806083833223126,0.793361434322291,"gpath_3neocort"
"795","NENF","Inh ENOX2 SPHKAP",-0.085298562777492,4.76716872915551,1.70950509794476,0.1919504288182,0.54568240803677,0.517047975294844,"gpath_3neocort"
"796","NSL1","Inh ENOX2 SPHKAP",-0.0118177460424648,6.28733227160617,0.139582433487066,0.708933917711462,0.912932886891591,0.905807105799834,"gpath_3neocort"
"797","TATDN3","Inh ENOX2 SPHKAP",-0.102110005143194,5.72222436036971,4.77228186849118,0.0296174521113444,0.2467192033022,0.208612186555351,"gpath_3neocort"
"798","FLVCR1","Inh ENOX2 SPHKAP",-0.102665552606824,5.48002156025131,5.54997635348192,0.0190594121342228,0.199711473784883,0.167259798956444,"gpath_3neocort"
"799","ANGEL2","Inh ENOX2 SPHKAP",0.0639948914592645,5.23657833535191,1.90495115586973,0.178408202858948,0.52976827929684,0.499612209373299,"gpath_3neocort"
"800","RPS6KC1","Inh ENOX2 SPHKAP",0.0235408674223317,7.22404692409692,0.86977221673666,0.351693196799032,0.700365715834146,0.677983336865834,"gpath_3neocort"
"801","SMYD2","Inh ENOX2 SPHKAP",0.0514962900495076,5.75071954817115,1.4179283889589,0.234591706022207,0.594679149493799,0.566883660993325,"gpath_3neocort"
"802","KCNK2","Inh ENOX2 SPHKAP",0.035046979319815,6.44369901256175,0.935682914026068,0.33409165547347,0.684720597148085,0.662940368443749,"gpath_3neocort"
"803","KCTD3","Inh ENOX2 SPHKAP",0.0533329662031497,6.22300327292537,2.55760482729443,0.110711873096569,0.428502472263271,0.398566663224271,"gpath_3neocort"
"804","USH2A","Inh ENOX2 SPHKAP",0.0661866936186705,3.92913952650703,0.402705312633898,0.526130587188991,0.816487594907792,0.804538074153973,"gpath_3neocort"
"805","ESRRG","Inh ENOX2 SPHKAP",-0.11529778972003,8.0289386498658,4.35259292167086,0.0377122066304459,0.273240750980963,0.235628605902368,"gpath_3neocort"
"806","GPATCH2","Inh ENOX2 SPHKAP",-0.0319085418767417,5.76750965270825,0.371083021696867,0.542829349723172,0.828537963574334,0.815330251913276,"gpath_3neocort"
"807","RRP15","Inh ENOX2 SPHKAP",-0.0248903107824012,5.11778755729833,0.24573579344065,0.65911046947015,0.886317117013643,0.880955160179696,"gpath_3neocort"
"808","TGFB2","Inh ENOX2 SPHKAP",-0.212479309128641,4.42172980693976,4.91039872721744,0.0273703404526603,0.237551136655977,0.20024151500649,"gpath_3neocort"
"809","LYPLAL1","Inh ENOX2 SPHKAP",-0.0658424951553288,5.718800750071,2.39800453617484,0.148924905914922,0.489396794467755,0.458527852353209,"gpath_3neocort"
"810","ZC3H11B","Inh ENOX2 SPHKAP",0.312110102279595,3.67918680242172,10.1372445588067,0.00159001676435289,0.0658875883032699,0.043468166691178,"gpath_3neocort"
"811","SLC30A10","Inh ENOX2 SPHKAP",0.0649841829394032,4.78409824908104,0.974097928351105,0.324375937900821,0.67524003490342,0.654330391890786,"gpath_3neocort"
"812","EPRS","Inh ENOX2 SPHKAP",0.0216812715959178,6.13977536148796,0.433328821387403,0.510814303038371,0.80770894481556,0.79454683930484,"gpath_3neocort"
"813","IARS2","Inh ENOX2 SPHKAP",-0.0207337166989073,5.10155651734885,0.153328675710565,0.69562456461697,0.906167192307011,0.899102946560408,"gpath_3neocort"
"814","RAB3GAP2","Inh ENOX2 SPHKAP",0.0202076342563297,6.93187019094267,0.592287158812527,0.442080907040413,0.76221385849142,0.747538867193019,"gpath_3neocort"
"815","MARK1","Inh ENOX2 SPHKAP",0.0229932083799908,7.74724192899844,0.689708283572965,0.406857871445325,0.737250084133714,0.721120353119385,"gpath_3neocort"
"816","MARC1","Inh ENOX2 SPHKAP",-0.092283728700306,4.74512507816169,2.22134717594647,0.137059598646907,0.47264491535137,0.441280473966645,"gpath_3neocort"
"817","DUSP10","Inh ENOX2 SPHKAP",-0.0344419607245435,5.76214870616331,0.461105052196989,0.497579049888358,0.799330939234136,0.785649097928761,"gpath_3neocort"
"818","AL356108.1","Inh ENOX2 SPHKAP",0.0738260049549812,4.06990614111142,0.529621960519091,0.46727655733281,0.778501131789034,0.765114107958681,"gpath_3neocort"
"819","MIA3","Inh ENOX2 SPHKAP",-0.0100244858379889,6.48987799199512,0.0767723732863319,0.781891694173195,0.945141673021174,0.939008648029255,"gpath_3neocort"
"820","AIDA","Inh ENOX2 SPHKAP",-0.023317207878778,4.59952583616722,0.146058049832731,0.902407664957589,0.985604064755159,0.981962286699235,"gpath_3neocort"
"821","BROX","Inh ENOX2 SPHKAP",-0.0223424408922366,4.80052946289459,0.161789293309794,0.920532455096041,0.990636355721171,0.98665459821073,"gpath_3neocort"
"822","AC093152.1","Inh ENOX2 SPHKAP",-0.0204225544918009,4.21566320548117,0.0662928636914359,0.796971704158149,0.951589262927969,0.945645281687272,"gpath_3neocort"
"823","SUSD4","Inh ENOX2 SPHKAP",-0.000201019276028823,6.64199893913798,3.09317146417674e-05,0.99556581113136,0.99916057852693,0.999439488236285,"gpath_3neocort"
"824","CAPN2","Inh ENOX2 SPHKAP",-0.041173709737987,5.24650257406979,0.720022003137069,0.396745448473162,0.73214083328248,0.713879002334794,"gpath_3neocort"
"825","FBXO28","Inh ENOX2 SPHKAP",0.00671473940880008,6.35362984052917,0.0485507364813485,0.825739415971975,0.961952094667183,0.956921051581454,"gpath_3neocort"
"826","DEGS1","Inh ENOX2 SPHKAP",0.0414489210103892,4.62864567521611,0.400180273456258,0.527429740469211,0.817721829754685,0.805449304456984,"gpath_3neocort"
"827","NVL","Inh ENOX2 SPHKAP",0.0913992439173479,5.86638366924261,5.35708508658686,0.0212453559911312,0.212192078606805,0.176523252236255,"gpath_3neocort"
"828","CNIH4","Inh ENOX2 SPHKAP",-0.0550984772751599,4.57054337078341,0.850985890073197,0.356940610176988,0.704762299656024,0.682372218511728,"gpath_3neocort"
"829","WDR26","Inh ENOX2 SPHKAP",0.062773752243644,6.2019692439057,3.76116140664439,0.0532993880509299,0.314419400676765,0.279998731391985,"gpath_3neocort"
"830","CNIH3","Inh ENOX2 SPHKAP",-0.100032357997747,6.10832631702668,5.89946441964656,0.0156735594850138,0.182134990769766,0.1512149940486,"gpath_3neocort"
"831","DNAH14","Inh ENOX2 SPHKAP",0.0340963464053053,5.60282209090205,0.315377430386489,0.574776236104308,0.8458508850068,0.834040592336297,"gpath_3neocort"
"832","LBR","Inh ENOX2 SPHKAP",0.0243391844689413,4.58222395191927,0.146462947475704,0.702182514610695,0.908926402669008,0.902334685609599,"gpath_3neocort"
"833","ENAH","Inh ENOX2 SPHKAP",-0.0087910561848486,7.37055875769277,0.131564393239181,0.819161917826378,0.958326597322361,0.954279932023063,"gpath_3neocort"
"834","SRP9","Inh ENOX2 SPHKAP",0.0405367019198661,5.65790415694645,0.708153431705327,0.400660634113052,0.734067422065013,0.716720552286764,"gpath_3neocort"
"835","ACBD3","Inh ENOX2 SPHKAP",-0.068094906993725,5.6592537084031,2.92434675883062,0.0881827980738438,0.390798959620442,0.35779383728991,"gpath_3neocort"
"836","LIN9","Inh ENOX2 SPHKAP",-0.0454615020877132,4.42240968575893,0.365915713682978,0.545650456822224,0.830389902379284,0.816901637345067,"gpath_3neocort"
"837","PARP1","Inh ENOX2 SPHKAP",-0.042870794578647,5.67218400478435,1.09434822783994,0.296267547348901,0.65374367984637,0.628711376704476,"gpath_3neocort"
"838","STUM","Inh ENOX2 SPHKAP",-0.0327523321540271,4.74597696754529,0.194513417832553,0.65947222173442,0.886317117013643,0.881170139481594,"gpath_3neocort"
"839","COQ8A","Inh ENOX2 SPHKAP",-0.0448080746034446,5.55032437146634,1.23968270027098,0.266334221030587,0.625399889994806,0.600027733448398,"gpath_3neocort"
"840","CDC42BPA","Inh ENOX2 SPHKAP",0.0141884030790344,9.25571420096208,0.632241608294558,0.427099905842444,0.750996699397502,0.736697029116076,"gpath_3neocort"
"841","ZNF678","Inh ENOX2 SPHKAP",0.051387152723878,4.77863791292334,0.81753298743092,0.366555254747933,0.711865305342764,0.690925565541737,"gpath_3neocort"
"842","SNAP47","Inh ENOX2 SPHKAP",-0.0955691794148717,5.11849711462928,3.53584358991147,0.0967601714898311,0.406742961065692,0.373797990149004,"gpath_3neocort"
"843","ARF1","Inh ENOX2 SPHKAP",-0.000420698326919861,6.44796392946752,9.5906071586982e-05,0.992192166852364,0.998951897108485,0.99909549392864,"gpath_3neocort"
"844","C1orf35","Inh ENOX2 SPHKAP",-0.0503990232579827,4.5621159887173,0.558275194271135,0.455482598653028,0.771491069800882,0.757136167666164,"gpath_3neocort"
"845","MRPL55","Inh ENOX2 SPHKAP",-0.293190669483694,4.12608686430295,9.83168192786454,0.00186788725210593,0.0707762103541149,0.0475433418796434,"gpath_3neocort"
"846","GUK1","Inh ENOX2 SPHKAP",-0.0262048202111348,5.27364783930386,0.181637296606417,0.670244931612933,0.892254975262713,0.886625442607663,"gpath_3neocort"
"847","OBSCN","Inh ENOX2 SPHKAP",0.0333211940007417,4.53663620509355,0.248112685765582,0.618735518396488,0.868316252795072,0.859169876093025,"gpath_3neocort"
"848","RNF187","Inh ENOX2 SPHKAP",-0.0274425761045405,5.27548841279157,0.178907223246621,0.672586707935768,0.893418273343134,0.887949108436263,"gpath_3neocort"
"849","RAB4A","Inh ENOX2 SPHKAP",-0.0130891692168082,4.82785130228258,0.057486667793225,0.810660717593119,0.954675785212455,0.950938086177087,"gpath_3neocort"
"850","CCSAP","Inh ENOX2 SPHKAP",0.122150493373351,5.85666978936405,10.2547624588659,0.00149470445152213,0.064120845589967,0.0418916158903548,"gpath_3neocort"
"851","NUP133","Inh ENOX2 SPHKAP",-0.0999344312041459,5.81743445942638,5.81685763816071,0.0164130675273961,0.185633509386508,0.154773335962574,"gpath_3neocort"
"852","ABCB10","Inh ENOX2 SPHKAP",-0.137019844738677,5.34813333925838,8.71245873833556,0.00338438149862001,0.0933629094435174,0.0664411315130771,"gpath_3neocort"
"853","TAF5L","Inh ENOX2 SPHKAP",0.0429300847305906,4.42276341443851,0.37445255725754,0.541004219662448,0.827698207552698,0.81415245874698,"gpath_3neocort"
"854","GALNT2","Inh ENOX2 SPHKAP",-0.0258936432402781,6.31862287788976,0.430556990610663,0.512168316878945,0.808608150091954,0.795497457031306,"gpath_3neocort"
"855","PGBD5","Inh ENOX2 SPHKAP",0.0346306748179387,6.84408383809525,1.13604151389278,0.287261511369079,0.644167487550328,0.620167955848989,"gpath_3neocort"
"856","COG2","Inh ENOX2 SPHKAP",-0.0636799858160586,4.58817181589573,1.0346301197287,0.315607866159986,0.668340060481653,0.646265184752079,"gpath_3neocort"
"857","TTC13","Inh ENOX2 SPHKAP",-0.026804274526922,6.33780985970339,0.555195031948805,0.456727627462205,0.772289388908063,0.758002422062914,"gpath_3neocort"
"858","ARV1","Inh ENOX2 SPHKAP",-0.00555952315629107,4.86746216384843,0.00986264331416115,0.92095115031643,0.990636355721171,0.986710559943647,"gpath_3neocort"
"859","FAM89A","Inh ENOX2 SPHKAP",-0.0417170341980093,6.2165453957065,0.995518510285459,0.319120862110639,0.671228787249916,0.649641179833722,"gpath_3neocort"
"860","TRIM67","Inh ENOX2 SPHKAP",-0.105661546644913,6.23027564083011,3.88987863966988,0.0494039597126612,0.304683825004366,0.269773383601977,"gpath_3neocort"
"861","C1orf131","Inh ENOX2 SPHKAP",0.0523914102753699,4.51886766776144,0.697141349458883,0.404343756034486,0.735897276131914,0.71933229504212,"gpath_3neocort"
"862","GNPAT","Inh ENOX2 SPHKAP",0.00718481930636109,5.17205718411425,0.0230068905807204,0.879530887072944,0.978345111313283,0.97531330671824,"gpath_3neocort"
"863","EGLN1","Inh ENOX2 SPHKAP",0.0808969776092302,5.97555898530544,5.19261199449908,0.0233149823666217,0.220428444938021,0.184728297407708,"gpath_3neocort"
"864","DISC1","Inh ENOX2 SPHKAP",0.202176842021558,3.80791986497685,3.08401949189307,0.0799829688008291,0.375904512636329,0.34095882454927,"gpath_3neocort"
"865","SIPA1L2","Inh ENOX2 SPHKAP",0.0445667105844868,6.5270854267703,1.37222473837919,0.242266419977534,0.601287119302422,0.574994504010219,"gpath_3neocort"
"866","NTPCR","Inh ENOX2 SPHKAP",0.0153447637776585,5.02150711428713,0.0856150022697533,0.835175127710812,0.964235870076255,0.960603799888578,"gpath_3neocort"
"867","PCNX2","Inh ENOX2 SPHKAP",0.0134453599597865,8.55418601502753,0.377056313850829,0.539601596715745,0.826331239002661,0.813204998391259,"gpath_3neocort"
"868","MAP3K21","Inh ENOX2 SPHKAP",-0.0111960325077442,5.91917300641257,0.0831412606568536,0.773263918904003,0.941844157884576,0.935244560857558,"gpath_3neocort"
"869","KCNK1","Inh ENOX2 SPHKAP",-0.0680491650537866,4.83390513302032,0.94444570275124,0.331841597226736,0.683042374507283,0.661065252756614,"gpath_3neocort"
"870","SLC35F3","Inh ENOX2 SPHKAP",-0.0520489282530424,7.45227257500175,2.89790212097122,0.0896269451565056,0.393857036071323,0.360586499627684,"gpath_3neocort"
"871","AL355472.3","Inh ENOX2 SPHKAP",0.0193111997457315,4.85935564500472,0.103811029281993,0.747505229889993,0.930037313045212,0.92384504193226,"gpath_3neocort"
"872","COA6","Inh ENOX2 SPHKAP",-0.114129863448024,4.34293215251931,2.15572478299879,0.142982121372549,0.481403642391608,0.45033024963176,"gpath_3neocort"
"873","TARBP1","Inh ENOX2 SPHKAP",-0.0760922482283951,7.72705324943006,3.69918646571553,0.0552902940155824,0.317837593343413,0.285352754458127,"gpath_3neocort"
"874","IRF2BP2","Inh ENOX2 SPHKAP",0.0966944715946797,5.46660802816153,4.05515328981925,0.0448396966848023,0.290711695284024,0.256871080114564,"gpath_3neocort"
"875","TOMM20","Inh ENOX2 SPHKAP",0.0282068303978032,6.93232844596704,0.527108516343307,0.468334350939368,0.779330128066912,0.76586074359917,"gpath_3neocort"
"876","ARID4B","Inh ENOX2 SPHKAP",0.000256520448507389,8.04554079879847,0.000144609665848843,0.990412561340698,0.998951897108485,0.998791122003379,"gpath_3neocort"
"877","TBCE","Inh ENOX2 SPHKAP",-0.00733928122796671,4.90438242226385,0.012211561643526,0.912074627138775,0.98778742870664,0.984498878871514,"gpath_3neocort"
"878","B3GALNT2","Inh ENOX2 SPHKAP",-0.0385692646163064,6.068327456784,1.00585840667589,0.316624359384579,0.669116321980692,0.647178389037802,"gpath_3neocort"
"879","GNG4","Inh ENOX2 SPHKAP",0.00535853473181416,6.7663009535462,0.0165785742789141,0.89762691744416,0.9844887428813,0.980749042885814,"gpath_3neocort"
"880","LYST","Inh ENOX2 SPHKAP",0.0246807572363761,7.52141214450979,0.97260740536721,0.3247458530788,0.675487442604072,0.654633813039771,"gpath_3neocort"
"881","GPR137B","Inh ENOX2 SPHKAP",0.0236526447992949,5.17207518838231,0.204846718236341,0.651131169728175,0.883719177983779,0.876596736519436,"gpath_3neocort"
"882","ERO1B","Inh ENOX2 SPHKAP",0.0456355644743989,6.78478114296957,1.89020859314595,0.170101568007787,0.51971205280905,0.488552758520158,"gpath_3neocort"
"883","LGALS8","Inh ENOX2 SPHKAP",0.0300521805384749,5.72535282352482,0.606792437881742,0.436550564971382,0.758584963925395,0.743282495174767,"gpath_3neocort"
"884","HEATR1","Inh ENOX2 SPHKAP",-0.0256039793186474,5.21859485004303,0.28974957597732,0.590740193165252,0.852390391727358,0.843389942404893,"gpath_3neocort"
"885","ACTN2","Inh ENOX2 SPHKAP",0.0721015128457198,4.04566892862638,0.788998947078229,0.375043312424914,0.717631135657407,0.697570025681118,"gpath_3neocort"
"886","MTR","Inh ENOX2 SPHKAP",-0.109988709009352,6.85298041413411,10.5124367633871,0.00130555749978708,0.06076454582574,0.0386843829791859,"gpath_3neocort"
"887","RYR2","Inh ENOX2 SPHKAP",0.0431289598957762,10.5739183582444,4.33294179394907,0.0381440734998094,0.273876430580498,0.236983448575126,"gpath_3neocort"
"888","CHRM3","Inh ENOX2 SPHKAP",0.0414210573644845,9.95871287881083,2.13385950264099,0.145019238376251,0.484126617520716,0.453160452329346,"gpath_3neocort"
"889","CHRM3-AS2","Inh ENOX2 SPHKAP",-0.109491426260071,4.11620836090623,1.09821095994567,0.29541808850571,0.652440840474055,0.627928363979756,"gpath_3neocort"
"890","FMN2","Inh ENOX2 SPHKAP",-0.0172564405851779,8.94026452741906,0.792582947927386,0.373962144818086,0.717216387462269,0.696750648281615,"gpath_3neocort"
"891","GREM2","Inh ENOX2 SPHKAP",0.0337464191953726,4.99489436089482,0.227751576978224,0.63350868844286,0.876293694326217,0.866992510781051,"gpath_3neocort"
"892","RGS7","Inh ENOX2 SPHKAP",0.0256888932260381,9.88565515835326,1.48486635801221,0.223876148621279,0.582353383724906,0.554874190293038,"gpath_3neocort"
"893","PLD5","Inh ENOX2 SPHKAP",0.0237467274486257,5.20718733605037,0.108285279545801,0.74231142458527,0.928670714506067,0.921429402983233,"gpath_3neocort"
"894","CEP170","Inh ENOX2 SPHKAP",0.0489840444909595,7.60132950621644,5.02853478072948,0.0255898041040642,0.230734733671645,0.193756447491746,"gpath_3neocort"
"895","SDCCAG8","Inh ENOX2 SPHKAP",0.0623260282019459,7.70004220656292,5.46170086117631,0.0200292367732708,0.204663911540515,0.171466712907637,"gpath_3neocort"
"896","AKT3","Inh ENOX2 SPHKAP",0.0291291517441553,9.27812817733534,2.38262259644147,0.123639945712998,0.452463657028628,0.420407263309592,"gpath_3neocort"
"897","ZBTB18","Inh ENOX2 SPHKAP",0.00799257353030625,4.19400602714109,0.0113540162546731,0.915205920600171,0.988757254633671,0.98529854259902,"gpath_3neocort"
"898","AL645465.1","Inh ENOX2 SPHKAP",0.041950856157558,4.54778389364799,0.35281302989775,0.552927810462796,0.834910883924931,0.8212571743057,"gpath_3neocort"
"899","ADSS","Inh ENOX2 SPHKAP",0.00398108229576286,5.28372842427849,0.0061096800754207,0.937744131768333,0.993518947956843,0.990604652952932,"gpath_3neocort"
"900","CATSPERE","Inh ENOX2 SPHKAP",-0.027026030375204,4.79660917120473,0.160689355850499,0.688779382234278,0.902423652949259,0.895990580348882,"gpath_3neocort"
"901","DESI2","Inh ENOX2 SPHKAP",-0.0275560537187442,5.33480623739908,0.361923306624695,0.547848826828454,0.830730594153766,0.817997580805701,"gpath_3neocort"
"902","COX20","Inh ENOX2 SPHKAP",-0.00758437114163404,4.90363575381787,0.0169370756202645,0.89653214730165,0.984043062491373,0.98046610768923,"gpath_3neocort"
"903","HNRNPU","Inh ENOX2 SPHKAP",0.0848708483488072,7.40833631778329,9.86408261681141,0.00183621470404195,0.070449373222505,0.0471278553490752,"gpath_3neocort"
"904","EFCAB2","Inh ENOX2 SPHKAP",0.069833711155175,7.14111541617612,3.85417923060738,0.0504530743768625,0.307454341853496,0.272429550505515,"gpath_3neocort"
"905","KIF26B","Inh ENOX2 SPHKAP",0.0730034540262798,9.65446251978589,7.44020300507143,0.00671597803419562,0.124748178618395,0.0971129470877876,"gpath_3neocort"
"906","KIF26B-AS1","Inh ENOX2 SPHKAP",0.00081050900662358,4.06319895011144,4.03016272148027e-05,0.994938575063504,0.99916057852693,0.999423300214828,"gpath_3neocort"
"907","SMYD3","Inh ENOX2 SPHKAP",0.0501038780846446,10.675226460713,5.22982758629891,0.0228289880180879,0.217310542834937,0.182985622741556,"gpath_3neocort"
"908","TFB2M","Inh ENOX2 SPHKAP",-0.025595895115704,4.03815738523228,0.0934294029236049,0.760052569900737,0.935051840478786,0.929286887321761,"gpath_3neocort"
"909","CNST","Inh ENOX2 SPHKAP",0.0158763127405198,6.44419222348979,0.245244041279819,0.620770176784245,0.870168415362743,0.860370291925899,"gpath_3neocort"
"910","SCCPDH","Inh ENOX2 SPHKAP",-0.0392893671249347,5.06844761956805,0.562739070426761,0.453687732105038,0.76995662865787,0.755806938994225,"gpath_3neocort"
"911","AHCTF1","Inh ENOX2 SPHKAP",0.0959372611262007,6.66101127279473,10.4489015218545,0.00134980542956365,0.06076454582574,0.0394571129495852,"gpath_3neocort"
"912","ZNF124","Inh ENOX2 SPHKAP",-0.0384699519241237,5.14911195840902,0.381824463221656,0.537050242570915,0.824052758098905,0.811779453500821,"gpath_3neocort"
"913","AL390728.6","Inh ENOX2 SPHKAP",0.0613726390586811,4.28163197758486,0.679754763221846,0.410260582279312,0.740247832172678,0.723741263958002,"gpath_3neocort"
"914","ZNF496","Inh ENOX2 SPHKAP",0.0180567020112241,5.21873741759145,0.123895974699986,0.725069166418643,0.920683732244719,0.913117040208588,"gpath_3neocort"
"915","SH3BP5L","Inh ENOX2 SPHKAP",0.0104731365482891,4.10207796482759,0.020962577811658,0.884968424743073,0.979658385812387,0.977001495766831,"gpath_3neocort"
"916","ZNF692","Inh ENOX2 SPHKAP",0.0515037634435434,4.84371370346214,0.774906543393094,0.379337471543568,0.721440002451832,0.700746452705819,"gpath_3neocort"
"917","SH3YL1","Inh ENOX2 SPHKAP",0.0695319028164301,6.17859113670603,3.00843515491842,0.0837563845299766,0.383426044016183,0.349033308146093,"gpath_3neocort"
"918","ACP1","Inh ENOX2 SPHKAP",-0.0526052025119458,4.71888483905171,0.651224918099254,0.420250332842724,0.745156180120621,0.73132261294875,"gpath_3neocort"
"919","MYT1L","Inh ENOX2 SPHKAP",0.0684334044310463,10.5484100417768,8.18832966446664,0.00448230533073741,0.108849599278606,0.0776973449073679,"gpath_3neocort"
"920","LINC01250","Inh ENOX2 SPHKAP",0.0734878706935619,7.16660133076842,3.97563641975397,0.0469771881666801,0.297247471323672,0.262863051799004,"gpath_3neocort"
"921","AC019118.2","Inh ENOX2 SPHKAP",-0.0272888043648158,4.42001765374448,0.129849412415053,0.718816383734272,0.917529682108315,0.909971348780459,"gpath_3neocort"
"922","EIPR1","Inh ENOX2 SPHKAP",-0.00962773297682784,6.29497522512183,0.0856211566850816,0.77000156043713,0.939044144794996,0.933928500028539,"gpath_3neocort"
"923","TRAPPC12","Inh ENOX2 SPHKAP",0.0378530537394595,7.15475939539699,2.03649646779949,0.154498750362281,0.498311661260042,0.466714370289404,"gpath_3neocort"
"924","ADI1","Inh ENOX2 SPHKAP",-0.0545133886803108,4.77876346301131,0.745533108044723,0.388514832114078,0.727649032330622,0.70790135515965,"gpath_3neocort"
"925","RPS7","Inh ENOX2 SPHKAP",-0.0826190380973829,5.51065347359017,1.18157602973619,0.277820541751827,0.63630930385357,0.611242355922672,"gpath_3neocort"
"926","SOX11","Inh ENOX2 SPHKAP",0.149605649647324,4.67174956689629,6.10092365147229,0.0140111810089364,0.173148325717033,0.14254693384548,"gpath_3neocort"
"927","RSAD2","Inh ENOX2 SPHKAP",0.0275378528666025,4.39985592633829,0.136693293730552,0.711825417454367,0.913974275968483,0.906915572276631,"gpath_3neocort"
"928","RNF144A","Inh ENOX2 SPHKAP",0.0713627377863211,6.84954035987169,5.58575060487298,0.0186803936097149,0.198221183270645,0.165647140654693,"gpath_3neocort"
"929","KIDINS220","Inh ENOX2 SPHKAP",0.00556132289525479,7.76914544010514,0.0707127095916317,0.790466238713309,0.948347180002838,0.942697156865172,"gpath_3neocort"
"930","MBOAT2","Inh ENOX2 SPHKAP",0.0266825928495197,7.25135460222804,0.712161818661472,0.399332106356762,0.733272776450324,0.715729205785152,"gpath_3neocort"
"931","ASAP2","Inh ENOX2 SPHKAP",-0.0596620929620909,5.96500871218407,2.46731121062831,0.117185048941863,0.442476931599792,0.409813307052186,"gpath_3neocort"
"932","ITGB1BP1","Inh ENOX2 SPHKAP",-0.0542388016612362,5.96235551352143,2.1550002443921,0.143049103951046,0.481403642391608,0.450419590298698,"gpath_3neocort"
"933","IAH1","Inh ENOX2 SPHKAP",-0.0672276882968849,5.33236208901609,2.1489457646828,0.143610220172703,0.482066985191928,0.451328823143991,"gpath_3neocort"
"934","ADAM17","Inh ENOX2 SPHKAP",0.0712971212932947,6.12599994822835,4.09153761584974,0.0438962011033296,0.286886715667264,0.253973434562528,"gpath_3neocort"
"935","YWHAQ","Inh ENOX2 SPHKAP",-0.0365871110308064,5.97924109389635,0.750260021819057,0.387016755817641,0.726423659542084,0.706843798263691,"gpath_3neocort"
"936","TAF1B","Inh ENOX2 SPHKAP",0.0167546931606505,5.38209783363246,0.122680351591494,0.72636657605083,0.921130058286624,0.913724980954907,"gpath_3neocort"
"937","HPCAL1","Inh ENOX2 SPHKAP",-0.077017497563111,4.04805422486394,0.815917792260204,0.367028523090781,0.712141577867651,0.691405488626025,"gpath_3neocort"
"938","NOL10","Inh ENOX2 SPHKAP",-0.0028607593308931,6.35551864514353,0.00892336574403774,0.924797662096703,0.991159986077228,0.987712852585087,"gpath_3neocort"
"939","PDIA6","Inh ENOX2 SPHKAP",0.0992610879774059,5.64621307716619,6.00506899310777,0.0147781184512716,0.177498987375712,0.146621615138562,"gpath_3neocort"
"940","KCNF1","Inh ENOX2 SPHKAP",-0.0431729172995947,4.92276791494324,0.466351265767045,0.495144761951057,0.79737385346112,0.78406917580828,"gpath_3neocort"
"941","ROCK2","Inh ENOX2 SPHKAP",0.0693730837729705,7.1436868562125,6.59115096406857,0.010684287444469,0.15289390571495,0.123943164602545,"gpath_3neocort"
"942","E2F6","Inh ENOX2 SPHKAP",0.0377511033667276,4.60851980493966,0.39450739927287,0.752007121056784,0.93180370846812,0.925764746813404,"gpath_3neocort"
"943","GREB1","Inh ENOX2 SPHKAP",-0.033407682020383,7.08334509060161,1.19077666842705,0.275960851311734,0.635281253780055,0.609464748395652,"gpath_3neocort"
"944","LPIN1","Inh ENOX2 SPHKAP",0.0250921864873353,6.76819293036029,0.890580021617862,0.707264807909507,0.911386092288313,0.905048005043937,"gpath_3neocort"
"945","LINC00276","Inh ENOX2 SPHKAP",-0.108630849785011,5.60783492357512,2.28439867788328,0.131627921885484,0.462574053886986,0.432846697273884,"gpath_3neocort"
"946","FAM84A","Inh ENOX2 SPHKAP",0.0464260090195646,5.5854330803294,0.840956368465015,0.359786200898445,0.706241008870197,0.684645476691382,"gpath_3neocort"
"947","NBAS","Inh ENOX2 SPHKAP",-0.0220832819464729,7.96231373134888,0.809458527357085,0.368929689724341,0.71397255729273,0.692929946672467,"gpath_3neocort"
"948","DDX1","Inh ENOX2 SPHKAP",-0.0155814782991937,5.99241543918717,0.160552909573845,0.688904601219635,0.902423652949259,0.896025434394387,"gpath_3neocort"
"949","FAM49A","Inh ENOX2 SPHKAP",0.0239871993938657,7.30729138580091,0.912170476295131,0.340231091914956,0.690334380306021,0.668064458641713,"gpath_3neocort"
"950","VSNL1","Inh ENOX2 SPHKAP",-0.00496494655510235,8.51914668976925,0.0309630272402343,0.86042971850521,0.971842687824892,0.969342670599717,"gpath_3neocort"
"951","SMC6","Inh ENOX2 SPHKAP",0.0259025371130139,6.33728659087142,0.61758540259838,0.432504085267353,0.755091897933245,0.740394801144054,"gpath_3neocort"
"952","GEN1","Inh ENOX2 SPHKAP",0.15942759337807,4.23848224210788,4.30948342708614,0.0386664410958808,0.275244008327256,0.238520440518521,"gpath_3neocort"
"953","KCNS3","Inh ENOX2 SPHKAP",-0.171055201553175,3.40041587387718,1.41983471735014,0.234278063780378,0.594679149493799,0.566589145542089,"gpath_3neocort"
"954","LINC01376","Inh ENOX2 SPHKAP",-0.216523447044047,4.60563231082453,6.52513214963246,0.011080018672728,0.155920840802059,0.126062546120776,"gpath_3neocort"
"955","TTC32","Inh ENOX2 SPHKAP",0.0984170221624448,4.23368769818011,1.68881345177727,0.194655222188077,0.548005942083692,0.520634637740657,"gpath_3neocort"
"956","WDR35","Inh ENOX2 SPHKAP",0.114601640243492,4.99124521012862,3.99564891659439,0.0464292647952697,0.295701883960979,0.261457273952588,"gpath_3neocort"
"957","PUM2","Inh ENOX2 SPHKAP",0.042178227734876,7.54176444055449,3.61969102545704,0.0579607864159274,0.324799719294732,0.292263541077359,"gpath_3neocort"
"958","RHOB","Inh ENOX2 SPHKAP",-0.0120090900463396,5.32785128418146,0.041866186550703,0.83799989927185,0.965093431281176,0.961571326154634,"gpath_3neocort"
"959","HS1BP3","Inh ENOX2 SPHKAP",-0.101615551329405,5.13327324467046,2.93100870261252,0.0878229961287522,0.3901552629114,0.357189221177072,"gpath_3neocort"
"960","GDF7","Inh ENOX2 SPHKAP",0.0361506430623345,4.37649900317385,0.234882877649315,0.628244865786659,0.87435858199262,0.864304718179125,"gpath_3neocort"
"961","LDAH","Inh ENOX2 SPHKAP",-0.0364489301825832,6.80579336024077,1.28103881457675,0.258519306747418,0.617478785652773,0.592204998234105,"gpath_3neocort"
"962","AC018742.1","Inh ENOX2 SPHKAP",0.413519002923727,4.41563693195732,14.6746949981656,0.000152628566037588,0.0208661405573325,0.0110414328201338,"gpath_3neocort"
"963","LINC01830","Inh ENOX2 SPHKAP",-0.0317997995863733,3.74081875395217,0.0525560871524412,0.818814279664553,0.958326597322361,0.954157295476081,"gpath_3neocort"
"964","KLHL29","Inh ENOX2 SPHKAP",0.0969786321965856,7.44093254705536,8.3601130197451,0.00408716438022167,0.102911267261934,0.0737461120981647,"gpath_3neocort"
"965","ATAD2B","Inh ENOX2 SPHKAP",-0.0550913135117331,6.35381999655174,2.66908977686966,0.103258351111408,0.416423470209642,0.385668768951223,"gpath_3neocort"
"966","UBXN2A","Inh ENOX2 SPHKAP",-0.0464792293276044,6.15463591677309,1.56656887356483,0.403823072279325,0.735897276131914,0.719064680726595,"gpath_3neocort"
"967","SF3B6","Inh ENOX2 SPHKAP",0.0340198252413428,4.47934937241839,0.227899542892732,0.63339844778742,0.876265674748388,0.866921201994383,"gpath_3neocort"
"968","FAM228B","Inh ENOX2 SPHKAP",0.0145451924635908,6.4897324568021,0.152033149821333,0.696848879658696,0.906665989070995,0.899642418809902,"gpath_3neocort"
"969","ITSN2","Inh ENOX2 SPHKAP",0.0384051436346927,7.39175975538987,1.90163766998249,0.168819452112073,0.518440590239748,0.486751619225312,"gpath_3neocort"
"970","NCOA1","Inh ENOX2 SPHKAP",0.0131520265374086,9.12010968639016,0.446128851203121,0.504641116615032,0.80219023236465,0.790067045378551,"gpath_3neocort"
"971","ADCY3","Inh ENOX2 SPHKAP",-0.00640045190752373,6.03110212890095,0.032911406128949,0.990926445087454,0.998951897108485,0.998877397282631,"gpath_3neocort"
"972","DNAJC27","Inh ENOX2 SPHKAP",-0.00144495499052036,4.95029696740601,0.000713148042689283,0.97871113484499,0.997825265393623,0.997746584854226,"gpath_3neocort"
"973","DNAJC27-AS1","Inh ENOX2 SPHKAP",-0.00621755455479964,5.69961145998967,0.0168505953333476,0.896795148927006,0.984064107190086,0.980484213591221,"gpath_3neocort"
"974","EFR3B","Inh ENOX2 SPHKAP",0.0278361297641503,7.47082775864381,0.992369001799931,0.319886439600849,0.671637375772545,0.650365106902966,"gpath_3neocort"
"975","DNMT3A","Inh ENOX2 SPHKAP",-0.0237113106497171,6.89882177399144,0.55254414461211,0.45780344972699,0.773034505538656,0.758763279502537,"gpath_3neocort"
"976","DTNB","Inh ENOX2 SPHKAP",-0.0433117180186823,8.20982108502425,4.14553538101155,0.0425344611618335,0.284372339166754,0.250102542181859,"gpath_3neocort"
"977","ASXL2","Inh ENOX2 SPHKAP",0.0348232614208834,5.8164973504897,0.877498554446018,0.349565707713655,0.698065652381201,0.676145421711741,"gpath_3neocort"
"978","KIF3C","Inh ENOX2 SPHKAP",0.0101186042310579,6.73864088186988,0.126165190048143,0.722666295037945,0.919259021216929,0.91194962900912,"gpath_3neocort"
"979","RAB10","Inh ENOX2 SPHKAP",-0.00665009238489021,6.67448828144427,0.0614370621008058,0.9736702541458,0.997170280740144,0.997009155377628,"gpath_3neocort"
"980","HADHA","Inh ENOX2 SPHKAP",-0.0257637008322382,5.44303889210294,0.335708296331957,0.562708260386684,0.839922293017401,0.826876536536288,"gpath_3neocort"
"981","HADHB","Inh ENOX2 SPHKAP",-0.0290470144788038,5.44697362920686,0.447736912412812,0.503874655770048,0.802187554689946,0.789592726795815,"gpath_3neocort"
"982","SELENOI","Inh ENOX2 SPHKAP",0.0194459349664848,5.74986846463469,0.278696496443084,0.811734987255833,0.955148125073927,0.951294068531703,"gpath_3neocort"
"983","DRC1","Inh ENOX2 SPHKAP",-0.0384068822993977,4.50859438517227,0.316381289113854,0.574168477516923,0.84549412279749,0.833687012659393,"gpath_3neocort"
"984","OTOF","Inh ENOX2 SPHKAP",0.185952016797145,5.95519532319193,12.2043780406589,0.000541097894101412,0.0393224723340265,0.0235061794621282,"gpath_3neocort"
"985","KCNK3","Inh ENOX2 SPHKAP",-0.00803072461298643,5.43731499718139,0.0320928906498579,0.899623612485371,0.984993786640718,0.981120078714099,"gpath_3neocort"
"986","DPYSL5","Inh ENOX2 SPHKAP",0.090786386882975,6.24964995653518,6.2371092680509,0.0129916540453054,0.167846191123169,0.136863258423419,"gpath_3neocort"
"987","MAPRE3","Inh ENOX2 SPHKAP",0.0700476845616465,6.75195922000817,5.85850732864799,0.0160357990944481,0.18382253340003,0.15301836855276,"gpath_3neocort"
"988","AGBL5","Inh ENOX2 SPHKAP",-0.240358599528005,4.26612673472383,8.10242962973809,0.00469435375806024,0.111496626575587,0.0796871627044603,"gpath_3neocort"
"989","OST4","Inh ENOX2 SPHKAP",-0.100678602796691,3.86758742927602,0.906105690304991,0.341839316457917,0.691302312324829,0.66947685591503,"gpath_3neocort"
"990","CGREF1","Inh ENOX2 SPHKAP",-0.0203437494155335,5.32865409947367,0.208934949810878,0.647901122492268,0.882167384064556,0.87485406292621,"gpath_3neocort"
"991","CAD","Inh ENOX2 SPHKAP",-0.149867613850936,4.00848721835684,2.80205045233935,0.0950815894472397,0.403796126488103,0.370801026904527,"gpath_3neocort"
"992","UCN","Inh ENOX2 SPHKAP",-0.0213869871754335,3.96441245044639,0.0650053596957093,0.798910031781979,0.9520320723109,0.946384190753474,"gpath_3neocort"
"993","MPV17","Inh ENOX2 SPHKAP",-0.0537139986203508,5.51870051383309,1.5693635904452,0.211177331848778,0.568038976594532,0.540338327304782,"gpath_3neocort"
"994","GTF3C2","Inh ENOX2 SPHKAP",-0.143688700372498,5.06784992374594,6.60550740360237,0.0106001781367758,0.152618738670169,0.123473334677506,"gpath_3neocort"
"995","PPM1G","Inh ENOX2 SPHKAP",0.00387455693135519,5.4325880610748,0.00740218068326934,0.93574176031625,0.993269159402148,0.990334382288322,"gpath_3neocort"
"996","NRBP1","Inh ENOX2 SPHKAP",0.00502260990287593,5.27024027663768,0.0114986247797151,0.914669705878874,0.98867639437572,0.985136371464126,"gpath_3neocort"
"997","IFT172","Inh ENOX2 SPHKAP",-0.0991827252685091,6.52152380341272,11.4264225708965,0.00080998666139313,0.0470268800843014,0.0296528030126149,"gpath_3neocort"
"998","FNDC4","Inh ENOX2 SPHKAP",-0.0957264200751836,4.44996189242841,1.43972879847524,0.231035102042041,0.590674359921662,0.562900025704638,"gpath_3neocort"
"999","ZNF512","Inh ENOX2 SPHKAP",-0.0857821527375628,5.53512336030424,3.55846993173644,0.0601111154128433,0.328301762136998,0.297240970769245,"gpath_3neocort"
"1000","SUPT7L","Inh ENOX2 SPHKAP",-0.0349672151727311,5.17065590801106,0.56121748699987,0.45429828824195,0.770213531226822,0.756254338113029,"gpath_3neocort"
"1001","SLC4A1AP","Inh ENOX2 SPHKAP",-0.0893264243166978,5.29343595565362,3.26042172672615,0.0718726520205743,0.357109598488891,0.323967166625304,"gpath_3neocort"
"1002","MRPL33","Inh ENOX2 SPHKAP",-0.00520627682276742,5.90847635042157,0.0153144628791743,0.901586505940304,0.985533466494216,0.981714752099235,"gpath_3neocort"
"1003","RBKS","Inh ENOX2 SPHKAP",-0.162952342489855,4.86861434807308,5.52399333970415,0.0193396961208305,0.201422417994276,0.168474610273922,"gpath_3neocort"
"1004","BABAM2","Inh ENOX2 SPHKAP",-0.0550070715439142,7.84129222978273,4.22449908598002,0.0406228844223442,0.280430949782014,0.244472908349984,"gpath_3neocort"
"1005","PPP1CB","Inh ENOX2 SPHKAP",0.0263399607299669,5.36836628190577,0.326040686471015,0.568384467768464,0.843019287868637,0.830084639210826,"gpath_3neocort"
"1006","TRMT61B","Inh ENOX2 SPHKAP",-0.0590461380098191,5.61615405913054,1.81284447445195,0.179081950889719,0.530069410446744,0.50046316594971,"gpath_3neocort"
"1007","WDR43","Inh ENOX2 SPHKAP",-0.0649420184530538,5.34269283293755,2.30283980484258,0.130085232513835,0.461063524463921,0.430509440177899,"gpath_3neocort"
"1008","TOGARAM2","Inh ENOX2 SPHKAP",-0.128378737175388,4.42664127198108,1.16374927138126,0.281469099442928,0.639342488240587,0.614380827047245,"gpath_3neocort"
"1009","CLIP4","Inh ENOX2 SPHKAP",-0.045586392509628,6.73314322859206,1.94823996646053,0.163705366008073,0.51193412144721,0.479679582567682,"gpath_3neocort"
"1010","ALK","Inh ENOX2 SPHKAP",-0.253654488926942,7.01725217278316,14.8469444771167,0.000139847275300722,0.0206338298011883,0.0104235849338689,"gpath_3neocort"
"1011","YPEL5","Inh ENOX2 SPHKAP",0.0410676056440437,5.41797559644111,0.821715727677787,0.365333610848498,0.711523740488535,0.68995161689924,"gpath_3neocort"
"1012","LBH","Inh ENOX2 SPHKAP",0.081415391750216,3.71909735352189,0.343658915673515,0.558121430851962,0.837028525953076,0.824180941648992,"gpath_3neocort"
"1013","LCLAT1","Inh ENOX2 SPHKAP",-0.0280003878864908,6.48523895669893,0.631208792455373,0.427477377773707,0.750996699397502,0.737035529142711,"gpath_3neocort"
"1014","CAPN13","Inh ENOX2 SPHKAP",-0.127499731204673,4.15425239607289,1.76196456137056,0.185287795304844,0.537483631420485,0.50870826128892,"gpath_3neocort"
"1015","GALNT14","Inh ENOX2 SPHKAP",0.0485462213599416,8.76940250233645,3.73721164546972,0.0540595588028185,0.315989927949653,0.281985359185048,"gpath_3neocort"
"1016","EHD3","Inh ENOX2 SPHKAP",0.060292006038355,4.99975763450476,1.35622742049737,0.245024919870361,0.602777188803576,0.5779666248526,"gpath_3neocort"
"1017","MEMO1","Inh ENOX2 SPHKAP",0.0107852165958488,4.56395948594114,0.0305852655738836,0.861275015163076,0.972191503148028,0.969619837567088,"gpath_3neocort"
"1018","DPY30","Inh ENOX2 SPHKAP",-0.0100504974891788,5.50609392252458,0.0521285212025618,0.81953998930301,0.958326597322361,0.954405483057413,"gpath_3neocort"
"1019","SPAST","Inh ENOX2 SPHKAP",0.0400871889677283,6.39322573122925,1.56821824321211,0.211343619535461,0.568038976594532,0.540479182325835,"gpath_3neocort"
"1020","SLC30A6","Inh ENOX2 SPHKAP",0.00355758062368974,5.60384472353863,0.00702531226732107,0.947545280530081,0.994776274703702,0.992485135171506,"gpath_3neocort"
"1021","YIPF4","Inh ENOX2 SPHKAP",0.0463668090489652,6.48249990204184,2.68620699174196,0.102163676462553,0.414874846285381,0.38372020879908,"gpath_3neocort"
"1022","BIRC6","Inh ENOX2 SPHKAP",-0.0109379808902678,8.38541031456746,0.32789074032363,0.727616966612912,0.921591595468346,0.914318024459078,"gpath_3neocort"
"1023","TTC27","Inh ENOX2 SPHKAP",-0.00945022477710665,5.58186120896243,0.0424892229581228,0.836815839077201,0.964409807647727,0.961206496831028,"gpath_3neocort"
"1024","LINC00486","Inh ENOX2 SPHKAP",-0.1211043193327,7.51072435573887,2.01824494354733,0.156353134895236,0.500846289238096,0.469220646645641,"gpath_3neocort"
"1025","LTBP1","Inh ENOX2 SPHKAP",-0.0133447948644255,3.84927368806545,0.0160722003585724,0.899193963164199,0.984807861081458,0.980967564665184,"gpath_3neocort"
"1026","FAM98A","Inh ENOX2 SPHKAP",-0.143740970252066,4.13198284756821,3.46087123892796,0.0637174572353191,0.338309213257707,0.305653485717405,"gpath_3neocort"
"1027","CRIM1","Inh ENOX2 SPHKAP",0.0569040780512057,5.11851845073485,0.830844830150589,0.362686867719661,0.708893738458235,0.687404982785689,"gpath_3neocort"
"1028","FEZ2","Inh ENOX2 SPHKAP",-0.0408647620329228,6.04042451241163,1.11455289467389,0.291858725167765,0.649182335697509,0.624477518283032,"gpath_3neocort"
"1029","STRN","Inh ENOX2 SPHKAP",-0.0459745031039923,5.95789435693985,1.42351685895424,0.233673691853636,0.593819000853525,0.565959736896634,"gpath_3neocort"
"1030","HEATR5B","Inh ENOX2 SPHKAP",-0.0320468064786818,6.48741862432198,1.06325856545021,0.303220521272007,0.660277602000627,0.635151654433149,"gpath_3neocort"
"1031","GPATCH11","Inh ENOX2 SPHKAP",-0.0380548053775588,4.6442699370185,0.309227961670767,0.578527291522232,0.847855388854142,0.836161172138668,"gpath_3neocort"
"1032","EIF2AK2","Inh ENOX2 SPHKAP",-0.0318191295022418,6.50763860123811,0.992976899231771,0.357215737984886,0.704883377262009,0.682628713024214,"gpath_3neocort"
"1033","CEBPZOS","Inh ENOX2 SPHKAP",-0.040953936103765,5.77336678495203,0.996153912035978,0.401181641017663,0.734067422065013,0.717131712625851,"gpath_3neocort"
"1034","CEBPZ","Inh ENOX2 SPHKAP",0.0348594661060507,5.10784249795645,0.479357311618955,0.489195455478342,0.79437394436976,0.779982384181703,"gpath_3neocort"
"1035","NDUFAF7","Inh ENOX2 SPHKAP",-0.0434522639079336,5.71788101004922,1.27372084593233,0.332609428410763,0.683900045157096,0.661666203220781,"gpath_3neocort"
"1036","QPCT","Inh ENOX2 SPHKAP",-0.0935423211580104,4.1642970305175,0.984556793091186,0.321795908222169,0.67332371170337,0.651995312883659,"gpath_3neocort"
"1037","CDC42EP3","Inh ENOX2 SPHKAP",-0.0169560415635749,5.1877050179704,0.101421905018461,0.750329305132984,0.931502648315272,0.925086439596849,"gpath_3neocort"
"1038","RMDN2","Inh ENOX2 SPHKAP",-0.0468257575270043,5.17218660294938,0.666027867432041,0.415022548661002,0.741572695131503,0.727243703149562,"gpath_3neocort"
"1039","CYP1B1-AS1","Inh ENOX2 SPHKAP",-0.0969297831971761,4.37144275224343,1.12676646375321,0.28923435603718,0.646297420626448,0.62212699046804,"gpath_3neocort"
"1040","ATL2","Inh ENOX2 SPHKAP",-0.0497501611685204,5.82384017654543,1.87529987506691,0.171790931880968,0.522002084688595,0.490880109467382,"gpath_3neocort"
"1041","HNRNPLL","Inh ENOX2 SPHKAP",0.0442350099802286,5.93114754877805,1.60243650008277,0.206442023906023,0.562921402061108,0.534804483801112,"gpath_3neocort"
"1042","SRSF7","Inh ENOX2 SPHKAP",-0.0105957026575732,6.2720649808559,0.0441893755500264,0.833630070050335,0.963502746721047,0.960037933052886,"gpath_3neocort"
"1043","DHX57","Inh ENOX2 SPHKAP",-0.0169909033559378,6.240831798196,0.271299227018172,0.602807292612955,0.859337932288824,0.850033336604939,"gpath_3neocort"
"1044","ARHGEF33","Inh ENOX2 SPHKAP",0.0468356663936915,4.17899867659595,0.40123898849652,0.526884325311294,0.817136416607959,0.805055388254069,"gpath_3neocort"
"1045","SOS1","Inh ENOX2 SPHKAP",0.020159135720282,8.29851515232825,0.757902484505281,0.384612067825744,0.725144740452949,0.704911118820161,"gpath_3neocort"
"1046","MAP4K3","Inh ENOX2 SPHKAP",0.0139683194573647,8.12743237596954,0.328145019297388,0.567139498483865,0.842533094772827,0.829376918663362,"gpath_3neocort"
"1047","AC007388.1","Inh ENOX2 SPHKAP",-0.029597306916476,7.71828229779457,1.2538870310434,0.263617330344235,0.622630502763076,0.597337669743492,"gpath_3neocort"
"1048","TMEM178A","Inh ENOX2 SPHKAP",0.0473549268517665,7.94234592326013,2.89890206048633,0.0895718721023852,0.393812768708947,0.360493827121048,"gpath_3neocort"
"1049","THUMPD2","Inh ENOX2 SPHKAP",0.00498662600692939,6.53522856085094,0.0251616719265759,0.874060904279461,0.976948901017904,0.973663234554388,"gpath_3neocort"
"1050","SLC8A1-AS1","Inh ENOX2 SPHKAP",-0.0892634020372022,5.96957048793914,1.82235617436674,0.177948770407503,0.528957608738785,0.49912547072016,"gpath_3neocort"
"1051","SLC8A1","Inh ENOX2 SPHKAP",0.0713591835151871,11.2113044298386,10.7387514027661,0.00115958862983188,0.057612622843382,0.0362949128516364,"gpath_3neocort"
"1052","EML4","Inh ENOX2 SPHKAP",-0.0215676922654402,5.83735396638341,0.281475396555868,0.596088980298447,0.855261122519567,0.846289640828284,"gpath_3neocort"
"1053","COX7A2L","Inh ENOX2 SPHKAP",-0.0411697054447642,5.41863214056592,0.691678721681076,0.406189176068245,0.737250084133714,0.720643515171372,"gpath_3neocort"
"1054","MTA3","Inh ENOX2 SPHKAP",0.0308649208399122,6.65331370666151,1.17054895754945,0.280070312011627,0.638594087367346,0.61316791738984,"gpath_3neocort"
"1055","THADA","Inh ENOX2 SPHKAP",-0.00410203327075753,6.59647455328273,0.0147903409782562,0.903276760635766,0.985974882947517,0.982176077807709,"gpath_3neocort"
"1056","DYNC2LI1","Inh ENOX2 SPHKAP",-0.0622060563048383,6.26938495211482,3.09020594092526,0.0796823784693298,0.375034800161592,0.340314409727986,"gpath_3neocort"
"1057","LRPPRC","Inh ENOX2 SPHKAP",0.0197429741444832,6.70079619780281,0.513237416192965,0.474242218232905,0.782655873040069,0.769876502257501,"gpath_3neocort"
"1058","PPM1B","Inh ENOX2 SPHKAP",-0.00691838409547549,6.82371600376193,0.0633000923481301,0.801509044172053,0.952551397154178,0.947340300871322,"gpath_3neocort"
"1059","PREPL","Inh ENOX2 SPHKAP",0.0200113765080028,8.20580503047446,0.702271481025031,0.402621804674379,0.735045206958961,0.718212860273589,"gpath_3neocort"
"1060","CAMKMT","Inh ENOX2 SPHKAP",0.081401351141732,6.14859771953488,2.59694945040973,0.108015772827107,0.425895814054931,0.393948944030681,"gpath_3neocort"
"1061","SRBD1","Inh ENOX2 SPHKAP",0.083815137730645,5.37032903493138,2.89410134347424,0.0898366151105487,0.394280476811739,0.361032925220892,"gpath_3neocort"
"1062","PRKCE","Inh ENOX2 SPHKAP",0.00985141540418715,8.83203493840585,0.147735082929971,0.700954274836529,0.908105504900868,0.901625409911796,"gpath_3neocort"
"1063","RHOQ","Inh ENOX2 SPHKAP",-0.0514976010108514,5.06343307141698,0.796870829505353,0.37267438582908,0.716795308350576,0.695699846279771,"gpath_3neocort"
"1064","PIGF","Inh ENOX2 SPHKAP",0.082082190852314,4.66688426118698,1.77726244865724,0.197104373889716,0.551710949392944,0.523747056344522,"gpath_3neocort"
"1065","SOCS5","Inh ENOX2 SPHKAP",0.0502042130938467,5.68861287070873,1.4847951995496,0.223887222418,0.582353383724906,0.554883191482522,"gpath_3neocort"
"1066","MCFD2","Inh ENOX2 SPHKAP",-0.121241460899036,5.29989188304668,4.78045358409668,0.0294792724289553,0.246213865163732,0.208061224582438,"gpath_3neocort"
"1067","TTC7A","Inh ENOX2 SPHKAP",-0.101765725256097,5.30445096580294,4.11072011057489,0.043407245459061,0.286045634981411,0.252578427462895,"gpath_3neocort"
"1068","MSH2","Inh ENOX2 SPHKAP",-0.0566552869578597,6.8805704529427,4.0898840245989,0.0439386223702241,0.286971364615186,0.254123723087113,"gpath_3neocort"
"1069","KCNK12","Inh ENOX2 SPHKAP",0.105881712793729,6.28194468134524,8.17351671976316,0.00451815959435576,0.109447358531931,0.0780129316523717,"gpath_3neocort"
"1070","MSH6","Inh ENOX2 SPHKAP",0.0154931918517614,5.1080374674056,0.0970872782967937,0.755548148338477,0.932986034557454,0.927409127852158,"gpath_3neocort"
"1071","FBXO11","Inh ENOX2 SPHKAP",0.0572837960853198,7.82002034884811,7.93566375547604,0.00513584636708797,0.117340760659977,0.0836728050260384,"gpath_3neocort"
"1072","FOXN2","Inh ENOX2 SPHKAP",0.0750103660647773,5.34785124465565,2.47825059586935,0.116378918976038,0.440941248472089,0.408322007991453,"gpath_3neocort"
"1073","PPP1R21","Inh ENOX2 SPHKAP",-0.079927433314362,6.05555289309748,4.92957474061416,0.0270727448370022,0.237551136655977,0.199147838421588,"gpath_3neocort"
"1074","NRXN1","Inh ENOX2 SPHKAP",0.0203672348769838,10.4268095679334,0.605560856065364,0.43701598353065,0.758584963925395,0.743580886561277,"gpath_3neocort"
"1075","ASB3","Inh ENOX2 SPHKAP",0.152529171072891,4.71716179785279,5.48423508281755,0.0197768934667092,0.20336577463444,0.170411622463384,"gpath_3neocort"
"1076","GPR75-ASB3","Inh ENOX2 SPHKAP",0.0190347683136259,6.7737117573804,0.309999172617847,0.578054199462867,0.847627133619846,0.835898929198165,"gpath_3neocort"
"1077","ERLEC1","Inh ENOX2 SPHKAP",-0.0274821826941107,5.16864456517422,0.310899432731123,0.747601801123105,0.930037313045212,0.923875533938512,"gpath_3neocort"
"1078","PSME4","Inh ENOX2 SPHKAP",0.0450377859947885,6.10417080394432,1.15877084095457,0.282498848527437,0.640385789146006,0.615447266411028,"gpath_3neocort"
"1079","ACYP2","Inh ENOX2 SPHKAP",0.00394791165632654,7.53182449207982,0.0152978705667529,0.901639560726561,0.985533466494216,0.981739290357215,"gpath_3neocort"
"1080","SPTBN1","Inh ENOX2 SPHKAP",0.00682389912669886,8.42883197479442,0.145664395444033,0.702956640369666,0.908977752257393,0.902725766213706,"gpath_3neocort"
"1081","EML6","Inh ENOX2 SPHKAP",-0.0763626818100045,7.3645784014693,3.93146729194205,0.0482108943497402,0.300946566682078,0.266490994402048,"gpath_3neocort"
"1082","RTN4","Inh ENOX2 SPHKAP",-0.0147805930511519,8.56773052563161,0.265935539229307,0.60641313283962,0.860572877818744,0.851895719684089,"gpath_3neocort"
"1083","CLHC1","Inh ENOX2 SPHKAP",0.0743627277227433,5.54264850984857,2.28510349415184,0.131568585276715,0.462574053886986,0.432770509395144,"gpath_3neocort"
"1084","RPS27A","Inh ENOX2 SPHKAP",-0.179679182289299,5.75616452304561,4.37326481089607,0.0372634586295547,0.272630773955375,0.234329291687975,"gpath_3neocort"
"1085","AC012358.3","Inh ENOX2 SPHKAP",0.0595226554284325,5.39993153408725,1.35561019044313,0.245132120278258,0.602777188803576,0.578085374759737,"gpath_3neocort"
"1086","CCDC88A","Inh ENOX2 SPHKAP",0.0246854804594438,8.99179197552314,1.14514685378815,0.285341423255156,0.641573488722861,0.618307934969258,"gpath_3neocort"
"1087","CFAP36","Inh ENOX2 SPHKAP",-0.0847405385002274,6.01133606644461,4.72857630223551,0.0303680939511675,0.248793277764384,0.211395313948,"gpath_3neocort"
"1088","PPP4R3B","Inh ENOX2 SPHKAP",-0.00272900367387129,6.31550630507458,0.00682700128603965,0.934198768722009,0.993269159402148,0.989879226270649,"gpath_3neocort"
"1089","PNPT1","Inh ENOX2 SPHKAP",0.0330834647219862,5.6679847023207,0.724875781641837,0.395160249498854,0.731155331487715,0.712671857256972,"gpath_3neocort"
"1090","CCDC85A","Inh ENOX2 SPHKAP",0.0530743851975973,6.87863083623792,0.948377036275818,0.330838715262908,0.682131570872368,0.660133937563313,"gpath_3neocort"
"1091","FANCL","Inh ENOX2 SPHKAP",-0.016512982278519,6.03111959512559,0.173830164874402,0.67699830518849,0.895226850638413,0.89013565501738,"gpath_3neocort"
"1092","LINC01122","Inh ENOX2 SPHKAP",0.0269003719485453,8.81010414824763,0.925818490982787,0.336649114383627,0.687128290896616,0.665100492066155,"gpath_3neocort"
"1093","LINC01793","Inh ENOX2 SPHKAP",-0.0378141558695691,4.61659254193868,0.232903467279283,0.629695937675435,0.875190251633105,0.865146416817263,"gpath_3neocort"
"1094","BCL11A","Inh ENOX2 SPHKAP",-0.053112660103869,8.00182854001697,3.64420496837451,0.0571229157311385,0.322796512754178,0.29015602946809,"gpath_3neocort"
"1095","PAPOLG","Inh ENOX2 SPHKAP",0.0192511325092091,5.21181689271277,0.159368577268334,0.958288799570005,0.995700592042286,0.994526422734845,"gpath_3neocort"
"1096","REL","Inh ENOX2 SPHKAP",0.0410857164489047,5.12587357451626,0.692614138595287,0.40587229338603,0.737250084133714,0.720410653485436,"gpath_3neocort"
"1097","PUS10","Inh ENOX2 SPHKAP",-0.01802388080331,4.85219321398284,0.0991802610819685,0.758687458741278,0.934510779149923,0.92864788621653,"gpath_3neocort"
"1098","PEX13","Inh ENOX2 SPHKAP",0.0472399928713917,5.0475376964384,0.716746736873608,0.397820324451076,0.732377591644456,0.714589826703694,"gpath_3neocort"
"1099","KIAA1841","Inh ENOX2 SPHKAP",-0.012454018808196,6.29721416607528,0.124711965135941,0.724202285440929,0.919822858435342,0.912652210270276,"gpath_3neocort"
"1100","C2orf74","Inh ENOX2 SPHKAP",-0.00530996917884975,4.71902541548248,0.006425418093866,0.936159121820028,0.993269159402148,0.990350203553876,"gpath_3neocort"
"1101","USP34","Inh ENOX2 SPHKAP",0.0509249113631897,8.53473396474579,7.47103248458346,0.00660445091348682,0.12419581335652,0.0963132509603821,"gpath_3neocort"
"1102","AC016727.1","Inh ENOX2 SPHKAP",0.00897597732325776,3.92312651947836,0.0113291537181519,0.915298459200377,0.988757254633671,0.98529854259902,"gpath_3neocort"
"1103","XPO1","Inh ENOX2 SPHKAP",-0.0480796028064937,7.04954508795364,2.12547807576401,0.145808795515337,0.485072105999905,0.454357042011453,"gpath_3neocort"
"1104","FAM161A","Inh ENOX2 SPHKAP",0.115034241628623,5.29160202066529,7.75605143112612,0.00565916219930335,0.120006222789673,0.0885041505340523,"gpath_3neocort"
"1105","CCT4","Inh ENOX2 SPHKAP",-0.00576253615348813,5.52007397401581,0.0146656906080697,0.903683203220785,0.985974882947517,0.982295448284419,"gpath_3neocort"
"1106","COMMD1","Inh ENOX2 SPHKAP",-0.021657330671854,7.11351382278161,0.470574781296081,0.493199565476286,0.796248150379289,0.78268242148644,"gpath_3neocort"
"1107","EHBP1","Inh ENOX2 SPHKAP",0.0140742496359933,8.51266037333073,0.421119894459114,0.516825481173905,0.810833983514015,0.798420070684368,"gpath_3neocort"
"1108","WDPCP","Inh ENOX2 SPHKAP",-0.0183229273951826,7.85095980633767,0.372991830281437,0.541794040822596,0.827990165542659,0.814606660248969,"gpath_3neocort"
"1109","MDH1","Inh ENOX2 SPHKAP",-0.100613012503068,6.53944811570335,4.70758561709994,0.0307356663665978,0.250264493100595,0.212643734760662,"gpath_3neocort"
"1110","UGP2","Inh ENOX2 SPHKAP",-0.147605623504826,6.01706482216731,13.3825313700781,0.000295082899855026,0.0279788593016512,0.0164599596315392,"gpath_3neocort"
"1111","VPS54","Inh ENOX2 SPHKAP",-0.0385793475464993,6.59158247850519,1.57120250682339,0.210910673592699,0.567861973840346,0.540079735452618,"gpath_3neocort"
"1112","PELI1","Inh ENOX2 SPHKAP",0.11768356154254,4.30409000830742,2.75674841741492,0.0977849641416782,0.408156871329474,0.375618460341995,"gpath_3neocort"
"1113","AC008074.1","Inh ENOX2 SPHKAP",0.0438877185443468,5.23603939596589,0.66794220842263,0.414353554023765,0.741314515723575,0.726737529248035,"gpath_3neocort"
"1114","AFTPH","Inh ENOX2 SPHKAP",-0.0238068342897313,6.2117980884589,0.542521362340973,0.999659690825562,0.999883597834104,0.999944475156145,"gpath_3neocort"
"1115","SERTAD2","Inh ENOX2 SPHKAP",0.105014161354146,4.884929166732,2.6353775383074,0.105452217344453,0.419654144871386,0.389543820647123,"gpath_3neocort"
"1116","SLC1A4","Inh ENOX2 SPHKAP",-0.0572496090480623,5.54002780030643,1.59242293325067,0.207862313473034,0.564620141869011,0.536637127079237,"gpath_3neocort"
"1117","CEP68","Inh ENOX2 SPHKAP",-0.0267134589897465,6.2708661157382,0.552744613251118,0.457721952556218,0.773034505538656,0.75873545794916,"gpath_3neocort"
"1118","RAB1A","Inh ENOX2 SPHKAP",-0.0239434266589471,6.46709693271455,0.585692756511315,0.444630909177432,0.762971304613294,0.749504400284239,"gpath_3neocort"
"1119","ACTR2","Inh ENOX2 SPHKAP",-0.0672484836906034,6.60170323067378,4.56391682895491,0.0333800615627219,0.261088385138783,0.221741671133618,"gpath_3neocort"
"1120","SPRED2","Inh ENOX2 SPHKAP",-0.0993963641068121,6.26501184352064,1.78864390631011,0.182003061006664,0.533934219897856,0.504493738091499,"gpath_3neocort"
"1121","MEIS1","Inh ENOX2 SPHKAP",0.041073847340344,3.70227847491784,0.129998038381769,0.718662375749084,0.917529682108315,0.909899976056529,"gpath_3neocort"
"1122","ETAA1","Inh ENOX2 SPHKAP",0.12626534256829,4.06837278136095,2.82320432786546,0.0938473319757572,0.401922427948076,0.36855636820179,"gpath_3neocort"
"1123","C1D","Inh ENOX2 SPHKAP",0.0211013197504238,5.64458246381993,0.230109381708693,0.631757235204952,0.875487684136306,0.866102275125709,"gpath_3neocort"
"1124","WDR92","Inh ENOX2 SPHKAP",-0.0139098550341301,4.57070501394737,0.0495940005541746,0.894761044739502,0.983000784710474,0.979910426767085,"gpath_3neocort"
"1125","CNRIP1","Inh ENOX2 SPHKAP",0.0289680761185204,6.05736459040024,0.671043578504386,0.413273122708869,0.740992576296177,0.725935443891932,"gpath_3neocort"
"1126","ANTXR1","Inh ENOX2 SPHKAP",0.0712219040995944,7.00163880481836,4.20192765175036,0.0411598646507417,0.280662506186714,0.246034129911441,"gpath_3neocort"
"1127","GFPT1","Inh ENOX2 SPHKAP",0.000244254650035944,6.48453394588513,7.11752328522688e-05,0.993273738979992,0.998951897108485,0.999193584560602,"gpath_3neocort"
"1128","NFU1","Inh ENOX2 SPHKAP",-0.0393234970750727,5.04619149492189,0.495858502378676,0.481817033094681,0.788368832806739,0.775167949912208,"gpath_3neocort"
"1129","AAK1","Inh ENOX2 SPHKAP",-0.0285180383622505,9.34055756267784,3.12325932112484,0.0780969408541628,0.372615389533482,0.337093328667141,"gpath_3neocort"
"1130","ANXA4","Inh ENOX2 SPHKAP",-0.211358422310962,5.88372541173898,14.7716581548486,0.000145294729053802,0.0208661405573325,0.010698010750321,"gpath_3neocort"
"1131","GMCL1","Inh ENOX2 SPHKAP",-0.0572342404060867,6.76569175440092,3.36859733059229,0.0673408377194961,0.348358464602211,0.314024572293885,"gpath_3neocort"
"1132","MXD1","Inh ENOX2 SPHKAP",0.030758718335451,6.0081282960767,0.606288823363035,0.436740790640325,0.758584963925395,0.743351846096212,"gpath_3neocort"
"1133","PCBP1","Inh ENOX2 SPHKAP",0.0798391776386416,5.24846969844438,2.00081219091676,0.158148068526734,0.503562676465659,0.472025294431924,"gpath_3neocort"
"1134","C2orf42","Inh ENOX2 SPHKAP",0.0809107491418071,4.41042128671464,1.55639749777238,0.213068959194059,0.569977946825382,0.542571469279215,"gpath_3neocort"
"1135","PCYOX1","Inh ENOX2 SPHKAP",-0.011348047187007,6.07891725035749,0.0775248071925249,0.780852757068111,0.944589335196182,0.938591610595153,"gpath_3neocort"
"1136","SNRPG","Inh ENOX2 SPHKAP",-0.0103514447031123,3.97970094736139,0.0139693320214282,0.938112133006239,0.993518947956843,0.990627779948725,"gpath_3neocort"
"1137","ADD2","Inh ENOX2 SPHKAP",0.0554207995135901,7.38720497745575,5.43742900859534,0.0203047853886237,0.206181439118267,0.172540922406745,"gpath_3neocort"
"1138","AC007040.2","Inh ENOX2 SPHKAP",0.0234543413411287,4.66455005600102,0.139365054957354,0.70915028124892,0.912970047435482,0.905889429941624,"gpath_3neocort"
"1139","NAGK","Inh ENOX2 SPHKAP",-0.111395252175529,5.07474506881226,4.20807644837228,0.0410128449489853,0.280662506186714,0.245652473478835,"gpath_3neocort"
"1140","MCEE","Inh ENOX2 SPHKAP",0.017033659682945,4.5089714422063,0.0657452377209589,0.797793676847399,0.951722997077052,0.945938443842582,"gpath_3neocort"
"1141","MPHOSPH10","Inh ENOX2 SPHKAP",0.0284649232838137,5.05705788678937,0.306195286900029,0.580395183408734,0.848345470966471,0.837241461300915,"gpath_3neocort"
"1142","ZNF638","Inh ENOX2 SPHKAP",0.0608318807322816,8.47811258069698,6.97112626654434,0.00867310579572229,0.140741382343208,0.11094641298713,"gpath_3neocort"
"1143","DYSF","Inh ENOX2 SPHKAP",-0.290474576728121,4.19804989086562,10.3396067724101,0.00142952537142217,0.0627042438557692,0.0407470402798908,"gpath_3neocort"
"1144","EXOC6B","Inh ENOX2 SPHKAP",0.0175119820074528,8.81593106216939,0.803381657349785,0.37073088185413,0.715647237647898,0.694312970618212,"gpath_3neocort"
"1145","SFXN5","Inh ENOX2 SPHKAP",-0.0161993607826323,6.30434073460458,0.166953491117129,0.68309594431079,0.899038830341732,0.893241396949309,"gpath_3neocort"
"1146","RAB11FIP5","Inh ENOX2 SPHKAP",0.109944478628358,4.39510576599375,1.91678734992033,0.167137064336239,0.518007871580616,0.484530695833678,"gpath_3neocort"
"1147","CCT7","Inh ENOX2 SPHKAP",-0.230327332932808,4.79684175571685,11.924045058063,0.000625579196545148,0.0419338703068978,0.0254511059044044,"gpath_3neocort"
"1148","FBXO41","Inh ENOX2 SPHKAP",-0.00251450305529682,5.5595819628429,0.00412488647462912,0.948829335737074,0.994776274703702,0.992738065014135,"gpath_3neocort"
"1149","ALMS1","Inh ENOX2 SPHKAP",0.0390828376585645,6.45717015151865,1.41071878787637,0.235782498608942,0.595912268739651,0.568249274046229,"gpath_3neocort"
"1150","TPRKB","Inh ENOX2 SPHKAP",-0.0643317909773315,4.10116058318974,0.642544103807747,0.423361915866575,0.747306703858775,0.733820103395259,"gpath_3neocort"
"1151","STAMBP","Inh ENOX2 SPHKAP",-0.120830075763806,5.13263725683453,6.08323583151878,0.0141495401412227,0.174415470753451,0.143257289110977,"gpath_3neocort"
"1152","DGUOK","Inh ENOX2 SPHKAP",-0.00269757719189702,5.25035387556551,0.00302091261259974,0.956200994967917,0.995423896649278,0.99406950527709,"gpath_3neocort"
"1153","TET3","Inh ENOX2 SPHKAP",0.181970001902523,6.7866591259631,9.64246662304983,0.00206430200809056,0.0747122422374866,0.0504363885823818,"gpath_3neocort"
"1154","BOLA3","Inh ENOX2 SPHKAP",-0.122861836592353,4.53933123411094,3.06855222927819,0.0807398856695131,0.377639292338962,0.34254074881442,"gpath_3neocort"
"1155","MOB1A","Inh ENOX2 SPHKAP",-0.0498449016981315,4.47779086444965,0.533576295830141,0.465620110116465,0.777024033905069,0.764112061701729,"gpath_3neocort"
"1156","AC006030.1","Inh ENOX2 SPHKAP",0.0483898287301108,5.15053471678018,0.740945785640125,0.389976618507078,0.727649032330622,0.709136051225609,"gpath_3neocort"
"1157","MOGS","Inh ENOX2 SPHKAP",-0.134932660431734,4.25414143692753,2.859849533769,0.091750420086649,0.397980218620841,0.364519737045554,"gpath_3neocort"
"1158","AUP1","Inh ENOX2 SPHKAP",0.0716122703393326,4.66453726490344,1.34750514693288,0.246545150667775,0.605164006163079,0.579578415849739,"gpath_3neocort"
"1159","LOXL3","Inh ENOX2 SPHKAP",-0.118985426355048,4.49374495418793,2.70928413611377,0.100707981161546,0.412750134912095,0.380839983603217,"gpath_3neocort"
"1160","SEMA4F","Inh ENOX2 SPHKAP",-0.0161080309511524,4.82465103801679,0.0826419625197236,0.800316695440368,0.952177907887809,0.946871861965023,"gpath_3neocort"
"1161","TACR1","Inh ENOX2 SPHKAP",-0.0114235361992532,3.91087982769843,0.0103034065757351,0.919210047224474,0.990622779976973,0.986316734204281,"gpath_3neocort"
"1162","MRPL19","Inh ENOX2 SPHKAP",0.0534366183974129,5.81503689465696,1.70646371121666,0.192345219930928,0.54568240803677,0.517494450731545,"gpath_3neocort"
"1163","GCFC2","Inh ENOX2 SPHKAP",-0.0451738213646096,6.26329951727552,1.65792141898749,0.389355719794851,0.727649032330622,0.70862592217405,"gpath_3neocort"
"1164","LRRTM4","Inh ENOX2 SPHKAP",0.0783399621271975,11.7983003106737,9.50653129403757,0.00221830386245453,0.0779849928252064,0.0525961867985681,"gpath_3neocort"
"1165","CTNNA2","Inh ENOX2 SPHKAP",-0.0220321257964501,10.8458967975269,0.623713536117237,0.430231916211016,0.753389390408717,0.738952618643556,"gpath_3neocort"
"1166","AC016716.2","Inh ENOX2 SPHKAP",-0.372335392241877,3.47554190860803,7.16584330839137,0.00779784896912735,0.135251588714884,0.104985830692003,"gpath_3neocort"
"1167","LRRTM1","Inh ENOX2 SPHKAP",0.0955471551334409,4.57351472029949,1.90038580427176,0.16895934258485,0.518518149580165,0.486935278541524,"gpath_3neocort"
"1168","SUCLG1","Inh ENOX2 SPHKAP",-0.0134681597671652,5.58454907051087,0.115092775092285,0.734632518862589,0.925585647390851,0.917991791044753,"gpath_3neocort"
"1169","DNAH6","Inh ENOX2 SPHKAP",0.0501348285065287,4.93192379979535,0.60452006596212,0.437409894396926,0.758604397953195,0.743851553907786,"gpath_3neocort"
"1170","TMSB10","Inh ENOX2 SPHKAP",-0.0736268131528444,5.39628463087914,0.815515992871943,0.367146386512256,0.712141577867651,0.691514615108479,"gpath_3neocort"
"1171","KCMF1","Inh ENOX2 SPHKAP",0.0403018510874194,6.0171874923547,1.30933878277939,0.461453518382409,0.774764545173775,0.761306602634201,"gpath_3neocort"
"1172","TGOLN2","Inh ENOX2 SPHKAP",-0.0374447067289714,5.96837693510686,0.709176690470938,0.400320878174616,0.733784805321387,0.716526661073186,"gpath_3neocort"
"1173","ELMOD3","Inh ENOX2 SPHKAP",-0.08588204734961,5.23036371279819,3.30752809157628,0.0698601448155093,0.353526253002525,0.319485658084113,"gpath_3neocort"
"1174","MAT2A","Inh ENOX2 SPHKAP",-0.00851318653300291,5.8715891922156,0.04357628290791,0.834771394122896,0.964180267580211,0.960472238768199,"gpath_3neocort"
"1175","USP39","Inh ENOX2 SPHKAP",-0.0362531771688734,5.05820579971559,0.390581176810715,0.532421518672932,0.82145780817606,0.809047341514528,"gpath_3neocort"
"1176","ST3GAL5","Inh ENOX2 SPHKAP",-0.0710643406553864,6.23723405095813,5.27101866456372,0.0223033612372074,0.216167843801549,0.18084673910316,"gpath_3neocort"
"1177","POLR1A","Inh ENOX2 SPHKAP",0.0281955985108575,5.21644018312256,0.308837986503398,0.578766812339304,0.847855388854142,0.836304752297287,"gpath_3neocort"
"1178","PTCD3","Inh ENOX2 SPHKAP",0.000742321511491749,6.48709362379395,0.000598602018970985,0.980495264390721,0.997825265393623,0.997915368014525,"gpath_3neocort"
"1179","IMMT","Inh ENOX2 SPHKAP",-0.0737572303900414,5.71067451723611,3.33767676042199,0.0686039845160689,0.349955789008632,0.316778990556517,"gpath_3neocort"
"1180","REEP1","Inh ENOX2 SPHKAP",-0.0493907257015783,7.01259300144885,3.24088235189824,0.0727256634802028,0.359129062358121,0.325887956666371,"gpath_3neocort"
"1181","KDM3A","Inh ENOX2 SPHKAP",-0.039075909955603,4.96385692337191,0.459169339139477,0.49848235398249,0.799586682552582,0.78632048731079,"gpath_3neocort"
"1182","CHMP3","Inh ENOX2 SPHKAP",-0.0381945505546764,4.37621780024183,0.296714406906876,0.604469733419185,0.859527413169609,0.850905900673989,"gpath_3neocort"
"1183","RNF103-CHMP3","Inh ENOX2 SPHKAP",-0.0430818845586612,4.664586909284,0.374938435352236,0.540741972826139,0.827426984817872,0.813984605278333,"gpath_3neocort"
"1184","RMND5A","Inh ENOX2 SPHKAP",0.0554462828559185,6.29088489924133,3.11459328897795,0.0785092878248443,0.373209161585639,0.337957460088017,"gpath_3neocort"
"1185","PLGLB1","Inh ENOX2 SPHKAP",0.0283323328881095,5.94772950143521,0.594354469468596,0.574456169132565,0.84558225492765,0.833803333837796,"gpath_3neocort"
"1186","CYTOR","Inh ENOX2 SPHKAP",0.132527161297483,5.0021285094471,4.18333350308141,0.0416078509843858,0.281739229470101,0.247477483341889,"gpath_3neocort"
"1187","KRCC1","Inh ENOX2 SPHKAP",0.040424220375318,4.51949282744836,0.462057900548084,0.541677954786752,0.827990165542659,0.814541624232978,"gpath_3neocort"
"1188","EIF2AK3","Inh ENOX2 SPHKAP",0.0994926811836892,5.69056816748201,4.80717048778925,0.0290321933734271,0.245199912463515,0.206464866059646,"gpath_3neocort"
"1189","RPIA","Inh ENOX2 SPHKAP",-0.0351669887381189,4.73581162482098,0.346832758454144,0.556310291107644,0.836996892003553,0.823202031114169,"gpath_3neocort"
"1190","ANKRD20A8P","Inh ENOX2 SPHKAP",0.0546514391876656,3.66890863167904,0.246265269805869,0.620044151910703,0.86977671439159,0.859981014885714,"gpath_3neocort"
"1191","MRPS5","Inh ENOX2 SPHKAP",-0.00447823725762842,5.88039838078298,0.0143918891442097,0.969253859743796,0.995943372722374,0.996305000132195,"gpath_3neocort"
"1192","AC092835.1","Inh ENOX2 SPHKAP",0.0418925041467266,5.21359667210854,0.646147070421954,0.422066277377003,0.746602424271648,0.732721852802478,"gpath_3neocort"
"1193","FAHD2A","Inh ENOX2 SPHKAP",0.0167737621194746,5.23711044688536,0.120341950897048,0.852904998375113,0.970401727505604,0.967037960179352,"gpath_3neocort"
"1194","LINC00342","Inh ENOX2 SPHKAP",-0.0243290164814902,4.71185865512277,0.147833458854007,0.700859546676039,0.908105504900868,0.901587662021976,"gpath_3neocort"
"1195","ANKRD36C","Inh ENOX2 SPHKAP",0.0823566291063766,8.66930522226278,14.4272876044631,0.000173086814319413,0.0222197291041148,0.0119384001584276,"gpath_3neocort"
"1196","STARD7","Inh ENOX2 SPHKAP",-0.014421983771658,5.1873339275799,0.0983739095334683,0.753985924293264,0.932681581508696,0.926798621399008,"gpath_3neocort"
"1197","TMEM127","Inh ENOX2 SPHKAP",0.00708352764979076,5.00353411532147,0.0187220368814918,0.891248940523137,0.981581153911649,0.978638925162153,"gpath_3neocort"
"1198","CIAO1","Inh ENOX2 SPHKAP",-0.147967981977504,5.25368821038151,8.2838442906219,0.00425800276640753,0.105284491090413,0.07537519134815,"gpath_3neocort"
"1199","SNRNP200","Inh ENOX2 SPHKAP",0.0110298879763812,5.54352819148285,0.0669879790260627,0.907382720606824,0.986765245127383,0.983152670865863,"gpath_3neocort"
"1200","KANSL3","Inh ENOX2 SPHKAP",-0.098405031052413,6.05834467078588,7.05802018190922,0.00827066419389204,0.13770032017321,0.108151489279964,"gpath_3neocort"
"1201","LMAN2L","Inh ENOX2 SPHKAP",-0.0677329217675826,4.90649123377608,1.58907972502695,0.234989723825859,0.595144325257792,0.567240097719631,"gpath_3neocort"
"1202","CNNM4","Inh ENOX2 SPHKAP",0.014725146761702,4.86923517539085,0.0635832236699809,0.801074964755079,0.952370651542541,0.94713291806743,"gpath_3neocort"
"1203","ANKRD23","Inh ENOX2 SPHKAP",0.0418811853985652,5.10638281685473,0.655321118647618,0.418793946978276,0.744335728358177,0.730229816813963,"gpath_3neocort"
"1204","FAHD2B","Inh ENOX2 SPHKAP",-0.167840247590441,4.51949072785877,4.89001721287591,0.027690395707784,0.2392627093189,0.201396979002369,"gpath_3neocort"
"1205","ANKRD36","Inh ENOX2 SPHKAP",0.0683669830439021,8.62606691266944,6.61200779330925,0.0105623194446676,0.152618738670169,0.123299938274491,"gpath_3neocort"
"1206","AC092683.1","Inh ENOX2 SPHKAP",0.0217548831300668,9.25960974560984,0.5402944343838,0.46282740019139,0.775333429049331,0.762213350921628,"gpath_3neocort"
"1207","AC092683.2","Inh ENOX2 SPHKAP",-0.0302216347022919,4.30154911166235,0.133533331332146,0.715028026371358,0.91560916499627,0.908308426424518,"gpath_3neocort"
"1208","ANKRD36B","Inh ENOX2 SPHKAP",0.0861913674248961,7.09770582459195,3.86122695277401,0.0502441011864629,0.306949220422695,0.271914838009468,"gpath_3neocort"
"1209","COX5B","Inh ENOX2 SPHKAP",-0.000336447855299604,5.17388107012736,7.06410502743388e-06,0.997880943694657,0.999625445975698,0.999702903450008,"gpath_3neocort"
"1210","ACTR1B","Inh ENOX2 SPHKAP",-0.0970646113271914,5.74556181378611,3.79028207143577,0.0523903813832087,0.311651661809793,0.277530678464831,"gpath_3neocort"
"1211","TMEM131","Inh ENOX2 SPHKAP",0.0622558949269009,7.15133835559969,5.54177388867712,0.0191474351382644,0.199847506298412,0.167572833188355,"gpath_3neocort"
"1212","INPP4A","Inh ENOX2 SPHKAP",0.0537297537906211,7.76017961957467,5.35083504663257,0.0213203986996077,0.212723404238504,0.176879018907289,"gpath_3neocort"
"1213","COA5","Inh ENOX2 SPHKAP",0.0807021098854203,4.43922260028219,1.40258349110225,0.237135018766078,0.597475111204917,0.569683574709973,"gpath_3neocort"
"1214","UNC50","Inh ENOX2 SPHKAP",0.015936440417229,4.81741448700136,0.0709322071224644,0.790148912952407,0.948347180002838,0.942569990923723,"gpath_3neocort"
"1215","MGAT4A","Inh ENOX2 SPHKAP",0.0130675334974546,6.66031205547649,0.187317683480745,0.680889424206044,0.898334703954847,0.89218510466146,"gpath_3neocort"
"1216","KIAA1211L","Inh ENOX2 SPHKAP",-0.0807878290012068,5.32709674032394,1.53889599941713,0.215654392887338,0.572064751780574,0.54538911577272,"gpath_3neocort"
"1217","TSGA10","Inh ENOX2 SPHKAP",0.0635792446165204,6.43351434516379,2.67518017386093,0.102867389697764,0.416343574761774,0.384999257006369,"gpath_3neocort"
"1218","AC079447.1","Inh ENOX2 SPHKAP",0.0821942543573374,7.38695118198263,7.62176314364459,0.00608591698946995,0.12377566237523,0.0923230924463634,"gpath_3neocort"
"1219","MITD1","Inh ENOX2 SPHKAP",0.0645515874185461,4.54296453529103,1.01224727208007,0.315094632126994,0.668203729889518,0.645885140837632,"gpath_3neocort"
"1220","TXNDC9","Inh ENOX2 SPHKAP",-0.118898953778874,4.16021918032251,2.0182390290727,0.156353739914132,0.500846289238096,0.469220646645641,"gpath_3neocort"
"1221","EIF5B","Inh ENOX2 SPHKAP",0.0205051210014833,6.0412089791677,0.291125974914771,0.589860009682287,0.852390391727358,0.842933085609719,"gpath_3neocort"
"1222","REV1","Inh ENOX2 SPHKAP",0.0128881521570725,7.06237159087654,0.230774086414088,0.631265467243499,0.875304445396154,0.865904498549828,"gpath_3neocort"
"1223","AFF3","Inh ENOX2 SPHKAP",0.0144506551329221,9.36135621161811,0.49921248024065,0.480339790715284,0.787735901619491,0.774214739344019,"gpath_3neocort"
"1224","LONRF2","Inh ENOX2 SPHKAP",0.0283755549000669,7.37833787328066,1.00973293124727,0.315695496331413,0.668340060481653,0.646353058941784,"gpath_3neocort"
"1225","CHST10","Inh ENOX2 SPHKAP",0.0387417705802445,4.17024357382907,0.250092917754996,0.617339541388682,0.867644611692442,0.858387313305021,"gpath_3neocort"
"1226","NPAS2","Inh ENOX2 SPHKAP",0.0458968908288462,5.61629463328723,0.74314446306889,0.389275010945367,0.727649032330622,0.708549614591974,"gpath_3neocort"
"1227","RPL31","Inh ENOX2 SPHKAP",0.0303923989748024,5.54413880560313,0.298686772065157,0.585072395871424,0.850666039752185,0.84010308632102,"gpath_3neocort"
"1228","TBC1D8","Inh ENOX2 SPHKAP",0.0396234448370343,6.53583372511904,1.46051174344827,0.227705075029502,0.586922186510665,0.559185782934289,"gpath_3neocort"
"1229","CNOT11","Inh ENOX2 SPHKAP",-0.0450588971680434,4.4979522720585,0.457909860733043,0.499071585890861,0.800107578037865,0.786680796403431,"gpath_3neocort"
"1230","RNF149","Inh ENOX2 SPHKAP",-0.0298329960891813,6.99745579181953,1.090741536077,0.297063538997148,0.654628817097585,0.6293882569798,"gpath_3neocort"
"1231","CREG2","Inh ENOX2 SPHKAP",-0.026267189833025,7.65020520956735,0.585078681599814,0.444869525646784,0.762971304613294,0.749660468317235,"gpath_3neocort"
"1232","MAP4K4","Inh ENOX2 SPHKAP",-0.00195896673350701,7.47560635045014,0.00582521998429326,0.939207800072122,0.993518947956843,0.990798362186878,"gpath_3neocort"
"1233","SLC9A2","Inh ENOX2 SPHKAP",-0.0321029600012378,5.51924598581536,0.29167608604587,0.589508974697055,0.852390391727358,0.842720434745902,"gpath_3neocort"
"1234","TMEM182","Inh ENOX2 SPHKAP",0.0855525914986493,4.06409603402643,0.944832631994403,0.33174271165506,0.683042374507283,0.660980949356409,"gpath_3neocort"
"1235","LINC01102","Inh ENOX2 SPHKAP",0.021228530136371,7.26361521708034,0.407566214192022,0.523645628521359,0.814829089395371,0.802823758084719,"gpath_3neocort"
"1236","LINC01103","Inh ENOX2 SPHKAP",-0.133277289413314,4.08051041692214,1.64327176412501,0.200767784016865,0.554954916763844,0.52794426011414,"gpath_3neocort"
"1237","POU3F3","Inh ENOX2 SPHKAP",0.042282052500912,5.98707419060377,1.05612121178234,0.304846446852701,0.66190962049223,0.636715017446908,"gpath_3neocort"
"1238","AC010884.1","Inh ENOX2 SPHKAP",0.161439785310005,3.87959118758146,1.98136813882413,0.160177917364756,0.505962965017542,0.474779454230706,"gpath_3neocort"
"1239","MRPS9","Inh ENOX2 SPHKAP",-0.0755489876414646,5.76630732594587,3.32066759571836,0.0693096664467762,0.352447797315252,0.318440084224738,"gpath_3neocort"
"1240","TGFBRAP1","Inh ENOX2 SPHKAP",0.069569649408078,4.93030855899862,1.71066989338391,0.191799482564508,0.54568240803677,0.516852999295373,"gpath_3neocort"
"1241","C2orf49","Inh ENOX2 SPHKAP",0.0487807806149573,4.38636610127794,0.534162034372473,0.465375548703643,0.777014991303294,0.763943227406078,"gpath_3neocort"
"1242","NCK2","Inh ENOX2 SPHKAP",0.00510393171633372,6.27500475562117,0.0165562398326064,0.897695517444377,0.9844887428813,0.980760127846553,"gpath_3neocort"
"1243","UXS1","Inh ENOX2 SPHKAP",-0.0502977616254398,5.9284863716474,1.61559911410413,0.204592542297559,0.560428179154327,0.532542680469566,"gpath_3neocort"
"1244","GCC2","Inh ENOX2 SPHKAP",0.0574795298679088,7.10008328154002,4.97237155801554,0.0264207022560489,0.234473859260137,0.196677475568636,"gpath_3neocort"
"1245","LIMS1","Inh ENOX2 SPHKAP",-0.057464081577382,5.67431716629484,1.40110076087282,0.237382543155866,0.597475111204917,0.569989744467852,"gpath_3neocort"
"1246","RANBP2","Inh ENOX2 SPHKAP",0.0579825926804517,6.80033717095767,3.7051580611434,0.0550950566993854,0.317089634833697,0.284855820853275,"gpath_3neocort"
"1247","CCDC138","Inh ENOX2 SPHKAP",0.102550489538219,6.29977234147815,7.6884147822994,0.00587012764449824,0.12267786548217,0.0904826299729597,"gpath_3neocort"
"1248","SH3RF3","Inh ENOX2 SPHKAP",-0.0397624703623363,6.83590634935899,0.552653208422696,0.457759108811906,0.773034505538656,0.75873545794916,"gpath_3neocort"
"1249","SEPT10","Inh ENOX2 SPHKAP",-0.0672273796495527,5.54339499017736,1.99002402384006,0.159270636914985,0.505369000416462,0.473546035407549,"gpath_3neocort"
"1250","NPHP1","Inh ENOX2 SPHKAP",0.0192475200724884,4.84273991506319,0.100274206390099,0.75169898536011,0.931658994455486,0.92563959318456,"gpath_3neocort"
"1251","SMIM37","Inh ENOX2 SPHKAP",0.0120995672768416,4.12184930525405,0.0208027363094711,0.885404773608982,0.979658385812387,0.977147351320459,"gpath_3neocort"
"1252","LINC01106","Inh ENOX2 SPHKAP",0.0416500605124146,4.46790133516589,0.340170352429404,0.560125181383063,0.838105787333881,0.825450549119104,"gpath_3neocort"
"1253","MIR4435-2HG","Inh ENOX2 SPHKAP",0.083299714334753,7.35928342170678,3.30881258172654,0.0698061244327602,0.353526253002525,0.319382759296452,"gpath_3neocort"
"1254","ANAPC1","Inh ENOX2 SPHKAP",-0.00812146562312866,6.3130740516686,0.0546100199089135,0.815370715033813,0.957443629928768,0.95271032013815,"gpath_3neocort"
"1255","TMEM87B","Inh ENOX2 SPHKAP",-0.041719004160938,4.93560724546308,0.513986158095255,0.473920243847018,0.782655873040069,0.769705745287277,"gpath_3neocort"
"1256","FBLN7","Inh ENOX2 SPHKAP",0.081534345007263,4.77657720675052,1.43717965751679,0.231447589805403,0.590782864882049,0.563354337739233,"gpath_3neocort"
"1257","ZC3H8","Inh ENOX2 SPHKAP",0.00197137221066124,6.36484218403818,0.00374088713386254,0.951266206301091,0.994776274703702,0.9931953075161,"gpath_3neocort"
"1258","ZC3H6","Inh ENOX2 SPHKAP",0.0264298663854021,6.86227004659395,0.763134404175364,0.382978111028235,0.723601250522497,0.703575041901828,"gpath_3neocort"
"1259","RGPD8","Inh ENOX2 SPHKAP",-0.0702614651614355,4.55436889035694,1.18469813266692,0.277187714799679,0.635743398069418,0.610630856083072,"gpath_3neocort"
"1260","TTL","Inh ENOX2 SPHKAP",-0.0550348670903542,5.23264236394594,1.19658052060956,0.274795811764785,0.634114126769069,0.608262112738606,"gpath_3neocort"
"1261","SLC20A1","Inh ENOX2 SPHKAP",-0.10957572539491,4.74836627045142,3.67330130436372,0.0561451555762582,0.319731885965849,0.287606021720629,"gpath_3neocort"
"1262","CBWD2","Inh ENOX2 SPHKAP",-0.0209294043283846,4.73764851956396,0.125834547647072,0.723014889628416,0.919259021216929,0.912085935757523,"gpath_3neocort"
"1263","RABL2A","Inh ENOX2 SPHKAP",-0.0993943410691183,4.99995056931483,3.82855341336482,0.0512207243978607,0.308815453547989,0.274492462070627,"gpath_3neocort"
"1264","SLC35F5","Inh ENOX2 SPHKAP",0.0277979623844433,6.01257898857515,0.550798409945216,0.657151459051045,0.886317117013643,0.879924048059994,"gpath_3neocort"
"1265","ACTR3","Inh ENOX2 SPHKAP",-0.00788197616766928,5.60069501452038,0.0395399452216379,0.997267916321131,0.999341080892678,0.999648697152412,"gpath_3neocort"
"1266","DPP10","Inh ENOX2 SPHKAP",0.096557038396578,10.4596989775258,5.16299267569883,0.0237094774352066,0.222216449724775,0.186443017090511,"gpath_3neocort"
"1267","DPP10-AS1","Inh ENOX2 SPHKAP",-0.064132267423212,4.33968001808678,0.684820857341861,0.408523478887277,0.738618944932103,0.72230611434584,"gpath_3neocort"
"1268","DDX18","Inh ENOX2 SPHKAP",-0.0477794799652492,5.67504296689592,0.979977078866118,0.322922293291913,0.673798434128273,0.652840526073538,"gpath_3neocort"
"1269","CCDC93","Inh ENOX2 SPHKAP",-0.0571584593470388,6.05987481174631,2.44135814019807,0.119122455221654,0.445161909595969,0.412910016936996,"gpath_3neocort"
"1270","INSIG2","Inh ENOX2 SPHKAP",0.0555077656621419,4.97757535823365,1.20659118379878,0.2728008302693,0.630855968929576,0.606497922846084,"gpath_3neocort"
"1271","CFAP221","Inh ENOX2 SPHKAP",-0.119356383682682,4.41336618443454,1.85773625862971,0.173806025238914,0.52506052011166,0.493608582057942,"gpath_3neocort"
"1272","PTPN4","Inh ENOX2 SPHKAP",0.0330407127616197,7.73701907440085,1.79158254575614,0.18164541818044,0.533432775102872,0.504020649307078,"gpath_3neocort"
"1273","EPB41L5","Inh ENOX2 SPHKAP",-0.0386966988239129,6.64493985076983,1.69853857825972,0.193378431996967,0.54633903802748,0.519025678824004,"gpath_3neocort"
"1274","INHBB","Inh ENOX2 SPHKAP",0.0325030535949009,4.57372765993243,0.235618432196722,0.627707568201843,0.874297413945141,0.864041874696543,"gpath_3neocort"
"1275","CLASP1","Inh ENOX2 SPHKAP",0.00823677424079494,8.73887191659057,0.148822318286255,0.699909357993755,0.908105504900868,0.90115771532015,"gpath_3neocort"
"1276","NIFK-AS1","Inh ENOX2 SPHKAP",0.0142563825745973,5.69379379597752,0.0987753044364226,0.753500850537069,0.932383429035825,0.926546869428017,"gpath_3neocort"
"1277","TSN","Inh ENOX2 SPHKAP",-0.0471191170634337,5.10712128294947,0.81941375364646,0.366005241347278,0.711865305342764,0.690523097079964,"gpath_3neocort"
"1278","CNTNAP5","Inh ENOX2 SPHKAP",-0.17726365542579,8.25741013322718,13.35235602934,0.000299681797251634,0.028060589823427,0.0165923574482779,"gpath_3neocort"
"1279","BIN1","Inh ENOX2 SPHKAP",0.00151330451980778,6.43284253779195,0.00196889864014335,0.964634223902629,0.995700592042286,0.995631850924311,"gpath_3neocort"
"1280","ERCC3","Inh ENOX2 SPHKAP",-0.102029928421413,5.48744307104064,5.0507920029626,0.0252681127654083,0.229891892697469,0.192517033309518,"gpath_3neocort"
"1281","MAP3K2","Inh ENOX2 SPHKAP",-0.00192911004173041,6.78264161918784,0.00479409543265988,0.944840561428726,0.993827758391978,0.991964838139527,"gpath_3neocort"
"1282","IWS1","Inh ENOX2 SPHKAP",0.0192157604119639,6.30972975590288,0.297938533535326,0.585542664249219,0.850666039752185,0.840319823703698,"gpath_3neocort"
"1283","WDR33","Inh ENOX2 SPHKAP",-0.00394770700491373,6.89816107258004,0.0190326002054898,0.922321142273286,0.990636355721171,0.98705673588869,"gpath_3neocort"
"1284","POLR2D","Inh ENOX2 SPHKAP",-0.108511517268072,4.45404246432896,2.51376034053165,0.113804254566857,0.435281159062081,0.403907233209083,"gpath_3neocort"
"1285","AMMECR1L","Inh ENOX2 SPHKAP",0.0494304612688168,4.19776361693049,0.494500823462649,0.482417143114195,0.788656397601099,0.775506929949333,"gpath_3neocort"
"1286","SAP130","Inh ENOX2 SPHKAP",0.0288878427071068,5.63518480401888,0.479676752761987,0.632222420028284,0.875883045416906,0.866308154461815,"gpath_3neocort"
"1287","UGGT1","Inh ENOX2 SPHKAP",-0.0536683620956335,5.67479242084033,1.8803026017789,0.171221906290334,0.521538606022918,0.490109121889437,"gpath_3neocort"
"1288","HS6ST1","Inh ENOX2 SPHKAP",0.0776907682642809,6.03263667242115,4.33026996891464,0.0382031923844496,0.273876430580498,0.237119936615408,"gpath_3neocort"
"1289","SMPD4","Inh ENOX2 SPHKAP",-0.0380860907676887,6.02612245095895,1.02845422104769,0.311257326476083,0.66620805586772,0.64244447355378,"gpath_3neocort"
"1290","MZT2B","Inh ENOX2 SPHKAP",-0.122327888561999,5.48429738551724,4.57728601003776,0.0331242059914757,0.259945813715354,0.221000283970031,"gpath_3neocort"
"1291","CCDC115","Inh ENOX2 SPHKAP",-0.0878291152245245,4.30733025863364,1.14042188849742,0.286335752628019,0.643215123204533,0.619268721136939,"gpath_3neocort"
"1292","PTPN18","Inh ENOX2 SPHKAP",-0.0876763643173797,5.39310248412562,3.3671076250694,0.067401117945773,0.348358464602211,0.314188797816577,"gpath_3neocort"
"1293","AMER3","Inh ENOX2 SPHKAP",0.0143230865635966,4.64637234998091,0.0610737581700883,0.804958895966378,0.952559922311815,0.948760026496971,"gpath_3neocort"
"1294","ARHGEF4","Inh ENOX2 SPHKAP",0.0222908152410102,7.23128599928911,0.771882294507667,0.380268049415657,0.721793346600422,0.701419198733559,"gpath_3neocort"
"1295","FAM168B","Inh ENOX2 SPHKAP",-0.0355819810545981,6.44110890609572,1.30726615044151,0.253710464514884,0.611975663447407,0.58749454344497,"gpath_3neocort"
"1296","PLEKHB2","Inh ENOX2 SPHKAP",-0.0582984481243889,6.37293963045398,2.3166403490692,0.128943990726973,0.45973237758398,0.428742357723597,"gpath_3neocort"
"1297","MZT2A","Inh ENOX2 SPHKAP",-0.0883251176664937,5.51803444464554,3.68567547838928,0.0557347524882758,0.318699365666958,0.286558216478361,"gpath_3neocort"
"1298","ANKRD30BL","Inh ENOX2 SPHKAP",0.0288707596697267,8.44880362017297,0.709159364248455,0.400326627568296,0.733784805321387,0.716526661073186,"gpath_3neocort"
"1299","NCKAP5","Inh ENOX2 SPHKAP",-0.0888407369058431,4.33891518541634,1.001474973869,0.31767956187594,0.670327968266068,0.648252828783865,"gpath_3neocort"
"1300","MGAT5","Inh ENOX2 SPHKAP",0.0783190337143968,7.26651004693546,6.59661015931138,0.0106522231691712,0.152770764685404,0.123763761204207,"gpath_3neocort"
"1301","TMEM163","Inh ENOX2 SPHKAP",0.0969551557425277,5.40071858697825,2.91288407794415,0.0888056421635122,0.391839303755452,0.359063931976005,"gpath_3neocort"
"1302","CCNT2-AS1","Inh ENOX2 SPHKAP",0.117364842792249,6.67646691694956,8.40967901088565,0.00397991373630995,0.101191644815108,0.0726185728404884,"gpath_3neocort"
"1303","CCNT2","Inh ENOX2 SPHKAP",-0.0318818016046328,6.23393543039307,0.976973977600803,0.323663742272917,0.674840026935541,0.653576787107679,"gpath_3neocort"
"1304","RAB3GAP1","Inh ENOX2 SPHKAP",-0.0124269934286709,6.93190556178074,0.200144962417803,0.964498602987566,0.995700592042286,0.995588345031111,"gpath_3neocort"
"1305","ZRANB3","Inh ENOX2 SPHKAP",-0.022714015036889,6.02311903795193,0.268554525884039,0.604646760643515,0.859527413169609,0.851010158667884,"gpath_3neocort"
"1306","R3HDM1","Inh ENOX2 SPHKAP",-0.0478272826259756,7.94158534545733,4.42473280415875,0.0361704247663147,0.270528107814418,0.230831291930215,"gpath_3neocort"
"1307","UBXN4","Inh ENOX2 SPHKAP",0.0331663883858094,6.71788041524932,1.50119140306243,0.221352925803504,0.5792891135379,0.552007540769944,"gpath_3neocort"
"1308","DARS","Inh ENOX2 SPHKAP",0.042956239107375,5.88218991996998,1.41240920247721,0.235502639235462,0.595639967536516,0.567908253251263,"gpath_3neocort"
"1309","THSD7B","Inh ENOX2 SPHKAP",-0.0801428565651427,4.7134614666211,0.655354246189147,0.418782199366168,0.744335728358177,0.730229816813963,"gpath_3neocort"
"1310","HNMT","Inh ENOX2 SPHKAP",0.14068502911409,4.48826916897647,3.75378261169506,0.0535323728090482,0.314457297970349,0.280626060118337,"gpath_3neocort"
"1311","SPOPL","Inh ENOX2 SPHKAP",0.00166023672520751,5.69855378057941,0.0018403509056517,0.965807475777213,0.995700592042286,0.99579317852034,"gpath_3neocort"
"1312","NXPH2","Inh ENOX2 SPHKAP",-0.0433449953923399,3.9755232728436,0.135716822548494,0.712810536734728,0.914520657340325,0.907357602248505,"gpath_3neocort"
"1313","LRP1B","Inh ENOX2 SPHKAP",-0.0220588273947177,10.611540464851,0.38232243781969,0.536785056414647,0.824052758098905,0.811669549019172,"gpath_3neocort"
"1314","GTDC1","Inh ENOX2 SPHKAP",-0.00755999118321001,7.48214743859037,0.0662536059871462,0.797030508241313,0.951589262927969,0.945674830987484,"gpath_3neocort"
"1315","ZEB2","Inh ENOX2 SPHKAP",0.0218997736155664,8.89596280015967,0.776094090059668,0.378972937994308,0.721070431846146,0.700498446430639,"gpath_3neocort"
"1316","TEX41","Inh ENOX2 SPHKAP",-0.300835343977192,3.84165314286246,5.02418087678542,0.02565323092367,0.23087907831303,0.1939628738587,"gpath_3neocort"
"1317","ACVR2A","Inh ENOX2 SPHKAP",0.00465277126686854,6.53287683694302,0.0210731568558406,0.884667549943644,0.979658385812387,0.976907313051102,"gpath_3neocort"
"1318","ORC4","Inh ENOX2 SPHKAP",-0.0261399249753717,6.55381970426857,0.657178844776989,0.418135922781485,0.743980927470511,0.72968677175847,"gpath_3neocort"
"1319","MBD5","Inh ENOX2 SPHKAP",0.0446669619328256,9.17192443138347,5.23794169847503,0.0227244351627197,0.216739029984882,0.18250959122988,"gpath_3neocort"
"1320","EPC2","Inh ENOX2 SPHKAP",0.0299269124152594,6.6449582342995,0.764359572704966,0.382596911062225,0.723302022893408,0.703335767136799,"gpath_3neocort"
"1321","AC105402.3","Inh ENOX2 SPHKAP",0.270112288993679,7.45144659488667,8.88496570069662,0.00308663393062829,0.0884995922531527,0.0632698159407634,"gpath_3neocort"
"1322","KIF5C","Inh ENOX2 SPHKAP",0.0105707187715661,8.37085755623017,0.294471233020723,0.587731926357551,0.851588997986641,0.841744290403976,"gpath_3neocort"
"1323","MMADHC","Inh ENOX2 SPHKAP",-0.149726727824462,4.44788468808633,4.71894884053814,0.0365654936840805,0.27089218172312,0.232081442706291,"gpath_3neocort"
"1324","AC007364.1","Inh ENOX2 SPHKAP",0.063240410983647,5.58716770841441,1.21110729025426,0.271906797264604,0.630548689292513,0.60560951330278,"gpath_3neocort"
"1325","RND3","Inh ENOX2 SPHKAP",-0.0987994567723656,4.77437608548025,1.5087107054169,0.220202223029916,0.578117695772738,0.550740693746195,"gpath_3neocort"
"1326","RIF1","Inh ENOX2 SPHKAP",0.0551461133297578,6.93587624750579,3.19266023633504,0.0748779031826042,0.364407745346358,0.330634344974883,"gpath_3neocort"
"1327","ARL5A","Inh ENOX2 SPHKAP",0.074265776085803,5.11997653548095,2.45399260933474,0.118174880685796,0.443976461465386,0.411408901250011,"gpath_3neocort"
"1328","CACNB4","Inh ENOX2 SPHKAP",0.00302584779947699,8.743086786736,0.0147334941750525,0.903461902336915,0.985974882947517,0.982224137730806,"gpath_3neocort"
"1329","STAM2","Inh ENOX2 SPHKAP",-0.0482174126701262,5.84222018554949,1.80492097287687,0.193420249624774,0.54633903802748,0.519069404394951,"gpath_3neocort"
"1330","FMNL2","Inh ENOX2 SPHKAP",-0.029954827628975,7.68751163180192,1.13978248852878,0.286470647734373,0.643312978116913,0.619410739061114,"gpath_3neocort"
"1331","PRPF40A","Inh ENOX2 SPHKAP",-0.00699778836349483,6.22652297228037,0.042649236456917,0.873819731658562,0.976948901017904,0.97364778251789,"gpath_3neocort"
"1332","ARL6IP6","Inh ENOX2 SPHKAP",0.0243375099038883,4.97671797684897,0.216611732161971,0.641937658813647,0.880428065897535,0.871716688518066,"gpath_3neocort"
"1333","GALNT13","Inh ENOX2 SPHKAP",0.148944299523293,7.64135006805491,12.5819210609852,0.000445284975039518,0.0352535372921531,0.02095654741926,"gpath_3neocort"
"1334","KCNJ3","Inh ENOX2 SPHKAP",0.0864589891722974,8.18525243632277,5.88407464020647,0.0158086679230665,0.182675838889629,0.151868177705697,"gpath_3neocort"
"1335","LINC01876","Inh ENOX2 SPHKAP",0.0018671761405881,3.87209590811366,6.20418966378467e-05,0.993720103816047,0.998951897108485,0.999277645434445,"gpath_3neocort"
"1336","GPD2","Inh ENOX2 SPHKAP",-0.0481662651652333,6.40158823078479,1.92973506383605,0.165714471483037,0.515732669639443,0.482600273815448,"gpath_3neocort"
"1337","ACVR1C","Inh ENOX2 SPHKAP",0.0886483481228423,4.48323663575174,1.10631902956645,0.293645186363266,0.650922557064796,0.626135335178755,"gpath_3neocort"
"1338","ACVR1","Inh ENOX2 SPHKAP",-0.0354727635235361,4.70052656209544,0.287921331883702,0.591913504691418,0.852544550907414,0.843993578518171,"gpath_3neocort"
"1339","UPP2","Inh ENOX2 SPHKAP",0.0762409906938011,6.76331562599259,2.20899316203829,0.138153115690362,0.473653959876989,0.442947424507073,"gpath_3neocort"
"1340","CCDC148","Inh ENOX2 SPHKAP",-0.00412338320891429,6.10788849817614,0.00902779787896013,0.924360206176929,0.990935984755782,0.987584212154551,"gpath_3neocort"
"1341","PKP4","Inh ENOX2 SPHKAP",-0.0107435811163726,8.05819440577668,0.151128583106251,0.697707293682504,0.906991539965321,0.900011909656152,"gpath_3neocort"
"1342","TANC1","Inh ENOX2 SPHKAP",-0.0225202451516092,7.27451528410178,0.414317380964798,0.520228741656748,0.813290654399328,0.800702441787414,"gpath_3neocort"
"1343","WDSUB1","Inh ENOX2 SPHKAP",-0.0273862916521203,6.4471859991139,0.7106413785731,0.399835281634625,0.733642380621641,0.716097424445843,"gpath_3neocort"
"1344","BAZ2B","Inh ENOX2 SPHKAP",0.0487636047294746,7.5189697705811,3.33000531086536,0.0689212993530524,0.350839316832214,0.317516634617637,"gpath_3neocort"
"1345","AC009961.1","Inh ENOX2 SPHKAP",0.0183731366210616,5.42277512571621,0.149462567669126,0.699296079800913,0.907723970288095,0.900823611492505,"gpath_3neocort"
"1346","MARCH7","Inh ENOX2 SPHKAP",0.0185405856979124,6.46900464671519,0.365681058847527,0.54577921250173,0.830389902379284,0.817012156736535,"gpath_3neocort"
"1347","PLA2R1","Inh ENOX2 SPHKAP",0.0203698182538119,6.48133075469266,0.27650480028933,0.599350841988225,0.858035277004799,0.848099925268183,"gpath_3neocort"
"1348","RBMS1","Inh ENOX2 SPHKAP",0.0115967051243459,7.60200212665916,0.176581019622727,0.674598740859514,0.894748370810399,0.889128700874999,"gpath_3neocort"
"1349","TANK","Inh ENOX2 SPHKAP",0.08906296776473,6.37256646208468,7.54812100121572,0.00633382288228999,0.123857366202723,0.0943213075316049,"gpath_3neocort"
"1350","PSMD14","Inh ENOX2 SPHKAP",0.00286569550146674,6.10203224056399,0.00674462715318697,0.934596050272305,0.993269159402148,0.989979255049397,"gpath_3neocort"
"1351","SLC4A10","Inh ENOX2 SPHKAP",0.0359257938820676,9.6593108959022,3.79175985473473,0.0523446939172744,0.311572511837664,0.277446351510861,"gpath_3neocort"
"1352","GCA","Inh ENOX2 SPHKAP",-0.0129538598365824,4.47712147733743,0.0321033297889281,0.85790988854074,0.971265236051276,0.968607225572824,"gpath_3neocort"
"1353","KCNH7","Inh ENOX2 SPHKAP",0.00347937261258374,7.85876548388745,0.00482554955199979,0.944660197177426,0.993827758391978,0.991914270929909,"gpath_3neocort"
"1354","FIGN","Inh ENOX2 SPHKAP",0.0342587154947071,5.9125343636139,0.414755160230577,0.520008535690083,0.813290654399328,0.800530335807042,"gpath_3neocort"
"1355","GRB14","Inh ENOX2 SPHKAP",0.212217736695257,3.9938564030289,4.75353151134291,0.0299370807987727,0.247897357838817,0.209857913759449,"gpath_3neocort"
"1356","SCN3A","Inh ENOX2 SPHKAP",-0.00634927855106547,8.16027204181858,0.0782829212174683,0.779811458039572,0.944495130113347,0.938226212149178,"gpath_3neocort"
"1357","SCN2A","Inh ENOX2 SPHKAP",-0.00910600236588631,8.77797126598612,0.306937259039273,0.949794173009946,0.994776274703702,0.992874702416685,"gpath_3neocort"
"1358","CSRNP3","Inh ENOX2 SPHKAP",0.0294039038512608,8.42518907287409,1.63958413433994,0.201272558736702,0.555395913000285,0.528475727324619,"gpath_3neocort"
"1359","AC009495.1","Inh ENOX2 SPHKAP",-0.0216147569170557,3.66048851312978,0.0249160607168246,0.874671949566445,0.976948901017904,0.97385215289616,"gpath_3neocort"
"1360","TTC21B","Inh ENOX2 SPHKAP",0.0264749255860441,6.95410279106113,0.851938218603669,0.356672027594899,0.704660621773003,0.682196242200817,"gpath_3neocort"
"1361","AC010127.1","Inh ENOX2 SPHKAP",0.044338341805489,5.89444107221877,0.584222118622947,0.445202699712368,0.762971304613294,0.749877729743246,"gpath_3neocort"
"1362","SCN1A","Inh ENOX2 SPHKAP",0.0416876357338788,8.36573929545061,2.76605991230097,0.0972225103892771,0.40762136530414,0.374641727331023,"gpath_3neocort"
"1363","SCN9A","Inh ENOX2 SPHKAP",-0.0454901619295723,6.88827704870261,1.31534451553469,0.252251592912254,0.61089714980321,0.585905677495855,"gpath_3neocort"
"1364","SCN7A","Inh ENOX2 SPHKAP",0.126171931185436,5.74036409097593,6.12290916792799,0.0138411521699913,0.171919821213489,0.141687005562025,"gpath_3neocort"
"1365","AC073050.1","Inh ENOX2 SPHKAP",0.122698026818061,9.04908906057383,14.7302768389682,0.000148379943654585,0.0208661405573325,0.0108392469551278,"gpath_3neocort"
"1366","AC016723.1","Inh ENOX2 SPHKAP",-0.0497869087100142,4.13336801207315,0.26042940734536,0.610162962631508,0.863252496019995,0.854154066341096,"gpath_3neocort"
"1367","STK39","Inh ENOX2 SPHKAP",-0.0366577437087784,6.71329675205401,1.19545100992296,0.275022058334632,0.634335576518865,0.608502490526253,"gpath_3neocort"
"1368","CERS6","Inh ENOX2 SPHKAP",0.00544161133632221,8.96651392848792,0.0626760143844644,0.802469501726791,0.952551397154178,0.947736619118522,"gpath_3neocort"
"1369","FASTKD1","Inh ENOX2 SPHKAP",0.000221183186540736,6.60644807831567,7.02855919651247e-05,0.993315906962345,0.998951897108485,0.999194450931016,"gpath_3neocort"
"1370","PPIG","Inh ENOX2 SPHKAP",0.0177679890314021,7.21875097600999,0.502483307795272,0.478906323014289,0.78670542738076,0.77320739340217,"gpath_3neocort"
"1371","KLHL23","Inh ENOX2 SPHKAP",-0.0561610498528581,6.87644371951684,3.73373592501451,0.0541708343020454,0.315989927949653,0.282289311050131,"gpath_3neocort"
"1372","SSB","Inh ENOX2 SPHKAP",-0.0242190323949425,5.71915312722117,0.24149223738156,0.623453732670718,0.871859213479292,0.861634946014612,"gpath_3neocort"
"1373","METTL5","Inh ENOX2 SPHKAP",-0.104284905269793,4.62550029199288,2.84414131870786,0.0938764253598955,0.401922427948076,0.368625319516305,"gpath_3neocort"
"1374","UBR3","Inh ENOX2 SPHKAP",0.0378091986497183,8.4582247158073,3.15674490576458,0.0765254946394158,0.369096219315815,0.33397653145063,"gpath_3neocort"
"1375","MYO3B","Inh ENOX2 SPHKAP",0.0107693024516728,4.65780388792409,0.020480199675389,0.886290502921501,0.979658385812387,0.977420774377961,"gpath_3neocort"
"1376","GAD1","Inh ENOX2 SPHKAP",-0.01746478587711,9.21837306344389,0.363669183205503,0.54688545604095,0.830389902379284,0.817524899036942,"gpath_3neocort"
"1377","GORASP2","Inh ENOX2 SPHKAP",0.0781481630219586,4.89315687812674,2.00127103651231,0.158100523875667,0.503562676465659,0.471975033083478,"gpath_3neocort"
"1378","TLK1","Inh ENOX2 SPHKAP",-0.0266444315530255,7.07212729199431,0.95330721395833,0.329586738551905,0.680389703579402,0.658864194060652,"gpath_3neocort"
"1379","METTL8","Inh ENOX2 SPHKAP",-0.0488702079319581,5.08125558067484,0.7638051862248,0.382769336519398,0.723487538630803,0.703507156513414,"gpath_3neocort"
"1380","DCAF17","Inh ENOX2 SPHKAP",0.0442793131869355,4.7671640652945,0.659308580464405,0.443122312293987,0.762793897316395,0.748297433123361,"gpath_3neocort"
"1381","DYNC1I2","Inh ENOX2 SPHKAP",-0.000297335638656227,7.16059059917489,8.04212692353461e-05,0.992850197283851,0.998951897108485,0.999193584560602,"gpath_3neocort"
"1382","SLC25A12","Inh ENOX2 SPHKAP",0.010676559725515,8.47508382346898,0.255742953182157,0.613394154503761,0.864666544807891,0.855963503640878,"gpath_3neocort"
"1383","HAT1","Inh ENOX2 SPHKAP",-0.0919067918801106,5.19282808102718,2.84070665649742,0.0928393589697319,0.399677134238395,0.366696697104211,"gpath_3neocort"
"1384","METAP1D","Inh ENOX2 SPHKAP",-0.123718544285883,5.16228243214542,5.15658367410585,0.0237957497945383,0.222596552833058,0.186776111662633,"gpath_3neocort"
"1385","DLX1","Inh ENOX2 SPHKAP",0.0522473223092719,6.38277832238113,1.81070795138678,0.179337636271028,0.530505466321907,0.500781146571069,"gpath_3neocort"
"1386","DLX2","Inh ENOX2 SPHKAP",0.109974783887594,4.19155743990558,1.96128992223357,0.162305306039783,0.509191066435374,0.477629678545022,"gpath_3neocort"
"1387","PDK1","Inh ENOX2 SPHKAP",0.185363411754044,4.7126009926185,9.96450551845977,0.00174148149486933,0.0692185583552552,0.0456987809560087,"gpath_3neocort"
"1388","RAPGEF4-AS1","Inh ENOX2 SPHKAP",-0.0846085351025245,4.47648552412882,1.27569620625739,0.259512688883712,0.618789070604698,0.593211840400719,"gpath_3neocort"
"1389","RAPGEF4","Inh ENOX2 SPHKAP",0.0197466594474034,8.71084292639263,0.917360567579093,0.338862910720141,0.688391465093233,0.666917676900669,"gpath_3neocort"
"1390","SP3","Inh ENOX2 SPHKAP",0.0135558716703719,5.80910157132674,0.122700522396513,0.726344989391506,0.921130058286624,0.913724487515668,"gpath_3neocort"
"1391","OLA1","Inh ENOX2 SPHKAP",0.0198585738945738,7.26970463512997,0.638037658502484,0.424990875324546,0.748789785400838,0.735041490052268,"gpath_3neocort"
"1392","CIR1","Inh ENOX2 SPHKAP",-0.00274196158259197,5.83139914631952,0.00503217153909389,0.943489786834488,0.993751923679859,0.991631847387887,"gpath_3neocort"
"1393","SCRN3","Inh ENOX2 SPHKAP",-0.115367762801402,5.15834161714089,4.40279235114413,0.0366321942370795,0.27089218172312,0.232280469416719,"gpath_3neocort"
"1394","GPR155","Inh ENOX2 SPHKAP",-0.0767219232201124,7.41977613193403,7.7813216246311,0.00558235091365975,0.12000206003801,0.0877858432732232,"gpath_3neocort"
"1395","AC010894.3","Inh ENOX2 SPHKAP",-0.0394482907164779,4.74571224577811,0.229819179949739,0.631972209089094,0.875660980664428,0.866230625046005,"gpath_3neocort"
"1396","CHN1","Inh ENOX2 SPHKAP",0.0611164697014991,8.12174484178709,3.74841688021764,0.0537024757374242,0.314728396319521,0.281112506432127,"gpath_3neocort"
"1397","ATF2","Inh ENOX2 SPHKAP",0.0467202763084861,6.64896840856807,2.37189811764541,0.124485218317932,0.454021369280907,0.421848667157481,"gpath_3neocort"
"1398","ATP5MC3","Inh ENOX2 SPHKAP",-0.0399806025149404,4.8559240696779,0.293989204671918,0.588037600559459,0.851588997986641,0.841874731532042,"gpath_3neocort"
"1399","LNPK","Inh ENOX2 SPHKAP",0.0541064144263112,5.58942237802881,1.84986523764399,0.184005247906138,0.536158918046073,0.507083887009412,"gpath_3neocort"
"1400","MTX2","Inh ENOX2 SPHKAP",0.0091595163772166,6.88782514421593,0.115815038212778,0.733832804670347,0.925056809304834,0.917515584493479,"gpath_3neocort"
"1401","AC074286.1","Inh ENOX2 SPHKAP",0.0597705319085397,5.52444439049677,1.04025713555171,0.30850113129408,0.665378519721319,0.640133356703041,"gpath_3neocort"
"1402","HNRNPA3","Inh ENOX2 SPHKAP",0.0365275773630658,6.81830575388322,1.42746617678768,0.233027567134918,0.592641015607164,0.565099442695356,"gpath_3neocort"
"1403","NFE2L2","Inh ENOX2 SPHKAP",-0.028169765352052,6.62633809246103,0.656656995027518,0.418320611089447,0.744173567919079,0.729815480801949,"gpath_3neocort"
"1404","AGPS","Inh ENOX2 SPHKAP",0.00300243766217393,6.07776425703014,0.00681244601391365,0.934268790983481,0.993269159402148,0.98990390201158,"gpath_3neocort"
"1405","RBM45","Inh ENOX2 SPHKAP",-0.00320658938159039,4.81920081130986,0.00256057141723142,0.959672897579753,0.995700592042286,0.994834109522038,"gpath_3neocort"
"1406","OSBPL6","Inh ENOX2 SPHKAP",-0.000377190394748501,8.66814539214987,0.000387764106127651,0.984301068749375,0.998242429439847,0.998138863420927,"gpath_3neocort"
"1407","AC009948.1","Inh ENOX2 SPHKAP",-0.00435084790949258,5.2658011076381,0.00703085399227028,0.933225863315826,0.992871567460889,0.989645304023379,"gpath_3neocort"
"1408","PRKRA","Inh ENOX2 SPHKAP",-0.066933209236533,6.10354525349077,3.0797688137804,0.0801902143296633,0.37598953328892,0.341422845437452,"gpath_3neocort"
"1409","PJVK","Inh ENOX2 SPHKAP",-0.0652141157651723,4.67570726215394,0.999827608741312,0.318077319976915,0.670959128642738,0.648602959229824,"gpath_3neocort"
"1410","PLEKHA3","Inh ENOX2 SPHKAP",-0.00373034521354778,5.3925033536593,0.00590694191039615,0.938783694439859,0.993518947956843,0.99074277316296,"gpath_3neocort"
"1411","TTN-AS1","Inh ENOX2 SPHKAP",-0.0161452156109257,7.75861916900975,0.183678141651428,0.668507908117512,0.890551300854765,0.885653904848559,"gpath_3neocort"
"1412","TTN","Inh ENOX2 SPHKAP",0.0261387977811516,4.33219711338824,0.078582832252867,0.779401020127538,0.944495130113347,0.938057006156682,"gpath_3neocort"
"1413","SESTD1","Inh ENOX2 SPHKAP",0.0505489996130701,7.21447005189287,3.52086012788402,0.0614742713098203,0.332391146038329,0.300389428540107,"gpath_3neocort"
"1414","ZNF385B","Inh ENOX2 SPHKAP",0.0523647204318627,9.29213517019504,2.43974817487671,0.11924380638822,0.445161909595969,0.4131311585255,"gpath_3neocort"
"1415","CWC22","Inh ENOX2 SPHKAP",-0.0487448602127061,5.19706393919355,1.06516583239071,0.302787940521511,0.659778242291,0.634798385294044,"gpath_3neocort"
"1416","UBE2E3","Inh ENOX2 SPHKAP",-0.0703508779779955,6.40943558236097,4.1444395702271,0.0425616475582054,0.284372339166754,0.250157182317758,"gpath_3neocort"
"1417","SSFA2","Inh ENOX2 SPHKAP",0.0915544010056446,6.12376422467003,6.06451523367503,0.0142975181331475,0.175160305720983,0.144045789929918,"gpath_3neocort"
"1418","PDE1A","Inh ENOX2 SPHKAP",0.070212690440248,9.80245435237682,5.92808772179377,0.0154254437484026,0.181635999059183,0.149971952552504,"gpath_3neocort"
"1419","DNAJC10","Inh ENOX2 SPHKAP",0.0227573083002395,5.78341782135681,0.289802720813898,0.5907061579267,0.852390391727358,0.843385303087694,"gpath_3neocort"
"1420","NCKAP1","Inh ENOX2 SPHKAP",0.0277359064457353,7.36594364150526,1.2907141928971,0.256732278992603,0.615474872680936,0.590446087753421,"gpath_3neocort"
"1421","NUP35","Inh ENOX2 SPHKAP",0.050313190083401,4.58499729323807,0.647963335583686,0.421415395602601,0.745863889926959,0.732199388715039,"gpath_3neocort"
"1422","ZNF804A","Inh ENOX2 SPHKAP",0.0982251338259241,5.74133756255681,1.60071522328368,0.206685342731504,0.563128692661964,0.535170623387684,"gpath_3neocort"
"1423","LINC01473","Inh ENOX2 SPHKAP",0.0240063891985865,4.38350349259995,0.0986733602064967,0.753623944335693,0.932383429035825,0.926609773778492,"gpath_3neocort"
"1424","ZC3H15","Inh ENOX2 SPHKAP",0.0430124155767902,5.74892486582546,1.05103243291816,0.306012611581141,0.663095418686504,0.637786932634022,"gpath_3neocort"
"1425","FAM171B","Inh ENOX2 SPHKAP",0.0515718095008384,6.64307780629892,2.83071319184434,0.093413434062088,0.400554830865968,0.367691596326428,"gpath_3neocort"
"1426","AC007319.1","Inh ENOX2 SPHKAP",-0.347100215640758,3.81447784076358,6.22220825767299,0.0130993696026329,0.167846191123169,0.137465638849942,"gpath_3neocort"
"1427","GULP1","Inh ENOX2 SPHKAP",-0.121608787524573,4.89362471575717,1.16966823320207,0.280250991815936,0.638594087367346,0.61329598094548,"gpath_3neocort"
"1428","COL5A2","Inh ENOX2 SPHKAP",0.0826583266040235,4.02462437543422,0.60767610441424,0.436217092239394,0.758584963925395,0.743037652468453,"gpath_3neocort"
"1429","WDR75","Inh ENOX2 SPHKAP",-0.0671070307548495,5.53239354376019,2.29398019365744,0.130823839537843,0.461747933823673,0.431681230478318,"gpath_3neocort"
"1430","ASNSD1","Inh ENOX2 SPHKAP",-0.0268545510575991,4.67813334741424,0.189258154520085,0.819991183285505,0.958696871826801,0.954607874904938,"gpath_3neocort"
"1431","ANKAR","Inh ENOX2 SPHKAP",0.0223669256687565,6.58315381918186,0.512414804542616,0.500911427613109,0.800833275668438,0.787775030244907,"gpath_3neocort"
"1432","ORMDL1","Inh ENOX2 SPHKAP",-0.0672495884822162,5.869712765872,2.06850611411832,0.151306664066257,0.493278973778778,0.462166133073937,"gpath_3neocort"
"1433","PMS1","Inh ENOX2 SPHKAP",0.00680570022532045,6.50744557804929,0.0541509088908433,0.937052467541278,0.993269159402148,0.990496842965193,"gpath_3neocort"
"1434","C2orf88","Inh ENOX2 SPHKAP",0.134895883378284,4.93506476483918,4.89571737435373,0.027600492695859,0.238924728440014,0.201077671418337,"gpath_3neocort"
"1435","HIBCH","Inh ENOX2 SPHKAP",0.0185759885021941,7.26919794125848,0.0790340733750237,0.778785070999355,0.944495130113347,0.93776784420204,"gpath_3neocort"
"1436","INPP1","Inh ENOX2 SPHKAP",-0.170040811947683,4.96379608610231,7.08169890861206,0.0081643641676042,0.137044064551211,0.107424302433757,"gpath_3neocort"
"1437","MFSD6","Inh ENOX2 SPHKAP",0.00661799201923631,6.34593289298999,0.0393524283597499,0.842872990060995,0.967020502878925,0.963553572362257,"gpath_3neocort"
"1438","AC108047.1","Inh ENOX2 SPHKAP",0.0210600562334612,5.1110262284762,0.136524758650224,0.711995158913217,0.913974275968483,0.906946171094701,"gpath_3neocort"
"1439","NAB1","Inh ENOX2 SPHKAP",0.134888533200518,4.21753868424881,3.03032207819966,0.0826442477147597,0.382176210746273,0.346811947816176,"gpath_3neocort"
"1440","GLS","Inh ENOX2 SPHKAP",0.0153725383152407,7.75787045251212,0.360973287149128,0.548374376441972,0.831139249461779,0.81826894847654,"gpath_3neocort"
"1441","STAT1","Inh ENOX2 SPHKAP",-0.040168791681084,4.4915082999663,0.270866338904135,0.603096621463143,0.85937297334037,0.850179031952717,"gpath_3neocort"
"1442","STAT4","Inh ENOX2 SPHKAP",-0.0467361023650459,7.14134504988887,1.84590849060969,0.17517842676298,0.525373427723405,0.495399080250615,"gpath_3neocort"
"1443","NABP1","Inh ENOX2 SPHKAP",0.108948867655932,4.74217717055518,3.36284518653384,0.0675739158098742,0.348551767040211,0.314570989378455,"gpath_3neocort"
"1444","TMEFF2","Inh ENOX2 SPHKAP",0.0565935568918267,9.24628115467635,4.57046964864529,0.0332543973613853,0.260733753224775,0.221355296527429,"gpath_3neocort"
"1445","SLC39A10","Inh ENOX2 SPHKAP",-0.0168346565803673,6.44130557872835,0.290424403719834,0.839560539586786,0.965432778069442,0.962091720071075,"gpath_3neocort"
"1446","DNAH7","Inh ENOX2 SPHKAP",0.0745086203731561,4.56368434880189,1.03582992485831,0.309531219072332,0.666017848137846,0.641052670394785,"gpath_3neocort"
"1447","HECW2","Inh ENOX2 SPHKAP",-0.0121693943931351,8.49372864903538,0.373956262562602,0.541272330392939,0.827848272870494,0.814306659289134,"gpath_3neocort"
"1448","GTF3C3","Inh ENOX2 SPHKAP",0.0112165147729235,5.03796025540121,0.0420933786993605,0.837567071103274,0.964777399858491,0.961436303134759,"gpath_3neocort"
"1449","PGAP1","Inh ENOX2 SPHKAP",-0.0354156822290258,6.48640190396824,0.825873810363104,0.364124771240084,0.710163633554163,0.688817037420847,"gpath_3neocort"
"1450","ANKRD44","Inh ENOX2 SPHKAP",0.0297375624346362,8.62266379514048,1.5979148335453,0.207081931446138,0.563128692661964,0.53563439682259,"gpath_3neocort"
"1451","SF3B1","Inh ENOX2 SPHKAP",0.0205253557417245,6.59557304363702,0.494919853877911,0.482231795417127,0.788576527921408,0.775423709313466,"gpath_3neocort"
"1452","COQ10B","Inh ENOX2 SPHKAP",0.0261798366394386,4.296951802187,0.147338239707426,0.701336771265503,0.908435418805995,0.901821986063634,"gpath_3neocort"
"1453","HSPD1","Inh ENOX2 SPHKAP",0.0448999965683223,5.81783820761831,0.533135522883502,0.46580428038622,0.777024033905069,0.764215165552305,"gpath_3neocort"
"1454","MOB4","Inh ENOX2 SPHKAP",-0.0218932601356375,4.48705725983617,0.109367350895088,0.983947156333875,0.998198786643165,0.998072539280053,"gpath_3neocort"
"1455","AC011997.1","Inh ENOX2 SPHKAP",-0.0343638549184181,4.39774234699446,0.210273736624663,0.64685167866005,0.881971667150877,0.874333696437473,"gpath_3neocort"
"1456","PLCL1","Inh ENOX2 SPHKAP",0.0197310813769406,4.50194393423468,0.0623189406594055,0.803021326216992,0.952559922311815,0.947940487344202,"gpath_3neocort"
"1457","SATB2","Inh ENOX2 SPHKAP",-0.180948879768336,3.68620189078388,2.47811086332971,0.116389177086802,0.440941248472089,0.408340660787157,"gpath_3neocort"
"1458","FTCDNL1","Inh ENOX2 SPHKAP",-0.117330160465646,5.08361643462666,3.62940738356394,0.0576271294418599,0.323629173301518,0.291377257147352,"gpath_3neocort"
"1459","C2orf69","Inh ENOX2 SPHKAP",0.111772540167904,4.72882555577234,3.77345962957813,0.0529134670159929,0.313489806285817,0.279006558440497,"gpath_3neocort"
"1460","TYW5","Inh ENOX2 SPHKAP",-0.0801981876585762,4.4219906585691,1.37624388910545,0.241579355369408,0.601020356464349,0.574249610108737,"gpath_3neocort"
"1461","MAIP1","Inh ENOX2 SPHKAP",-0.0478441845255701,5.14525582646757,0.688192676281613,0.407373313276947,0.737635054795632,0.721446910308783,"gpath_3neocort"
"1462","SPATS2L","Inh ENOX2 SPHKAP",0.050268804864193,8.76898926150431,4.38691517384918,0.0369702187287291,0.271448531517172,0.23343178987375,"gpath_3neocort"
"1463","CLK1","Inh ENOX2 SPHKAP",0.0724722277011154,6.06645803202048,3.11769191234347,0.0783615793905076,0.373083040147188,0.337654763723452,"gpath_3neocort"
"1464","PPIL3","Inh ENOX2 SPHKAP",-0.0940444974739383,4.77722074400792,2.32951870928846,0.127889103605936,0.458284368559596,0.427198836693817,"gpath_3neocort"
"1465","ORC2","Inh ENOX2 SPHKAP",0.00604096042727917,6.53404263187929,0.0395401859170239,0.842503512415006,0.967020502878925,0.963308255061201,"gpath_3neocort"
"1466","AC005037.1","Inh ENOX2 SPHKAP",-0.09693987253922,4.38195456810212,1.91584114973606,0.16724157450609,0.518110198190241,0.48471387365532,"gpath_3neocort"
"1467","FAM126B","Inh ENOX2 SPHKAP",-0.0149183588178157,7.26020068893211,0.336409432419118,0.959695782701304,0.995700592042286,0.994836001345863,"gpath_3neocort"
"1468","NDUFB3","Inh ENOX2 SPHKAP",-0.170764103651943,4.11141437127859,3.21011476459339,0.0740910481483687,0.363047536339406,0.329040982396819,"gpath_3neocort"
"1469","CFLAR","Inh ENOX2 SPHKAP",-0.0538607393373025,5.32468817773761,1.35269315940251,0.265074837585863,0.624049525407754,0.598724433772447,"gpath_3neocort"
"1470","ALS2CR12","Inh ENOX2 SPHKAP",-0.055290346279324,4.25701586735333,0.407798276607662,0.523527517611514,0.8147851952215,0.802719704604794,"gpath_3neocort"
"1471","TRAK2","Inh ENOX2 SPHKAP",-0.0547264446565838,6.1748639916894,2.59189171388644,0.108358261998531,0.426340507208765,0.39460655003536,"gpath_3neocort"
"1472","STRADB","Inh ENOX2 SPHKAP",-0.0828038776761374,4.6151554079051,1.65413794057084,0.199289047021586,0.553101325719946,0.526167311248389,"gpath_3neocort"
"1473","TMEM237","Inh ENOX2 SPHKAP",-0.100961874021177,4.46175696096016,2.04538370358084,0.153604872422656,0.497110085627059,0.465498333750475,"gpath_3neocort"
"1474","ALS2","Inh ENOX2 SPHKAP",-0.0182742450098876,6.40227760603249,0.346367135040253,0.556575296857937,0.836996892003553,0.823332731361759,"gpath_3neocort"
"1475","KIAA2012","Inh ENOX2 SPHKAP",0.221789117470052,4.10153329953661,6.85642317416522,0.00923540815830842,0.144043234280585,0.114919077228448,"gpath_3neocort"
"1476","SUMO1","Inh ENOX2 SPHKAP",0.0358286793013177,5.70168038902702,0.793258577162937,0.37375882202544,0.717216387462269,0.696601808702368,"gpath_3neocort"
"1477","NOP58","Inh ENOX2 SPHKAP",0.0473559994494478,6.40224447539697,2.14946878895829,0.143561649380334,0.482066985191928,0.45123957752575,"gpath_3neocort"
"1478","BMPR2","Inh ENOX2 SPHKAP",0.0212787005326405,8.11442009447268,1.123580024678,0.289916116977714,0.64693310738801,0.622761387898431,"gpath_3neocort"
"1479","FAM117B","Inh ENOX2 SPHKAP",0.076274508723525,6.73856204869882,4.93693416802511,0.0269594323730982,0.237551136655977,0.198780456865707,"gpath_3neocort"
"1480","ICA1L","Inh ENOX2 SPHKAP",-0.0121054508401264,7.53848853672413,0.241943811483671,0.623129368962616,0.871821402008105,0.861502737352311,"gpath_3neocort"
"1481","WDR12","Inh ENOX2 SPHKAP",-0.0749289893835102,5.36977637979589,2.37438981124748,0.124288257152415,0.45398313884104,0.421522417942322,"gpath_3neocort"
"1482","CARF","Inh ENOX2 SPHKAP",0.0305275165592772,5.00947042864619,0.291359095686681,0.58971119920041,0.852390391727358,0.84285837205974,"gpath_3neocort"
"1483","NBEAL1","Inh ENOX2 SPHKAP",0.00961763769712504,6.66711103501815,0.0945179002607894,0.758702220164232,0.934510779149923,0.92864788621653,"gpath_3neocort"
"1484","CYP20A1","Inh ENOX2 SPHKAP",-0.0394408401638603,4.99796027979124,0.408220692478347,0.523312645510053,0.814712541151888,0.802634081679328,"gpath_3neocort"
"1485","ABI2","Inh ENOX2 SPHKAP",0.023271801743677,7.74771149549372,1.15691542243409,0.282883849552499,0.640385789146006,0.615870260961948,"gpath_3neocort"
"1486","RAPH1","Inh ENOX2 SPHKAP",0.0616657872340928,7.43102841667038,5.37294788769479,0.021056126405503,0.211386143233803,0.175768239317884,"gpath_3neocort"
"1487","PARD3B","Inh ENOX2 SPHKAP",0.160875354757583,4.3866838473968,4.500891961134,0.034614468902854,0.265775825237254,0.225790995265793,"gpath_3neocort"
"1488","NRP2","Inh ENOX2 SPHKAP",0.0266586608355607,4.16877550458045,0.0954724543059471,0.7575250241439,0.934070145831043,0.928078624814633,"gpath_3neocort"
"1489","INO80D","Inh ENOX2 SPHKAP",0.172772914374352,7.27215533269878,8.4842398382676,0.00382397347538643,0.0995742219155601,0.0709242140182397,"gpath_3neocort"
"1490","NDUFS1","Inh ENOX2 SPHKAP",-0.0263429869211364,6.96744942435441,0.900353338705548,0.343374201232843,0.692007030547481,0.670756239408627,"gpath_3neocort"
"1491","EEF1B2","Inh ENOX2 SPHKAP",-0.114228477476565,4.19870577414176,1.50469829627246,0.220815359455941,0.578504162061328,0.551321382033491,"gpath_3neocort"
"1492","ZDBF2","Inh ENOX2 SPHKAP",0.0586699779660458,6.40517802638888,3.29289321844038,0.0704788123615687,0.354278144614827,0.320819943992512,"gpath_3neocort"
"1493","ADAM23","Inh ENOX2 SPHKAP",-0.0853825802651746,7.10801071419019,5.27408581536866,0.0222647298631437,0.216167843801549,0.180677431497684,"gpath_3neocort"
"1494","FASTKD2","Inh ENOX2 SPHKAP",-0.124918927460357,5.06928756368944,5.48992225853097,0.0197137308605938,0.202930561438121,0.170186025028205,"gpath_3neocort"
"1495","KLF7","Inh ENOX2 SPHKAP",-0.014740900440141,5.88598437525224,0.134195007013371,0.714353889254282,0.91560916499627,0.908036494085197,"gpath_3neocort"
"1496","CREB1","Inh ENOX2 SPHKAP",0.0231000198295585,6.31195620460411,0.453685022600583,0.501056793673888,0.800919732507534,0.78786004830173,"gpath_3neocort"
"1497","METTL21A","Inh ENOX2 SPHKAP",-0.054825669156255,4.62337371888148,0.414840753400072,0.51996550096603,0.813290654399328,0.800499048177768,"gpath_3neocort"
"1498","CCNYL1","Inh ENOX2 SPHKAP",-0.13872728177053,4.58625234585028,4.47055322837952,0.0352256952462928,0.267572402736661,0.227877454330509,"gpath_3neocort"
"1499","PLEKHM3","Inh ENOX2 SPHKAP",-0.00253168748990242,7.10219422924987,0.0100115147595636,0.952786013790758,0.994776274703702,0.993495591593186,"gpath_3neocort"
"1500","C2orf80","Inh ENOX2 SPHKAP",0.0349092677304033,5.49374760140254,0.622345991442641,0.430737395470641,0.753903852081274,0.739333865545312,"gpath_3neocort"
"1501","IDH1","Inh ENOX2 SPHKAP",-0.132299432435693,4.85577946571182,4.62370380900972,0.0322517360144605,0.256772362474106,0.21808155983364,"gpath_3neocort"
"1502","PIKFYVE","Inh ENOX2 SPHKAP",0.0372091386399245,6.27252053590713,1.28141474334153,0.258449585925672,0.617463706512314,0.592179739490934,"gpath_3neocort"
"1503","MAP2","Inh ENOX2 SPHKAP",0.0605660845908895,9.99585348710507,8.8932044755533,0.00307310240702681,0.0884995922531527,0.0631100458599123,"gpath_3neocort"
"1504","UNC80","Inh ENOX2 SPHKAP",-0.0153010201556544,8.73185033820613,0.474158174017116,0.491559230682067,0.795903809580715,0.781722953333679,"gpath_3neocort"
"1505","RPE","Inh ENOX2 SPHKAP",-0.0105845679871414,5.49727553924064,0.049017525263905,0.824917282148688,0.961810882850087,0.956553552279182,"gpath_3neocort"
"1506","KANSL1L","Inh ENOX2 SPHKAP",0.0454662417378063,7.27177508431635,1.90714029334545,0.168206136896677,0.518440590239748,0.486097073279463,"gpath_3neocort"
"1507","AC007038.1","Inh ENOX2 SPHKAP",0.0318006034803246,4.68579500296249,0.238987513572565,0.625259735538027,0.873023266999105,0.862569370705193,"gpath_3neocort"
"1508","LANCL1","Inh ENOX2 SPHKAP",-0.0559871903796773,6.58262969896689,3.39723433030251,0.0661932343627831,0.344700383007904,0.311282852002558,"gpath_3neocort"
"1509","CPS1","Inh ENOX2 SPHKAP",0.0912059932948214,4.12385876393444,1.01847114921529,0.313613721159171,0.666629813047172,0.644500634890792,"gpath_3neocort"
"1510","ERBB4","Inh ENOX2 SPHKAP",-0.0681296101001035,6.8862792289013,0.597406266997589,0.440116929807005,0.761253758873999,0.745916566096355,"gpath_3neocort"
"1511","IKZF2","Inh ENOX2 SPHKAP",0.0845489229412841,4.86652777994733,1.75702251635747,0.185903808704514,0.538468557157811,0.509503765666047,"gpath_3neocort"
"1512","SPAG16","Inh ENOX2 SPHKAP",0.086437543800057,7.61979589852133,6.70145752426088,0.0100552848297263,0.14951136615208,0.120244221253633,"gpath_3neocort"
"1513","VWC2L","Inh ENOX2 SPHKAP",0.0478219962783285,4.8633107750617,0.316992038409611,0.57379933722934,0.845461937651583,0.833442097777866,"gpath_3neocort"
"1514","AC016708.1","Inh ENOX2 SPHKAP",-0.272807175509557,3.25212395638141,3.20645669408879,0.0742552131797312,0.363106517344138,0.329444671068167,"gpath_3neocort"
"1515","ATIC","Inh ENOX2 SPHKAP",-0.0319086191423222,4.59439831981168,0.274752396273508,0.600509754122685,0.858576418388887,0.848773323508997,"gpath_3neocort"
"1516","MREG","Inh ENOX2 SPHKAP",0.0646050341010331,4.9566163512314,1.31277356620701,0.252714755050124,0.610959791701137,0.586469913933215,"gpath_3neocort"
"1517","PECR","Inh ENOX2 SPHKAP",-0.019581761346104,5.4916804466752,0.196099029228066,0.658175343409965,0.886317117013643,0.880552412730779,"gpath_3neocort"
"1518","TMEM169","Inh ENOX2 SPHKAP",-0.0158096936580686,4.67241723703926,0.0664335382350782,0.865305391536196,0.973693540880457,0.970911906559782,"gpath_3neocort"
"1519","XRCC5","Inh ENOX2 SPHKAP",0.00385843296833977,6.95729788651654,0.0205614024151262,0.886066842612406,0.979658385812387,0.977352652118978,"gpath_3neocort"
"1520","MARCH4","Inh ENOX2 SPHKAP",-0.0575945359204918,7.04219493054463,3.12957904105159,0.0777977128791197,0.371551803833677,0.336625790008983,"gpath_3neocort"
"1521","SMARCAL1","Inh ENOX2 SPHKAP",-0.0341493179701143,6.20670027528276,0.765951694086921,0.382102341935118,0.723056833873942,0.702973810711171,"gpath_3neocort"
"1522","RPL37A","Inh ENOX2 SPHKAP",-0.0352739420412065,6.33356023295515,0.522720237591137,0.4701904455825,0.780950803186489,0.767150740343694,"gpath_3neocort"
"1523","AC007563.2","Inh ENOX2 SPHKAP",0.115168218047448,6.65517231327715,2.73576083697241,0.099065820065862,0.411204669386489,0.37786153127702,"gpath_3neocort"
"1524","DIRC3","Inh ENOX2 SPHKAP",-0.0428629550909584,5.65252593783652,0.452499669692215,0.501616194407909,0.800919732507534,0.788268472348189,"gpath_3neocort"
"1525","ARPC2","Inh ENOX2 SPHKAP",-0.0189582784410347,5.70087352364789,0.19557046366471,0.658606960418892,0.886317117013643,0.880763438698101,"gpath_3neocort"
"1526","AAMP","Inh ENOX2 SPHKAP",-0.000865548747273137,4.45471493914382,0.00017984906833592,0.989308085555102,0.998951897108485,0.998728720282548,"gpath_3neocort"
"1527","PNKD","Inh ENOX2 SPHKAP",-0.0811226892871541,6.00310801399904,4.04574327244384,0.0450871867323603,0.291460689050803,0.257550105099369,"gpath_3neocort"
"1528","USP37","Inh ENOX2 SPHKAP",0.0259762038465782,6.00220128595324,0.493165072257425,0.483008764169664,0.788919715780642,0.775891505229547,"gpath_3neocort"
"1529","CNOT9","Inh ENOX2 SPHKAP",-0.00802062207636943,5.28100912214118,0.0315501925746573,0.859126337226752,0.97158870817798,0.968917448244372,"gpath_3neocort"
"1530","STK36","Inh ENOX2 SPHKAP",-0.0183571250561042,4.63629610101884,0.0916630603864316,0.762262261318394,0.935802325349804,0.930293838723726,"gpath_3neocort"
"1531","CDK5R2","Inh ENOX2 SPHKAP",-0.157190255930113,4.78125316337194,5.75827675301874,0.0169593354421994,0.189175267509894,0.157824767677864,"gpath_3neocort"
"1532","RETREG2","Inh ENOX2 SPHKAP",-0.102006201068802,5.61036744478111,3.17575003160837,0.0756488256928931,0.366866665636152,0.332192174404414,"gpath_3neocort"
"1533","ZFAND2B","Inh ENOX2 SPHKAP",-0.284942760443966,4.27498434507135,11.5814998850227,0.000747247151342789,0.0449435097535853,0.0282339510235653,"gpath_3neocort"
"1534","ANKZF1","Inh ENOX2 SPHKAP",0.0146285680788818,5.18550669138699,0.0707152900548248,0.790462505097409,0.948347180002838,0.942697156865172,"gpath_3neocort"
"1535","TUBA4A","Inh ENOX2 SPHKAP",-0.129249567076327,5.56126228555904,3.52158744485893,0.061447598707654,0.332391146038329,0.300357386056681,"gpath_3neocort"
"1536","DNAJB2","Inh ENOX2 SPHKAP",0.0548988490189002,6.19993922679789,1.60029534540156,0.206744748033536,0.563128692661964,0.53524740308322,"gpath_3neocort"
"1537","PTPRN","Inh ENOX2 SPHKAP",0.0344332012505462,6.50673856837925,0.840933467506387,0.359792734134838,0.706241008870197,0.684650690427226,"gpath_3neocort"
"1538","SPEG","Inh ENOX2 SPHKAP",-0.0236946449900698,5.33143217410149,0.257398545560782,0.612248441802797,0.863977905269201,0.855345308932735,"gpath_3neocort"
"1539","OBSL1","Inh ENOX2 SPHKAP",-0.109368125094067,5.60745571000084,5.3245274572584,0.0216393040911219,0.214367795767391,0.178154180840378,"gpath_3neocort"
"1540","STK11IP","Inh ENOX2 SPHKAP",-0.066541338544622,3.98307435925674,0.64264189628884,0.423326670598987,0.747306703858775,0.733781756658597,"gpath_3neocort"
"1541","SLC4A3","Inh ENOX2 SPHKAP",-0.0764008165740131,5.22668004015447,2.21989227166326,0.137187872332343,0.47264491535137,0.441436807747401,"gpath_3neocort"
"1542","EPHA4","Inh ENOX2 SPHKAP",0.141346448190229,5.63616623528146,5.29142544344303,0.0220476401428144,0.215562168384263,0.179750626723461,"gpath_3neocort"
"1543","FARSB","Inh ENOX2 SPHKAP",-0.0822359469026665,5.99757644849437,4.51945648039435,0.0342459590293806,0.264826346163865,0.224664780667846,"gpath_3neocort"
"1544","ACSL3","Inh ENOX2 SPHKAP",0.0146219403587885,7.3579526625024,0.266925157782153,0.605744395319903,0.859999842779591,0.851533853010999,"gpath_3neocort"
"1545","SCG2","Inh ENOX2 SPHKAP",-0.00411495358044268,5.26909656267202,0.00237659357145307,0.961147462987751,0.995700592042286,0.99507076105127,"gpath_3neocort"
"1546","WDFY1","Inh ENOX2 SPHKAP",0.0288255081801312,5.86488792076449,0.564579913720745,0.452950791439318,0.769779198435615,0.755264876379158,"gpath_3neocort"
"1547","MRPL44","Inh ENOX2 SPHKAP",0.0673121171760471,4.14761744168195,0.757895840295224,0.384614149151723,0.725144740452949,0.704911118820161,"gpath_3neocort"
"1548","CUL3","Inh ENOX2 SPHKAP",-0.0105350413810963,6.54504638470836,0.102505282179634,0.749044198785013,0.930737834345854,0.924522077567687,"gpath_3neocort"
"1549","DOCK10","Inh ENOX2 SPHKAP",-0.00591703706844541,5.16801665495796,0.00753783522641627,0.930866142231546,0.992579123934825,0.989144377097302,"gpath_3neocort"
"1550","NYAP2","Inh ENOX2 SPHKAP",0.13195890387537,5.20887468602081,4.74001199057875,0.0301697816412327,0.248494779029054,0.21073624979835,"gpath_3neocort"
"1551","IRS1","Inh ENOX2 SPHKAP",0.0362674818274392,5.0508858639177,0.425618062394433,0.51459647119918,0.809808392239146,0.797239598796952,"gpath_3neocort"
"1552","RHBDD1","Inh ENOX2 SPHKAP",-0.070947993031782,5.33683350194833,1.59829707429515,0.207027745702032,0.563128692661964,0.535546533282173,"gpath_3neocort"
"1553","COL4A4","Inh ENOX2 SPHKAP",-0.100825017265751,3.60359083725672,0.54098913928394,0.46254014067573,0.775333429049331,0.761979380486175,"gpath_3neocort"
"1554","COL4A3","Inh ENOX2 SPHKAP",0.0215706211786774,3.84968609575054,0.0365029850985493,0.848596792783248,0.96901071828263,0.965566776576678,"gpath_3neocort"
"1555","AC097662.1","Inh ENOX2 SPHKAP",0.0549065113594779,4.37817229763401,0.537727147814588,0.463891444114341,0.775745996780134,0.762873038744716,"gpath_3neocort"
"1556","MFF","Inh ENOX2 SPHKAP",-0.0159783931729444,6.17731877404415,0.235613693182005,0.650322201576575,0.883125333262741,0.876107833996835,"gpath_3neocort"
"1557","AGFG1","Inh ENOX2 SPHKAP",0.0650593971833567,6.48122580630483,4.47371069787915,0.0351615570138534,0.267572402736661,0.227650251610568,"gpath_3neocort"
"1558","SPHKAP","Inh ENOX2 SPHKAP",0.0139408907088887,9.78702196197432,0.23475469224235,0.628338607186728,0.87435858199262,0.864331917111052,"gpath_3neocort"
"1559","PID1","Inh ENOX2 SPHKAP",-0.0312054410930607,6.96725445420723,0.61222923025462,0.434505021225098,0.757053424929146,0.741799096723027,"gpath_3neocort"
"1560","DNER","Inh ENOX2 SPHKAP",-0.00901228387178335,8.17196840194528,0.16404833673666,0.6857160646219,0.900825161273175,0.894547978483303,"gpath_3neocort"
"1561","TRIP12","Inh ENOX2 SPHKAP",0.02662923157361,7.24870539862737,1.14875697489487,0.302678565310426,0.659687526632259,0.634676155081852,"gpath_3neocort"
"1562","FBXO36","Inh ENOX2 SPHKAP",-0.0598211462708745,5.24716179439835,1.3432151215111,0.2472971154944,0.605217510497873,0.580382399258232,"gpath_3neocort"
"1563","SLC16A14","Inh ENOX2 SPHKAP",-0.0163666717862385,5.55935686717055,0.137510163811961,0.957663236586646,0.995700592042286,0.994425374886957,"gpath_3neocort"
"1564","CAB39","Inh ENOX2 SPHKAP",0.0488640380787071,6.68816138359983,2.97045180319713,0.0857251805921934,0.386477689169805,0.352989472406068,"gpath_3neocort"
"1565","ITM2C","Inh ENOX2 SPHKAP",-0.140851124770453,5.8820566705321,4.82350740365575,0.028762313608466,0.244191290252173,0.205438288718953,"gpath_3neocort"
"1566","C2orf72","Inh ENOX2 SPHKAP",-0.139441459056475,5.24409368850387,6.2418310701844,0.0129577126376941,0.167846191123169,0.13672036495804,"gpath_3neocort"
"1567","PSMD1","Inh ENOX2 SPHKAP",-0.0440763238830874,6.82592325331988,2.42607403780455,0.120280051912676,0.446544851515682,0.414790903689316,"gpath_3neocort"
"1568","ARMC9","Inh ENOX2 SPHKAP",-0.0507119866296571,6.77128865893439,2.78724144751902,0.0959562024576446,0.406092744744297,0.372392375070327,"gpath_3neocort"
"1569","NCL","Inh ENOX2 SPHKAP",0.116950831194838,5.55805094326606,6.56547506902056,0.0108364333948358,0.154146307032209,0.124805195723717,"gpath_3neocort"
"1570","PTMA","Inh ENOX2 SPHKAP",0.050805370543851,6.56857349333721,0.870026492421494,0.351622899486743,0.700365715834146,0.677935610403449,"gpath_3neocort"
"1571","PDE6D","Inh ENOX2 SPHKAP",-0.0488460278823466,4.88753798000436,0.747611454114545,0.490366874642947,0.794938009867324,0.780826009702927,"gpath_3neocort"
"1572","COPS7B","Inh ENOX2 SPHKAP",-0.0921452906028834,4.62812426479218,1.91288670160007,0.16756838460044,0.518110198190241,0.485195999333673,"gpath_3neocort"
"1573","DIS3L2","Inh ENOX2 SPHKAP",-0.0303861100038106,7.15955059185988,1.42905050673447,0.232768973064041,0.592137998876078,0.564851801269918,"gpath_3neocort"
"1574","EIF4E2","Inh ENOX2 SPHKAP",-0.0240323543894954,5.08191591909773,0.273570368789318,0.601294125573571,0.858992566768831,0.849271438870998,"gpath_3neocort"
"1575","GIGYF2","Inh ENOX2 SPHKAP",-0.027813857497074,7.21630781025722,1.12450479861667,0.289718043796251,0.646932884771358,0.622625246740915,"gpath_3neocort"
"1576","SNORC","Inh ENOX2 SPHKAP",0.0788281875152206,4.09240423060349,1.0727279664027,0.301080641708455,0.658415290580942,0.633201254423635,"gpath_3neocort"
"1577","NGEF","Inh ENOX2 SPHKAP",-0.0205658816191857,3.88437017214504,0.0486751894474184,0.825519818832352,0.961952094667183,0.956790385167858,"gpath_3neocort"
"1578","ATG16L1","Inh ENOX2 SPHKAP",-0.103963356618264,4.86697078103207,3.70655935689753,0.0550493487440703,0.317059440812458,0.284788067708101,"gpath_3neocort"
"1579","DGKD","Inh ENOX2 SPHKAP",-0.0467335750096773,5.87563062629007,1.20681470432973,0.272756494114554,0.630855968929576,0.606430550230322,"gpath_3neocort"
"1580","USP40","Inh ENOX2 SPHKAP",-0.000206092918962835,5.68115893312774,4.54912782843309e-05,0.994622564583968,0.999137047031017,0.999349437698291,"gpath_3neocort"
"1581","ARL4C","Inh ENOX2 SPHKAP",-0.0987353844059062,6.69533311490444,4.33733380619036,0.0380471016938937,0.273876430580498,0.236665955573232,"gpath_3neocort"
"1582","AGAP1","Inh ENOX2 SPHKAP",0.0056624232587319,8.87912244282613,0.067565367906029,0.79507558484964,0.950809763991382,0.944804056115306,"gpath_3neocort"
"1583","IQCA1","Inh ENOX2 SPHKAP",0.0988611446249475,5.25599552407964,2.73216737847474,0.0992869642279596,0.411253278456772,0.378192657825285,"gpath_3neocort"
"1584","AC105760.2","Inh ENOX2 SPHKAP",0.000952398603435341,3.66994213818484,0.000468353250951126,0.982746897440194,0.998198786643165,0.998004807425511,"gpath_3neocort"
"1585","COPS8","Inh ENOX2 SPHKAP",-0.114263513177023,4.95804359968096,3.14254874751256,0.0771874938869038,0.370271849007957,0.335403989168876,"gpath_3neocort"
"1586","LRRFIP1","Inh ENOX2 SPHKAP",-0.00917087014941023,8.21346078730693,0.131680889815439,0.716925486029897,0.916487955207854,0.909111648192703,"gpath_3neocort"
"1587","RAMP1","Inh ENOX2 SPHKAP",-0.00372418100349299,4.49300704011762,0.00308937079975358,0.955708007838474,0.995367334794766,0.994018148076696,"gpath_3neocort"
"1588","ILKAP","Inh ENOX2 SPHKAP",-0.0324208471920285,5.96737488626147,0.790916103591689,0.374464427542328,0.717216387462269,0.697155067665924,"gpath_3neocort"
"1589","PER2","Inh ENOX2 SPHKAP",0.00535755341871235,4.445728321982,0.00346636473504002,0.953086269661698,0.994776274703702,0.993527973562698,"gpath_3neocort"
"1590","TRAF3IP1","Inh ENOX2 SPHKAP",-0.0378034761701768,5.82886080505659,0.790742235424876,0.374516875153588,0.717216387462269,0.697174484197055,"gpath_3neocort"
"1591","HDAC4","Inh ENOX2 SPHKAP",-0.0206385549213679,7.13148282929237,0.36265143218326,0.547446664503886,0.830638145674485,0.817766654213201,"gpath_3neocort"
"1592","NDUFA10","Inh ENOX2 SPHKAP",-0.0212258156199195,6.83578869572016,0.457371495271314,0.499323814436151,0.800107578037865,0.78687714038157,"gpath_3neocort"
"1593","COPS9","Inh ENOX2 SPHKAP",-0.0947418064204487,4.38063481413288,1.14900891472898,0.284531946522801,0.640556855832835,0.617536081739768,"gpath_3neocort"
"1594","GPC1","Inh ENOX2 SPHKAP",-0.120299332547537,5.91008457557043,5.7781587263478,0.0167718534279055,0.188201675882451,0.156847052647746,"gpath_3neocort"
"1595","ANKMY1","Inh ENOX2 SPHKAP",-0.117399867471186,5.31039911244695,4.24007267014697,0.0402566973892227,0.279791934233478,0.243365875583544,"gpath_3neocort"
"1596","KIF1A","Inh ENOX2 SPHKAP",0.000100524935461323,7.34628990059095,1.07062786178896e-05,0.997391247196133,0.999341080892678,0.999658398973017,"gpath_3neocort"
"1597","SNED1","Inh ENOX2 SPHKAP",0.00230067139606156,5.33915288022229,0.0016491023228844,0.967631801660537,0.995859773924732,0.996044509967192,"gpath_3neocort"
"1598","MTERF4","Inh ENOX2 SPHKAP",-0.00662720671488703,5.87123956342928,0.0325930499367983,0.85684190255531,0.971235029632888,0.968298101011965,"gpath_3neocort"
"1599","PPP1R7","Inh ENOX2 SPHKAP",-0.0297349479021864,5.22139666441672,0.348759636275189,0.580100334342896,0.848227947134777,0.837049053564387,"gpath_3neocort"
"1600","HDLBP","Inh ENOX2 SPHKAP",-0.00129421659849445,6.17634901758975,0.00137178584539568,0.970477168182646,0.995943372722374,0.996395790968594,"gpath_3neocort"
"1601","SEPT2","Inh ENOX2 SPHKAP",-0.0866459841616382,6.71612144479961,7.72619049964348,0.00575132601034234,0.121226001490722,0.0894121735695987,"gpath_3neocort"
"1602","FARP2","Inh ENOX2 SPHKAP",-0.0651961572923932,5.67840412458013,2.14533855989402,0.143945710451197,0.482576962885919,0.451771700784793,"gpath_3neocort"
"1603","STK25","Inh ENOX2 SPHKAP",0.0311412291439446,5.65491005445832,0.567905668297522,0.451624155484402,0.768923419137493,0.754442685128546,"gpath_3neocort"
"1604","THAP4","Inh ENOX2 SPHKAP",0.0429982094011999,4.99458895229143,0.685931690735413,0.408144034459182,0.738069936409195,0.72203468658545,"gpath_3neocort"
"1605","ATG4B","Inh ENOX2 SPHKAP",-0.0513638048605573,6.01797604302782,2.10338660349534,0.147913309590724,0.487650632216287,0.457138473265115,"gpath_3neocort"
"1606","ING5","Inh ENOX2 SPHKAP",0.0643712152549232,5.96559769162656,3.2286601387166,0.0732647780006433,0.360202019347936,0.327057989676763,"gpath_3neocort"
"1607","D2HGDH","Inh ENOX2 SPHKAP",-0.205404036516668,4.65063055018278,7.56003947210205,0.00629300896975238,0.123857366202723,0.094019557928383,"gpath_3neocort"
"1608","RTP5","Inh ENOX2 SPHKAP",0.142516813798408,4.44464022900228,3.33299322781976,0.0687975227335917,0.350575759487031,0.317240428023677,"gpath_3neocort"
"1609","CHL1","Inh ENOX2 SPHKAP",0.0240759850775777,9.2122566317788,1.0282735818986,0.311299758278859,0.66620805586772,0.642466841648738,"gpath_3neocort"
"1610","CNTN6","Inh ENOX2 SPHKAP",-0.0532120287267776,5.64153348758356,0.6286706807604,0.428407147765482,0.751545452160019,0.737762835822638,"gpath_3neocort"
"1611","CNTN4","Inh ENOX2 SPHKAP",0.0320160000057221,9.71245297877063,1.28927718749401,0.256996721783682,0.615805629116509,0.590658868576052,"gpath_3neocort"
"1612","TRNT1","Inh ENOX2 SPHKAP",-0.0264729526462789,4.77401417318395,0.194345440247208,0.659609980959135,0.886317117013643,0.881212385748931,"gpath_3neocort"
"1613","CRBN","Inh ENOX2 SPHKAP",-0.0253078907835047,6.59599874646367,0.591681872216478,0.442314022636453,0.762345832289164,0.747734536241606,"gpath_3neocort"
"1614","AC034195.1","Inh ENOX2 SPHKAP",-0.0236307696373804,6.36436322206783,0.177848447998355,0.673500565012953,0.894266226083466,0.888499971330921,"gpath_3neocort"
"1615","SUMF1","Inh ENOX2 SPHKAP",-0.0301162115915489,7.73286811858224,0.629488897650826,0.428107081960315,0.751391920510999,0.737553395824659,"gpath_3neocort"
"1616","LRRN1","Inh ENOX2 SPHKAP",-0.134645563349963,4.49784136639086,3.6055898075767,0.0584486907275246,0.325427873244502,0.293504435852717,"gpath_3neocort"
"1617","ITPR1","Inh ENOX2 SPHKAP",-0.0264470565270018,8.34027787089717,0.715085980525834,0.39836696392579,0.732495750511582,0.71504213562956,"gpath_3neocort"
"1618","AC018816.1","Inh ENOX2 SPHKAP",-0.140635215444258,5.1586798429888,6.08373483154083,0.0141456175145527,0.174415470753451,0.143253780659315,"gpath_3neocort"
"1619","BHLHE40-AS1","Inh ENOX2 SPHKAP",-0.0132192700397362,4.39607066487042,0.0283855262450582,0.866307792025623,0.973910519286272,0.97125769119539,"gpath_3neocort"
"1620","BHLHE40","Inh ENOX2 SPHKAP",0.222698662152559,3.96655771006392,6.56435660554134,0.0108431115544325,0.154146307032209,0.124811575263932,"gpath_3neocort"
"1621","ARL8B","Inh ENOX2 SPHKAP",0.00118172943902371,6.30920062649572,0.00140555937018743,0.970116118906079,0.995943372722374,0.996375172164603,"gpath_3neocort"
"1622","AC026202.2","Inh ENOX2 SPHKAP",-0.331296852080863,3.4578382509529,5.60880430728227,0.0184402999115619,0.197548559448613,0.164471437414968,"gpath_3neocort"
"1623","AC026167.1","Inh ENOX2 SPHKAP",0.0105198037227683,3.47024489025794,0.00767669908020925,0.930233865743118,0.992451853904102,0.988992022204034,"gpath_3neocort"
"1624","GRM7","Inh ENOX2 SPHKAP",-0.0727297058448158,7.93826435528262,3.24862154525438,0.0723865037536345,0.358385438723642,0.325071483991181,"gpath_3neocort"
"1625","LMCD1-AS1","Inh ENOX2 SPHKAP",-0.299732287262593,4.89844776655368,9.60660160614968,0.00210384298819494,0.0755986089263553,0.0510456343901108,"gpath_3neocort"
"1626","RAD18","Inh ENOX2 SPHKAP",0.0535563871320107,5.91647799644545,1.20946483393885,0.272231520285374,0.630548689292513,0.605942888449472,"gpath_3neocort"
"1627","SRGAP3","Inh ENOX2 SPHKAP",-0.042446418768306,8.79685591820934,3.53630435701962,0.0609105419836584,0.331315032076289,0.299193069953024,"gpath_3neocort"
"1628","THUMPD3-AS1","Inh ENOX2 SPHKAP",-0.00176886813704891,6.07039965423871,0.0018011325755661,0.966173541541463,0.995700592042286,0.995849505805212,"gpath_3neocort"
"1629","SETD5","Inh ENOX2 SPHKAP",-0.0302445060197612,8.01460849466897,2.09626361738162,0.189603869535928,0.542888115713279,0.514338177979624,"gpath_3neocort"
"1630","LHFPL4","Inh ENOX2 SPHKAP",0.0185398459160138,7.05376041681151,0.534832194692268,0.465095991274341,0.776839532053566,0.76372326341596,"gpath_3neocort"
"1631","MTMR14","Inh ENOX2 SPHKAP",-0.03674088801728,4.70336194847492,0.388843310462144,0.533334369823227,0.821979169338722,0.80965215923211,"gpath_3neocort"
"1632","OGG1","Inh ENOX2 SPHKAP",-0.0490779791532915,4.67623995810764,0.678474006449356,0.410701461923432,0.740342442616465,0.724027944897583,"gpath_3neocort"
"1633","CAMK1","Inh ENOX2 SPHKAP",-0.0597354710821368,5.22982584195606,1.3617021397568,0.244076580462031,0.602403807244877,0.57687944287585,"gpath_3neocort"
"1634","TADA3","Inh ENOX2 SPHKAP",0.0871233627153453,4.60436022106441,2.23717773468385,0.135672559243015,0.470337978607504,0.439281049851262,"gpath_3neocort"
"1635","RPUSD3","Inh ENOX2 SPHKAP",-0.0879424760894131,4.54249172168594,1.93693443478413,0.164929480255165,0.514060515185705,0.481485850537313,"gpath_3neocort"
"1636","CRELD1","Inh ENOX2 SPHKAP",-0.0802418974337574,6.06909192825854,3.58415026966737,0.0591989222373927,0.326420132171676,0.295138281214778,"gpath_3neocort"
"1637","PRRT3","Inh ENOX2 SPHKAP",-0.0288813250670378,4.76071857589148,0.265338187525417,0.606817558014975,0.86066952290314,0.852134635287066,"gpath_3neocort"
"1638","EMC3","Inh ENOX2 SPHKAP",-0.186123817388345,5.04015296810959,12.0344157734367,0.00059082537700066,0.040233968679947,0.0246101324307048,"gpath_3neocort"
"1639","BRK1","Inh ENOX2 SPHKAP",-0.156979854246068,4.97194057546282,5.00997526682111,0.0258613192015974,0.232108319248991,0.194731224006346,"gpath_3neocort"
"1640","VHL","Inh ENOX2 SPHKAP",-0.0566692945643379,4.61247876268808,0.921546517584635,0.337764830368765,0.687987569657411,0.66605921225404,"gpath_3neocort"
"1641","SEC13","Inh ENOX2 SPHKAP",0.0178447795299179,4.79332180644078,0.0963208525560528,0.789049526330981,0.948261666964223,0.942183077091489,"gpath_3neocort"
"1642","ATP2B2","Inh ENOX2 SPHKAP",0.0123448892590841,8.18509174059274,0.315070093230884,0.574962559427711,0.845880647634387,0.834105341276177,"gpath_3neocort"
"1643","SLC6A11","Inh ENOX2 SPHKAP",0.0016440362859087,5.81502235254306,0.00139106772775346,0.970270500910685,0.995943372722374,0.996382665948347,"gpath_3neocort"
"1644","SLC6A1","Inh ENOX2 SPHKAP",-0.010582432522137,8.31935440205137,0.211957154958798,0.645537811643204,0.881537962386976,0.873725777979122,"gpath_3neocort"
"1645","SLC6A1-AS1","Inh ENOX2 SPHKAP",-0.169626312311831,5.13814469298728,3.04472600074664,0.0819210878919808,0.380670903096441,0.345243668829201,"gpath_3neocort"
"1646","HRH1","Inh ENOX2 SPHKAP",-0.103412672369259,5.28873140506217,1.97561728098333,0.160783970857508,0.506410578508632,0.475404767772596,"gpath_3neocort"
"1647","ATG7","Inh ENOX2 SPHKAP",-0.0258062068072132,8.14052266381485,0.859488443393375,0.354552457601627,0.703326916301619,0.680335161221304,"gpath_3neocort"
"1648","VGLL4","Inh ENOX2 SPHKAP",-0.00594853868149561,7.27760811647562,0.0473817985516558,0.827816576322291,0.962118428559343,0.957737715908164,"gpath_3neocort"
"1649","TAMM41","Inh ENOX2 SPHKAP",-0.0705591662135217,5.84768248917939,3.04022226836458,0.0821464611843642,0.380859348939372,0.345698216856871,"gpath_3neocort"
"1650","SYN2","Inh ENOX2 SPHKAP",0.0258968010716926,9.3812955690294,1.34064290328933,0.247749329543594,0.605217510497873,0.5808934250365,"gpath_3neocort"
"1651","PPARG","Inh ENOX2 SPHKAP",0.0611893556681346,6.41326670104694,1.84157875290707,0.17568394590445,0.525917696039818,0.4960629519702,"gpath_3neocort"
"1652","TSEN2","Inh ENOX2 SPHKAP",-0.0469822436857888,6.37779564603127,1.82247283622038,0.17793492354523,0.528957608738785,0.49912547072016,"gpath_3neocort"
"1653","MKRN2","Inh ENOX2 SPHKAP",-0.00365691152991308,4.65369833854184,0.00363660363517865,0.951949438254664,0.994776274703702,0.993369045589323,"gpath_3neocort"
"1654","RAF1","Inh ENOX2 SPHKAP",0.0119851764810484,6.71784723412439,0.193637247516124,0.66019155658824,0.886412322509415,0.881473103577375,"gpath_3neocort"
"1655","CAND2","Inh ENOX2 SPHKAP",-0.0667223123544929,5.30855644742806,1.64116665133299,0.201055755426457,0.554954916763844,0.528222699697499,"gpath_3neocort"
"1656","RPL32","Inh ENOX2 SPHKAP",-0.0528779156810076,6.03476342193244,0.469286366038551,0.493791597878468,0.796248150379289,0.783039790152123,"gpath_3neocort"
"1657","IQSEC1","Inh ENOX2 SPHKAP",-0.0249225121786023,8.19428661227695,1.34066550655893,0.247745351309789,0.605217510497873,0.5808934250365,"gpath_3neocort"
"1658","NUP210","Inh ENOX2 SPHKAP",-0.122315718188943,5.49892074403252,7.39205317568866,0.00689404501597582,0.126668321444476,0.0985346251257819,"gpath_3neocort"
"1659","HDAC11","Inh ENOX2 SPHKAP",-0.0454542581665729,4.72079974264447,0.617704778010769,0.432459649559884,0.755091897933245,0.740346911294531,"gpath_3neocort"
"1660","XPC","Inh ENOX2 SPHKAP",-0.0205464263499093,5.44829547890737,0.18127397807606,0.670555370989829,0.892498971908385,0.886788357140435,"gpath_3neocort"
"1661","LSM3","Inh ENOX2 SPHKAP",-0.0727418266124544,4.2228058790184,0.71601331703567,0.398061596084196,0.732487095598129,0.714763595649942,"gpath_3neocort"
"1662","SLC6A6","Inh ENOX2 SPHKAP",0.120173092521748,5.0103823990165,5.66866167488993,0.0178317508014894,0.194578684005314,0.161936834663235,"gpath_3neocort"
"1663","GRIP2","Inh ENOX2 SPHKAP",-0.0429981696879269,7.19354436294842,1.99577752177945,0.158670824848227,0.504274505562355,0.47267997726442,"gpath_3neocort"
"1664","CCDC174","Inh ENOX2 SPHKAP",-0.00998956754534976,5.08191517209368,0.0451922131995467,0.92264269165243,0.990636355721171,0.987151390489693,"gpath_3neocort"
"1665","FGD5","Inh ENOX2 SPHKAP",-0.119455020934898,4.10637888172575,1.84539245167776,0.175238588553035,0.525392049054636,0.495443939609327,"gpath_3neocort"
"1666","FGD5-AS1","Inh ENOX2 SPHKAP",0.0364909916849618,5.43382738016688,0.549736799187248,0.458947147280943,0.773222719761561,0.759533941201254,"gpath_3neocort"
"1667","NR2C2","Inh ENOX2 SPHKAP",0.0531076753572674,6.25849670321273,2.56335093996687,0.110313527064541,0.428153428105986,0.397921369831286,"gpath_3neocort"
"1668","MRPS25","Inh ENOX2 SPHKAP",-0.0903023454789676,5.83334692333523,4.92590597661532,0.0271294182629657,0.237551136655977,0.199373710925509,"gpath_3neocort"
"1669","RBSN","Inh ENOX2 SPHKAP",-0.0973523785999734,5.38127815001331,4.99316068623183,0.0261099040970429,0.233478646553723,0.195634926417133,"gpath_3neocort"
"1670","CAPN7","Inh ENOX2 SPHKAP",0.0646249187024457,6.93377477663967,4.66331231515905,0.0315263163920406,0.253375796522894,0.215402223009592,"gpath_3neocort"
"1671","SH3BP5","Inh ENOX2 SPHKAP",-0.042104839638851,6.36330293516778,1.45053099334234,0.229296988989691,0.588843375206122,0.561035628387426,"gpath_3neocort"
"1672","METTL6","Inh ENOX2 SPHKAP",-0.061119252402028,6.65621881638174,3.39771117324067,0.066174303872441,0.344700383007904,0.311239632963781,"gpath_3neocort"
"1673","EAF1","Inh ENOX2 SPHKAP",0.138429199294002,4.33921625289111,3.97181947853318,0.0470824681027037,0.297517237916358,0.263188302841567,"gpath_3neocort"
"1674","COLQ","Inh ENOX2 SPHKAP",-0.0557689188860451,6.13758088709545,1.82825370656864,0.177250340141077,0.527848260640308,0.49814717091464,"gpath_3neocort"
"1675","HACL1","Inh ENOX2 SPHKAP",-0.0174237710016015,6.14217564148474,0.252389630284586,0.615729090189318,0.86623217193491,0.857473923881173,"gpath_3neocort"
"1676","BTD","Inh ENOX2 SPHKAP",0.0130101561921298,4.69970853302176,0.0504717885845554,0.925388731986321,0.991160175073745,0.987816366519147,"gpath_3neocort"
"1677","ANKRD28","Inh ENOX2 SPHKAP",-0.0049724150338656,7.64998279138924,0.0332878850691442,0.855340720120868,0.970781810318999,0.967804572252892,"gpath_3neocort"
"1678","OXNAD1","Inh ENOX2 SPHKAP",-0.00569986886795429,6.0607398005749,0.0236302601096058,0.877922427009699,0.978266576276527,0.974943345725238,"gpath_3neocort"
"1679","RFTN1","Inh ENOX2 SPHKAP",-0.0302537289519331,4.14658701509864,0.113008088080882,0.736956571547984,0.926779993766087,0.919093986643312,"gpath_3neocort"
"1680","PLCL2","Inh ENOX2 SPHKAP",0.0118271455246418,7.45246509415623,0.22574025834221,0.635011583624844,0.876877878805833,0.867928837894514,"gpath_3neocort"
"1681","TBC1D5","Inh ENOX2 SPHKAP",0.0734005997349825,8.45363831878581,8.11698677099113,0.00465770876401955,0.111298247191965,0.0793783584034024,"gpath_3neocort"
"1682","RAB5A","Inh ENOX2 SPHKAP",-0.00909682119712143,5.50163540347221,0.0521680430722926,0.819472777584818,0.958326597322361,0.954386837322255,"gpath_3neocort"
"1683","KAT2B","Inh ENOX2 SPHKAP",-0.0148840934912705,5.94438397665,0.130064912818066,0.718593112127802,0.917529682108315,0.909866660090335,"gpath_3neocort"
"1684","ZNF385D","Inh ENOX2 SPHKAP",-0.0822276895570275,7.05995990283332,2.17538415588469,0.1411780880167,0.478521483155804,0.44771669183754,"gpath_3neocort"
"1685","UBE2E2","Inh ENOX2 SPHKAP",0.078861239011672,8.35983293475409,10.4339411266377,0.00136044450868155,0.0607706817685364,0.0396204896318454,"gpath_3neocort"
"1686","UBE2E1","Inh ENOX2 SPHKAP",-0.0144343561549169,6.03017169735547,0.159471819120857,0.689898926083984,0.902988675027666,0.896489857875456,"gpath_3neocort"
"1687","NKIRAS1","Inh ENOX2 SPHKAP",0.041037831540926,4.90229096246192,0.590863234602877,0.459513694821222,0.77377561130366,0.759903022115229,"gpath_3neocort"
"1688","RPL15","Inh ENOX2 SPHKAP",-0.122483118769603,6.88015698726733,3.81536573010951,0.0516206036576056,0.309342423641701,0.27564630921571,"gpath_3neocort"
"1689","NR1D2","Inh ENOX2 SPHKAP",0.00400078320737597,6.59426756714364,0.0175206394900507,0.894775000582629,0.983000784710474,0.97991544779215,"gpath_3neocort"
"1690","THRB","Inh ENOX2 SPHKAP",0.0266727920671071,10.1132179693993,1.82773813947977,0.177311270628708,0.527868282905031,0.498212725368479,"gpath_3neocort"
"1691","AC092422.1","Inh ENOX2 SPHKAP",0.0102011270141035,5.49170862001256,0.0246119828750384,0.875432744022952,0.976948901017904,0.974018591311215,"gpath_3neocort"
"1692","RARB","Inh ENOX2 SPHKAP",0.10063476988086,5.5518695264197,2.81348885108255,0.0944120092505969,0.40218029137459,0.369592968746089,"gpath_3neocort"
"1693","TOP2B","Inh ENOX2 SPHKAP",-0.049973565054053,6.78506770237005,2.7154577504657,0.100322423524643,0.412672634080867,0.380252482739956,"gpath_3neocort"
"1694","NGLY1","Inh ENOX2 SPHKAP",0.0120583467739537,6.6058732373372,0.132818770351968,0.71575817512198,0.91614788503389,0.908583533110831,"gpath_3neocort"
"1695","LRRC3B","Inh ENOX2 SPHKAP",0.0842066869018087,5.6313655208842,2.55544882528482,0.110861746493782,0.428575964321046,0.398832003212907,"gpath_3neocort"
"1696","NEK10","Inh ENOX2 SPHKAP",-0.0628518774483573,7.17798254055643,2.73287784861988,0.0992431984669934,0.411253278456772,0.378118313265301,"gpath_3neocort"
"1697","SLC4A7","Inh ENOX2 SPHKAP",0.0129622141714122,6.42862860291102,0.145224484586683,0.719797020261111,0.918179641512012,0.910491352230781,"gpath_3neocort"
"1698","CMC1","Inh ENOX2 SPHKAP",-0.0426847938205056,6.16985571775778,1.41305328999766,0.235396112450292,0.595639967536516,0.567730934928337,"gpath_3neocort"
"1699","AZI2","Inh ENOX2 SPHKAP",0.00641965243458987,6.06938491067593,0.0342057993218392,0.864014759175455,0.973524615198706,0.970570914169952,"gpath_3neocort"
"1700","AC098650.1","Inh ENOX2 SPHKAP",-0.0684394156932427,4.26377114748912,0.715556996359394,0.398211818042359,0.732487095598129,0.714924293053479,"gpath_3neocort"
"1701","RBMS3","Inh ENOX2 SPHKAP",0.0657702623446678,7.43762692144892,4.34877173920388,0.0377957785552842,0.273240750980963,0.235887208231711,"gpath_3neocort"
"1702","RBMS3-AS3","Inh ENOX2 SPHKAP",-0.102499089935965,4.57143564381703,1.64419768862815,0.20064127520862,0.554954916763844,0.52783432220661,"gpath_3neocort"
"1703","RBMS3-AS2","Inh ENOX2 SPHKAP",-0.230674548052614,3.68101747175652,4.19026512572002,0.0414402495663143,0.280824739232268,0.24696370952895,"gpath_3neocort"
"1704","STT3B","Inh ENOX2 SPHKAP",-0.0311857969844421,5.69867441751581,0.580737332620422,0.474180143304287,0.782655873040069,0.769859072453779,"gpath_3neocort"
"1705","OSBPL10","Inh ENOX2 SPHKAP",-0.0485962118764739,7.42787878191814,3.1590912286928,0.0764166721501368,0.368787239513343,0.33377315225749,"gpath_3neocort"
"1706","GPD1L","Inh ENOX2 SPHKAP",-0.0501572064522352,5.37159629530897,1.44090355742908,0.364413308424666,0.710441801289169,0.689013108000801,"gpath_3neocort"
"1707","CMTM8","Inh ENOX2 SPHKAP",-0.191821490542366,4.58164973378916,3.89281814689306,0.0493186130324727,0.30466970890686,0.269583751172174,"gpath_3neocort"
"1708","DYNC1LI1","Inh ENOX2 SPHKAP",0.0120587050073632,6.07161591065732,0.108136397723488,0.796335904451679,0.951444119052354,0.945409632894573,"gpath_3neocort"
"1709","CNOT10","Inh ENOX2 SPHKAP",-0.0244913251702848,5.97013575245977,0.503133868291135,0.478622045603491,0.786503793467228,0.773020187030734,"gpath_3neocort"
"1710","GLB1","Inh ENOX2 SPHKAP",0.0409776653308539,5.92466789725201,1.18969347469477,0.276178975793989,0.635281253780055,0.609657361887645,"gpath_3neocort"
"1711","CRTAP","Inh ENOX2 SPHKAP",0.0659482383968279,4.33694708179874,0.888205965197209,0.346646272762798,0.696008536941058,0.673562287786535,"gpath_3neocort"
"1712","FBXL2","Inh ENOX2 SPHKAP",-0.0180985998302998,7.02575152632272,0.33245356004712,0.564606933203015,0.840694543659169,0.828050748114755,"gpath_3neocort"
"1713","UBP1","Inh ENOX2 SPHKAP",0.00411439052957809,5.83859181953297,0.012821358152814,0.993636780396703,0.998951897108485,0.999270963080534,"gpath_3neocort"
"1714","CLASP2","Inh ENOX2 SPHKAP",-0.0162000111512579,9.46043613993288,0.907055975485674,0.341586647921919,0.691302312324829,0.669298460864433,"gpath_3neocort"
"1715","PDCD6IP","Inh ENOX2 SPHKAP",-0.0312049690234328,6.16815066135342,0.854374701431871,0.355986137101515,0.704576510340379,0.681610816165848,"gpath_3neocort"
"1716","ARPP21","Inh ENOX2 SPHKAP",-0.155674811812001,4.20211939584494,2.51410481489235,0.11377958920054,0.435281159062081,0.403866291233622,"gpath_3neocort"
"1717","DCLK3","Inh ENOX2 SPHKAP",0.118414250646975,4.29472645000077,2.08419173530226,0.149769870542768,0.491068244107327,0.459883513341526,"gpath_3neocort"
"1718","TRANK1","Inh ENOX2 SPHKAP",-0.0850403666333755,7.58246973833965,10.0002421752025,0.00170898382558037,0.0687689441880235,0.0452601481280658,"gpath_3neocort"
"1719","EPM2AIP1","Inh ENOX2 SPHKAP",-0.0255458038611066,6.49538060218014,0.626504586096037,0.711941745208591,0.913974275968483,0.90693518107628,"gpath_3neocort"
"1720","MLH1","Inh ENOX2 SPHKAP",-0.0419742400668734,4.89346714663427,0.582115336578115,0.44602381639223,0.763221602774832,0.750355668238826,"gpath_3neocort"
"1721","LRRFIP2","Inh ENOX2 SPHKAP",-0.010464685025385,7.26196620189962,0.13351367020806,0.8098800169128,0.954456730603235,0.950553722132961,"gpath_3neocort"
"1722","GOLGA4","Inh ENOX2 SPHKAP",0.0155634464426328,7.89435516820793,0.431236097816984,0.511836003145749,0.808314871808687,0.795299871826707,"gpath_3neocort"
"1723","ITGA9","Inh ENOX2 SPHKAP",-0.0440836851398239,6.00948839887752,0.575627652247378,0.448567233567914,0.765267645494805,0.752087305087359,"gpath_3neocort"
"1724","CTDSPL","Inh ENOX2 SPHKAP",0.0370660861727598,6.96860466486065,1.73350122477522,0.188868633862526,0.542537686298901,0.513288717535856,"gpath_3neocort"
"1725","ACAA1","Inh ENOX2 SPHKAP",-0.0320509675207031,4.99311964723013,0.33366287889353,0.563900026605244,0.840155822992941,0.827587888119062,"gpath_3neocort"
"1726","OXSR1","Inh ENOX2 SPHKAP",0.0145487270197513,5.92995365622638,0.167901633536977,0.907061812333589,0.986765245127383,0.983096763968531,"gpath_3neocort"
"1727","XYLB","Inh ENOX2 SPHKAP",-0.00799652464793513,5.91865768107417,0.0334075391708926,0.855083848297064,0.970716544033202,0.967725013387313,"gpath_3neocort"
"1728","ACVR2B","Inh ENOX2 SPHKAP",0.0348377534796198,5.54161293420531,0.698063321903734,0.404033499856196,0.735897276131914,0.719148814232737,"gpath_3neocort"
"1729","EXOG","Inh ENOX2 SPHKAP",0.0839533205485985,5.23548985265269,2.65399696131066,0.104234264741505,0.417194110173767,0.387283222677727,"gpath_3neocort"
"1730","WDR48","Inh ENOX2 SPHKAP",-0.0453057354673567,5.86219529969803,1.26093245355513,0.262282557927299,0.621959067374577,0.596088485584744,"gpath_3neocort"
"1731","TTC21A","Inh ENOX2 SPHKAP",-0.124847410356012,5.06405425302542,4.54105441321785,0.0338224149471125,0.263069230634969,0.223267864771582,"gpath_3neocort"
"1732","SLC25A38","Inh ENOX2 SPHKAP",0.0363657941239549,4.3356094327508,0.311787239868919,0.576960286658562,0.846277944190553,0.835305879625817,"gpath_3neocort"
"1733","RPSA","Inh ENOX2 SPHKAP",-0.00587482289091087,5.59239618159797,0.00763910191499449,0.930404480719332,0.992472213084112,0.988999206106187,"gpath_3neocort"
"1734","MOBP","Inh ENOX2 SPHKAP",-0.114444422037429,4.01423318987545,1.60172011751184,0.206543250109298,0.562921402061108,0.534954074701218,"gpath_3neocort"
"1735","MYRIP","Inh ENOX2 SPHKAP",0.0690554352431346,9.10145235815219,7.82239545203609,0.00545977576261684,0.119746163009826,0.0866296706060855,"gpath_3neocort"
"1736","EIF1B","Inh ENOX2 SPHKAP",-0.0265361829153575,5.738412320396,0.219963308708741,0.639374380821254,0.879090754753106,0.870471769299113,"gpath_3neocort"
"1737","ENTPD3-AS1","Inh ENOX2 SPHKAP",-0.0326339395134026,4.38695514688664,0.193975801407901,0.659913374223488,0.886317117013643,0.881342676864539,"gpath_3neocort"
"1738","ENTPD3","Inh ENOX2 SPHKAP",-0.108340027141731,5.77154583431387,5.58393229575748,0.0186994680258239,0.198221183270645,0.165724303953576,"gpath_3neocort"
"1739","RPL14","Inh ENOX2 SPHKAP",-0.0273486208256904,6.61104930320399,0.234855032052561,0.628265226456683,0.87435858199262,0.864311465555451,"gpath_3neocort"
"1740","ZNF621","Inh ENOX2 SPHKAP",-0.0101404430536238,4.27085702881251,0.0196873078366621,0.88849862615355,0.980498688706916,0.977917714078041,"gpath_3neocort"
"1741","CTNNB1","Inh ENOX2 SPHKAP",-0.0594944276767337,6.23635534587171,3.07352944351432,0.0827364239090241,0.382176210746273,0.346961248549737,"gpath_3neocort"
"1742","ULK4","Inh ENOX2 SPHKAP",-0.0186933477516033,6.90039880428113,0.30966630003832,0.578258302308362,0.847798757584889,0.836002012155176,"gpath_3neocort"
"1743","TRAK1","Inh ENOX2 SPHKAP",-0.0410236729713395,6.82867990253655,2.0447934390107,0.153664058329899,0.497136411965633,0.465582473246605,"gpath_3neocort"
"1744","CCK","Inh ENOX2 SPHKAP",-0.1538827464985,4.99036228481441,2.9845030756783,0.0849910625876545,0.386027503488144,0.351517258000116,"gpath_3neocort"
"1745","SEC22C","Inh ENOX2 SPHKAP",0.00489241600544171,5.05596667068678,0.00878786229303633,0.925369140653182,0.991160175073745,0.987804387407092,"gpath_3neocort"
"1746","SS18L2","Inh ENOX2 SPHKAP",-0.0167251129178389,4.64872825696002,0.0637218991541434,0.800862731152182,0.952234588029298,0.94706227599564,"gpath_3neocort"
"1747","NKTR","Inh ENOX2 SPHKAP",0.0168464208343315,8.10963020392592,0.428391826564543,0.513230326318871,0.809351298906063,0.796300271156407,"gpath_3neocort"
"1748","AC006059.1","Inh ENOX2 SPHKAP",0.0795884084696375,5.07748109251666,2.6380289421855,0.105277828585627,0.419302860845331,0.389181754427858,"gpath_3neocort"
"1749","POMGNT2","Inh ENOX2 SPHKAP",-0.0614980997269679,4.21306709118879,0.645780346961251,0.422197880217823,0.746602424271648,0.732807567606388,"gpath_3neocort"
"1750","SNRK","Inh ENOX2 SPHKAP",-0.0210809503168285,5.60295954361632,0.300753849222741,0.583777202763827,0.850178807252576,0.839353280098062,"gpath_3neocort"
"1751","ANO10","Inh ENOX2 SPHKAP",-0.0334635771947335,6.83383275390569,1.09853638884309,0.295346666091444,0.652440840474055,0.627860080003804,"gpath_3neocort"
"1752","ABHD5","Inh ENOX2 SPHKAP",-0.0373777527968835,4.93085769708184,0.46276176108704,0.49680814211514,0.798565158585508,0.785157936640359,"gpath_3neocort"
"1753","TCAIM","Inh ENOX2 SPHKAP",-0.0698068892872188,6.70054977743029,4.02770586557751,0.0455656332243264,0.292076882790102,0.258921004096396,"gpath_3neocort"
"1754","ZNF445","Inh ENOX2 SPHKAP",-0.0649873225722044,5.53632832147595,2.2986095022767,0.130437319754673,0.461063524463921,0.431105383138463,"gpath_3neocort"
"1755","AC099669.1","Inh ENOX2 SPHKAP",0.00624568256194468,5.56175231143954,0.0216008196369461,0.948601210803092,0.994776274703702,0.992674874368825,"gpath_3neocort"
"1756","ZNF197","Inh ENOX2 SPHKAP",0.00433944385398925,5.89703756514448,0.0103754952670392,0.918928888460337,0.990539021012482,0.986298850257853,"gpath_3neocort"
"1757","KIAA1143","Inh ENOX2 SPHKAP",0.0373804819509479,4.13444205002937,0.187740514470457,0.665084026171301,0.888664688097713,0.883926869900672,"gpath_3neocort"
"1758","ZDHHC3","Inh ENOX2 SPHKAP",0.0196901003054507,4.75357401153118,0.115970137663726,0.8906223882814,0.981581153911649,0.978429229001443,"gpath_3neocort"
"1759","EXOSC7","Inh ENOX2 SPHKAP",-0.00880299356695361,4.93597974422016,0.0287174210246695,0.865535904069276,0.973781948059344,0.971029875404352,"gpath_3neocort"
"1760","LARS2","Inh ENOX2 SPHKAP",0.0523622942431137,5.55567811157367,1.74672602470535,0.187194929959178,0.540281656954452,0.511147284949077,"gpath_3neocort"
"1761","SACM1L","Inh ENOX2 SPHKAP",-0.0555729842451801,5.58635195547115,2.04628300527758,0.155746006978951,0.50038093565194,0.468534363364309,"gpath_3neocort"
"1762","LRRC2","Inh ENOX2 SPHKAP",0.0338496521334368,4.68748498093769,0.272592520530178,0.601944641054552,0.858992566768831,0.849581536860967,"gpath_3neocort"
"1763","CCDC12","Inh ENOX2 SPHKAP",-0.0843691434822569,5.05284981789254,1.96731512179278,0.16166352736596,0.507910857689437,0.476694079263168,"gpath_3neocort"
"1764","SETD2","Inh ENOX2 SPHKAP",0.0358803104007166,7.47261486837639,2.36345288608388,0.125155383403024,0.454932110331709,0.422906824123599,"gpath_3neocort"
"1765","KIF9-AS1","Inh ENOX2 SPHKAP",0.00905951681084857,7.17958634368724,0.0893354223150741,0.765209932564297,0.936351870264121,0.931616579594684,"gpath_3neocort"
"1766","KLHL18","Inh ENOX2 SPHKAP",-0.0394565339123223,5.11080678156447,0.654550782636039,0.419067260489648,0.744501151098574,0.730378329999068,"gpath_3neocort"
"1767","PTPN23","Inh ENOX2 SPHKAP",0.0153639540834692,4.86065183328045,0.0773105256654768,0.826571217064652,0.961952094667183,0.957210338282804,"gpath_3neocort"
"1768","SCAP","Inh ENOX2 SPHKAP",-0.0409679630981195,5.94861855915103,1.23821351422038,0.266617225820108,0.625618926514749,0.600296593323798,"gpath_3neocort"
"1769","ELP6","Inh ENOX2 SPHKAP",-0.0707638066677236,4.8879833960992,1.53056194491026,0.216898710711321,0.573333236945396,0.546690011521718,"gpath_3neocort"
"1770","CSPG5","Inh ENOX2 SPHKAP",-0.0299624020031574,5.37467105110112,0.383903347774636,0.53594475521876,0.823621628574317,0.811204815179809,"gpath_3neocort"
"1771","SMARCC1","Inh ENOX2 SPHKAP",0.00135955048705827,6.67958421862331,0.00226730760264572,0.962050585695004,0.995700592042286,0.995252007825313,"gpath_3neocort"
"1772","DHX30","Inh ENOX2 SPHKAP",-0.0675367368705923,6.20473658307182,4.32920078863357,0.038226876930949,0.273876430580498,0.237168226188988,"gpath_3neocort"
"1773","MAP4","Inh ENOX2 SPHKAP",0.0194697021513583,6.97941505169787,0.453021488742691,0.501369802517486,0.800919732507534,0.788094230172956,"gpath_3neocort"
"1774","ZNF589","Inh ENOX2 SPHKAP",0.0525462238111008,5.74295400870883,1.57830473775704,0.209884544186462,0.566635899996608,0.538782137796035,"gpath_3neocort"
"1775","TMA7","Inh ENOX2 SPHKAP",-0.0380005905070722,5.54128619438746,0.33304715028727,0.564259736498585,0.840434584585992,0.827813665174265,"gpath_3neocort"
"1776","SHISA5","Inh ENOX2 SPHKAP",-0.0220483320207703,4.99330455609189,0.157546744601842,0.691679221147504,0.903861011209662,0.897265793193861,"gpath_3neocort"
"1777","PFKFB4","Inh ENOX2 SPHKAP",-0.14860888614425,4.63240071749252,5.17389923924649,0.0235634115471797,0.221273386351433,0.185807161102565,"gpath_3neocort"
"1778","COL7A1","Inh ENOX2 SPHKAP",-0.13963323772061,4.27032350200257,3.28211742947126,0.0709381101505019,0.355355600307908,0.321882250417365,"gpath_3neocort"
"1779","UQCRC1","Inh ENOX2 SPHKAP",-0.0607933193632182,4.971854538799,1.29080719282176,0.256715176430454,0.615474872680936,0.590435000876941,"gpath_3neocort"
"1780","CELSR3","Inh ENOX2 SPHKAP",0.0631075011778458,4.6783817551935,1.09409813743027,0.372677618215133,0.716795308350576,0.695699846279771,"gpath_3neocort"
"1781","NCKIPSD","Inh ENOX2 SPHKAP",0.0652836182888736,4.98063059516336,1.58754775633747,0.208557986669728,0.56537462040495,0.537330066186797,"gpath_3neocort"
"1782","IP6K2","Inh ENOX2 SPHKAP",0.0640856236311719,5.98310697218802,3.45180340586477,0.0640640906619978,0.338309213257707,0.306373398289297,"gpath_3neocort"
"1783","PRKAR2A","Inh ENOX2 SPHKAP",-0.0143674454508976,6.81832318826512,0.253210138307156,0.758589968494009,0.934510779149923,0.928594991204009,"gpath_3neocort"
"1784","ARIH2","Inh ENOX2 SPHKAP",0.00928508142364548,6.60625160392724,0.102553846153404,0.921078301961961,0.990636355721171,0.986722776154949,"gpath_3neocort"
"1785","P4HTM","Inh ENOX2 SPHKAP",-0.0532129152752098,6.07792185877904,1.73044052817139,0.189258477323104,0.54265657073243,0.513838712890924,"gpath_3neocort"
"1786","WDR6","Inh ENOX2 SPHKAP",-0.00749687250013309,5.61363210308646,0.0234486812669084,0.878388684130207,0.978266576276527,0.975070779621733,"gpath_3neocort"
"1787","NDUFAF3","Inh ENOX2 SPHKAP",-0.124747165682542,3.87973986343179,1.30662197282803,0.253827244266182,0.611975663447407,0.58757031351565,"gpath_3neocort"
"1788","QRICH1","Inh ENOX2 SPHKAP",0.0316374889683957,6.20266274033825,0.764515029196994,0.411211568949981,0.740443860614422,0.724413374242358,"gpath_3neocort"
"1789","USP19","Inh ENOX2 SPHKAP",0.0365599589000406,4.07420326903293,0.203410512818616,0.706138146100945,0.910845760572992,0.904456075002179,"gpath_3neocort"
"1790","C3orf62","Inh ENOX2 SPHKAP",0.0169910411420471,4.39300531388428,0.0658978808419595,0.797564197688948,0.951682411113219,0.945879369690323,"gpath_3neocort"
"1791","USP4","Inh ENOX2 SPHKAP",-0.0370689547181608,5.81952328403305,0.852866571631346,0.356410474272242,0.704576510340379,0.681981311020627,"gpath_3neocort"
"1792","RHOA","Inh ENOX2 SPHKAP",0.00400843283702722,5.53311129155914,0.00970353905345744,0.995146527053172,0.99916057852693,0.999439488236285,"gpath_3neocort"
"1793","TCTA","Inh ENOX2 SPHKAP",-0.153293094938384,4.27413461612293,3.79828447622343,0.0521434831424376,0.310754736132838,0.276924508589762,"gpath_3neocort"
"1794","DAG1","Inh ENOX2 SPHKAP",0.043896783146394,4.91989615331333,0.595766942962833,0.44074439999011,0.761510831497097,0.74646540827389,"gpath_3neocort"
"1795","BSN","Inh ENOX2 SPHKAP",-0.00961285832155349,6.6601766109323,0.105034265297553,0.861655721907794,0.97227445115626,0.969784076615195,"gpath_3neocort"
"1796","RNF123","Inh ENOX2 SPHKAP",-0.0778284715768123,4.75332874798946,1.87260786200615,0.172098032416584,0.522572697122761,0.491309346211865,"gpath_3neocort"
"1797","IP6K1","Inh ENOX2 SPHKAP",0.00340348232552573,6.54766081391332,0.0122001885166033,0.934864453765715,0.993269159402148,0.990066628987042,"gpath_3neocort"
"1798","CAMKV","Inh ENOX2 SPHKAP",-0.0509105168305883,5.74256893064973,1.21661974025383,0.270820503601031,0.630296859997167,0.604685576621904,"gpath_3neocort"
"1799","MON1A","Inh ENOX2 SPHKAP",0.0280084850763316,4.08947755633178,0.112227966417869,0.737832401166,0.926859123136547,0.919504417173456,"gpath_3neocort"
"1800","RBM6","Inh ENOX2 SPHKAP",-0.0351940782977324,8.27673521312876,2.99388975288466,0.0845044555511511,0.384714533967793,0.350550649519351,"gpath_3neocort"
"1801","RBM5","Inh ENOX2 SPHKAP",-0.0104795101834917,6.63242087524419,0.150717552666385,0.698098330225733,0.907136581230076,0.900178896292795,"gpath_3neocort"
"1802","GNAI2","Inh ENOX2 SPHKAP",0.075468643534729,5.93364890754552,4.47357707854236,0.0351642687581022,0.267572402736661,0.227651263352177,"gpath_3neocort"
"1803","TUSC2","Inh ENOX2 SPHKAP",-0.110749261707663,4.33411723061147,1.91719375849083,0.167092198548679,0.518007871580616,0.484487285415861,"gpath_3neocort"
"1804","NPRL2","Inh ENOX2 SPHKAP",-0.0249322916503092,4.25405912686652,0.113672786098919,0.736212977843203,0.926170929832861,0.918723340810271,"gpath_3neocort"
"1805","CACNA2D2","Inh ENOX2 SPHKAP",0.0178748437713125,6.45774697402104,0.342279992341305,0.77249340852493,0.941118439031301,0.935020506558718,"gpath_3neocort"
"1806","DOCK3","Inh ENOX2 SPHKAP",0.006724125473637,9.96690921160546,0.151316716526724,0.697528515962619,0.906880198724163,0.899915958482721,"gpath_3neocort"
"1807","DCAF1","Inh ENOX2 SPHKAP",0.0310091152456326,5.15188038031956,0.468942784448462,0.618630880725371,0.868316252795072,0.859067241328879,"gpath_3neocort"
"1808","RAD54L2","Inh ENOX2 SPHKAP",-0.048787464286776,5.90644526044185,1.53813072595361,0.215768295918366,0.572209059273705,0.545477098512821,"gpath_3neocort"
"1809","PCBP4","Inh ENOX2 SPHKAP",-0.15733144895575,5.43783519601268,9.82093595415197,0.00187851422899989,0.0708015400430734,0.0477323572937549,"gpath_3neocort"
"1810","RPL29","Inh ENOX2 SPHKAP",-0.18471664225517,5.72673780209968,6.87155015158104,0.00915915400569871,0.143626154118348,0.114409377737683,"gpath_3neocort"
"1811","WDR82","Inh ENOX2 SPHKAP",0.048493231224143,6.0790711803213,1.45118698617334,0.229191947337502,0.588843375206122,0.560936520415874,"gpath_3neocort"
"1812","DNAH1","Inh ENOX2 SPHKAP",-0.0394535160068625,4.734964457396,0.462977609783281,0.496707851084683,0.798565158585508,0.785071535945004,"gpath_3neocort"
"1813","BAP1","Inh ENOX2 SPHKAP",0.0374022040887394,4.3429241677164,0.265323926825793,0.606827219980973,0.86066952290314,0.852134635287066,"gpath_3neocort"
"1814","PHF7","Inh ENOX2 SPHKAP",-0.165259326855432,4.57545476356619,5.85194097902714,0.0160946760998154,0.18384744838532,0.153285316345766,"gpath_3neocort"
"1815","NISCH","Inh ENOX2 SPHKAP",-0.0109674391602762,6.57839614618696,0.117493000110143,0.731985591165176,0.9242271764306,0.916542487098948,"gpath_3neocort"
"1816","SMIM4","Inh ENOX2 SPHKAP",0.0102934713096582,4.84916750510137,0.0284544060762416,0.866147218014967,0.973907575702409,0.971198320240262,"gpath_3neocort"
"1817","PBRM1","Inh ENOX2 SPHKAP",0.0150007574418046,7.14916173080309,0.380737785576458,0.537629761535794,0.824408680085461,0.812085973941374,"gpath_3neocort"
"1818","GNL3","Inh ENOX2 SPHKAP",-0.119429069931845,4.59901490689726,3.53454040342004,0.0685341691852431,0.349833623731172,0.316600402675018,"gpath_3neocort"
"1819","GLT8D1","Inh ENOX2 SPHKAP",-0.047715332562988,4.43274045699753,0.49758834920526,0.481054199359099,0.787974061120085,0.774696281553866,"gpath_3neocort"
"1820","SPCS1","Inh ENOX2 SPHKAP",-0.167951206318359,5.2855163568679,5.92306270631645,0.0154687060018083,0.181701280890391,0.150149957784694,"gpath_3neocort"
"1821","NEK4","Inh ENOX2 SPHKAP",0.0375603662917732,5.93080882693769,1.21377141240145,0.271381118787667,0.630548689292513,0.605121866436167,"gpath_3neocort"
"1822","SFMBT1","Inh ENOX2 SPHKAP",0.0143893830664821,4.8804939609431,0.0626397200381913,0.802525514891661,0.952551397154178,0.947748420598107,"gpath_3neocort"
"1823","AC096887.1","Inh ENOX2 SPHKAP",-0.031853386572123,4.42428003111055,0.167480193994687,0.68262377275036,0.899013615177865,0.893054353634,"gpath_3neocort"
"1824","TKT","Inh ENOX2 SPHKAP",-0.139598526291793,4.95061110043748,5.21600539264609,0.023008246698664,0.218163881549747,0.183600571859864,"gpath_3neocort"
"1825","DCP1A","Inh ENOX2 SPHKAP",0.045536497853394,6.10259178243027,2.13386499201732,0.14501872284725,0.484126617520716,0.453160452329346,"gpath_3neocort"
"1826","CACNA1D","Inh ENOX2 SPHKAP",-0.0342091724759228,8.70506636085399,2.05650475474783,0.152494597584139,0.49560707269664,0.463812247014913,"gpath_3neocort"
"1827","SELENOK","Inh ENOX2 SPHKAP",0.0133655223241807,4.6982532373653,0.0335820645572606,0.854710030505621,0.970679708586493,0.967599114424511,"gpath_3neocort"
"1828","CACNA2D3","Inh ENOX2 SPHKAP",-0.00439801034963151,11.0208158406074,0.0472582523732329,0.8280376748587,0.962118428559343,0.957766781703593,"gpath_3neocort"
"1829","CACNA2D3-AS1","Inh ENOX2 SPHKAP",-0.165517807331468,4.05854243668764,2.39838520077835,0.122409167815714,0.450428373769548,0.418460945309128,"gpath_3neocort"
"1830","LRTM1","Inh ENOX2 SPHKAP",-0.235444263322084,4.90776426720234,8.54176063086676,0.00370795108726518,0.098680694694775,0.0698617088233291,"gpath_3neocort"
"1831","ERC2","Inh ENOX2 SPHKAP",-0.0450330412440425,8.37659771193071,2.18076171616545,0.140689103016823,0.477528924774423,0.446984480594875,"gpath_3neocort"
"1832","CCDC66","Inh ENOX2 SPHKAP",-0.0311363324756431,6.96867737505832,1.31424835416445,0.252448940639592,0.610959791701137,0.58609164575652,"gpath_3neocort"
"1833","FAM208A","Inh ENOX2 SPHKAP",-0.00489983024618942,6.01335417607858,0.018611795112228,0.891567601802068,0.981581153911649,0.978807036512977,"gpath_3neocort"
"1834","ARHGEF3","Inh ENOX2 SPHKAP",-0.0618059439694811,5.8219948365189,2.33052555004319,0.127807039202722,0.458284368559596,0.427081871820253,"gpath_3neocort"
"1835","APPL1","Inh ENOX2 SPHKAP",0.0113430171376764,6.16239440423048,0.127705580389269,0.721049015922375,0.918385260046279,0.911139244119298,"gpath_3neocort"
"1836","DNAH12","Inh ENOX2 SPHKAP",0.135452852058233,3.48383596221529,1.26716359775941,0.261109055427107,0.620460865438969,0.594726690361904,"gpath_3neocort"
"1837","PDE12","Inh ENOX2 SPHKAP",0.109511919607805,4.39507237755092,2.83310838325176,0.0932754898261229,0.400554830865968,0.367423697543351,"gpath_3neocort"
"1838","ARF4","Inh ENOX2 SPHKAP",-0.0687132917355524,4.92543247831701,1.44496294926694,0.23019092570008,0.590058977848413,0.56209838706054,"gpath_3neocort"
"1839","DENND6A","Inh ENOX2 SPHKAP",-0.0335580757506247,6.34373977551695,1.10985189852571,0.292876964919347,0.650407271239361,0.62541195501393,"gpath_3neocort"
"1840","DENND6A-AS1","Inh ENOX2 SPHKAP",-0.0508267294041776,3.97838734652931,0.263595684646017,0.608000586742153,0.861194140173831,0.852733355758043,"gpath_3neocort"
"1841","SLMAP","Inh ENOX2 SPHKAP",-0.0297241129998488,7.08415497433024,1.18966370885815,0.276184972857676,0.635281253780055,0.609657361887645,"gpath_3neocort"
"1842","FLNB","Inh ENOX2 SPHKAP",-0.0775531938610212,6.08983526070891,3.77399739944056,0.0528966596540594,0.313489806285817,0.278967130077509,"gpath_3neocort"
"1843","ABHD6","Inh ENOX2 SPHKAP",-0.111560833022589,5.36208270210235,5.57909309734306,0.0187503307502472,0.198252682786001,0.165853081799511,"gpath_3neocort"
"1844","RPP14","Inh ENOX2 SPHKAP",0.00989095057836512,4.40504419206856,0.0245365158890193,0.875622305204793,0.976948901017904,0.974086168515208,"gpath_3neocort"
"1845","PXK","Inh ENOX2 SPHKAP",-0.0110910027232118,6.06397341624724,0.0991380367830602,0.905807623274423,0.986440912038283,0.982785108250633,"gpath_3neocort"
"1846","PDHB","Inh ENOX2 SPHKAP",-0.118459791866417,4.29075984321784,2.08887129104564,0.149314830693404,0.490066673843062,0.459165133349469,"gpath_3neocort"
"1847","KCTD6","Inh ENOX2 SPHKAP",0.0190087931382584,4.42271534218549,0.0789942705564487,0.778839325859088,0.944495130113347,0.937786894156635,"gpath_3neocort"
"1848","FAM107A","Inh ENOX2 SPHKAP",0.264304790634047,4.07868151004151,8.78690610409359,0.00325244182842404,0.0907515143988347,0.0650618851429294,"gpath_3neocort"
"1849","C3orf67","Inh ENOX2 SPHKAP",-0.116753519615785,4.77246834265026,3.07584555862055,0.080382012131356,0.376689140584766,0.341791252838206,"gpath_3neocort"
"1850","C3orf67-AS1","Inh ENOX2 SPHKAP",0.194400476793443,7.78875867920878,24.2551729586077,1.33046463400263e-06,0.00117782405508342,0.00055374268967926,"gpath_3neocort"
"1851","FHIT","Inh ENOX2 SPHKAP",-0.00582965270044532,8.90736166173406,0.034755741001317,0.852221791211728,0.970401727505604,0.966814369804739,"gpath_3neocort"
"1852","PTPRG","Inh ENOX2 SPHKAP",-0.0400863342845401,10.186918198259,2.43662372690136,0.119479703900044,0.445161909595969,0.413549795866878,"gpath_3neocort"
"1853","C3orf14","Inh ENOX2 SPHKAP",0.0330852507649449,5.7636750882019,0.626652840835788,0.429148514770556,0.752303913021724,0.738249441631586,"gpath_3neocort"
"1854","CADPS","Inh ENOX2 SPHKAP",0.0109442250177528,10.7567639664481,0.463957673895044,0.496252908242152,0.798555437376563,0.784762821187531,"gpath_3neocort"
"1855","SYNPR","Inh ENOX2 SPHKAP",0.000931172064971207,10.7750697378483,0.00316395188382948,0.95517712404301,0.995337913222174,0.993943920550501,"gpath_3neocort"
"1856","THOC7","Inh ENOX2 SPHKAP",-0.0660573583927846,5.32960522084935,1.59100506904625,0.20806435401345,0.564845514979736,0.536734466292873,"gpath_3neocort"
"1857","ATXN7","Inh ENOX2 SPHKAP",-0.00295144786851953,4.26775460194768,0.00191928463543969,0.965082366048526,0.995700592042286,0.995648752940771,"gpath_3neocort"
"1858","PSMD6-AS2","Inh ENOX2 SPHKAP",0.0576019163054964,4.00534052862243,0.4910097500532,0.48396591194628,0.789872340363129,0.77647796168743,"gpath_3neocort"
"1859","PRICKLE2","Inh ENOX2 SPHKAP",0.0861044717542633,8.06329383232359,10.5535648934794,0.0012777043865799,0.0603994432840535,0.0382032074448038,"gpath_3neocort"
"1860","ADAMTS9-AS2","Inh ENOX2 SPHKAP",-0.0263617299111507,6.48996515318471,0.105416989775086,0.745627009256603,0.929337746850224,0.923047009787789,"gpath_3neocort"
"1861","MAGI1","Inh ENOX2 SPHKAP",0.0573727410994856,9.73330422341503,12.7378956033084,0.000410905953737807,0.0339101879449048,0.0200330982210171,"gpath_3neocort"
"1862","SLC25A26","Inh ENOX2 SPHKAP",-0.102289411144767,6.2029899543864,7.75290259154909,0.00566880904531214,0.120006222789673,0.0885725674814518,"gpath_3neocort"
"1863","SUCLG2-AS1","Inh ENOX2 SPHKAP",0.0279141641243295,3.60555406194068,0.0432721288711813,0.835340713095349,0.964235870076255,0.960652771658436,"gpath_3neocort"
"1864","FAM19A1","Inh ENOX2 SPHKAP",0.0689389851775563,4.93114076807684,0.517912192561386,0.472237763060723,0.781699038975728,0.768546842152948,"gpath_3neocort"
"1865","FAM19A4","Inh ENOX2 SPHKAP",0.09076574275487,5.95921805052461,3.05486089639145,0.0814163703284634,0.379288201620888,0.34419779444526,"gpath_3neocort"
"1866","EOGT","Inh ENOX2 SPHKAP",-0.0803946192592741,4.88269518644288,1.86585755378587,0.172870887034313,0.523125139198304,0.492229589247646,"gpath_3neocort"
"1867","TMF1","Inh ENOX2 SPHKAP",0.00891697202011197,6.02895758965555,0.0561117091684925,0.812896047064093,0.956036437960161,0.951760566154758,"gpath_3neocort"
"1868","UBA3","Inh ENOX2 SPHKAP",-0.00155485405663608,6.19098207695513,0.00204875240259836,0.96392465810321,0.995700592042286,0.995501635508038,"gpath_3neocort"
"1869","ARL6IP5","Inh ENOX2 SPHKAP",-0.058846278941844,6.69765839946794,1.59011263250179,0.208191642537919,0.564884428819797,0.536901586652684,"gpath_3neocort"
"1870","FRMD4B","Inh ENOX2 SPHKAP",-0.117457590470586,7.10550267255793,9.30326088943292,0.00247076244390732,0.0815602870466762,0.0559160340034891,"gpath_3neocort"
"1871","MITF","Inh ENOX2 SPHKAP",0.0701300985761475,8.25284641892805,5.76014150523826,0.0169416593247823,0.189175267509894,0.157699846001941,"gpath_3neocort"
"1872","FOXP1","Inh ENOX2 SPHKAP",0.0292553905371694,7.72872265818122,1.18316306633038,0.277498633562663,0.636280125649449,0.610924704768902,"gpath_3neocort"
"1873","EIF4E3","Inh ENOX2 SPHKAP",0.000383010721828024,5.80527444201681,7.78745219867675e-05,0.992964313513629,0.998951897108485,0.999193584560602,"gpath_3neocort"
"1874","GPR27","Inh ENOX2 SPHKAP",0.01653042667933,3.98506884291993,0.0359479882983932,0.849738307831063,0.969508100955933,0.965931800576015,"gpath_3neocort"
"1875","RYBP","Inh ENOX2 SPHKAP",-0.014359712659307,6.2140977380147,0.116366891089481,0.733223648235943,0.924814619144954,0.917210247975885,"gpath_3neocort"
"1876","SHQ1","Inh ENOX2 SPHKAP",-0.256969442422876,4.35893945775659,10.3311025395343,0.0014359258964712,0.0627042438557692,0.0408793865913929,"gpath_3neocort"
"1877","GXYLT2","Inh ENOX2 SPHKAP",-0.0484468638466713,5.63881628084973,0.690449645524872,0.406606090695803,0.737250084133714,0.720963319850096,"gpath_3neocort"
"1878","PPP4R2","Inh ENOX2 SPHKAP",0.0216141736585827,6.06784878392643,0.352344897224349,0.553191185512581,0.835060574255389,0.821395857562463,"gpath_3neocort"
"1879","PDZRN3","Inh ENOX2 SPHKAP",0.0401117340919639,9.18597713872254,2.28964178348595,0.131187235841596,0.462332714030891,0.432175813220598,"gpath_3neocort"
"1880","CNTN3","Inh ENOX2 SPHKAP",0.0873369731396908,8.84784540861131,11.4578004547726,0.000796873989735361,0.0467467404339936,0.0293360057435805,"gpath_3neocort"
"1881","LINC02018","Inh ENOX2 SPHKAP",-0.18805940768084,4.43506056934305,5.67981750062306,0.0177206569236403,0.194236111072003,0.161437472461075,"gpath_3neocort"
"1882","ZNF717","Inh ENOX2 SPHKAP",-0.0940001830067063,5.35715166617675,3.70991538769669,0.0549400446845653,0.316971947122947,0.284487701051871,"gpath_3neocort"
"1883","ROBO2","Inh ENOX2 SPHKAP",0.0487974286671631,13.272898504658,5.51492984990111,0.0194384701955545,0.201536461208495,0.168914890990984,"gpath_3neocort"
"1884","ROBO1","Inh ENOX2 SPHKAP",0.0256435882349093,10.8627406118862,0.789693529594485,0.374833438112259,0.717540401088496,0.697408258710111,"gpath_3neocort"
"1885","GBE1","Inh ENOX2 SPHKAP",0.0333404297337914,5.22270300502369,0.326328238380833,0.568214031774936,0.843019287868637,0.829999692037859,"gpath_3neocort"
"1886","CADM2","Inh ENOX2 SPHKAP",0.0486142881646257,11.5832129611628,3.40719793172443,0.0657988878140132,0.343381334154802,0.310303133573908,"gpath_3neocort"
"1887","AC107204.1","Inh ENOX2 SPHKAP",-0.0214918165015742,4.99919946006004,0.119776655739393,0.729495125769239,0.922574485031279,0.915200461628226,"gpath_3neocort"
"1888","CHMP2B","Inh ENOX2 SPHKAP",0.0716962729900185,4.89055810045821,1.71481701839298,0.191263182894472,0.54568240803677,0.516290213912672,"gpath_3neocort"
"1889","CGGBP1","Inh ENOX2 SPHKAP",0.0505479875149321,5.37690375619764,0.981788191344126,0.322476226091649,0.673714976952421,0.652516687729828,"gpath_3neocort"
"1890","ZNF654","Inh ENOX2 SPHKAP",0.0338403514911792,6.10920052067629,0.977010159529682,0.33688967953068,0.687187201355208,0.66527565881571,"gpath_3neocort"
"1891","C3orf38","Inh ENOX2 SPHKAP",-0.00834947880837834,5.24609323232587,0.029794499152187,0.863062064071242,0.97302371905063,0.970327741857512,"gpath_3neocort"
"1892","CSNKA2IP","Inh ENOX2 SPHKAP",-0.0903104392602095,3.91782957449072,0.717012605851766,0.397732914420825,0.732377591644456,0.714546255044452,"gpath_3neocort"
"1893","EPHA3","Inh ENOX2 SPHKAP",-0.101880067496904,4.42472296668129,1.00275727514141,0.317370401746084,0.669820756871124,0.647921798645676,"gpath_3neocort"
"1894","ARL13B","Inh ENOX2 SPHKAP",-0.0454683803751273,5.52528440745072,0.998818984511999,0.335724919877745,0.686267070027266,0.664348400537652,"gpath_3neocort"
"1895","NSUN3","Inh ENOX2 SPHKAP",-0.0883914717276676,4.88649810111915,2.21958716711094,0.137214789433125,0.47264491535137,0.441455323546568,"gpath_3neocort"
"1896","MTRNR2L12","Inh ENOX2 SPHKAP",0.172888030090167,6.407941247319,3.75829837218676,0.0533896597371177,0.314457297970349,0.280260787364117,"gpath_3neocort"
"1897","EPHA6","Inh ENOX2 SPHKAP",0.0513124333035919,9.17759163451682,0.886395868821068,0.347137468574878,0.696746184820539,0.674056251821336,"gpath_3neocort"
"1898","ARL6","Inh ENOX2 SPHKAP",-0.00716511919336997,5.59296806272334,0.0259478987764529,0.872125179178465,0.976314648400069,0.973025700573317,"gpath_3neocort"
"1899","CRYBG3","Inh ENOX2 SPHKAP",0.190565686228977,4.87632832746148,4.59979959739388,0.0326979880738159,0.258662069750463,0.219534003806731,"gpath_3neocort"
"1900","RIOX2","Inh ENOX2 SPHKAP",0.0127015405420432,4.40921661986407,0.03957633693998,0.84243247760461,0.967020502878925,0.963276449356287,"gpath_3neocort"
"1901","CLDND1","Inh ENOX2 SPHKAP",0.1968040054024,5.26167608297855,14.6263882124148,0.000156421057782427,0.0208661405573325,0.0112061634983462,"gpath_3neocort"
"1902","CPOX","Inh ENOX2 SPHKAP",-0.0788806720604448,5.15538712246969,2.32209237868759,0.128496223157405,0.458938155429622,0.428124878112334,"gpath_3neocort"
"1903","ST3GAL6","Inh ENOX2 SPHKAP",-0.0130334458148715,6.19784124188199,0.0933899286611928,0.760101701502369,0.935051840478786,0.92932663948484,"gpath_3neocort"
"1904","DCBLD2","Inh ENOX2 SPHKAP",-0.0380908507720705,5.90033451493572,0.906197526477822,0.341814887383028,0.691302312324829,0.669459820688671,"gpath_3neocort"
"1905","CMSS1","Inh ENOX2 SPHKAP",0.00935113502729544,7.8643611040016,0.123039939986152,0.725982045461089,0.92088226634103,0.913602284282694,"gpath_3neocort"
"1906","FILIP1L","Inh ENOX2 SPHKAP",-0.195339119441261,4.63225474638507,4.51283392300583,0.0343769431414709,0.265053580610961,0.225013049455614,"gpath_3neocort"
"1907","TBC1D23","Inh ENOX2 SPHKAP",0.0536310386443114,5.96314328544748,2.69762574704306,0.109654271466912,0.427094112662848,0.396790052511369,"gpath_3neocort"
"1908","NIT2","Inh ENOX2 SPHKAP",-0.0803675801607202,4.58875679517096,1.60850394724076,0.205587035896216,0.562045636035192,0.533777673211256,"gpath_3neocort"
"1909","TOMM70","Inh ENOX2 SPHKAP",-0.0359644097957215,5.84415660286121,1.04686969095901,0.374499066217527,0.717216387462269,0.697163068266275,"gpath_3neocort"
"1910","LNP1","Inh ENOX2 SPHKAP",0.038309231416881,4.4517280575212,0.296601016836046,0.586385208167865,0.851005482030775,0.840863106620483,"gpath_3neocort"
"1911","ADGRG7","Inh ENOX2 SPHKAP",-0.294373756338279,3.17310411787381,1.7623749888057,0.185236743670332,0.537483631420485,0.508629054785342,"gpath_3neocort"
"1912","TFG","Inh ENOX2 SPHKAP",0.0150410398090572,6.02089399180581,0.166022190418469,0.68393295659714,0.899630585605066,0.893653805550651,"gpath_3neocort"
"1913","ABI3BP","Inh ENOX2 SPHKAP",0.298871090642177,6.02101583265971,14.1751369662269,0.000196802399005879,0.0228150209704673,0.0128886841546231,"gpath_3neocort"
"1914","IMPG2","Inh ENOX2 SPHKAP",0.214405712955908,4.31356637900449,6.78533448217413,0.00960261338161594,0.147219595343017,0.117449812107023,"gpath_3neocort"
"1915","SENP7","Inh ENOX2 SPHKAP",-0.0154256341947109,7.04139843135263,0.300596103976112,0.583875838669107,0.850178807252576,0.839403373434784,"gpath_3neocort"
"1916","TRMT10C","Inh ENOX2 SPHKAP",-0.0109931160635371,4.50059405385431,0.0204196229990056,0.886457646795594,0.979658385812387,0.977430753961674,"gpath_3neocort"
"1917","PCNP","Inh ENOX2 SPHKAP",0.00907302813553685,6.20723961291968,0.0607023576432413,0.805540866912606,0.952559922311815,0.948987341869899,"gpath_3neocort"
"1918","ZBTB11","Inh ENOX2 SPHKAP",0.0840579554111122,5.50337730462356,3.60924633287097,0.0583217548187862,0.325196515296446,0.293163182085461,"gpath_3neocort"
"1919","RPL24","Inh ENOX2 SPHKAP",-0.0337293525840838,5.1103214327754,0.212784488655035,0.644894415214125,0.881448868178843,0.873338665952981,"gpath_3neocort"
"1920","CEP97","Inh ENOX2 SPHKAP",0.0482796854496777,5.80919694595115,1.73879760323153,0.188196244830431,0.541350363292411,0.51247746877256,"gpath_3neocort"
"1921","NXPE3","Inh ENOX2 SPHKAP",-0.0175068193177433,5.64826323874915,0.193415224694995,0.929446914948243,0.992451853904102,0.988797485826915,"gpath_3neocort"
"1922","NFKBIZ","Inh ENOX2 SPHKAP",-0.0466947249869036,5.03597017037065,0.740241924755411,0.390201606780705,0.727649032330622,0.709298985297329,"gpath_3neocort"
"1923","ALCAM","Inh ENOX2 SPHKAP",0.0358257286828754,9.31436430007385,1.67315979632208,0.196731211569287,0.551298311957687,0.523251309796826,"gpath_3neocort"
"1924","CBLB","Inh ENOX2 SPHKAP",0.0536702673511041,7.00173486335112,3.56429952090614,0.0599027324624608,0.328239017503634,0.296834361983511,"gpath_3neocort"
"1925","LINC00882","Inh ENOX2 SPHKAP",0.0137259204874211,8.42453555632616,0.288206789210679,0.591729991081031,0.852406309637142,0.843847598552801,"gpath_3neocort"
"1926","DUBR","Inh ENOX2 SPHKAP",0.0602583332528706,6.69558608132166,2.2111409612823,0.137962299852531,0.473649562449172,0.442627537707433,"gpath_3neocort"
"1927","BBX","Inh ENOX2 SPHKAP",0.0065961424742931,7.01314981601176,0.0473099912842475,0.827945045982302,0.962118428559343,0.957766781703593,"gpath_3neocort"
"1928","CD47","Inh ENOX2 SPHKAP",0.0345988589075702,7.44865789303311,1.71444396310586,0.191311353860039,0.54568240803677,0.516328129943372,"gpath_3neocort"
"1929","IFT57","Inh ENOX2 SPHKAP",0.196055745411846,4.95778110797986,11.4232897082321,0.00081130785111549,0.0470268800843014,0.02965748511936,"gpath_3neocort"
"1930","CIP2A","Inh ENOX2 SPHKAP",-0.0284369916317532,4.39224347307978,0.131622520208081,0.716985519035452,0.916487955207854,0.909126963695457,"gpath_3neocort"
"1931","DZIP3","Inh ENOX2 SPHKAP",-0.00350315810740277,7.09527095303704,0.0160360802546916,0.899306694197933,0.984807861081458,0.980995794118669,"gpath_3neocort"
"1932","NECTIN3-AS1","Inh ENOX2 SPHKAP",-0.0227936231343921,4.58649987081161,0.0715327942721484,0.789283327959903,0.948286629819015,0.942290115198936,"gpath_3neocort"
"1933","NECTIN3","Inh ENOX2 SPHKAP",0.0124665487136563,5.8647472311108,0.0679052835619442,0.794572319302675,0.950809763991382,0.944569629114176,"gpath_3neocort"
"1934","PLCXD2","Inh ENOX2 SPHKAP",0.18007432389415,3.88045720639323,4.15412171327723,0.0423220734370493,0.284372339166754,0.249507446149067,"gpath_3neocort"
"1935","ABHD10","Inh ENOX2 SPHKAP",0.0387843662658192,4.60257566829725,0.446077950588788,0.504665410333093,0.80219023236465,0.790067045378551,"gpath_3neocort"
"1936","TAGLN3","Inh ENOX2 SPHKAP",0.00883307951615301,6.61517315810751,0.0351940860931528,0.851303654481567,0.970401727505604,0.966473728026207,"gpath_3neocort"
"1937","CD200","Inh ENOX2 SPHKAP",-0.024116606906631,6.39019784335609,0.532199641786748,0.999158737183013,0.999750704645697,0.99987788935808,"gpath_3neocort"
"1938","SLC35A5","Inh ENOX2 SPHKAP",-0.0723269482228397,4.50797897516815,1.21637099972674,0.270869403398082,0.630296859997167,0.604730525544325,"gpath_3neocort"
"1939","GTPBP8","Inh ENOX2 SPHKAP",0.0691677446682894,4.72310311346916,1.53239506727079,0.216624281416122,0.57312408910278,0.54647129671487,"gpath_3neocort"
"1940","NEPRO","Inh ENOX2 SPHKAP",-0.157656735679297,4.88095762321907,7.48422409533887,0.00655731210227557,0.12419581335652,0.096022659793722,"gpath_3neocort"
"1941","AC078785.1","Inh ENOX2 SPHKAP",-0.0439948518843046,5.80849944482257,0.796910457026888,0.372662513730904,0.716795308350576,0.695699846279771,"gpath_3neocort"
"1942","CFAP44","Inh ENOX2 SPHKAP",0.0865103768101871,5.31141588103724,2.64902043187769,0.104558271607216,0.417804041407909,0.387868565315164,"gpath_3neocort"
"1943","SPICE1","Inh ENOX2 SPHKAP",0.0963363353101474,4.56261083674249,2.21000087499918,0.138063550987379,0.473649562449172,0.442806245137906,"gpath_3neocort"
"1944","SIDT1","Inh ENOX2 SPHKAP",-0.0369542849878603,7.79123336424261,1.34013662512595,0.247838456369308,0.605217510497873,0.580946521957915,"gpath_3neocort"
"1945","USF3","Inh ENOX2 SPHKAP",-0.056017323827934,5.30205894249583,1.64320641666679,0.200776715977081,0.554954916763844,0.52794426011414,"gpath_3neocort"
"1946","NAA50","Inh ENOX2 SPHKAP",0.032413360904357,5.92886973247509,0.782470486122869,0.377024056592871,0.719108744443093,0.698951278977785,"gpath_3neocort"
"1947","ATP6V1A","Inh ENOX2 SPHKAP",-0.064103266462909,6.86582660026252,5.24105965981952,0.0226843920235751,0.216739029984882,0.182423196403187,"gpath_3neocort"
"1948","CCDC191","Inh ENOX2 SPHKAP",-0.0806352522970919,4.975515100833,1.66599640768436,0.197689896990181,0.551886530094301,0.524451135537923,"gpath_3neocort"
"1949","ZBTB20","Inh ENOX2 SPHKAP",0.0450644604872304,7.05040537139787,1.16600381529934,0.281004330503256,0.639342488240587,0.614019455989711,"gpath_3neocort"
"1950","AC046136.1","Inh ENOX2 SPHKAP",-0.0192739695378935,3.75790594261669,0.0320057808841608,0.858123626170678,0.97133649560038,0.968630222477661,"gpath_3neocort"
"1951","GAP43","Inh ENOX2 SPHKAP",-0.0811853033517946,7.52596967245681,5.73898436415661,0.0171433356204507,0.19035553280724,0.158665919752735,"gpath_3neocort"
"1952","LSAMP","Inh ENOX2 SPHKAP",0.0579164775991089,11.3508306766028,7.67446555026894,0.00591463056771779,0.122839651633534,0.0908647307704452,"gpath_3neocort"
"1953","LSAMP-AS1","Inh ENOX2 SPHKAP",-0.0999898435899121,3.70720279383018,0.401877761226937,0.526555738353234,0.816968950408887,0.804805848142612,"gpath_3neocort"
"1954","AC092691.1","Inh ENOX2 SPHKAP",0.0786392931404617,9.38600049994601,7.13322458657348,0.00793787886739064,0.135251588714884,0.105838858067287,"gpath_3neocort"
"1955","IGSF11","Inh ENOX2 SPHKAP",-0.00286202892921334,5.04168036424828,0.00182167370423247,0.965981317186488,0.995700592042286,0.995801495175648,"gpath_3neocort"
"1956","TMEM39A","Inh ENOX2 SPHKAP",-0.0258534248223971,4.33470708887529,0.125851617484933,0.722996880367123,0.919259021216929,0.912083792686206,"gpath_3neocort"
"1957","POGLUT1","Inh ENOX2 SPHKAP",-0.0640523111090236,5.2107894446765,1.75172288815986,0.186567049588099,0.539587148467155,0.510415505702249,"gpath_3neocort"
"1958","TIMMDC1","Inh ENOX2 SPHKAP",-0.0856484964660572,5.25984928137788,2.73438116867483,0.0991506619701374,0.411213435377001,0.377986570849938,"gpath_3neocort"
"1959","COX17","Inh ENOX2 SPHKAP",-0.0783692588164122,3.92635766553416,0.742405770500042,0.389510528965753,0.727649032330622,0.708762961998493,"gpath_3neocort"
"1960","MAATS1","Inh ENOX2 SPHKAP",0.0777642278189267,6.08341911364412,3.69542437854633,0.0554136712816227,0.318171185696015,0.285651396707795,"gpath_3neocort"
"1961","GSK3B","Inh ENOX2 SPHKAP",0.0174057977448049,7.86281177640219,0.641128762929415,0.423872511122282,0.747448071124422,0.73416626971829,"gpath_3neocort"
"1962","AC092910.3","Inh ENOX2 SPHKAP",0.107496514237262,4.53324315683059,2.68322362274416,0.102353546713417,0.415472629385267,0.384067072201666,"gpath_3neocort"
"1963","LRRC58","Inh ENOX2 SPHKAP",0.0123663110395932,5.59875095250819,0.0873265461733492,0.8392065701992,0.965432778069442,0.96205020309605,"gpath_3neocort"
"1964","FSTL1","Inh ENOX2 SPHKAP",-0.076476767255086,5.24136905566825,1.66303924749435,0.198087260160465,0.551886530094301,0.524847685981663,"gpath_3neocort"
"1965","NDUFB4","Inh ENOX2 SPHKAP",-0.116094612523881,4.87627363879511,2.75324564690822,0.0979974679995109,0.408518554528783,0.375982772844352,"gpath_3neocort"
"1966","STXBP5L","Inh ENOX2 SPHKAP",0.0778141699407339,9.90292406533723,11.6971600195624,0.000703687242416158,0.0439263228631317,0.0273124181972737,"gpath_3neocort"
"1967","GOLGB1","Inh ENOX2 SPHKAP",0.0955205452327461,7.32729669487323,10.5582832115514,0.00127454791742606,0.0603994432840535,0.0381547313594456,"gpath_3neocort"
"1968","IQCB1","Inh ENOX2 SPHKAP",0.0394918504980726,6.30341649207851,1.67740047230212,0.196166253573378,0.550509215359527,0.522551670424519,"gpath_3neocort"
"1969","SLC15A2","Inh ENOX2 SPHKAP",-0.000219808560834794,4.18040916952457,7.68648334738281e-05,0.993010072028626,0.998951897108485,0.999193584560602,"gpath_3neocort"
"1970","FAM162A","Inh ENOX2 SPHKAP",0.0485701154984813,5.65015402270877,1.27190686447922,0.260220136285486,0.619565693679234,0.593935779272394,"gpath_3neocort"
"1971","AC083798.2","Inh ENOX2 SPHKAP",0.0238966625120269,4.54460923971659,0.125737296585206,0.723117519069473,0.919259021216929,0.912127952309135,"gpath_3neocort"
"1972","KPNA1","Inh ENOX2 SPHKAP",-0.0108653445200474,6.1032055729825,0.0928391635775596,0.760788398586838,0.935187758828405,0.929639240515112,"gpath_3neocort"
"1973","HSPBAP1","Inh ENOX2 SPHKAP",-0.0838968449792238,4.4142964920036,1.48835950509377,0.296326206905101,0.65374367984637,0.62873917006609,"gpath_3neocort"
"1974","DIRC2","Inh ENOX2 SPHKAP",0.0104205939919062,5.90260463004999,0.0676173956793075,0.794998467123508,0.950809763991382,0.944742529629933,"gpath_3neocort"
"1975","SEMA5B","Inh ENOX2 SPHKAP",0.302712387811351,4.20917103789828,12.8059730055618,0.000396756882313483,0.0339101879449048,0.0196169266562251,"gpath_3neocort"
"1976","PDIA5","Inh ENOX2 SPHKAP",-0.0167988015094175,4.23356611130714,0.0484071824254978,0.825993083868914,0.961952094667183,0.957007748889628,"gpath_3neocort"
"1977","SEC22A","Inh ENOX2 SPHKAP",-0.0175361903821677,6.21176130662371,0.250055380657967,0.617365939044664,0.867644611692442,0.858387313305021,"gpath_3neocort"
"1978","ADCY5","Inh ENOX2 SPHKAP",0.0326921755857052,6.29398890703455,1.05373262896432,0.543655168114767,0.829278513017168,0.815708666814197,"gpath_3neocort"
"1979","HACD2","Inh ENOX2 SPHKAP",-0.00648426668033791,5.61867030181826,0.0246244354994991,0.875401493629135,0.976948901017904,0.974010991372797,"gpath_3neocort"
"1980","MYLK-AS1","Inh ENOX2 SPHKAP",0.0485809838900415,4.67672663770976,0.579366861543872,0.447098574913891,0.764637499562955,0.751148249816828,"gpath_3neocort"
"1981","CCDC14","Inh ENOX2 SPHKAP",0.0314967067092916,6.1124809944042,0.668243051427347,0.414248565449761,0.741314515723575,0.726667346610683,"gpath_3neocort"
"1982","KALRN","Inh ENOX2 SPHKAP",-0.00107781922846364,9.17662674777812,0.00236470573655227,0.961244678940383,0.995700592042286,0.995084781906921,"gpath_3neocort"
"1983","UMPS","Inh ENOX2 SPHKAP",0.0108848018783042,4.60927937383025,0.0311109539127219,0.905615116555391,0.986434110724821,0.982744443637404,"gpath_3neocort"
"1984","HEG1","Inh ENOX2 SPHKAP",-0.165753814868932,5.16186763397532,5.90221338768117,0.0156495521838429,0.182134990769766,0.151104228739163,"gpath_3neocort"
"1985","SLC12A8","Inh ENOX2 SPHKAP",0.0208066330269446,5.71178902702241,0.163756980273254,0.6859803220261,0.900825161273175,0.894588793273827,"gpath_3neocort"
"1986","ZNF148","Inh ENOX2 SPHKAP",-0.0228946368648726,7.79294350446268,1.12678418525464,0.336632972068833,0.687128290896616,0.665092079895142,"gpath_3neocort"
"1987","SNX4","Inh ENOX2 SPHKAP",-0.0281252225462584,6.00643410828208,0.674523007535786,0.412065943211059,0.740760227983993,0.724934798125192,"gpath_3neocort"
"1988","OSBPL11","Inh ENOX2 SPHKAP",-0.120682519024515,4.96476690549078,5.2446035637377,0.022638967843365,0.216739029984882,0.182240147053361,"gpath_3neocort"
"1989","SLC41A3","Inh ENOX2 SPHKAP",-0.073213350882938,5.53618117746871,2.9019587804491,0.0894037474911498,0.393408808435977,0.360257965097602,"gpath_3neocort"
"1990","ZXDC","Inh ENOX2 SPHKAP",-0.0623198555314375,5.89469932791503,3.14947622892027,0.0768636799375956,0.369994322902771,0.334740562908791,"gpath_3neocort"
"1991","TXNRD3NB","Inh ENOX2 SPHKAP",0.118128536187882,4.43642580292859,2.77765643613543,0.0965269785087039,0.406742961065692,0.373408928778067,"gpath_3neocort"
"1992","CHCHD6","Inh ENOX2 SPHKAP",-0.018788144785587,6.33596222321863,0.313784664604184,0.575743149406126,0.845900315657619,0.834582804535809,"gpath_3neocort"
"1993","PLXNA1","Inh ENOX2 SPHKAP",-0.0418878827336511,4.9848027489497,0.491839819749908,0.483596919271723,0.789483118167316,0.776222760930189,"gpath_3neocort"
"1994","TPRA1","Inh ENOX2 SPHKAP",0.00472725906676139,4.54508522886829,0.00521414704526811,0.942478836494998,0.99355451386985,0.99142490347933,"gpath_3neocort"
"1995","PODXL2","Inh ENOX2 SPHKAP",-0.0121287595400769,7.25955572964454,0.204846932080198,0.868210118588666,0.974773868676512,0.971876060376704,"gpath_3neocort"
"1996","MGLL","Inh ENOX2 SPHKAP",-0.0481490879513669,6.87807942547286,1.77093224293228,0.1841760610407,0.536194148701887,0.507342095659473,"gpath_3neocort"
"1997","KBTBD12","Inh ENOX2 SPHKAP",0.0459196358759577,5.23277580621163,0.634954182243554,0.426110911444921,0.750338538119914,0.735953661437704,"gpath_3neocort"
"1998","SEC61A1","Inh ENOX2 SPHKAP",0.0772820227182707,5.02063664516918,2.55109049156866,0.111165398995311,0.42923420119601,0.399292096234255,"gpath_3neocort"
"1999","RUVBL1","Inh ENOX2 SPHKAP",-0.116476664393502,4.5787981632282,3.35183631576509,0.109255266485223,0.427094112662848,0.396275778541937,"gpath_3neocort"
"2000","EEFSEC","Inh ENOX2 SPHKAP",-0.0745884509566799,6.31960742788429,3.993334566339,0.0464922819127504,0.295738389438688,0.261627716685349,"gpath_3neocort"
"2001","RPN1","Inh ENOX2 SPHKAP",-0.0310773418259507,5.40246463588393,0.224570522449244,0.635889411877176,0.877252323786555,0.868429046619093,"gpath_3neocort"
"2002","RAB7A","Inh ENOX2 SPHKAP",0.0364494321642449,6.75104702502798,1.66755063914943,0.197481426087176,0.551886530094301,0.524219629599894,"gpath_3neocort"
"2003","ACAD9","Inh ENOX2 SPHKAP",-0.0659914764944723,5.33077505769249,2.17800746262796,0.140939309967199,0.478044932239843,0.447379878402819,"gpath_3neocort"
"2004","KIAA1257","Inh ENOX2 SPHKAP",-0.112247037181045,4.16173675229345,1.67439437554778,0.196566539316321,0.551298311957687,0.523059447479107,"gpath_3neocort"
"2005","CNBP","Inh ENOX2 SPHKAP",-0.0278108316677008,5.76660040917001,0.498881068699085,0.622904659735492,0.871821402008105,0.861381710463387,"gpath_3neocort"
"2006","COPG1","Inh ENOX2 SPHKAP",-0.143393235710163,4.76446578338588,5.26253739476864,0.022410548283734,0.216167843801549,0.181223160791508,"gpath_3neocort"
"2007","HMCES","Inh ENOX2 SPHKAP",-0.0566221741070103,5.19971604454895,1.35195929006482,0.246775809535293,0.605164006163079,0.579776362706058,"gpath_3neocort"
"2008","H1FX","Inh ENOX2 SPHKAP",0.177501286870451,5.97444900491037,10.8698434875819,0.0010827439255841,0.0554934755123053,0.0350010325247055,"gpath_3neocort"
"2009","MBD4","Inh ENOX2 SPHKAP",-0.0599896411006169,4.98432590442945,1.27367745344514,0.259889280259083,0.619356101772027,0.593580375735253,"gpath_3neocort"
"2010","IFT122","Inh ENOX2 SPHKAP",-0.0439461367948049,5.6217983661014,1.04773400416307,0.306771590280066,0.663843612678616,0.638489879502075,"gpath_3neocort"
"2011","TMCC1","Inh ENOX2 SPHKAP",-0.0471827957031003,7.86705029723622,4.27304126219569,0.0394929328805088,0.278915457457457,0.241130577853012,"gpath_3neocort"
"2012","TMCC1-AS1","Inh ENOX2 SPHKAP",-0.0902159637179406,3.8256919198311,0.833562928547336,0.361903964514197,0.708243731197599,0.686613463104014,"gpath_3neocort"
"2013","PIK3R4","Inh ENOX2 SPHKAP",0.0927833844727873,5.22338114706389,4.05622244353421,0.0508310862982286,0.307990517734783,0.273559372862259,"gpath_3neocort"
"2014","ATP2C1","Inh ENOX2 SPHKAP",0.0232927772433558,7.36985273749768,0.574245895427216,0.449111853588364,0.765859371730927,0.752602313574793,"gpath_3neocort"
"2015","NEK11","Inh ENOX2 SPHKAP",0.0486567312368738,6.46121125624691,1.51504719385855,0.219238095304381,0.576976179122424,0.549593064353564,"gpath_3neocort"
"2016","MRPL3","Inh ENOX2 SPHKAP",-0.0219946168051004,5.52862574595746,0.257858961432051,0.611930646024643,0.863870778629744,0.855119441946162,"gpath_3neocort"
"2017","CPNE4","Inh ENOX2 SPHKAP",0.149932837869344,7.88797236377606,12.6352898995866,0.000433204969514506,0.0351545832761022,0.0206433150374892,"gpath_3neocort"
"2018","DNAJC13","Inh ENOX2 SPHKAP",-0.0125291918689793,5.93172104496322,0.0996218510691362,0.752481363816281,0.932035553401545,0.925946538559826,"gpath_3neocort"
"2019","UBA5","Inh ENOX2 SPHKAP",0.00109284324628525,5.47901890221368,0.000713003102199187,0.978713297817898,0.997825265393623,0.997746584854226,"gpath_3neocort"
"2020","TMEM108","Inh ENOX2 SPHKAP",0.0183614793316159,8.11952852689835,0.466534285457897,0.495060202231659,0.797369541735344,0.783996326208925,"gpath_3neocort"
"2021","CDV3","Inh ENOX2 SPHKAP",-0.0536001458933952,4.55001723257383,0.676237376951814,0.411473063187506,0.740443860614422,0.724572696366786,"gpath_3neocort"
"2022","TOPBP1","Inh ENOX2 SPHKAP",0.0842117312373702,4.93287046170356,2.24648430509613,0.134864505312441,0.468906320425352,0.437965525236895,"gpath_3neocort"
"2023","TF","Inh ENOX2 SPHKAP",0.191819212487665,4.67706215978147,8.56733719544269,0.00365752402321902,0.0983894169560963,0.0693370726580897,"gpath_3neocort"
"2024","RAB6B","Inh ENOX2 SPHKAP",-0.0223748862731513,7.01221167906736,0.544647867318768,0.962165923405713,0.995700592042286,0.995252007825313,"gpath_3neocort"
"2025","RYK","Inh ENOX2 SPHKAP",0.0226588051901159,6.52333942996104,0.46706235310438,0.601838336108789,0.858992566768831,0.849541390914145,"gpath_3neocort"
"2026","AMOTL2","Inh ENOX2 SPHKAP",-0.00151445536095612,4.50117507856207,0.000303342026988003,0.986114590067745,0.9984270842391,0.998325816927033,"gpath_3neocort"
"2027","CEP63","Inh ENOX2 SPHKAP",-0.0389335682592609,6.52298380014652,1.64173238559794,0.207395523402316,0.563824010857553,0.536045366066806,"gpath_3neocort"
"2028","EPHB1","Inh ENOX2 SPHKAP",-0.169567442468986,6.15452095773792,12.7448978312602,0.000409427308494664,0.0339101879449048,0.0200011949310784,"gpath_3neocort"
"2029","KY","Inh ENOX2 SPHKAP",-0.0604334296134561,4.2670403355246,0.550916167912995,0.458466128028762,0.773146768073419,0.759225909023347,"gpath_3neocort"
"2030","PPP2R3A","Inh ENOX2 SPHKAP",0.0262806261541829,6.28203239665384,0.448262494618776,0.503624576273356,0.802187554689946,0.789482436368355,"gpath_3neocort"
"2031","MSL2","Inh ENOX2 SPHKAP",0.0521676917912836,5.58218282724393,1.60453315329034,0.325079268269445,0.675693044697515,0.654841344488846,"gpath_3neocort"
"2032","PCCB","Inh ENOX2 SPHKAP",-0.123462986195523,5.51639281500844,6.65267203258714,0.010328630081917,0.151630252178138,0.121916533264026,"gpath_3neocort"
"2033","STAG1","Inh ENOX2 SPHKAP",0.0916847637743853,8.19816213536001,13.1709807418278,0.000328897531635609,0.0302151336138449,0.0176168890741821,"gpath_3neocort"
"2034","SLC35G2","Inh ENOX2 SPHKAP",0.00822470726122453,5.71589942126219,0.0423675658191427,0.962095252554961,0.995700592042286,0.995252007825313,"gpath_3neocort"
"2035","NCK1","Inh ENOX2 SPHKAP",-0.0211977321266471,5.39019564068814,0.222413401492419,0.689582806119208,0.902696244923893,0.896382178273512,"gpath_3neocort"
"2036","ARMC8","Inh ENOX2 SPHKAP",-0.0129263091970074,6.5374837734401,0.185243186007452,0.667183578262649,0.889970858297957,0.884990207668243,"gpath_3neocort"
"2037","NME9","Inh ENOX2 SPHKAP",0.0703402844863315,5.37308878164481,1.4897050018081,0.223124693557005,0.581270269089918,0.554006178244635,"gpath_3neocort"
"2038","MRAS","Inh ENOX2 SPHKAP",-0.0608550857202628,5.67612644270398,2.2053441114378,0.13847798808128,0.474155642734004,0.443417004538098,"gpath_3neocort"
"2039","ESYT3","Inh ENOX2 SPHKAP",0.058491251821873,4.92081980688982,1.26323516237024,0.261848129292888,0.621466508177953,0.59553755642581,"gpath_3neocort"
"2040","CEP70","Inh ENOX2 SPHKAP",0.00350455778262225,6.12969448228459,0.00924763357105065,0.980225027407977,0.997825265393623,0.997915368014525,"gpath_3neocort"
"2041","PIK3CB","Inh ENOX2 SPHKAP",-0.0119366173253836,6.96844488893661,0.206288908921765,0.86392362255443,0.973524615198706,0.970550004854663,"gpath_3neocort"
"2042","MRPS22","Inh ENOX2 SPHKAP",-0.0416935695990377,4.59036635837231,0.383567751953925,0.536122934011248,0.823621628574317,0.811342742143838,"gpath_3neocort"
"2043","COPB2","Inh ENOX2 SPHKAP",-0.0130472033215319,5.4346216866696,0.0892227849839614,0.787906409678821,0.948079872662112,0.941652562638215,"gpath_3neocort"
"2044","AC097103.2","Inh ENOX2 SPHKAP",-0.0424741185663553,6.85062362204852,1.39603617399076,0.238230391168783,0.598526199484418,0.57073894273102,"gpath_3neocort"
"2045","CLSTN2","Inh ENOX2 SPHKAP",0.0130780545159379,5.52119796257678,0.0504508951731141,0.822418113639326,0.96023312140963,0.955548372751279,"gpath_3neocort"
"2046","SLC25A36","Inh ENOX2 SPHKAP",-0.0439500986039654,6.41484566139776,1.67594152774941,0.196360403844618,0.550895307588272,0.52279934085513,"gpath_3neocort"
"2047","PXYLP1","Inh ENOX2 SPHKAP",-0.0232374677743769,6.06745610895776,0.345059869700772,0.557320600751335,0.836996892003553,0.823632934195149,"gpath_3neocort"
"2048","ZBTB38","Inh ENOX2 SPHKAP",0.0298683296205727,7.21409954411938,1.23550334989916,0.267140263198322,0.626242629519803,0.600934976417211,"gpath_3neocort"
"2049","RASA2","Inh ENOX2 SPHKAP",0.00365539771855073,7.21582969940878,0.0199239067181972,0.887835048878171,0.980135034655871,0.977694381761188,"gpath_3neocort"
"2050","RNF7","Inh ENOX2 SPHKAP",0.0115044502729777,4.38013963043934,0.0241225275917714,0.876667533054834,0.977778998612756,0.974466890317325,"gpath_3neocort"
"2051","ATP1B3","Inh ENOX2 SPHKAP",-0.034581531949832,6.3072528213432,0.528716268489337,0.46765727841108,0.778559095801445,0.765391436981553,"gpath_3neocort"
"2052","TFDP2","Inh ENOX2 SPHKAP",-0.0369938992736342,7.95548560856038,2.14027356211926,0.144418280154038,0.483280141628872,0.452378614859168,"gpath_3neocort"
"2053","GK5","Inh ENOX2 SPHKAP",-0.00990274015713504,5.8744350190383,0.0609837810757105,0.805099714030628,0.952559922311815,0.948807226130836,"gpath_3neocort"
"2054","XRN1","Inh ENOX2 SPHKAP",0.0315334249980038,7.59854404942106,1.70809371891615,0.192133516481661,0.54568240803677,0.517278548117137,"gpath_3neocort"
"2055","ATR","Inh ENOX2 SPHKAP",0.000466666490842183,6.53779451885935,0.000180058919815794,0.989301849979405,0.998951897108485,0.998728720282548,"gpath_3neocort"
"2056","TRPC1","Inh ENOX2 SPHKAP",-0.0105021242166014,7.55909669307689,0.154852916167764,0.694191723419714,0.905685825651283,0.898529039402389,"gpath_3neocort"
"2057","U2SURP","Inh ENOX2 SPHKAP",0.00392169690325244,6.79751324172891,0.0222489345088849,0.881516952423699,0.978592348689236,0.975895418863107,"gpath_3neocort"
"2058","CHST2","Inh ENOX2 SPHKAP",-0.0148874084427502,4.59607877797253,0.0381773248247607,0.845206511152641,0.967882360574424,0.964438155004231,"gpath_3neocort"
"2059","SLC9A9","Inh ENOX2 SPHKAP",0.0759665779583624,7.14930868515058,3.10828718741663,0.0788108246451088,0.373823580318592,0.338621219986613,"gpath_3neocort"
"2060","C3orf58","Inh ENOX2 SPHKAP",0.0190190215567069,6.94519420118735,0.236203187810612,0.62728116332213,0.874011155877937,0.863797075095006,"gpath_3neocort"
"2061","PLOD2","Inh ENOX2 SPHKAP",0.0903570531872925,6.62518800164348,6.19554766532476,0.0132944008780409,0.168289063216888,0.138560266102076,"gpath_3neocort"
"2062","PLSCR2","Inh ENOX2 SPHKAP",0.222536416141171,3.63391483520582,3.42286716745474,0.0651838085324871,0.340719231073193,0.308690523074021,"gpath_3neocort"
"2063","PLSCR1","Inh ENOX2 SPHKAP",0.0598321520874775,5.07612915886998,1.24238229747035,0.265815183514665,0.624911348096389,0.599415342451018,"gpath_3neocort"
"2064","HLTF","Inh ENOX2 SPHKAP",-0.0250990842517759,6.56891106467573,0.591250926674445,0.442480109557736,0.762362226976863,0.747834446957898,"gpath_3neocort"
"2065","HPS3","Inh ENOX2 SPHKAP",0.0352798745844429,5.0179268679386,0.40456602956671,0.525176886078477,0.815915972728882,0.803871069880998,"gpath_3neocort"
"2066","WWTR1","Inh ENOX2 SPHKAP",0.076974461876528,4.05666378791645,0.676242610750478,0.411471255113811,0.740443860614422,0.724572696366786,"gpath_3neocort"
"2067","COMMD2","Inh ENOX2 SPHKAP",0.0317414030066379,4.75969463541203,0.266576532452365,0.605979800382722,0.860208643750283,0.85164956191385,"gpath_3neocort"
"2068","ANKUB1","Inh ENOX2 SPHKAP",-0.0887943089823568,4.42525252851729,0.958386951285743,0.328303380009377,0.679446903286699,0.657794545976634,"gpath_3neocort"
"2069","RNF13","Inh ENOX2 SPHKAP",0.0456261641780408,6.6270109256223,1.86621271552839,0.172830124225271,0.523125139198304,0.492188194549435,"gpath_3neocort"
"2070","TSC22D2","Inh ENOX2 SPHKAP",0.0271111110011063,6.47665359756911,0.666995145396467,0.414684319032924,0.741497594333935,0.726972949267291,"gpath_3neocort"
"2071","SERP1","Inh ENOX2 SPHKAP",-0.0480029585060777,6.09233623303123,1.44508380429062,0.230171478019633,0.590058977848413,0.562086119994293,"gpath_3neocort"
"2072","EIF2A","Inh ENOX2 SPHKAP",-0.0331983196569101,5.1045627800403,0.385170212441056,0.535273105806754,0.823383241020484,0.810814968413838,"gpath_3neocort"
"2073","SELENOT","Inh ENOX2 SPHKAP",-0.00459424668251952,5.72785608162781,0.013171942883685,0.908697234606184,0.987582333364148,0.983590360634532,"gpath_3neocort"
"2074","SIAH2","Inh ENOX2 SPHKAP",-0.070403027789944,4.58375824132489,1.41256436875998,0.235476970653173,0.595639967536516,0.567870842696974,"gpath_3neocort"
"2075","MED12L","Inh ENOX2 SPHKAP",-0.0714408390041616,6.03199653661011,2.11121106314776,0.147164012213133,0.48661567094448,0.456072847753628,"gpath_3neocort"
"2076","MBNL1","Inh ENOX2 SPHKAP",0.0602123410781785,7.75329560206997,4.32059513943976,0.0384180739549148,0.273876430580498,0.237682013561313,"gpath_3neocort"
"2077","ARHGEF26","Inh ENOX2 SPHKAP",-0.220263848374121,4.84043956007539,9.0805805811233,0.00278117941936746,0.0856982292316283,0.0596889989293491,"gpath_3neocort"
"2078","DHX36","Inh ENOX2 SPHKAP",0.0154938137702012,6.52571534313138,0.271981123463529,0.602352129316609,0.859058680221053,0.849804012902517,"gpath_3neocort"
"2079","PLCH1","Inh ENOX2 SPHKAP",-0.0535781647305687,8.85974530272285,4.20003747854955,0.0412051709891432,0.280662506186714,0.246149285653844,"gpath_3neocort"
"2080","GMPS","Inh ENOX2 SPHKAP",0.0144819591219845,5.82169777865729,0.127478210866965,0.721287040160802,0.918393308747052,0.91122699276053,"gpath_3neocort"
"2081","KCNAB1","Inh ENOX2 SPHKAP",0.0963249160528248,8.25533303436242,9.70593678521198,0.0019961733623639,0.0738167511875835,0.0495757798563241,"gpath_3neocort"
"2082","SSR3","Inh ENOX2 SPHKAP",0.0484036739049357,4.52810798162443,0.517384079304932,0.472463518718714,0.781699038975728,0.768696127686885,"gpath_3neocort"
"2083","LINC00886","Inh ENOX2 SPHKAP",0.0608973766766874,4.57552085577542,0.609695243391851,0.435456583206616,0.757842345732091,0.742516071267187,"gpath_3neocort"
"2084","LEKR1","Inh ENOX2 SPHKAP",0.0512814175988135,4.15966201981095,0.31774504484534,0.573344860375198,0.845326168242279,0.833206762736144,"gpath_3neocort"
"2085","CCNL1","Inh ENOX2 SPHKAP",0.0618559704783135,5.43681198321088,1.94388994821526,0.185099824612109,0.53725844771169,0.508456261623605,"gpath_3neocort"
"2086","RSRC1","Inh ENOX2 SPHKAP",0.0495132438438815,6.83495667277802,2.69746983662366,0.101450355751736,0.413876650318563,0.382239336272738,"gpath_3neocort"
"2087","MLF1","Inh ENOX2 SPHKAP",0.0691494856707358,4.57259218589106,0.842277449216476,0.359409597101609,0.706200697452677,0.684385782705934,"gpath_3neocort"
"2088","GFM1","Inh ENOX2 SPHKAP",-0.0892272093124181,5.10681187554108,2.48055789572459,0.116209679282814,0.440941248472089,0.407987816918107,"gpath_3neocort"
"2089","MFSD1","Inh ENOX2 SPHKAP",-0.0123557843223989,5.11303240212749,0.0602019188210505,0.975781531611306,0.997368972015209,0.997271276163174,"gpath_3neocort"
"2090","IQCJ-SCHIP1","Inh ENOX2 SPHKAP",0.104051406313095,10.2220637513999,5.63972199350155,0.0181233247622314,0.195876733112774,0.163277082573735,"gpath_3neocort"
"2091","KPNA4","Inh ENOX2 SPHKAP",-0.00388906932597849,5.81309444465666,0.0112171647470721,0.91571656191525,0.988937327263027,0.985396202737199,"gpath_3neocort"
"2092","PPM1L","Inh ENOX2 SPHKAP",0.0636624966925833,7.82002515454764,4.52386726696048,0.0341590113069981,0.264420073217447,0.224391509746521,"gpath_3neocort"
"2093","B3GALNT1","Inh ENOX2 SPHKAP",-0.0292363786109263,5.2124072314839,0.341628846286167,0.55928578590827,0.837885926830907,0.824909194406697,"gpath_3neocort"
"2094","NMD3","Inh ENOX2 SPHKAP",-0.0450804988084103,6.87058312770914,1.46147947462046,0.227551434004782,0.586836828479493,0.559057386463194,"gpath_3neocort"
"2095","SPTSSB","Inh ENOX2 SPHKAP",-0.0877149284017733,4.29315937606899,1.35720603464481,0.244855072024237,0.602777188803576,0.577760953684262,"gpath_3neocort"
"2096","AC128685.1","Inh ENOX2 SPHKAP",0.0243331620900417,3.57900004085712,0.0310612068260616,0.860210899021488,0.971842687824892,0.969312806174715,"gpath_3neocort"
"2097","LINC01324","Inh ENOX2 SPHKAP",0.11609105959847,4.63164248243119,1.1756338781913,0.279030022739993,0.637091292249016,0.612121205893357,"gpath_3neocort"
"2098","SLITRK3","Inh ENOX2 SPHKAP",0.0385541777247884,5.85859907957748,0.950334417733222,0.330340896697856,0.681682486129206,0.659610044154604,"gpath_3neocort"
"2099","LINC01322","Inh ENOX2 SPHKAP",0.10372265703569,9.90032735239025,11.6330492399797,0.00072750398340866,0.0442777111902096,0.0278173160089442,"gpath_3neocort"
"2100","ZBBX","Inh ENOX2 SPHKAP",-0.198091818088175,4.86597563411108,5.26356749729917,0.0223975011870018,0.216167843801549,0.181164687497382,"gpath_3neocort"
"2101","PDCD10","Inh ENOX2 SPHKAP",0.0378884167358614,5.05830122060845,0.645180329333032,0.752839928410438,0.932162669818478,0.926177431374254,"gpath_3neocort"
"2102","SERPINI1","Inh ENOX2 SPHKAP",-0.0624286985013299,8.67633758853187,5.54680593279168,0.0190933848935845,0.199711473784883,0.167411211884359,"gpath_3neocort"
"2103","GOLIM4","Inh ENOX2 SPHKAP",-0.152321654611378,4.15774007642458,2.0734865200341,0.150816778129538,0.492249167049964,0.461453980518742,"gpath_3neocort"
"2104","MECOM","Inh ENOX2 SPHKAP",-0.197584932943586,4.27867116382069,3.98362161628951,0.046757744122767,0.296243924702346,0.26232302390581,"gpath_3neocort"
"2105","MYNN","Inh ENOX2 SPHKAP",0.004359987692293,4.34883219258085,0.00437027674811299,0.992899812973816,0.998951897108485,0.999193584560602,"gpath_3neocort"
"2106","LRRC34","Inh ENOX2 SPHKAP",-0.013868630861795,4.83229097171797,0.059459962576941,0.807501501408139,0.95360776385065,0.949676348026089,"gpath_3neocort"
"2107","SEC62","Inh ENOX2 SPHKAP",0.00163195808171976,6.87944714679214,0.00170376623864178,0.967100010351615,0.995859773924732,0.995986816388922,"gpath_3neocort"
"2108","PHC3","Inh ENOX2 SPHKAP",-0.03870827299949,7.22755966400198,2.31919288985565,0.128734137230166,0.45919891148255,0.42846080816762,"gpath_3neocort"
"2109","PRKCI","Inh ENOX2 SPHKAP",0.0161560281266368,6.37223843023853,0.233858359968355,0.628994975834679,0.874771932973166,0.864721741009915,"gpath_3neocort"
"2110","SKIL","Inh ENOX2 SPHKAP",0.137546864394098,5.10480054102136,7.24196300929252,0.00748086184791941,0.132211674546351,0.102695879403735,"gpath_3neocort"
"2111","AC026316.5","Inh ENOX2 SPHKAP",-0.276154993264493,4.41230004720771,9.73416849051831,0.00196661032263873,0.073094852373496,0.0491336271169612,"gpath_3neocort"
"2112","SLC7A14","Inh ENOX2 SPHKAP",-0.00527714901476021,6.66703262029976,0.0308424455972964,0.860698956979796,0.971842687824892,0.969409058463828,"gpath_3neocort"
"2113","EIF5A2","Inh ENOX2 SPHKAP",-0.00247707321816569,4.02260936955719,0.00039942408077106,0.984066816402748,0.998198786643165,0.998082547108444,"gpath_3neocort"
"2114","TNIK","Inh ENOX2 SPHKAP",0.0269221779492442,9.32290968742911,1.8547057035656,0.174156479172642,0.525171197091898,0.49402680199632,"gpath_3neocort"
"2115","FNDC3B","Inh ENOX2 SPHKAP",-0.073983148566965,5.7847837915245,1.57121828197402,0.210908387797653,0.567861973840346,0.540079735452618,"gpath_3neocort"
"2116","NCEH1","Inh ENOX2 SPHKAP",-0.0210252588074959,6.3823674994257,0.405908491403523,0.573443729831692,0.845326168242279,0.833267647894432,"gpath_3neocort"
"2117","NLGN1","Inh ENOX2 SPHKAP",0.0249473448879506,9.20645310963532,0.595345738648388,0.440905843378861,0.761510831497097,0.746542484841043,"gpath_3neocort"
"2118","NAALADL2","Inh ENOX2 SPHKAP",0.00246409452233557,6.16464310348886,0.00184571306130303,0.965757730010729,0.995700592042286,0.99579317852034,"gpath_3neocort"
"2119","TBL1XR1","Inh ENOX2 SPHKAP",0.0246577979515308,7.19583359014796,0.793126724648824,0.373798489313375,0.717216387462269,0.696639969763191,"gpath_3neocort"
"2120","KCNMB2","Inh ENOX2 SPHKAP",0.0559254519458382,4.29967337141657,0.546708178062282,0.46018607962653,0.774144693848911,0.760368167973145,"gpath_3neocort"
"2121","KCNMB2-AS1","Inh ENOX2 SPHKAP",-0.250193493943934,6.88075819717934,10.6289000207668,0.00122824341041709,0.0600393452821233,0.0374425024127638,"gpath_3neocort"
"2122","ZMAT3","Inh ENOX2 SPHKAP",0.073725002257495,5.93150492436221,3.02479970156895,0.0829233361078889,0.382176210746273,0.347297494862209,"gpath_3neocort"
"2123","PIK3CA","Inh ENOX2 SPHKAP",0.0301575033853215,7.33887312696815,1.25416261648136,0.26356496122775,0.622630502763076,0.597273459489639,"gpath_3neocort"
"2124","KCNMB3","Inh ENOX2 SPHKAP",0.163928294100509,4.56864653277691,6.81712397257922,0.00943658278976425,0.145631447237281,0.116349109085488,"gpath_3neocort"
"2125","ZNF639","Inh ENOX2 SPHKAP",-0.0113139622906042,4.54318312568548,0.0317072800358768,0.858779762397412,0.97158870817798,0.968824168242454,"gpath_3neocort"
"2126","MFN1","Inh ENOX2 SPHKAP",-0.0207647361935451,6.37233965193485,0.385147420399168,0.535285175859164,0.823383241020484,0.810814968413838,"gpath_3neocort"
"2127","GNB4","Inh ENOX2 SPHKAP",-0.218732058588109,5.20676408805034,15.4546740665591,0.000102795665405879,0.0178754319593295,0.00863953502858104,"gpath_3neocort"
"2128","NDUFB5","Inh ENOX2 SPHKAP",-0.015837901493801,4.9537990959688,0.0606474175382043,0.805627116246509,0.952559922311815,0.949023761943594,"gpath_3neocort"
"2129","USP13","Inh ENOX2 SPHKAP",-0.0704220168605069,6.4973530767094,4.43112380721041,0.0360370711564518,0.270348089325986,0.230541420415306,"gpath_3neocort"
"2130","PEX5L","Inh ENOX2 SPHKAP",-0.0785268713188132,9.08504128256015,5.65089926007436,0.0180101291870901,0.195240638974021,0.162709467534937,"gpath_3neocort"
"2131","TTC14","Inh ENOX2 SPHKAP",-0.00216215885173407,7.4855923194895,0.00561233935993397,0.940326831393736,0.993518947956843,0.990982897636112,"gpath_3neocort"
"2132","FXR1","Inh ENOX2 SPHKAP",-0.0222226024115032,6.83339622180421,0.409717327526656,0.522552604301411,0.814712541151888,0.802155403735794,"gpath_3neocort"
"2133","DNAJC19","Inh ENOX2 SPHKAP",-0.142733261783688,4.7802283632221,5.92535147289784,0.0154489855879374,0.181693504414655,0.150088800612206,"gpath_3neocort"
"2134","AC125613.1","Inh ENOX2 SPHKAP",-0.135391260783316,4.27037454403689,2.29935669309308,0.130375053701963,0.461063524463921,0.431007853669156,"gpath_3neocort"
"2135","SOX2","Inh ENOX2 SPHKAP",-0.153080246428591,4.74315938362786,4.39589613857461,0.0367786130870073,0.271191586161355,0.232832676362462,"gpath_3neocort"
"2136","ATP11B","Inh ENOX2 SPHKAP",0.0182879229998172,6.64934441927587,0.30853421635985,0.578953523697665,0.847855388854142,0.836453908731954,"gpath_3neocort"
"2137","DCUN1D1","Inh ENOX2 SPHKAP",0.0201425989899463,5.6996565436426,0.220000600946296,0.639345994218941,0.879090754753106,0.870462110038231,"gpath_3neocort"
"2138","MCCC1","Inh ENOX2 SPHKAP",-0.0739865903217876,6.33491732432748,5.61909185031397,0.018334195751463,0.197062249699499,0.164094011636792,"gpath_3neocort"
"2139","MCF2L2","Inh ENOX2 SPHKAP",0.0187130278699151,8.12362657807092,0.591720690509785,0.442299066749065,0.762345832289164,0.74772620641583,"gpath_3neocort"
"2140","KLHL24","Inh ENOX2 SPHKAP",0.071619447916485,7.34675319988449,8.67308347970325,0.00345636345961353,0.0942240212545903,0.0672525178627415,"gpath_3neocort"
"2141","YEATS2","Inh ENOX2 SPHKAP",-0.0311580621327915,7.0324560374431,1.18871510979034,0.276376177640578,0.635281253780055,0.609816027529688,"gpath_3neocort"
"2142","ABCC5","Inh ENOX2 SPHKAP",-0.0265057308434856,7.21916219651316,1.00903151631721,0.51189954964512,0.808314871808687,0.795331127978554,"gpath_3neocort"
"2143","EIF2B5","Inh ENOX2 SPHKAP",-0.0811450392907388,4.64030742907711,1.74672106347448,0.187195554586601,0.540281656954452,0.511147284949077,"gpath_3neocort"
"2144","DVL3","Inh ENOX2 SPHKAP",0.0205170315685312,4.84935360129664,0.143216185035534,0.913652744192746,0.988352635297596,0.984894541111721,"gpath_3neocort"
"2145","AP2M1","Inh ENOX2 SPHKAP",-0.0100609179313184,6.29616487209536,0.0389476565690244,0.843672647034681,0.967233839983956,0.963812590265346,"gpath_3neocort"
"2146","VWA5B2","Inh ENOX2 SPHKAP",-0.097449217814632,5.10438513611782,2.98055701840117,0.0851965347930077,0.386184312630241,0.351943184550228,"gpath_3neocort"
"2147","CAMK2N2","Inh ENOX2 SPHKAP",-0.138549312775555,6.09783282082631,5.01602219554958,0.0257725272905685,0.231524788519886,0.194448837213939,"gpath_3neocort"
"2148","PSMD2","Inh ENOX2 SPHKAP",-0.040647090643373,5.00571834887351,0.441054753156828,0.507072786082899,0.803821388714841,0.791678911046716,"gpath_3neocort"
"2149","EIF4G1","Inh ENOX2 SPHKAP",0.0181181948250851,4.91034292530581,0.108889056778461,0.858549352574914,0.97158870817798,0.968759470243785,"gpath_3neocort"
"2150","FAM131A","Inh ENOX2 SPHKAP",0.0390318154231839,5.05758926501702,0.597112621286241,0.44743449076818,0.76479487795598,0.751387751447234,"gpath_3neocort"
"2151","POLR2H","Inh ENOX2 SPHKAP",-0.0329486047198068,4.78775119235453,0.321945215117725,0.570822797035201,0.844654672166659,0.831578421953802,"gpath_3neocort"
"2152","CHRD","Inh ENOX2 SPHKAP",-0.0276251295455293,5.11797351365852,0.22931591800208,0.632345408629001,0.875928817813544,0.866370533796053,"gpath_3neocort"
"2153","MAGEF1","Inh ENOX2 SPHKAP",-0.190419316778937,4.49487585281068,5.69337648646171,0.0175865975267676,0.194170393101659,0.160897694031859,"gpath_3neocort"
"2154","VPS8","Inh ENOX2 SPHKAP",-0.0118702220650555,7.36560157606821,0.213028999707682,0.644704555738627,0.881448868178843,0.873272655037635,"gpath_3neocort"
"2155","C3orf70","Inh ENOX2 SPHKAP",-0.00802984261621043,4.52578757649016,0.0146805679201699,0.903634601478198,0.985974882947517,0.982269167272278,"gpath_3neocort"
"2156","MAP3K13","Inh ENOX2 SPHKAP",0.0146968433175029,7.831464975845,0.426911041207018,0.513958860019039,0.809351298906063,0.796798578043384,"gpath_3neocort"
"2157","SENP2","Inh ENOX2 SPHKAP",-0.0895075114383616,6.20326599553609,7.15554336678108,0.00784178945347571,0.135251588714884,0.105203581043777,"gpath_3neocort"
"2158","TRA2B","Inh ENOX2 SPHKAP",-0.0333036744285423,6.31246256255182,1.11987110419908,0.29343968836738,0.650786646562777,0.625957259236494,"gpath_3neocort"
"2159","ETV5","Inh ENOX2 SPHKAP",-0.0315774953475691,4.28695580025229,0.0481764387375236,0.826401648458385,0.961952094667183,0.95717179945999,"gpath_3neocort"
"2160","DGKG","Inh ENOX2 SPHKAP",-0.102726155589435,5.4769377236738,2.11798957958497,0.146518353530182,0.485469794718243,0.455350151943545,"gpath_3neocort"
"2161","EIF4A2","Inh ENOX2 SPHKAP",-0.0427799739741623,7.60897478178072,0.828015561027816,0.363504286721818,0.709664142762041,0.688266064066657,"gpath_3neocort"
"2162","ST6GAL1","Inh ENOX2 SPHKAP",-0.0830668171978792,5.84049864340358,2.06534268590527,0.151618766239707,0.493800516937213,0.462645621052642,"gpath_3neocort"
"2163","SST","Inh ENOX2 SPHKAP",-0.657816193366793,7.70908673977811,17.2957900034241,4.0731880611106e-05,0.0107323162525492,0.00490099396824788,"gpath_3neocort"
"2164","BCL6","Inh ENOX2 SPHKAP",0.147581500763083,4.09072659676926,3.09806671865767,0.0793021977141205,0.374512512774057,0.339435114261198,"gpath_3neocort"
"2165","LPP","Inh ENOX2 SPHKAP",-0.00388524454683494,6.8526711441839,0.0091964670723781,0.923659024929652,0.990817571500511,0.987381417819238,"gpath_3neocort"
"2166","TPRG1","Inh ENOX2 SPHKAP",0.0361125470705104,3.67299247346002,0.0735735889877031,0.786370824018892,0.947380809637012,0.941001245100908,"gpath_3neocort"
"2167","P3H2","Inh ENOX2 SPHKAP",0.00980251915433716,5.65956767650279,0.0339445161607594,0.853936886377363,0.970401727505604,0.967352000859812,"gpath_3neocort"
"2168","P3H2-AS1","Inh ENOX2 SPHKAP",0.0046830119408253,4.40835260161844,0.00415493774859445,0.94864353354944,0.994776274703702,0.992679001285127,"gpath_3neocort"
"2169","CCDC50","Inh ENOX2 SPHKAP",0.073660252611014,5.71517093597922,3.27258739336782,0.0713469949852429,0.35610806778044,0.322692547214499,"gpath_3neocort"
"2170","FGF12","Inh ENOX2 SPHKAP",0.0256360693235288,10.312081581015,1.74885632888393,0.186926945696016,0.540033057029264,0.510817301212727,"gpath_3neocort"
"2171","MB21D2","Inh ENOX2 SPHKAP",0.0329783921486128,5.65297515883932,0.448346804812584,0.50358448005541,0.802187554689946,0.789469376323927,"gpath_3neocort"
"2172","HRASLS","Inh ENOX2 SPHKAP",0.175813177595906,4.57942817177565,6.75560404308398,0.00976061272821935,0.147771602677457,0.118401126002608,"gpath_3neocort"
"2173","ATP13A4","Inh ENOX2 SPHKAP",-0.115045599451586,4.2195079579984,1.99473243330967,0.158779585007786,0.504274505562355,0.472833877647727,"gpath_3neocort"
"2174","OPA1","Inh ENOX2 SPHKAP",0.0385499888211518,6.82210741465497,1.92507270614643,0.170141920759422,0.51971205280905,0.488618464685038,"gpath_3neocort"
"2175","ATP13A3","Inh ENOX2 SPHKAP",0.0309480251225708,6.05924528852108,0.655459816174712,0.418744765662182,0.744335728358177,0.730196672186745,"gpath_3neocort"
"2176","LINC00884","Inh ENOX2 SPHKAP",-0.0670484877714488,5.71453020342484,1.98206003395988,0.160105178343243,0.505962965017542,0.474689655863885,"gpath_3neocort"
"2177","FAM43A","Inh ENOX2 SPHKAP",0.07059136735318,4.26597484316532,0.802561465206444,0.3709749292821,0.715647237647898,0.694499172004669,"gpath_3neocort"
"2178","XXYLT1","Inh ENOX2 SPHKAP",0.000552251770502892,6.00057845964471,0.000142770878925731,0.990473708049968,0.998951897108485,0.998791122003379,"gpath_3neocort"
"2179","ACAP2","Inh ENOX2 SPHKAP",0.0370365361429694,7.15016709183471,2.23851958976973,0.135555716165492,0.470100272086739,0.439114526411931,"gpath_3neocort"
"2180","PPP1R2","Inh ENOX2 SPHKAP",-0.0369451237334563,5.87659613307479,1.03917375742378,0.308752789534456,0.665626447749951,0.640354117069919,"gpath_3neocort"
"2181","APOD","Inh ENOX2 SPHKAP",0.0460195345143318,4.12033266843346,0.273250757637941,0.601506584378178,0.858992566768831,0.849396204032343,"gpath_3neocort"
"2182","MUC20-OT1","Inh ENOX2 SPHKAP",0.0181185712615482,8.08948484996162,0.23512306643543,0.628069301877779,0.87435858199262,0.864238396421758,"gpath_3neocort"
"2183","TNK2","Inh ENOX2 SPHKAP",-0.0303778728880112,6.21041139431876,0.687709699465131,0.407537769969444,0.737658513747666,0.72153852669829,"gpath_3neocort"
"2184","TFRC","Inh ENOX2 SPHKAP",-0.0283969465141672,4.94491725902003,0.277465534026679,0.598717471951431,0.857532088125041,0.847764092332799,"gpath_3neocort"
"2185","PCYT1A","Inh ENOX2 SPHKAP",-0.047394402494049,5.02982763823496,0.899651368500502,0.343562144265091,0.692242532765043,0.670879318107432,"gpath_3neocort"
"2186","UBXN7","Inh ENOX2 SPHKAP",-0.000201889096753289,6.07193117515017,3.54056510873021e-05,0.995255962015204,0.99916057852693,0.999439488236285,"gpath_3neocort"
"2187","RNF168","Inh ENOX2 SPHKAP",-0.00844010593490026,6.06650568883123,0.0549236137291913,0.814850998543452,0.957064168835621,0.952495948553304,"gpath_3neocort"
"2188","FBXO45","Inh ENOX2 SPHKAP",-0.0145388970792206,4.52823569223502,0.0479242723817077,0.826849319625881,0.961952094667183,0.957285770217009,"gpath_3neocort"
"2189","PIGX","Inh ENOX2 SPHKAP",-0.0755771124868422,5.35741543084462,2.78230622953354,0.0962496262180272,0.406437968246427,0.37293885201831,"gpath_3neocort"
"2190","PAK2","Inh ENOX2 SPHKAP",-0.00157334939156095,6.36112644837527,0.00225235525144163,0.962175831825175,0.995700592042286,0.995252007825313,"gpath_3neocort"
"2191","SENP5","Inh ENOX2 SPHKAP",-0.024880941218326,6.7979183839776,0.70293167757517,0.402400984583337,0.734917627132883,0.718065054906944,"gpath_3neocort"
"2192","NCBP2","Inh ENOX2 SPHKAP",-0.0691775138504,4.51329244944416,1.16921521899028,0.28034398474999,0.638594087367346,0.613409465634294,"gpath_3neocort"
"2193","NCBP2-AS2","Inh ENOX2 SPHKAP",-0.167158046261242,3.93363921740659,2.45752283264241,0.117911615338768,0.443956869034259,0.411004784569212,"gpath_3neocort"
"2194","PIGZ","Inh ENOX2 SPHKAP",-0.0513284732656761,5.53634614481546,1.14702328890405,0.284947762557428,0.640984364006523,0.617954765196548,"gpath_3neocort"
"2195","MELTF-AS1","Inh ENOX2 SPHKAP",-0.312179450584071,4.46452443639748,15.6580351001915,9.2758561907087e-05,0.0178754319593295,0.00816541829434833,"gpath_3neocort"
"2196","DLG1","Inh ENOX2 SPHKAP",0.0609217271389869,8.11504724329928,4.81041118573231,0.0289784483318541,0.245171268336746,0.20624036085518,"gpath_3neocort"
"2197","BDH1","Inh ENOX2 SPHKAP",-0.0544097013426409,6.5572901408127,1.80527087269114,0.179990224018505,0.531618077492327,0.501668143882335,"gpath_3neocort"
"2198","RUBCN","Inh ENOX2 SPHKAP",-0.0496456164148405,6.49724619371271,2.94632483633269,0.114768140148133,0.437421584642865,0.405494516679691,"gpath_3neocort"
"2199","FYTTD1","Inh ENOX2 SPHKAP",-0.0135908861073484,4.96012948408699,0.060367381282674,0.967796526902557,0.995859773924732,0.996044509967192,"gpath_3neocort"
"2200","LRCH3","Inh ENOX2 SPHKAP",-0.0283932523169958,7.15601586751162,1.34654757413881,0.246712752560702,0.605164006163079,0.579733111006062,"gpath_3neocort"
"2201","RPL35A","Inh ENOX2 SPHKAP",-0.210537275099132,5.44426287127942,6.80754144885029,0.00948631694919834,0.145936420934113,0.11671023934402,"gpath_3neocort"
"2202","LMLN","Inh ENOX2 SPHKAP",-0.078754928399142,4.91713629300616,1.97737798486919,0.1605981410771,0.506118025180843,0.475174973138096,"gpath_3neocort"
"2203","ZNF595","Inh ENOX2 SPHKAP",0.12459341396064,5.21951053722962,7.86159544669817,0.00534536503408231,0.119243909094523,0.0856679302480848,"gpath_3neocort"
"2204","ZNF718","Inh ENOX2 SPHKAP",0.0162182522057297,5.87127701676414,0.176536937729143,0.73940136756344,0.927279625797829,0.920213313742192,"gpath_3neocort"
"2205","ZNF141","Inh ENOX2 SPHKAP",0.119407317736388,5.351631698161,7.1462104116902,0.00788182447958183,0.135251588714884,0.105467155406088,"gpath_3neocort"
"2206","ZNF721","Inh ENOX2 SPHKAP",0.0304326054160992,7.19887896864807,1.26276245238162,0.261937237599311,0.621526515531698,0.595606258383583,"gpath_3neocort"
"2207","PIGG","Inh ENOX2 SPHKAP",-0.0729438160553246,5.1301492058557,1.91993129040828,0.166790347063606,0.517922321334628,0.484120903942253,"gpath_3neocort"
"2208","AC116565.2","Inh ENOX2 SPHKAP",-0.0156748904770396,4.79198113621136,0.0696026558112668,0.90045141519934,0.985346205327696,0.981400826401487,"gpath_3neocort"
"2209","PDE6B","Inh ENOX2 SPHKAP",-0.155631438456704,4.13698382477233,2.8939536971389,0.0898447707994711,0.394280476811739,0.361039975876192,"gpath_3neocort"
"2210","AC107464.1","Inh ENOX2 SPHKAP",0.0551147721695219,3.96154864354868,0.350782941735192,0.55407166964424,0.835483109166245,0.821922934867549,"gpath_3neocort"
"2211","ATP5ME","Inh ENOX2 SPHKAP",-0.0590628514088925,4.5480671080748,0.59656600071912,0.44043837939454,0.76140403666679,0.746179853867642,"gpath_3neocort"
"2212","PCGF3","Inh ENOX2 SPHKAP",0.0246529337011299,5.24498900939795,0.348972722463686,0.559365004141274,0.837885926830907,0.824982517102552,"gpath_3neocort"
"2213","AC139887.2","Inh ENOX2 SPHKAP",-0.0907670569978267,6.34066742392243,4.83393191224029,0.0285914775935745,0.243164898520723,0.204795923159922,"gpath_3neocort"
"2214","CPLX1","Inh ENOX2 SPHKAP",-0.0460974224904467,6.88113107687842,1.40187553285856,0.23725316488299,0.597475111204917,0.569862607372721,"gpath_3neocort"
"2215","GAK","Inh ENOX2 SPHKAP",-0.00151529883144571,6.3241019390143,0.0020670033780236,0.975707425255079,0.997368972015209,0.997242369772548,"gpath_3neocort"
"2216","TMEM175","Inh ENOX2 SPHKAP",-0.204989737560821,5.55569453115894,18.6984752058354,2.02476852695514e-05,0.00647735723387764,0.00324428545041442,"gpath_3neocort"
"2217","DGKQ","Inh ENOX2 SPHKAP",-0.087481933409183,4.41258619381396,1.43966569442499,0.231045302442279,0.590674359921662,0.562906483995113,"gpath_3neocort"
"2218","CTBP1","Inh ENOX2 SPHKAP",0.0145531595835662,5.76482380875528,0.125940793726565,0.722902818745226,0.919259021216929,0.912062305233318,"gpath_3neocort"
"2219","MAEA","Inh ENOX2 SPHKAP",-0.0268564089411282,5.41815101044996,0.427295462766949,0.513769554692305,0.809351298906063,0.796681347968648,"gpath_3neocort"
"2220","UVSSA","Inh ENOX2 SPHKAP",-0.118575700165135,5.2302654727205,4.64194174526202,0.0319155625466844,0.254957955766704,0.216738734901689,"gpath_3neocort"
"2221","SLBP","Inh ENOX2 SPHKAP",-0.0796676263484926,4.99578836939015,2.05589805995044,0.152554931225104,0.49560707269664,0.463913746959628,"gpath_3neocort"
"2222","LETM1","Inh ENOX2 SPHKAP",0.0692791744214535,4.74459457924722,1.51670253754853,0.218987060492736,0.57683814018889,0.549315613555788,"gpath_3neocort"
"2223","NSD2","Inh ENOX2 SPHKAP",0.0222273516018734,6.89853917033197,0.540310489357683,0.462820758269729,0.775333429049331,0.762213350921628,"gpath_3neocort"
"2224","NELFA","Inh ENOX2 SPHKAP",0.0481532531421291,6.40663265266416,2.53310857380936,0.120659342861397,0.44727091008157,0.415548521805909,"gpath_3neocort"
"2225","C4orf48","Inh ENOX2 SPHKAP",-0.267076877110324,4.13823329272829,6.86777331225068,0.00917813190016198,0.143692360842086,0.114550481060157,"gpath_3neocort"
"2226","NAT8L","Inh ENOX2 SPHKAP",-0.17166713499839,5.64572464614098,11.0123089624474,0.00100508671427201,0.0529055914788155,0.0336857658578181,"gpath_3neocort"
"2227","POLN","Inh ENOX2 SPHKAP",0.136374580373522,5.84093750039412,9.28044466308762,0.0025008726443273,0.0815670200660179,0.0562887597057531,"gpath_3neocort"
"2228","MXD4","Inh ENOX2 SPHKAP",0.00910244592625264,5.30853372853718,0.0322801071008127,0.857523407375352,0.971265236051276,0.968481794284014,"gpath_3neocort"
"2229","ZFYVE28","Inh ENOX2 SPHKAP",0.00731058451261829,7.26735998998138,0.0668484835604349,0.79614142492511,0.951444119052354,0.945302252124221,"gpath_3neocort"
"2230","RNF4","Inh ENOX2 SPHKAP",-0.0154675288596077,5.251578959738,0.114101313461318,0.735734870029817,0.925976813418298,0.918582196890497,"gpath_3neocort"
"2231","FAM193A","Inh ENOX2 SPHKAP",0.0823122037112455,7.14428621776644,8.12233867057411,0.00464431006818577,0.111298247191965,0.0792708065899932,"gpath_3neocort"
"2232","ADD1","Inh ENOX2 SPHKAP",0.0389996327449366,7.32289805257702,2.99543986435536,0.0844243889563396,0.384709733110358,0.35040045546069,"gpath_3neocort"
"2233","MFSD10","Inh ENOX2 SPHKAP",-0.105575437742702,4.71879477987872,2.61831635738664,0.106582007059312,0.42311275366636,0.391522043092863,"gpath_3neocort"
"2234","NOP14","Inh ENOX2 SPHKAP",0.07238854920913,4.16672357950915,0.98685359359055,0.321232963256884,0.67286870212853,0.651521593441262,"gpath_3neocort"
"2235","GRK4","Inh ENOX2 SPHKAP",-0.082923593714111,6.2705230377589,4.02832816703985,0.0455490373403173,0.292076882790102,0.258901767273685,"gpath_3neocort"
"2236","HTT","Inh ENOX2 SPHKAP",-0.0201310717935793,7.23085838666588,0.6133363599803,0.434090268681508,0.757014870419149,0.741542629434914,"gpath_3neocort"
"2237","RGS12","Inh ENOX2 SPHKAP",0.073566218754061,6.06207871531473,4.20076447789582,0.0446744526559165,0.290004155387801,0.256423022328687,"gpath_3neocort"
"2238","LRPAP1","Inh ENOX2 SPHKAP",-0.0844435171682108,4.93029397425484,1.56842772864751,0.211313193669263,0.568038976594532,0.540438445839635,"gpath_3neocort"
"2239","TMEM128","Inh ENOX2 SPHKAP",-0.00979028840568756,4.29433185980658,0.0185347209127172,0.891790961358506,0.981605107009057,0.978888172444541,"gpath_3neocort"
"2240","NSG1","Inh ENOX2 SPHKAP",-0.216373491167268,5.46073457024575,14.7022808020328,0.000150504752221593,0.0208661405573325,0.0109195762185138,"gpath_3neocort"
"2241","STX18","Inh ENOX2 SPHKAP",-0.054574607011539,6.11754584563254,2.164461578942,0.142177199712363,0.479903490744885,0.449257318860317,"gpath_3neocort"
"2242","STX18-AS1","Inh ENOX2 SPHKAP",-0.0266416204321578,6.79331223314785,0.521471133621563,0.470720945557802,0.780957264084683,0.767524633688683,"gpath_3neocort"
"2243","CRMP1","Inh ENOX2 SPHKAP",-0.0338046548312487,7.04845859208363,1.73850801904963,0.188232935932235,0.541350363292411,0.512500718757624,"gpath_3neocort"
"2244","C4orf50","Inh ENOX2 SPHKAP",0.0739774690724416,5.22616984244843,1.92499071469567,0.166234122135006,0.516689397175452,0.483309477783588,"gpath_3neocort"
"2245","JAKMIP1","Inh ENOX2 SPHKAP",-0.101621154069077,6.63505355404268,10.4895629983387,0.00132131486737735,0.06076454582574,0.0389911650197668,"gpath_3neocort"
"2246","PPP2R2C","Inh ENOX2 SPHKAP",-0.0221163292005105,7.91680913052484,0.664903610485201,0.415416184142039,0.741716685217303,0.727545018940389,"gpath_3neocort"
"2247","MAN2B2","Inh ENOX2 SPHKAP",-0.110443275666344,4.62207752224774,3.14440238845389,0.0771007042322121,0.370271849007957,0.335275475582711,"gpath_3neocort"
"2248","MRFAP1","Inh ENOX2 SPHKAP",-0.0557537250806276,5.62180752264555,0.728255400345058,0.394061895106685,0.730928520866457,0.711995111724222,"gpath_3neocort"
"2249","LINC02482","Inh ENOX2 SPHKAP",0.0527248613001131,4.34875203752248,0.52448903635152,0.469440878521678,0.780456242468606,0.766615729967673,"gpath_3neocort"
"2250","MRFAP1L1","Inh ENOX2 SPHKAP",0.0504688329131445,4.7856624196255,0.723437317389399,0.39562908251615,0.731605773935107,0.71303862582695,"gpath_3neocort"
"2251","KIAA0232","Inh ENOX2 SPHKAP",-0.0224341080049328,7.28425600224845,0.750014818851874,0.387094263447086,0.726423659542084,0.706854152956257,"gpath_3neocort"
"2252","TBC1D14","Inh ENOX2 SPHKAP",-0.0294166033022583,5.70876623121597,0.63388045741619,0.478532240034004,0.78648893729133,0.772937680764578,"gpath_3neocort"
"2253","SORCS2","Inh ENOX2 SPHKAP",-0.0489285074088189,6.39373418099723,1.16250530663184,0.281725957018469,0.63938330024141,0.614641591321695,"gpath_3neocort"
"2254","AFAP1","Inh ENOX2 SPHKAP",-0.0356505076507649,7.29489334067872,1.59507781216344,0.20748462855921,0.563908823028074,0.536145572597446,"gpath_3neocort"
"2255","ABLIM2","Inh ENOX2 SPHKAP",-0.0369392811119754,7.3271381532935,1.70199134097473,0.192927491876765,0.545983119993007,0.518325357753542,"gpath_3neocort"
"2256","ACOX3","Inh ENOX2 SPHKAP",-0.124069997117294,5.49120267320901,6.67592663663737,0.0101973919603782,0.150457883197216,0.121115214309423,"gpath_3neocort"
"2257","TRMT44","Inh ENOX2 SPHKAP",-0.0293998117988505,5.01263731412895,0.350780187459133,0.572689508890255,0.845326168242279,0.832822281546091,"gpath_3neocort"
"2258","WDR1","Inh ENOX2 SPHKAP",0.0434862888437036,4.07356712301849,0.308505299801326,0.578971303440834,0.847855388854142,0.836462426595153,"gpath_3neocort"
"2259","ZNF518B","Inh ENOX2 SPHKAP",0.100451836915401,4.69919620715687,2.88934665023268,0.0900996606786904,0.394510114968115,0.36147978046509,"gpath_3neocort"
"2260","HS3ST1","Inh ENOX2 SPHKAP",-0.0350331504020236,4.51484590253259,0.223888072649666,0.636402850730072,0.877421433434316,0.868715679186113,"gpath_3neocort"
"2261","RAB28","Inh ENOX2 SPHKAP",0.0233082649106605,7.25411916194454,0.704381549695171,0.401916656134209,0.734446312147668,0.717687459072813,"gpath_3neocort"
"2262","BOD1L1","Inh ENOX2 SPHKAP",0.0191091832622417,7.26998268571392,0.44826751097979,0.503622190440947,0.802187554689946,0.789482436368355,"gpath_3neocort"
"2263","LINC00504","Inh ENOX2 SPHKAP",0.0477363607296586,5.07863980852231,0.495540326081677,0.481957560379442,0.788368832806739,0.775271880907702,"gpath_3neocort"
"2264","CPEB2-DT","Inh ENOX2 SPHKAP",0.0702612027718337,5.23612801613044,1.79934223662926,0.180704955364068,0.531979128041307,0.502644441379706,"gpath_3neocort"
"2265","CPEB2","Inh ENOX2 SPHKAP",-0.0086234147939462,6.37492388737624,0.0537769371751644,0.816759068621722,0.95814959766755,0.953345497780834,"gpath_3neocort"
"2266","AC098829.1","Inh ENOX2 SPHKAP",-0.169541267872006,6.69783347052859,3.35412901840977,0.0679287494160892,0.348703300903467,0.31519013002552,"gpath_3neocort"
"2267","CC2D2A","Inh ENOX2 SPHKAP",-0.0505174524218825,5.99488188019323,1.2499311789206,0.26437048660576,0.623312478613645,0.598041091838081,"gpath_3neocort"
"2268","FBXL5","Inh ENOX2 SPHKAP",0.0142260199840879,6.58620353157767,0.279940387320716,0.597092339825461,0.856078504891099,0.846825802426784,"gpath_3neocort"
"2269","FAM200B","Inh ENOX2 SPHKAP",0.0706852511657152,5.04856728852379,1.80189833237515,0.180396399845437,0.531856312710162,0.502237246727497,"gpath_3neocort"
"2270","PROM1","Inh ENOX2 SPHKAP",-0.249611434453763,4.24950173842999,5.61245739113261,0.018402549762769,0.197361266068111,0.164343064378406,"gpath_3neocort"
"2271","TAPT1","Inh ENOX2 SPHKAP",0.0800845911242043,5.88238657281739,4.27136462659656,0.039531403437234,0.278915457457457,0.241187710769841,"gpath_3neocort"
"2272","TAPT1-AS1","Inh ENOX2 SPHKAP",-0.0280373844170587,6.65636296988716,0.499401809555861,0.480256623642555,0.787735901619491,0.774139788082026,"gpath_3neocort"
"2273","AC097515.1","Inh ENOX2 SPHKAP",-0.0827448560473709,3.712841617794,0.513637143240437,0.474070283177914,0.782655873040069,0.769804101717017,"gpath_3neocort"
"2274","LDB2","Inh ENOX2 SPHKAP",-0.238292031732994,4.70661619346864,6.60802901119421,0.0105854755503435,0.152618738670169,0.123420217682679,"gpath_3neocort"
"2275","QDPR","Inh ENOX2 SPHKAP",-0.0387110153683162,6.06752135703377,1.16116179661813,0.283566819630005,0.640385789146006,0.616492021263548,"gpath_3neocort"
"2276","MED28","Inh ENOX2 SPHKAP",0.0503812195027528,5.75130601178764,1.55454429219624,0.213340969709766,0.570038875104407,0.542757460540595,"gpath_3neocort"
"2277","FAM184B","Inh ENOX2 SPHKAP",-0.0678257818817472,5.64569667417623,2.0556399010902,0.152580612440391,0.49560707269664,0.463952220967157,"gpath_3neocort"
"2278","DCAF16","Inh ENOX2 SPHKAP",0.014360665914123,5.11957299605937,0.0924397611320405,0.761287769775802,0.93532933410002,0.92980991274962,"gpath_3neocort"
"2279","LCORL","Inh ENOX2 SPHKAP",0.0550011476508802,6.6739359091838,2.73510205533526,0.0991063215290707,0.411204669386489,0.377924637888272,"gpath_3neocort"
"2280","AC024230.1","Inh ENOX2 SPHKAP",-0.110264795836124,3.85065678449309,0.95307901022136,0.329644549341509,0.680389703579402,0.658938077409295,"gpath_3neocort"
"2281","SLIT2","Inh ENOX2 SPHKAP",0.0750596852075747,8.1700135723714,2.69151273221942,0.101826958941383,0.414344615411002,0.383015050413971,"gpath_3neocort"
"2282","PACRGL","Inh ENOX2 SPHKAP",0.0108782635914795,6.00278517540815,0.0987245247427543,0.753562156364389,0.932383429035825,0.926566330687197,"gpath_3neocort"
"2283","KCNIP4","Inh ENOX2 SPHKAP",0.105252216378433,12.0937778128915,11.745100874265,0.000686396310272725,0.0439263228631317,0.0268980050942735,"gpath_3neocort"
"2284","ADGRA3","Inh ENOX2 SPHKAP",-0.0342661691806832,4.18916511885587,0.151882822965016,0.696991332325474,0.906665989070995,0.899698175642352,"gpath_3neocort"
"2285","PPARGC1A","Inh ENOX2 SPHKAP",-0.0462579998460323,6.23511419249298,1.02185057694817,0.312813438714075,0.66620805586772,0.643833862277672,"gpath_3neocort"
"2286","DHX15","Inh ENOX2 SPHKAP",0.0591993159582693,5.910756032357,2.87908965833666,0.090669975099359,0.396175485592058,0.362571298071039,"gpath_3neocort"
"2287","CCDC149","Inh ENOX2 SPHKAP",-0.000526577108349421,6.23733485385512,0.000286753731438177,0.98649955273568,0.998496273208611,0.998404354565563,"gpath_3neocort"
"2288","LGI2","Inh ENOX2 SPHKAP",-0.239399411923778,4.50734466167552,7.37958053980495,0.00694095680796313,0.127050822172829,0.0987382447063089,"gpath_3neocort"
"2289","ANAPC4","Inh ENOX2 SPHKAP",-0.0135163484633701,6.13629908584498,0.143482001128166,0.705084760698426,0.910664575026827,0.904017931764968,"gpath_3neocort"
"2290","SEL1L3","Inh ENOX2 SPHKAP",0.00760064341176455,6.82706408904701,0.0391923864143888,0.843188651668202,0.967020502878925,0.963643557890033,"gpath_3neocort"
"2291","SMIM20","Inh ENOX2 SPHKAP",-0.0859085659238747,4.11727953986484,0.989822209900012,0.320507281974725,0.671996643316917,0.650893741221761,"gpath_3neocort"
"2292","RBPJ","Inh ENOX2 SPHKAP",-0.0339946275733764,7.39513247201405,1.65739414269044,0.643450075243805,0.881158322700629,0.872594950228623,"gpath_3neocort"
"2293","TBC1D19","Inh ENOX2 SPHKAP",0.025732026012898,7.00582516510049,0.757370714941698,0.38477869757282,0.72519238699075,0.705064396261561,"gpath_3neocort"
"2294","STIM2","Inh ENOX2 SPHKAP",-0.00936314923227631,6.32941918428274,0.0662103936055985,0.797095257517297,0.951589262927969,0.945676038712902,"gpath_3neocort"
"2295","PCDH7","Inh ENOX2 SPHKAP",0.0418504050827334,10.9437298385437,2.44637046817261,0.118745528590011,0.44502648485628,0.412284968340595,"gpath_3neocort"
"2296","AC097716.1","Inh ENOX2 SPHKAP",-0.320785466954295,3.82817189085698,6.46278714375366,0.0114676130504792,0.159059488508948,0.128492068063129,"gpath_3neocort"
"2297","ARAP2","Inh ENOX2 SPHKAP",-0.0223230363552174,4.85477416450066,0.107237992335417,0.743516330124537,0.928932865310154,0.922082434624352,"gpath_3neocort"
"2298","NWD2","Inh ENOX2 SPHKAP",-0.127985900896451,3.8861667922389,1.03007541406117,0.310876849282648,0.66620805586772,0.642174408622072,"gpath_3neocort"
"2299","TBC1D1","Inh ENOX2 SPHKAP",0.12158654857127,6.41370170828365,12.467493538558,0.000472350750079765,0.0367325565902645,0.0217264832672408,"gpath_3neocort"
"2300","KLF3","Inh ENOX2 SPHKAP",-0.031504988362715,4.67037110830227,0.282607670543481,0.63982018961157,0.87922388638816,0.870671381150242,"gpath_3neocort"
"2301","KLHL5","Inh ENOX2 SPHKAP",-0.0620739292430396,8.28056883275523,7.05323264702033,0.00829232911207739,0.137799830876126,0.108286325419965,"gpath_3neocort"
"2302","WDR19","Inh ENOX2 SPHKAP",0.0498928256716712,6.81309170852425,2.3061358345257,0.129811642011368,0.460550092387176,0.430098314604597,"gpath_3neocort"
"2303","RFC1","Inh ENOX2 SPHKAP",0.0245937680804825,5.6433880906236,0.357160047471729,0.550493375974805,0.832666122280624,0.819615328195297,"gpath_3neocort"
"2304","LIAS","Inh ENOX2 SPHKAP",-0.0592527308516305,4.93128906399746,1.36546272403627,0.243427768647097,0.602037940859763,0.57627761487153,"gpath_3neocort"
"2305","UGDH","Inh ENOX2 SPHKAP",0.0188910440907824,4.85737553614151,0.114114496071696,0.735720178070646,0.925976813418298,0.918571210131006,"gpath_3neocort"
"2306","UGDH-AS1","Inh ENOX2 SPHKAP",-0.085130139345357,5.04614445298417,2.65506038405075,0.104165171811487,0.417116900789247,0.387219467459371,"gpath_3neocort"
"2307","SMIM14","Inh ENOX2 SPHKAP",-0.0210109515900812,6.57320267451979,0.426967037618463,0.513931277463362,0.809351298906063,0.796798578043384,"gpath_3neocort"
"2308","UBE2K","Inh ENOX2 SPHKAP",0.00274306249595608,7.36784860304232,0.0113185087762308,0.915338111171604,0.988757254633671,0.98529854259902,"gpath_3neocort"
"2309","PDS5A","Inh ENOX2 SPHKAP",0.0651368254589935,7.56750293157653,7.66195124686491,0.00595485001448745,0.122839651633534,0.0912007398898026,"gpath_3neocort"
"2310","N4BP2","Inh ENOX2 SPHKAP",0.109321092480158,6.47103634751966,9.11667284176981,0.00272828542651511,0.0852050496360834,0.0591322280810323,"gpath_3neocort"
"2311","APBB2","Inh ENOX2 SPHKAP",-0.0130224925112885,7.46374650740742,0.220664777530765,0.638840918609152,0.878925242358848,0.870198393549401,"gpath_3neocort"
"2312","UCHL1","Inh ENOX2 SPHKAP",0.0271710674703225,7.86731854877556,0.470269585813442,0.493339696281491,0.796248150379289,0.782767984422345,"gpath_3neocort"
"2313","LIMCH1","Inh ENOX2 SPHKAP",0.0335110416032628,10.4274176277311,4.10895193915989,0.0434520737456477,0.286045634981411,0.25270802390734,"gpath_3neocort"
"2314","TMEM33","Inh ENOX2 SPHKAP",-0.000903709638473641,5.07405761511536,0.000308401158935045,0.985999290423,0.9984270842391,0.998311917346934,"gpath_3neocort"
"2315","SLC30A9","Inh ENOX2 SPHKAP",0.0166576972857426,6.66975037397099,0.285236829769918,0.751613334953677,0.931658994455486,0.925606562514582,"gpath_3neocort"
"2316","AC111006.1","Inh ENOX2 SPHKAP",0.00248474814786421,5.04511634984347,0.00145020784842604,0.969645415879894,0.995943372722374,0.996338192722254,"gpath_3neocort"
"2317","ATP8A1","Inh ENOX2 SPHKAP",-0.0317942615340412,8.716188432797,2.33647129791164,0.127323618456466,0.457758405933599,0.426428411217166,"gpath_3neocort"
"2318","KCTD8","Inh ENOX2 SPHKAP",0.0331991436912614,7.44367056522868,0.506595580385967,0.477114004543047,0.7850855316391,0.771826948981035,"gpath_3neocort"
"2319","YIPF7","Inh ENOX2 SPHKAP",0.134803488657498,4.21259128454466,2.56181569210776,0.110419802037226,0.428153428105986,0.398085419049203,"gpath_3neocort"
"2320","GUF1","Inh ENOX2 SPHKAP",-0.00867070812300727,4.77165067455124,0.022651234776589,0.960419021848724,0.995700592042286,0.994983496225378,"gpath_3neocort"
"2321","GNPDA2","Inh ENOX2 SPHKAP",0.0866089886281216,5.39310078182815,3.47843507152599,0.0630517508241065,0.336773396745504,0.30401407009935,"gpath_3neocort"
"2322","GABRG1","Inh ENOX2 SPHKAP",0.0647289665226919,4.09423613828912,0.406101829501508,0.524392038432224,0.815122368688183,0.803323897356132,"gpath_3neocort"
"2323","GABRA2","Inh ENOX2 SPHKAP",0.0722192783355665,7.39540125534943,5.94289129596919,0.0152987208949126,0.180799689410994,0.149329428717706,"gpath_3neocort"
"2324","GABRA4","Inh ENOX2 SPHKAP",0.076019568119029,7.45646616528644,7.79979414630618,0.00552687869660155,0.119887723524239,0.0872262579365365,"gpath_3neocort"
"2325","GABRB1","Inh ENOX2 SPHKAP",0.0637943663034608,9.15816827639011,7.56149229441616,0.00628805237478994,0.123857366202723,0.0939808795433242,"gpath_3neocort"
"2326","ATP10D","Inh ENOX2 SPHKAP",0.0273958889996751,6.02480509124978,0.429642967680136,0.512616176739434,0.808933744749359,0.795781764403602,"gpath_3neocort"
"2327","NFXL1","Inh ENOX2 SPHKAP",-0.0212107780797934,5.40005736556533,0.220233478611595,0.695770394011042,0.906167192307011,0.899167393754524,"gpath_3neocort"
"2328","NIPAL1","Inh ENOX2 SPHKAP",-0.0284396299678435,4.24489919604784,0.105040580560478,0.746065805134833,0.929440366992011,0.923273408751166,"gpath_3neocort"
"2329","SLAIN2","Inh ENOX2 SPHKAP",-0.0354227528274007,5.54239053484228,0.726748121107342,0.394551206184425,0.730978567885048,0.712289462878657,"gpath_3neocort"
"2330","FRYL","Inh ENOX2 SPHKAP",0.0229884923256997,7.48809358254728,0.875677635504873,0.350065521619941,0.698413426865544,0.676586162402422,"gpath_3neocort"
"2331","OCIAD1","Inh ENOX2 SPHKAP",-0.043649747609017,7.30850464556513,2.15554373757274,0.142998855447112,0.481403642391608,0.450341129393312,"gpath_3neocort"
"2332","OCIAD2","Inh ENOX2 SPHKAP",-0.0753433810632992,4.45756772960311,1.07065442801861,0.301547541171306,0.658992359947527,0.633624661618988,"gpath_3neocort"
"2333","DCUN1D4","Inh ENOX2 SPHKAP",-0.0278151906194112,7.04943389197025,0.990781837061553,0.320273163039174,0.671996643316917,0.650697168147103,"gpath_3neocort"
"2334","SGCB","Inh ENOX2 SPHKAP",0.00802634212135135,5.21858088817494,0.0323660859162565,0.857335830224307,0.971235029632888,0.968423656922098,"gpath_3neocort"
"2335","USP46","Inh ENOX2 SPHKAP",0.0421961849407509,5.17938642595283,0.7523764938113,0.386348668426318,0.726388849781961,0.706382675349576,"gpath_3neocort"
"2336","SCFD2","Inh ENOX2 SPHKAP",-0.0312239028033561,6.9901756632274,0.773415642131705,0.379795826631986,0.721508341736691,0.700997965769974,"gpath_3neocort"
"2337","AC058822.1","Inh ENOX2 SPHKAP",0.023673397036076,4.74635548882037,0.149874807346217,0.698902005088484,0.907454363406888,0.900633713756832,"gpath_3neocort"
"2338","LNX1","Inh ENOX2 SPHKAP",0.115610692745117,5.09963259466364,4.6113045770304,0.0324824060508904,0.257374833298267,0.21885288917947,"gpath_3neocort"
"2339","CHIC2","Inh ENOX2 SPHKAP",0.0544206443088611,5.54463972967152,1.49921950768906,0.221655884465658,0.579354935627893,0.552425736971174,"gpath_3neocort"
"2340","SRD5A3","Inh ENOX2 SPHKAP",-0.145069961310009,5.13862453632108,6.03432303816716,0.0145395559313123,0.175964444822338,0.145441724890294,"gpath_3neocort"
"2341","TMEM165","Inh ENOX2 SPHKAP",-0.100082422451371,6.13022297191166,7.86599249949419,0.00533268581430438,0.119243909094523,0.085562046885404,"gpath_3neocort"
"2342","CLOCK","Inh ENOX2 SPHKAP",0.0125310137970049,7.37927258845207,0.268467149070563,0.604705515262373,0.859527413169609,0.851062135629795,"gpath_3neocort"
"2343","PDCL2","Inh ENOX2 SPHKAP",-0.0446233316739863,4.38344223747989,0.312624521612173,0.576449464782896,0.846076701601355,0.835060302734618,"gpath_3neocort"
"2344","NMU","Inh ENOX2 SPHKAP",-0.135870773078924,5.70211483247782,6.34101872278765,0.0122655109953617,0.162284709338088,0.133021176482594,"gpath_3neocort"
"2345","EXOC1","Inh ENOX2 SPHKAP",-0.068198971389902,6.37499536086798,3.87120548180036,0.0499497965383462,0.305918942572588,0.271111622842128,"gpath_3neocort"
"2346","CEP135","Inh ENOX2 SPHKAP",0.061409613949653,4.3783912603196,0.736197448357206,0.391498037182084,0.728671232048764,0.710155317040724,"gpath_3neocort"
"2347","KIAA1211","Inh ENOX2 SPHKAP",0.060743562140368,8.73650392647605,6.29681304536627,0.012569166568946,0.164957606534227,0.134720578240856,"gpath_3neocort"
"2348","AASDH","Inh ENOX2 SPHKAP",-0.0433016265643964,5.81530540838267,1.13711316866367,0.287034673274708,0.643893952625916,0.619954057609763,"gpath_3neocort"
"2349","PPAT","Inh ENOX2 SPHKAP",0.0160619084560015,4.6957440292824,0.072795303748471,0.787476372360282,0.948008961179712,0.941403828208657,"gpath_3neocort"
"2350","PAICS","Inh ENOX2 SPHKAP",0.079183901560927,4.9834392044457,2.13893666877596,0.14454330618085,0.483507999040844,0.452544528159659,"gpath_3neocort"
"2351","SRP72","Inh ENOX2 SPHKAP",-0.00149895247836831,5.72931338396235,0.00143778969566183,0.969775595958855,0.995943372722374,0.996338192722254,"gpath_3neocort"
"2352","HOPX","Inh ENOX2 SPHKAP",-0.136512047245488,3.94660127309914,1.87005445092898,0.172389907012061,0.52298180255862,0.491709450151933,"gpath_3neocort"
"2353","POLR2B","Inh ENOX2 SPHKAP",0.0423678704609802,5.54636175615001,0.981543781603375,0.322536375287758,0.673714976952421,0.652536831860964,"gpath_3neocort"
"2354","ADGRL3","Inh ENOX2 SPHKAP",0.0697133463399525,10.9418820250151,9.2591286124174,0.00252934138976896,0.0821024215119005,0.0566494471821493,"gpath_3neocort"
"2355","EPHA5","Inh ENOX2 SPHKAP",0.0345707016200928,7.16737131721747,0.803722808199222,0.37062943889082,0.715647237647898,0.694200093119672,"gpath_3neocort"
"2356","EPHA5-AS1","Inh ENOX2 SPHKAP",-0.0710950242828271,4.24763230324583,0.797366934842831,0.37252579476213,0.716795308350576,0.69557946740839,"gpath_3neocort"
"2357","AC104806.2","Inh ENOX2 SPHKAP",0.0809999819082745,6.51541264577692,5.5839926088025,0.0186988350061018,0.198221183270645,0.165724303953576,"gpath_3neocort"
"2358","CENPC","Inh ENOX2 SPHKAP",0.0667205675642864,6.83912440674321,5.51773001953958,0.019407898073299,0.201536461208495,0.168799208683941,"gpath_3neocort"
"2359","UBA6","Inh ENOX2 SPHKAP",-0.0620758339988622,6.17459527650177,3.30151821946428,0.0701134934006307,0.353759990048026,0.320023187310666,"gpath_3neocort"
"2360","UBA6-AS1","Inh ENOX2 SPHKAP",0.0506819314798671,7.92894624335067,1.37759792585512,0.241348422028314,0.601020356464349,0.57400989258488,"gpath_3neocort"
"2361","YTHDC1","Inh ENOX2 SPHKAP",0.0283108055586744,6.37038637920281,0.767135975388387,0.381735050845824,0.722935808077913,0.702657324861487,"gpath_3neocort"
"2362","UTP3","Inh ENOX2 SPHKAP",-0.0134867690852003,4.03448188933303,0.0226834876581233,0.88037414083203,0.978345111313283,0.975595460940848,"gpath_3neocort"
"2363","RUFY3","Inh ENOX2 SPHKAP",0.0305214139544332,8.07509417965515,2.79881196102575,0.0952721057860045,0.404252621413557,0.371119497495886,"gpath_3neocort"
"2364","GRSF1","Inh ENOX2 SPHKAP",-0.0435104273292703,5.36932356165284,0.806268552021162,0.609075220711125,0.862089316756531,0.853428306854396,"gpath_3neocort"
"2365","MOB1B","Inh ENOX2 SPHKAP",0.0909084060356488,5.90777053649287,5.05714781459522,0.0251770268321616,0.229891892697469,0.192146526283556,"gpath_3neocort"
"2366","DCK","Inh ENOX2 SPHKAP",0.0959084553892166,4.27089656851356,1.57539700573467,0.21030393356722,0.567453506532998,0.539358980557547,"gpath_3neocort"
"2367","SLC4A4","Inh ENOX2 SPHKAP",-0.0116618147289975,3.75505578668158,0.00753451718591711,0.930881321444494,0.992579123934825,0.989144377097302,"gpath_3neocort"
"2368","ANKRD17","Inh ENOX2 SPHKAP",0.031489646777323,8.43482041699682,2.81523578040695,0.0943102020806482,0.401922427948076,0.369340828759102,"gpath_3neocort"
"2369","AC053527.1","Inh ENOX2 SPHKAP",-0.0620298249498831,5.81968543527641,1.53325353115671,0.216495906995575,0.57312408910278,0.546322438771177,"gpath_3neocort"
"2370","MTHFD2L","Inh ENOX2 SPHKAP",0.0124879001495012,5.44749770905717,0.063147567431072,0.801743313898275,0.952551397154178,0.947432423045038,"gpath_3neocort"
"2371","PARM1","Inh ENOX2 SPHKAP",0.0498590235284381,7.36672613947,1.59396860729345,0.207642325693869,0.564179957479603,0.536338996500019,"gpath_3neocort"
"2372","RCHY1","Inh ENOX2 SPHKAP",0.0207895514103312,5.39494067306849,0.208533029257967,0.648216972143566,0.882474049312742,0.874986054266478,"gpath_3neocort"
"2373","THAP6","Inh ENOX2 SPHKAP",-0.0717311996895996,4.80712242154138,1.47271700179441,0.225776440062735,0.58433222366501,0.557133242389874,"gpath_3neocort"
"2374","CDKL2","Inh ENOX2 SPHKAP",-0.0184209576817304,5.76006569474579,0.208321979425184,0.690491262049407,0.903451653231898,0.896743825182446,"gpath_3neocort"
"2375","G3BP2","Inh ENOX2 SPHKAP",-0.0108741015115325,6.92830285496973,0.130787879021425,0.926754444614116,0.991428242913786,0.987976012609039,"gpath_3neocort"
"2376","USO1","Inh ENOX2 SPHKAP",0.0254148821873625,6.04235927047064,0.519484939179373,0.471566485901786,0.78150347850776,0.768080267479775,"gpath_3neocort"
"2377","NAAA","Inh ENOX2 SPHKAP",-0.128065530587769,5.05445672343892,5.54793468822743,0.0190812824691358,0.199711473784883,0.167370704834272,"gpath_3neocort"
"2378","SDAD1","Inh ENOX2 SPHKAP",0.0286420416823901,5.50646521846402,0.461078744957089,0.497591307623468,0.799330939234136,0.785662906276206,"gpath_3neocort"
"2379","NUP54","Inh ENOX2 SPHKAP",-0.0274644053681549,5.68850924767554,0.450257838046641,0.502677093816977,0.801813192397989,0.788992261632659,"gpath_3neocort"
"2380","SCARB2","Inh ENOX2 SPHKAP",0.0106268718977608,6.33661252283587,0.112414997754668,0.921179346564201,0.990636355721171,0.986743951032984,"gpath_3neocort"
"2381","SHROOM3","Inh ENOX2 SPHKAP",-0.243050330909623,5.75505222064237,26.5500906250652,4.40560577854058e-07,0.000536272363392853,0.000286835177783446,"gpath_3neocort"
"2382","SEPT11","Inh ENOX2 SPHKAP",0.0132812796751185,7.84117459991696,0.242812010339387,0.622506800711243,0.871724363722474,0.861230856758711,"gpath_3neocort"
"2383","CCNI","Inh ENOX2 SPHKAP",-0.106333263963804,7.2842255408088,5.56539612611287,0.0188950739055218,0.198919167234564,0.16656035571472,"gpath_3neocort"
"2384","CCNG2","Inh ENOX2 SPHKAP",0.125425398981893,5.14116092539774,4.2654244818965,0.0396680188446706,0.278915457457457,0.241665271903115,"gpath_3neocort"
"2385","CNOT6L","Inh ENOX2 SPHKAP",0.0587074175892075,6.56119503606262,3.85070144246379,0.0505565347853821,0.307554248150814,0.272705193395393,"gpath_3neocort"
"2386","MRPL1","Inh ENOX2 SPHKAP",0.013892479086302,5.45021566909752,0.110209360998709,0.740114490503583,0.927452697017616,0.920497027213714,"gpath_3neocort"
"2387","FRAS1","Inh ENOX2 SPHKAP",-0.117827535629366,6.849870947046,4.61930502491834,0.0323333718281407,0.257007885786998,0.218328869553735,"gpath_3neocort"
"2388","BMP2K","Inh ENOX2 SPHKAP",0.0465732167756399,5.49500584260916,1.12780897220495,0.28901174883994,0.645948223594981,0.621921625410968,"gpath_3neocort"
"2389","PAQR3","Inh ENOX2 SPHKAP",0.00627865215354706,5.03437358595796,0.0137820593565286,0.906616132351906,0.986765245127383,0.98300277873432,"gpath_3neocort"
"2390","BMP3","Inh ENOX2 SPHKAP",-0.00863298988302219,5.14629766039559,0.019922678817568,0.887838482306371,0.980135034655871,0.977694381761188,"gpath_3neocort"
"2391","PRKG2","Inh ENOX2 SPHKAP",-0.0569309988121392,7.56844872496859,2.534579321181,0.112324127027416,0.431824851556645,0.40138626180397,"gpath_3neocort"
"2392","RASGEF1B","Inh ENOX2 SPHKAP",0.208984134690192,7.19378840807459,6.92327944897723,0.00890325171391917,0.142130926541221,0.112607048403928,"gpath_3neocort"
"2393","AC124016.2","Inh ENOX2 SPHKAP",-0.0082566673038604,4.24245337796172,0.0125528435036979,0.910859526317246,0.98778742870664,0.984156126914858,"gpath_3neocort"
"2394","HNRNPD","Inh ENOX2 SPHKAP",-0.0320780651128062,6.49208350969785,1.33754722057475,0.24829491974783,0.605837115636274,0.581419319078955,"gpath_3neocort"
"2395","HNRNPDL","Inh ENOX2 SPHKAP",0.0280744335067949,7.35532482061199,0.980180607332989,0.322872124631378,0.673798434128273,0.652794942393474,"gpath_3neocort"
"2396","ENOPH1","Inh ENOX2 SPHKAP",-0.0620369855154632,5.24750645603251,1.67713847792365,0.346240098185197,0.695623287833186,0.673264286743529,"gpath_3neocort"
"2397","TMEM150C","Inh ENOX2 SPHKAP",-0.0588904491222075,6.48312472497406,2.85360929380805,0.0921038557947298,0.398802733538941,0.365288082555027,"gpath_3neocort"
"2398","SCD5","Inh ENOX2 SPHKAP",-0.00943652453713549,7.91175765997308,0.182005439184092,0.669930744429833,0.891958653166217,0.886477377229091,"gpath_3neocort"
"2399","SEC31A","Inh ENOX2 SPHKAP",-0.0183824151372855,6.45117133818513,0.3707008378402,0.671849826835909,0.892682987273581,0.887524269227673,"gpath_3neocort"
"2400","LIN54","Inh ENOX2 SPHKAP",-0.0366955217510594,5.44094487489598,0.68425734254002,0.408716165660135,0.738775110592264,0.722498266509331,"gpath_3neocort"
"2401","COPS4","Inh ENOX2 SPHKAP",-0.0829016566847163,5.32102867494026,3.53864136793765,0.0608257215001582,0.331090484051727,0.299017053912765,"gpath_3neocort"
"2402","HELQ","Inh ENOX2 SPHKAP",0.0678692156473244,4.96054510975412,1.70257699447596,0.223475364793505,0.581872487261806,0.554359195965518,"gpath_3neocort"
"2403","MRPS18C","Inh ENOX2 SPHKAP",-0.0306710210169908,4.77703186948362,0.307191620802002,0.615266399421104,0.865943662026696,0.857146259896064,"gpath_3neocort"
"2404","CDS1","Inh ENOX2 SPHKAP",-0.0686445373144157,5.85954175060501,3.14396264720354,0.0771212838906211,0.370271849007957,0.335314036114334,"gpath_3neocort"
"2405","WDFY3","Inh ENOX2 SPHKAP",0.0016188260545096,8.22056668375018,0.00565339643477265,0.9401093703015,0.993518947956843,0.99096895895123,"gpath_3neocort"
"2406","ARHGAP24","Inh ENOX2 SPHKAP",0.166685098062778,4.79670811229858,4.91278738372332,0.027333084833727,0.237551136655977,0.200083281468741,"gpath_3neocort"
"2407","MAPK10","Inh ENOX2 SPHKAP",0.0422668711551214,10.1014123860876,5.10270631356732,0.0245340694653121,0.22667245583796,0.189574588644137,"gpath_3neocort"
"2408","AC104827.1","Inh ENOX2 SPHKAP",-0.130747955335327,4.66815293153793,2.04636023046072,0.153507012908413,0.497110085627059,0.465385426523994,"gpath_3neocort"
"2409","AFF1","Inh ENOX2 SPHKAP",-0.0288569409133573,4.31287631274162,0.102515179069775,0.749032493649615,0.930737834345854,0.924517366862013,"gpath_3neocort"
"2410","KLHL8","Inh ENOX2 SPHKAP",-0.0150736535498132,5.44302679198208,0.114043973261747,0.735798786427479,0.925976813418298,0.918623207490818,"gpath_3neocort"
"2411","HSD17B11","Inh ENOX2 SPHKAP",0.0514130081076043,5.2163435031569,0.997525621010823,0.318634236337029,0.671228787249916,0.649193160940958,"gpath_3neocort"
"2412","NUDT9","Inh ENOX2 SPHKAP",-0.0636952677976248,5.2175091445133,2.0316051274038,0.15499324812042,0.499280268010801,0.467464601866454,"gpath_3neocort"
"2413","SPARCL1","Inh ENOX2 SPHKAP",-0.00502696960129213,9.47240255639941,0.0171124036084671,0.896001031725595,0.983681854221403,0.980271277867275,"gpath_3neocort"
"2414","SPP1","Inh ENOX2 SPHKAP",0.152083374325926,5.12912379260471,3.91143088130431,0.0487818229850356,0.302571587406546,0.268098697223672,"gpath_3neocort"
"2415","PKD2","Inh ENOX2 SPHKAP",-0.0347333764830462,8.07489450243808,1.81371410401395,0.178978000317709,0.530069410446744,0.500304752987604,"gpath_3neocort"
"2416","PPM1K","Inh ENOX2 SPHKAP",-0.106484472386653,7.99222830590152,13.2289880828872,0.000319252376869025,0.0296083775804816,0.0173036093170473,"gpath_3neocort"
"2417","AC107067.1","Inh ENOX2 SPHKAP",0.12313228609862,3.93649012147924,1.22909287295134,0.268382544136502,0.627643903650637,0.602129035169688,"gpath_3neocort"
"2418","HERC6","Inh ENOX2 SPHKAP",-0.0263447252110386,5.77487458997529,0.351429862939168,0.553706675162286,0.835191388279173,0.821659476216533,"gpath_3neocort"
"2419","PYURF","Inh ENOX2 SPHKAP",-0.00856531594834388,4.25224065145103,0.00806550468694914,0.928493589482877,0.992063920823377,0.988530836327772,"gpath_3neocort"
"2420","HERC3","Inh ENOX2 SPHKAP",-0.00974212414947898,5.94792376808138,0.0609592676035331,0.805138097785242,0.952559922311815,0.948807470856277,"gpath_3neocort"
"2421","NAP1L5","Inh ENOX2 SPHKAP",-0.12523809788094,5.44680051728011,3.72216869863011,0.0545429196859883,0.31653381629215,0.283348979006521,"gpath_3neocort"
"2422","FAM13A-AS1","Inh ENOX2 SPHKAP",0.0157961176967468,4.77679206584177,0.0754806098466408,0.912161370055601,0.98778742870664,0.984517986940798,"gpath_3neocort"
"2423","FAM13A","Inh ENOX2 SPHKAP",0.0994679099672412,6.10873658979374,5.63430303865642,0.0181784696717893,0.19625491980475,0.163457882081344,"gpath_3neocort"
"2424","GPRIN3","Inh ENOX2 SPHKAP",0.0538427830482952,6.94744300514564,2.44777007120905,0.118640515332779,0.444927126820223,0.412147891483755,"gpath_3neocort"
"2425","SNCA","Inh ENOX2 SPHKAP",0.0679494037722224,6.63204337836115,2.01964463221918,0.15621002934234,0.500715360676665,0.469041193301474,"gpath_3neocort"
"2426","CCSER1","Inh ENOX2 SPHKAP",0.0960613496532686,10.7946797971842,13.753698457767,0.000244032081911295,0.0261079536018213,0.0147222459695698,"gpath_3neocort"
"2427","GRID2","Inh ENOX2 SPHKAP",0.0804057339073654,10.8159995383624,7.95708802098481,0.00507682610430246,0.117209020283241,0.0831872785756706,"gpath_3neocort"
"2428","SMARCAD1","Inh ENOX2 SPHKAP",0.0287319536816246,6.57265264244153,0.818831074896611,0.366175517715448,0.711865305342764,0.690628818419599,"gpath_3neocort"
"2429","PDLIM5","Inh ENOX2 SPHKAP",0.0374548559713296,4.90352304521952,0.23555212894899,0.62775595792816,0.874297413945141,0.864076166318072,"gpath_3neocort"
"2430","UNC5C","Inh ENOX2 SPHKAP",0.062730040850135,8.31289259672634,3.92310642050936,0.0484482672983415,0.30146276482508,0.267081117327271,"gpath_3neocort"
"2431","STPG2","Inh ENOX2 SPHKAP",0.140635064011558,6.30269684182676,7.1157440233233,0.00801398302407967,0.135251588714884,0.106298321252992,"gpath_3neocort"
"2432","RAP1GDS1","Inh ENOX2 SPHKAP",0.0688346003623557,8.32959558235864,8.51597688782784,0.00375950643695789,0.0992877553976048,0.0703118862312022,"gpath_3neocort"
"2433","TSPAN5","Inh ENOX2 SPHKAP",0.0126422137459318,8.8815803495357,0.378614928102647,0.538765172697907,0.82530993420359,0.81275692189675,"gpath_3neocort"
"2434","EIF4E","Inh ENOX2 SPHKAP",0.0145420055874008,5.91683779833331,0.145797080335915,0.702827845861729,0.908977752257393,0.902694325081532,"gpath_3neocort"
"2435","METAP1","Inh ENOX2 SPHKAP",-0.13781437826165,4.29367846013145,3.37690658953304,0.0670056676701592,0.347075102006388,0.313242762255943,"gpath_3neocort"
"2436","ADH5","Inh ENOX2 SPHKAP",0.0915739001509463,4.75171246752951,2.57895316845594,0.109239872246951,0.427094112662848,0.396255827686475,"gpath_3neocort"
"2437","LAMTOR3","Inh ENOX2 SPHKAP",0.112239609539702,4.59092539314937,3.27092951301412,0.0714183848165959,0.35610806778044,0.322838300983724,"gpath_3neocort"
"2438","DNAJB14","Inh ENOX2 SPHKAP",-0.0280814138625307,7.04504468028338,1.03452806213235,0.858976462869289,0.97158870817798,0.968875412568595,"gpath_3neocort"
"2439","H2AFZ","Inh ENOX2 SPHKAP",-0.0387714118948132,5.50864784284736,0.328158992934474,0.567131249119202,0.842533094772827,0.829376918663362,"gpath_3neocort"
"2440","PPP3CA","Inh ENOX2 SPHKAP",0.0560324049611172,8.82531672329178,8.07957325342783,0.00475248730774998,0.112329420880751,0.0801025629933556,"gpath_3neocort"
"2441","NFKB1","Inh ENOX2 SPHKAP",0.0902880126916602,6.24552329548584,6.48767675991542,0.0113112254713229,0.157580420085469,0.127412520536941,"gpath_3neocort"
"2442","MANBA","Inh ENOX2 SPHKAP",-0.049057832569357,6.16521263018531,1.41787011897498,0.234601301024634,0.594679149493799,0.566883660993325,"gpath_3neocort"
"2443","UBE2D3","Inh ENOX2 SPHKAP",0.00272291916651884,7.40608061239906,0.0104346430598215,0.918698937744707,0.990510435757082,0.986223746166236,"gpath_3neocort"
"2444","AC018797.2","Inh ENOX2 SPHKAP",-0.0442523580581962,4.10342559169485,0.304732298298056,0.682892145355378,0.899013615177865,0.893168330911095,"gpath_3neocort"
"2445","CISD2","Inh ENOX2 SPHKAP",-0.0481775005245336,4.8741160902008,0.738982359782374,0.462528681233783,0.775333429049331,0.761976461013675,"gpath_3neocort"
"2446","SLC9B1","Inh ENOX2 SPHKAP",-0.109296944655465,4.02385802521268,1.40179019143089,0.237267411743281,0.597475111204917,0.569876528748379,"gpath_3neocort"
"2447","SLC9B2","Inh ENOX2 SPHKAP",0.0241634817466362,6.28226661561706,0.670966612810158,0.413299884900627,0.740992576296177,0.725942895737265,"gpath_3neocort"
"2448","CXXC4","Inh ENOX2 SPHKAP",0.0705078203177141,6.25193849419884,2.5692734339099,0.109904609498926,0.427220481423924,0.397207557760081,"gpath_3neocort"
"2449","CXXC4-AS1","Inh ENOX2 SPHKAP",-0.0473760918551119,5.87913040026052,0.732313614553174,0.392748809247734,0.72999619626655,0.711028064233629,"gpath_3neocort"
"2450","TET2","Inh ENOX2 SPHKAP",0.0332452506091255,7.09841881923051,1.21291963094741,0.271549051470564,0.630548689292513,0.605327360971738,"gpath_3neocort"
"2451","PPA2","Inh ENOX2 SPHKAP",0.0413321032359716,7.11723333439868,2.12752678563211,0.145615352241422,0.485015750925399,0.454112222433815,"gpath_3neocort"
"2452","INTS12","Inh ENOX2 SPHKAP",0.0382583352570438,4.68916910770631,0.455033241476707,0.500421822506428,0.800833275668438,0.787508999020995,"gpath_3neocort"
"2453","GSTCD","Inh ENOX2 SPHKAP",-0.0574314684682922,5.49515162687292,1.33058361711367,0.249527607577632,0.607474960647745,0.582828640845531,"gpath_3neocort"
"2454","TBCK","Inh ENOX2 SPHKAP",0.0245594560795661,8.2927623696352,1.17002375247442,0.280178039601984,0.638594087367346,0.613244327767614,"gpath_3neocort"
"2455","AIMP1","Inh ENOX2 SPHKAP",0.0244382776803683,5.15901341214242,0.267528410352592,0.605337516174386,0.859798239863794,0.851376504585189,"gpath_3neocort"
"2456","DKK2","Inh ENOX2 SPHKAP",0.0953624740520227,6.76085734318341,4.47192647953287,0.0351977850566223,0.267572402736661,0.227815496954493,"gpath_3neocort"
"2457","PAPSS1","Inh ENOX2 SPHKAP",-0.012062363651792,6.5613888203754,0.144805934753103,0.81838230419479,0.958326597322361,0.95400153641471,"gpath_3neocort"
"2458","SGMS2","Inh ENOX2 SPHKAP",0.0308835720556403,4.65501351316825,0.257106721083712,0.612450054847943,0.863977905269201,0.85546366031389,"gpath_3neocort"
"2459","AC096564.1","Inh ENOX2 SPHKAP",-0.000256817574494054,4.50118789482761,1.59487193728933e-05,0.996815977075859,0.999341080892678,0.999617536093512,"gpath_3neocort"
"2460","CYP2U1","Inh ENOX2 SPHKAP",0.0191103823413123,5.12200712681802,0.139815327671988,0.708702323964345,0.912755353890331,0.905681599360213,"gpath_3neocort"
"2461","HADH","Inh ENOX2 SPHKAP",0.00329084735316396,4.82374906911429,0.00404732157698343,0.956072688188527,0.995423896649278,0.994018148076696,"gpath_3neocort"
"2462","RPL34-AS1","Inh ENOX2 SPHKAP",0.0690069152910407,4.32448648349558,0.712314188030271,0.399281731871887,0.733272776450324,0.71570200151324,"gpath_3neocort"
"2463","RPL34","Inh ENOX2 SPHKAP",-0.0495725550608468,5.46035558228798,0.410977927956221,0.521913946895995,0.814712541151888,0.801789719757839,"gpath_3neocort"
"2464","COL25A1","Inh ENOX2 SPHKAP",-0.0322415495635294,7.98267746441676,0.507560777448186,0.476694915727696,0.784612561538913,0.771456238386922,"gpath_3neocort"
"2465","SEC24B-AS1","Inh ENOX2 SPHKAP",-0.0735678890641582,5.00566347032835,1.39353432165024,0.238650579553753,0.598809416051132,0.571141873549048,"gpath_3neocort"
"2466","SEC24B","Inh ENOX2 SPHKAP",-0.0347162597062376,6.66189735899535,1.44291001649346,0.269125550334945,0.628475925458439,0.60285686469852,"gpath_3neocort"
"2467","MCUB","Inh ENOX2 SPHKAP",-0.100159019281106,5.62897518359038,3.01058183667803,0.0836465905943601,0.383228254615955,0.348770701091173,"gpath_3neocort"
"2468","CASP6","Inh ENOX2 SPHKAP",0.131222283499084,3.94569091256858,2.2576203429592,0.133904700973001,0.466466437739125,0.436388155171365,"gpath_3neocort"
"2469","PLA2G12A","Inh ENOX2 SPHKAP",-0.0058340080596566,4.78618818430056,0.010025181088505,0.920304606412202,0.990636355721171,0.986597977804505,"gpath_3neocort"
"2470","EGF","Inh ENOX2 SPHKAP",-0.131782813220406,4.34324086636453,2.11910609862789,0.146412312334091,0.485302272261114,0.455241974939905,"gpath_3neocort"
"2471","ELOVL6","Inh ENOX2 SPHKAP",0.0808077378741555,6.51870717781275,5.61934410744768,0.0183316019841347,0.197062249699499,0.164094011636792,"gpath_3neocort"
"2472","FAM241A","Inh ENOX2 SPHKAP",0.0913357807563798,4.02664693611334,1.21141101322852,0.271846802804522,0.630548689292513,0.605536053558894,"gpath_3neocort"
"2473","AP1AR","Inh ENOX2 SPHKAP",0.0458793374779898,4.70908662156795,0.679897342138583,0.410211544985115,0.740247832172678,0.723692634067832,"gpath_3neocort"
"2474","ZGRF1","Inh ENOX2 SPHKAP",-0.0235722341503857,4.54330108352333,0.118867319394409,0.73048360171353,0.923344926464999,0.915759488610875,"gpath_3neocort"
"2475","LARP7","Inh ENOX2 SPHKAP",-0.0139125705832605,4.96586744501184,0.0605234253680668,0.805821921416578,0.95263245508134,0.949088298007443,"gpath_3neocort"
"2476","ANK2","Inh ENOX2 SPHKAP",0.0367970003518452,10.4817096440453,5.03946996837682,0.0254312232403426,0.229942570647406,0.193157264707066,"gpath_3neocort"
"2477","AC093879.1","Inh ENOX2 SPHKAP",-0.11227210842579,4.45838130772331,1.65270530314094,0.19948327247615,0.55312303740682,0.526308127705761,"gpath_3neocort"
"2478","CAMK2D","Inh ENOX2 SPHKAP",0.0200426569575689,7.77572567343267,0.524368360873554,0.469491956087605,0.780456242468606,0.766649712434746,"gpath_3neocort"
"2479","NDST4","Inh ENOX2 SPHKAP",0.184321260699385,5.81473612760356,6.22870287632326,0.0130523086750639,0.167846191123169,0.137190614010008,"gpath_3neocort"
"2480","LINC01378","Inh ENOX2 SPHKAP",-0.216764263121301,3.57073727752261,2.88490091899385,0.0903463729169527,0.395234941359068,0.362029343142837,"gpath_3neocort"
"2481","NDST3","Inh ENOX2 SPHKAP",0.132395015536983,6.38129253763109,6.92818023565504,0.00887939249466038,0.141982798215111,0.112466103771128,"gpath_3neocort"
"2482","PRSS12","Inh ENOX2 SPHKAP",-0.137278320215918,4.10323021476113,1.57664787803926,0.210123395157231,0.567123509434899,0.53910293465658,"gpath_3neocort"
"2483","METTL14","Inh ENOX2 SPHKAP",0.0157107434515783,5.04700991134594,0.0979203259569972,0.754535376784299,0.932681581508696,0.926964610977404,"gpath_3neocort"
"2484","SYNPO2","Inh ENOX2 SPHKAP",-0.127951945441488,4.6861807244721,2.44040728516659,0.119194109338952,0.445161909595969,0.413039469593019,"gpath_3neocort"
"2485","USP53","Inh ENOX2 SPHKAP",0.0157749959255641,5.5845748154046,0.125988432001834,0.912633263368328,0.987863665691318,0.984588997984809,"gpath_3neocort"
"2486","C4orf3","Inh ENOX2 SPHKAP",-0.0801571207439593,5.0014447291101,1.81645888315952,0.178650363802437,0.529798217713884,0.499913026152268,"gpath_3neocort"
"2487","PDE5A","Inh ENOX2 SPHKAP",-0.0458207816893919,6.38301859480448,0.77193992804349,0.380250285067085,0.721793346600422,0.70140615459629,"gpath_3neocort"
"2488","AC108866.1","Inh ENOX2 SPHKAP",-0.0827203288749331,5.26060170392365,1.36405668049863,0.243670105357365,0.602037940859763,0.576479135630329,"gpath_3neocort"
"2489","PRDM5","Inh ENOX2 SPHKAP",-0.0957242194108806,4.76504500410449,1.95072506669959,0.163437689145504,0.51126123254061,0.479285627563138,"gpath_3neocort"
"2490","QRFPR","Inh ENOX2 SPHKAP",-0.101022391568883,6.25079380106619,3.50994788478021,0.0618759420130458,0.333267656705221,0.301243787894649,"gpath_3neocort"
"2491","EXOSC9","Inh ENOX2 SPHKAP",0.01078667599086,4.1484523940263,0.01676485106281,0.897056590627069,0.984064107190086,0.980538384262194,"gpath_3neocort"
"2492","BBS7","Inh ENOX2 SPHKAP",0.00492451260662598,6.05526580417364,0.0193058325296797,0.889577152670406,0.981053489547499,0.978171029124033,"gpath_3neocort"
"2493","KIAA1109","Inh ENOX2 SPHKAP",0.0638345861437329,7.78952161016177,7.84106535158657,0.00540497523661523,0.119243909094523,0.0862086612878873,"gpath_3neocort"
"2494","SPATA5","Inh ENOX2 SPHKAP",0.0461139875193744,6.36907148957625,1.38829550942392,0.239533371618815,0.5998640019694,0.572059193861502,"gpath_3neocort"
"2495","LINC01091","Inh ENOX2 SPHKAP",-0.00721086871991363,3.68346219905645,0.00412327518321572,0.948839317258363,0.994776274703702,0.992739704248236,"gpath_3neocort"
"2496","ANKRD50","Inh ENOX2 SPHKAP",0.00110229428239944,5.77660346793511,0.000757361008012383,0.978061298183913,0.997825265393623,0.997571831108387,"gpath_3neocort"
"2497","INTU","Inh ENOX2 SPHKAP",-0.0260651530555458,6.58040799986903,0.459538331707778,0.498309948657201,0.799570690907056,0.786185507600426,"gpath_3neocort"
"2498","HSPA4L","Inh ENOX2 SPHKAP",0.0252639995994046,7.02836829640203,0.420521521313628,0.517123272259557,0.811170493760239,0.798580780459565,"gpath_3neocort"
"2499","MFSD8","Inh ENOX2 SPHKAP",0.00191731261992988,5.65958570788011,0.00163687802922758,0.967751926727538,0.995859773924732,0.996044509967192,"gpath_3neocort"
"2500","ABHD18","Inh ENOX2 SPHKAP",0.00195707917806382,7.06213032667966,0.00473097265829104,0.945204322816762,0.993888316120249,0.992065152419033,"gpath_3neocort"
"2501","LARP1B","Inh ENOX2 SPHKAP",0.0400362976979734,7.30352381804938,2.30950410909575,0.1295327199369,0.460358668062951,0.429709290465328,"gpath_3neocort"
"2502","PGRMC2","Inh ENOX2 SPHKAP",0.0145747282768091,5.09849451722346,0.0785110571503615,0.77949916965959,0.944495130113347,0.938095681105248,"gpath_3neocort"
"2503","JADE1","Inh ENOX2 SPHKAP",0.0117554318046838,5.75159655858734,0.0923068105022862,0.761454258833899,0.93541586634597,0.929867226824546,"gpath_3neocort"
"2504","SCLT1","Inh ENOX2 SPHKAP",0.0689694302449225,6.63048144337345,3.17708509896091,0.0755876506336645,0.366752636706838,0.332053915734882,"gpath_3neocort"
"2505","AC096711.2","Inh ENOX2 SPHKAP",0.0782146115737803,7.03508222965467,4.02950494000714,0.0455176719863469,0.292076882790102,0.25881268036544,"gpath_3neocort"
"2506","AC115622.1","Inh ENOX2 SPHKAP",-0.213906197185486,3.94227581078055,3.98755271342276,0.0466501113875452,0.295947091004505,0.262028063312093,"gpath_3neocort"
"2507","AC105383.1","Inh ENOX2 SPHKAP",-0.0520676981991113,5.05160332309834,0.781626668504744,0.377281147447035,0.719108744443093,0.699168009691416,"gpath_3neocort"
"2508","PCDH10","Inh ENOX2 SPHKAP",0.0160132138310721,5.67571456081445,0.121286794232956,0.727862803296099,0.921707149349468,0.914411168359514,"gpath_3neocort"
"2509","AC109927.1","Inh ENOX2 SPHKAP",0.0230131328729594,4.62525796072206,0.0791836165790908,0.778581361675629,0.944495130113347,0.937672199219116,"gpath_3neocort"
"2510","ELF2","Inh ENOX2 SPHKAP",0.00638651300072511,6.97874833994692,0.0502937893675249,0.872501129160435,0.976487299823505,0.973147514838585,"gpath_3neocort"
"2511","NDUFC1","Inh ENOX2 SPHKAP",-0.00869615432071626,4.71935760940968,0.0178202085627808,0.893884542691569,0.98246587773482,0.979580542500008,"gpath_3neocort"
"2512","NAA15","Inh ENOX2 SPHKAP",0.0390309623163386,6.37823671561768,1.53713542637103,0.634346160410498,0.87659889871999,0.867503850586673,"gpath_3neocort"
"2513","AC097376.2","Inh ENOX2 SPHKAP",-0.00806147122674131,6.70742484923314,0.0441328813497142,0.83373489161948,0.963502746721047,0.960089446169679,"gpath_3neocort"
"2514","RAB33B","Inh ENOX2 SPHKAP",-0.0479357903835001,4.02202781744827,0.338323085022669,0.561191794762518,0.839116879236982,0.826097339670104,"gpath_3neocort"
"2515","SETD7","Inh ENOX2 SPHKAP",0.000623205066017494,5.8909617369009,0.000339608362851108,0.985308065997074,0.9984270842391,0.998266728648838,"gpath_3neocort"
"2516","MGST2","Inh ENOX2 SPHKAP",0.0975454868451498,4.33646980964871,1.5539004918317,0.213435562555148,0.570038875104407,0.542911845581225,"gpath_3neocort"
"2517","MAML3","Inh ENOX2 SPHKAP",-0.0928906439333831,4.58767123862981,1.0367942352001,0.309306469524974,0.666017848137846,0.64084012554561,"gpath_3neocort"
"2518","SCOC","Inh ENOX2 SPHKAP",-0.0258462410284227,5.62484765669054,0.259951776160701,0.610490593154193,0.86331057206797,0.854316216417428,"gpath_3neocort"
"2519","TBC1D9","Inh ENOX2 SPHKAP",-0.0355457529758043,6.27887248501632,1.12025659822256,0.290629377537115,0.647690585266799,0.623341353887041,"gpath_3neocort"
"2520","RNF150","Inh ENOX2 SPHKAP",-0.0539935343977276,6.45523976700166,1.81632100782699,0.178666804987923,0.529798217713884,0.499929567256738,"gpath_3neocort"
"2521","ZNF330","Inh ENOX2 SPHKAP",-0.131344627818735,4.10913951249778,2.34093718774618,0.126961861570485,0.457231733717967,0.425882955069892,"gpath_3neocort"
"2522","INPP4B","Inh ENOX2 SPHKAP",0.0407250779755018,7.49300805526032,0.881053398651007,0.348592759115728,0.69790988776491,0.675364880833624,"gpath_3neocort"
"2523","AC104596.1","Inh ENOX2 SPHKAP",-0.100901609776331,4.7685459719624,1.69469836907499,0.193881426741282,0.54710479455605,0.519692573076343,"gpath_3neocort"
"2524","USP38","Inh ENOX2 SPHKAP",0.0493112222165189,4.672930057979,0.717223291850448,0.397663666724648,0.732377591644456,0.714521038533754,"gpath_3neocort"
"2525","GAB1","Inh ENOX2 SPHKAP",0.0570979284288839,7.35256511604398,2.16607770101449,0.142028867723976,0.479735384632701,0.449004013694971,"gpath_3neocort"
"2526","SMARCA5","Inh ENOX2 SPHKAP",0.00311411098659645,5.94002465387858,0.00734081748709647,0.931773361522793,0.992627611257954,0.989376384567348,"gpath_3neocort"
"2527","HHIP-AS1","Inh ENOX2 SPHKAP",0.06332001967575,4.36247475096082,0.774687547031764,0.379404749608761,0.721440002451832,0.700824432236422,"gpath_3neocort"
"2528","ANAPC10","Inh ENOX2 SPHKAP",0.00342241827648034,7.16982292507729,0.0160320757953562,0.899319200076812,0.984807861081458,0.980995794118669,"gpath_3neocort"
"2529","ABCE1","Inh ENOX2 SPHKAP",-0.00586130869613673,5.38178902923464,0.0152674128179885,0.901737027057755,0.985533466494216,0.981792622488613,"gpath_3neocort"
"2530","OTUD4","Inh ENOX2 SPHKAP",-0.00988631037633317,5.80237228223298,0.0737249476851369,0.987576458134238,0.99885952942576,0.998591304399203,"gpath_3neocort"
"2531","SMAD1","Inh ENOX2 SPHKAP",-0.0104709963950365,6.16291288200759,0.0649473367997043,0.798997864400512,0.9520320723109,0.946406805825977,"gpath_3neocort"
"2532","ZNF827","Inh ENOX2 SPHKAP",-0.119327497732401,5.35043147049048,4.26636297840822,0.0396464016106432,0.278915457457457,0.241583696996714,"gpath_3neocort"
"2533","LSM6","Inh ENOX2 SPHKAP",0.0377118245671334,4.72314476285145,0.399052266946017,0.528011965537781,0.817833034307666,0.80585042721772,"gpath_3neocort"
"2534","SLC10A7","Inh ENOX2 SPHKAP",0.0371560595158098,5.30017457068651,0.500872410578388,0.47961143392947,0.787199754526407,0.77370368553473,"gpath_3neocort"
"2535","TTC29","Inh ENOX2 SPHKAP",0.258787930650979,5.77285798210807,13.0444678144517,0.000350971413695527,0.0316459224682134,0.0183295906576767,"gpath_3neocort"
"2536","EDNRA","Inh ENOX2 SPHKAP",-0.0437750070321044,7.38296688796194,1.0220574737047,0.312764530387646,0.66620805586772,0.643785098985351,"gpath_3neocort"
"2537","TMEM184C","Inh ENOX2 SPHKAP",-0.00830984977689631,5.25859294524057,0.0270038405957056,0.869572153897677,0.975361616926608,0.972144986785217,"gpath_3neocort"
"2538","PRMT9","Inh ENOX2 SPHKAP",-0.114605289036491,5.64535462736167,7.17843022905757,0.00774449543217634,0.135251588714884,0.104690976842233,"gpath_3neocort"
"2539","ARHGAP10","Inh ENOX2 SPHKAP",-0.130623421786824,5.68051033900388,5.58243892752839,0.0187151488731842,0.198221183270645,0.165757416304553,"gpath_3neocort"
"2540","NR3C2","Inh ENOX2 SPHKAP",0.0775300716286603,7.70013551697241,5.31398248556217,0.0217685222074649,0.214393656112125,0.178660189912965,"gpath_3neocort"
"2541","DCLK2","Inh ENOX2 SPHKAP",-0.0308478155579965,7.35377321072013,0.853590645001928,0.356206657563185,0.704576510340379,0.681815632425857,"gpath_3neocort"
"2542","LRBA","Inh ENOX2 SPHKAP",0.0600521117181265,7.80651443648529,4.91638429049353,0.027277084233811,0.237551136655977,0.199964436374169,"gpath_3neocort"
"2543","RPS3A","Inh ENOX2 SPHKAP",-0.141344225550666,4.36445426930147,1.94618444474173,0.163927151736144,0.512463115122496,0.480022874949797,"gpath_3neocort"
"2544","SH3D19","Inh ENOX2 SPHKAP",-0.153122156364381,5.12539269149204,4.41597838049545,0.0363539361388478,0.27089218172312,0.231421389648631,"gpath_3neocort"
"2545","GATB","Inh ENOX2 SPHKAP",-0.0786424783587043,5.01881591884712,2.09253196062252,0.148959960854634,0.489396794467755,0.458569645503973,"gpath_3neocort"
"2546","FBXW7","Inh ENOX2 SPHKAP",0.0305630652921751,7.05963060728592,1.09720016434596,0.29564007110771,0.652544131245774,0.628078855423447,"gpath_3neocort"
"2547","ARFIP1","Inh ENOX2 SPHKAP",0.0968493412715373,6.10268501616098,7.65829874006844,0.00596664153036162,0.122839651633534,0.0912727431244911,"gpath_3neocort"
"2548","TRIM2","Inh ENOX2 SPHKAP",0.0257091143202371,8.22659413771995,1.90422992514573,0.168530202675959,0.518440590239748,0.486407850574825,"gpath_3neocort"
"2549","TMEM131L","Inh ENOX2 SPHKAP",-0.00486206455077232,5.74854433407905,0.0109656678536918,0.916663267498182,0.989065400865346,0.98573104064982,"gpath_3neocort"
"2550","RNF175","Inh ENOX2 SPHKAP",-0.00293386667514324,6.61127887117741,0.00706152706377898,0.933080708937278,0.992871567460889,0.98961922422823,"gpath_3neocort"
"2551","AC079298.3","Inh ENOX2 SPHKAP",-0.232016659332086,3.96396479166641,3.8798931118234,0.049695055590278,0.304931980767736,0.270504458897841,"gpath_3neocort"
"2552","PLRG1","Inh ENOX2 SPHKAP",0.0425442035719228,4.60081015484597,0.455783285414264,0.500069166582845,0.800538146339593,0.787287708867398,"gpath_3neocort"
"2553","MAP9","Inh ENOX2 SPHKAP",0.0404712817974054,5.93131744220411,1.1770871639447,0.278733603333559,0.636862465805303,0.611934901609637,"gpath_3neocort"
"2554","GUCY1A1","Inh ENOX2 SPHKAP",-0.0771556596847663,4.31169851346937,0.706177545131644,0.401317882629816,0.734178760294787,0.717219441550975,"gpath_3neocort"
"2555","GUCY1B1","Inh ENOX2 SPHKAP",0.0857393361584818,5.60613436205293,4.04166527604396,0.0451948894554637,0.291655290601262,0.257846526013517,"gpath_3neocort"
"2556","PDGFC","Inh ENOX2 SPHKAP",0.171107661130143,4.71405987989803,3.13615743129305,0.0774875534214278,0.370797933767992,0.336018251267078,"gpath_3neocort"
"2557","GLRB","Inh ENOX2 SPHKAP",0.0172569025565692,6.63763881807731,0.337281826884371,0.561794737388192,0.839116879236982,0.826354535974695,"gpath_3neocort"
"2558","GRIA2","Inh ENOX2 SPHKAP",-0.000153982253673607,9.2923797827762,8.54557801376522e-05,0.992629805430823,0.998951897108485,0.999180988202712,"gpath_3neocort"
"2559","TMEM144","Inh ENOX2 SPHKAP",-0.304345464368251,4.13332850165873,9.4773682849307,0.00225284132919643,0.0781607934881385,0.0530998736939924,"gpath_3neocort"
"2560","ETFDH","Inh ENOX2 SPHKAP",-0.0517876382562226,6.3130340566888,2.04738668766318,0.153404226276218,0.496956206080444,0.46520621932878,"gpath_3neocort"
"2561","PPID","Inh ENOX2 SPHKAP",-0.023666503926988,5.11444037540564,0.161268805648003,0.688248298268416,0.901973157583322,0.895653365992865,"gpath_3neocort"
"2562","FNIP2","Inh ENOX2 SPHKAP",0.0496466899025937,6.63258405805744,2.15341226881972,0.143196034095654,0.481672877382893,0.450641305943553,"gpath_3neocort"
"2563","RAPGEF2","Inh ENOX2 SPHKAP",0.0125938969230645,8.24628586845259,0.308279535671811,0.579110155134633,0.847855388854142,0.836538769686708,"gpath_3neocort"
"2564","FSTL5","Inh ENOX2 SPHKAP",0.0573674145327084,8.50246931562853,3.04438384182248,0.0819381864707284,0.380670903096441,0.345283914921705,"gpath_3neocort"
"2565","NAF1","Inh ENOX2 SPHKAP",0.107025216879951,5.1104011176025,4.18101917674548,0.0416639688776874,0.281739229470101,0.247672962223078,"gpath_3neocort"
"2566","NPY1R","Inh ENOX2 SPHKAP",0.0564554685531583,3.99788253107428,0.333230134256532,0.564152790605502,0.840403835844635,0.827710504308948,"gpath_3neocort"
"2567","MARCH1","Inh ENOX2 SPHKAP",0.115584299202836,8.49261439864942,4.61442643619072,0.0324241657712094,0.257332132257569,0.218651487002409,"gpath_3neocort"
"2568","TMEM192","Inh ENOX2 SPHKAP",0.0142732919331521,5.75308680695448,0.135545025988779,0.71298427095171,0.914520657340325,0.907441533961976,"gpath_3neocort"
"2569","KLHL2","Inh ENOX2 SPHKAP",-0.0155905732623423,5.13838190956759,0.0866976960502323,0.768601321234591,0.938159897992284,0.933186394006868,"gpath_3neocort"
"2570","MSMO1","Inh ENOX2 SPHKAP",-0.0173616496053906,4.48512321150149,0.0599639869681882,0.806703502550858,0.953243381609059,0.949402917342009,"gpath_3neocort"
"2571","CPE","Inh ENOX2 SPHKAP",-0.00896379510962207,7.49142061075122,0.132360889422099,0.716227215186984,0.916286132558312,0.90877150429261,"gpath_3neocort"
"2572","SPOCK3","Inh ENOX2 SPHKAP",0.0409834540889372,10.9176880998658,3.75238271665888,0.053576696537859,0.314457297970349,0.280716990894681,"gpath_3neocort"
"2573","DDX60L","Inh ENOX2 SPHKAP",0.0965081070185907,3.5582874126827,0.723857778155299,0.395491960302741,0.731491112901822,0.712920010654215,"gpath_3neocort"
"2574","PALLD","Inh ENOX2 SPHKAP",0.0929996640024977,7.59452588625297,11.9144202093461,0.000628706619922682,0.0419338703068978,0.0255319036766386,"gpath_3neocort"
"2575","CBR4","Inh ENOX2 SPHKAP",-0.0153224589702648,6.63776889834393,0.245071871782325,0.620892763172499,0.870214986726223,0.860408525328568,"gpath_3neocort"
"2576","SH3RF1","Inh ENOX2 SPHKAP",-0.038532816066675,5.61904245788488,0.604251847326163,0.437511496107188,0.758604397953195,0.743933841341199,"gpath_3neocort"
"2577","NEK1","Inh ENOX2 SPHKAP",0.0295335817974469,7.63687233612824,1.33547245467254,0.248661407577205,0.606427444775063,0.581874821457248,"gpath_3neocort"
"2578","CLCN3","Inh ENOX2 SPHKAP",0.0162098205286235,7.19863963017021,0.408233314294721,0.52330622752664,0.814712541151888,0.802634081679328,"gpath_3neocort"
"2579","HPF1","Inh ENOX2 SPHKAP",-0.033561315704408,4.99274585168846,0.408761815536205,0.523037618843718,0.814712541151888,0.802506135619517,"gpath_3neocort"
"2580","MFAP3L","Inh ENOX2 SPHKAP",0.124250401184194,4.41065575847929,2.77696881506765,0.0965680681231753,0.406742961065692,0.373473294077786,"gpath_3neocort"
"2581","GALNTL6","Inh ENOX2 SPHKAP",0.0586097857527074,11.414100452877,2.93740045447271,0.087479288077405,0.389909276722824,0.356595665102578,"gpath_3neocort"
"2582","GALNT7","Inh ENOX2 SPHKAP",-0.0231386516367295,6.91595698744936,0.437525573970658,0.508776002500608,0.805775240414231,0.792945408412336,"gpath_3neocort"
"2583","HMGB2","Inh ENOX2 SPHKAP",0.00702739188912659,3.84877225132031,0.00748325204075455,0.931116276149582,0.992579123934825,0.989196192508744,"gpath_3neocort"
"2584","AC097534.2","Inh ENOX2 SPHKAP",-0.00153795767453908,4.02190686603269,0.000589054902432748,0.980651399414656,0.997825265393623,0.997915368014525,"gpath_3neocort"
"2585","SAP30","Inh ENOX2 SPHKAP",-0.0157096990987346,4.34268206914557,0.0482714030041507,0.826233376745309,0.961952094667183,0.957132466434137,"gpath_3neocort"
"2586","SCRG1","Inh ENOX2 SPHKAP",-0.244573733821829,4.05924391640439,5.46824136213255,0.0199556519371545,0.204663911540515,0.171126549059059,"gpath_3neocort"
"2587","HAND2-AS1","Inh ENOX2 SPHKAP",-0.46624490979836,3.12551481698784,7.9905005875092,0.0049861634643225,0.115607761465649,0.0823283951305666,"gpath_3neocort"
"2588","FBXO8","Inh ENOX2 SPHKAP",0.0301400675106611,4.31928313136741,0.200430772077689,0.6546640861663,0.885684403798195,0.878555655372465,"gpath_3neocort"
"2589","CEP44","Inh ENOX2 SPHKAP",-0.0641060558944394,5.24040288020931,1.83549572069724,0.176397025723851,0.526726288039067,0.497104344184252,"gpath_3neocort"
"2590","HPGD","Inh ENOX2 SPHKAP",-0.0057475514058163,5.6714115921789,0.00544062984118335,0.941245087510753,0.993518947956843,0.991152547777673,"gpath_3neocort"
"2591","GLRA3","Inh ENOX2 SPHKAP",0.0394421183028157,4.43612473424765,0.194578927530953,0.659418516181882,0.886317117013643,0.881140487933281,"gpath_3neocort"
"2592","GPM6A","Inh ENOX2 SPHKAP",-0.0425199733042373,10.0546634409309,5.20849028760336,0.0231063241588657,0.218880724376493,0.183842955401886,"gpath_3neocort"
"2593","WDR17","Inh ENOX2 SPHKAP",0.0365701117613171,7.60317621705968,2.04564970445438,0.153578208961742,0.497110085627059,0.465472380783581,"gpath_3neocort"
"2594","SPCS3","Inh ENOX2 SPHKAP",-0.014935670611701,5.5506086500374,0.116855546100362,0.845523049864285,0.967957509038399,0.964532396225524,"gpath_3neocort"
"2595","AC078881.1","Inh ENOX2 SPHKAP",-0.0442592566675424,4.1641730620949,0.205977163717163,0.650234160201047,0.883125333262741,0.876068820326131,"gpath_3neocort"
"2596","LINC00290","Inh ENOX2 SPHKAP",-0.0358263697698729,4.74380726015118,0.202742930477672,0.652808500850388,0.884704822077308,0.877597758711411,"gpath_3neocort"
"2597","AC098864.1","Inh ENOX2 SPHKAP",-0.167951045756996,5.69272118264991,8.05762623750489,0.00480900187282087,0.113116087530265,0.0806138585509186,"gpath_3neocort"
"2598","TENM3","Inh ENOX2 SPHKAP",-0.0130110363921485,10.6861901836744,0.300106686216413,0.584182079254449,0.850178807252576,0.839530679484438,"gpath_3neocort"
"2599","AC079226.2","Inh ENOX2 SPHKAP",-0.395473053011025,3.71566107182723,8.88295678426828,0.00308994263360772,0.0884995922531527,0.0633047681102773,"gpath_3neocort"
"2600","DCTD","Inh ENOX2 SPHKAP",-0.0408886615449217,4.55149996524343,0.429001572812341,0.512930859285889,0.8090699797897,0.796048564719741,"gpath_3neocort"
"2601","WWC2","Inh ENOX2 SPHKAP",0.0224052097266669,7.28296342689622,0.68071232883606,0.409931411647774,0.740146330567097,0.723543995995605,"gpath_3neocort"
"2602","AC107214.1","Inh ENOX2 SPHKAP",0.144870613269723,4.54220862075722,5.62178397058955,0.018306534384944,0.197062249699499,0.164031646302459,"gpath_3neocort"
"2603","TRAPPC11","Inh ENOX2 SPHKAP",-0.0338968279412805,5.87361229044023,0.86216009898078,0.353806587376269,0.702537058268918,0.67976787449135,"gpath_3neocort"
"2604","STOX2","Inh ENOX2 SPHKAP",-0.0305993758130373,7.89569069463112,1.6987132008279,0.310765573771179,0.66620805586772,0.642077553799409,"gpath_3neocort"
"2605","IRF2","Inh ENOX2 SPHKAP",-0.0494875864769051,5.20990447647808,0.996181068353717,0.318960116119458,0.671228787249916,0.649479451376573,"gpath_3neocort"
"2606","CASP3","Inh ENOX2 SPHKAP",0.0556843901086358,4.7496629342924,0.947781050127562,0.330990490586814,0.682292872265933,0.660271289829295,"gpath_3neocort"
"2607","PRIMPOL","Inh ENOX2 SPHKAP",0.0372726017446209,5.59543811264062,0.673763974296208,0.412328842786006,0.74080992909015,0.725099417670869,"gpath_3neocort"
"2608","ACSL1","Inh ENOX2 SPHKAP",-0.0351729036233263,4.86902356107433,0.389104836439444,0.533196816729162,0.821951971079401,0.80956058977788,"gpath_3neocort"
"2609","SLC25A4","Inh ENOX2 SPHKAP",-0.0500332099884987,5.60836867718224,0.603033418381734,0.437973495270024,0.759064097958859,0.744328995460269,"gpath_3neocort"
"2610","CFAP97","Inh ENOX2 SPHKAP",-0.0614511257224385,5.08863387955505,1.2261249206705,0.268960149409753,0.628391059249562,0.602715470727996,"gpath_3neocort"
"2611","SNX25","Inh ENOX2 SPHKAP",0.0728706917915315,6.50377092161409,4.54876612918784,0.033672520924907,0.262742795486173,0.222751697660785,"gpath_3neocort"
"2612","LRP2BP","Inh ENOX2 SPHKAP",-0.0613296664013921,5.09942877399739,1.29660394259943,0.255651939572621,0.614600792881619,0.58935453828797,"gpath_3neocort"
"2613","AC112722.1","Inh ENOX2 SPHKAP",0.039390657301222,4.60271657433186,0.398841676528409,0.5281207902068,0.817833034307666,0.805921393105402,"gpath_3neocort"
"2614","UFSP2","Inh ENOX2 SPHKAP",-0.043671124275198,4.76398995220681,0.535337581184574,0.511831847564085,0.808314871808687,0.795299871826707,"gpath_3neocort"
"2615","C4orf47","Inh ENOX2 SPHKAP",0.186699378101991,5.08988832161657,12.2462832023798,0.000529504133679912,0.0387692575471803,0.0231962424844607,"gpath_3neocort"
"2616","SORBS2","Inh ENOX2 SPHKAP",0.0412165526350421,8.51441901471731,1.76509796386279,0.184898457200882,0.536833982177159,0.508180522272539,"gpath_3neocort"
"2617","FAM149A","Inh ENOX2 SPHKAP",-0.165158030221016,4.78227559077191,6.70108581836879,0.0100573390715805,0.14951136615208,0.120244221253633,"gpath_3neocort"
"2618","CYP4V2","Inh ENOX2 SPHKAP",0.0288469049728826,4.83670057675595,0.254065535827218,0.614559732094285,0.865449410142321,0.856657949553376,"gpath_3neocort"
"2619","FAT1","Inh ENOX2 SPHKAP",-0.164261391829947,3.82917559498187,1.77012782610477,0.18427546767951,0.536194148701887,0.507475645791448,"gpath_3neocort"
"2620","FRG1-DT","Inh ENOX2 SPHKAP",0.0983586298090454,5.57127461913235,2.82059463748663,0.0939986474899077,0.401922427948076,0.368823407296913,"gpath_3neocort"
"2621","FRG1","Inh ENOX2 SPHKAP",-0.0378510908969957,4.44987970903709,0.288950262516527,0.591252579291874,0.852390391727358,0.843640137928496,"gpath_3neocort"
"2622","SDHA","Inh ENOX2 SPHKAP",-0.0207713287472187,5.9597449584795,0.312737985395216,0.576380310165132,0.846076701601355,0.835012077238576,"gpath_3neocort"
"2623","PDCD6","Inh ENOX2 SPHKAP",-0.0112017441293352,5.30498055041991,0.0523548273910138,0.819155490206655,0.958326597322361,0.954279932023063,"gpath_3neocort"
"2624","EXOC3","Inh ENOX2 SPHKAP",0.0159662249466864,5.07257303924343,0.106629981743805,0.8558197338797,0.970967449241199,0.967965321360668,"gpath_3neocort"
"2625","TPPP","Inh ENOX2 SPHKAP",-0.00707976864990511,6.46958777412382,0.0428689717449708,0.836098574340808,0.964374500911426,0.960959605447661,"gpath_3neocort"
"2626","ZDHHC11B","Inh ENOX2 SPHKAP",-0.0311975466201689,6.43915759732723,0.284107783881453,0.594376455230608,0.854070816148098,0.845335933259548,"gpath_3neocort"
"2627","ZDHHC11","Inh ENOX2 SPHKAP",-0.0653973930617287,4.87654583315118,0.558126495935386,0.455542580751188,0.771491069800882,0.757193005959728,"gpath_3neocort"
"2628","BRD9","Inh ENOX2 SPHKAP",0.0253887203069771,5.01830429336482,0.249439342046921,0.6177995175849,0.867689918599335,0.858633871824535,"gpath_3neocort"
"2629","CLPTM1L","Inh ENOX2 SPHKAP",0.0636894496268406,4.38951998329728,0.926486781872073,0.336475024437944,0.687128290896616,0.664992363527652,"gpath_3neocort"
"2630","LPCAT1","Inh ENOX2 SPHKAP",-0.0515988906432522,5.13908504054231,1.18464105520832,0.27719926763224,0.635743398069418,0.610650292336337,"gpath_3neocort"
"2631","NDUFS6","Inh ENOX2 SPHKAP",-0.0242361857872472,4.24588026956286,0.0876815269087843,0.767329907031783,0.937430514951135,0.932638104560985,"gpath_3neocort"
"2632","ICE1","Inh ENOX2 SPHKAP",0.0388020694978798,6.21457275024237,1.29770773138405,0.255450101123053,0.614519042672009,0.589176427134184,"gpath_3neocort"
"2633","MED10","Inh ENOX2 SPHKAP",-0.0750042691833382,4.98640184298352,1.38730861860561,0.2397001178005,0.600051348879503,0.572250104162438,"gpath_3neocort"
"2634","UBE2QL1","Inh ENOX2 SPHKAP",0.00716376180767737,6.46052055155859,0.0411007171537365,0.839467287766567,0.965432778069442,0.962088992500038,"gpath_3neocort"
"2635","NSUN2","Inh ENOX2 SPHKAP",-0.0167198286528073,5.07820067862954,0.0893664572266001,0.765170356965213,0.936351870264121,0.931597776891388,"gpath_3neocort"
"2636","SRD5A1","Inh ENOX2 SPHKAP",-0.0331988275483906,4.79400995968103,0.380782958509041,0.537605648319976,0.824408680085461,0.812081179788226,"gpath_3neocort"
"2637","TENT4A","Inh ENOX2 SPHKAP",-0.0486791224698471,6.00727769399618,1.655356965564,0.19912395690989,0.553071617908874,0.525983063362792,"gpath_3neocort"
"2638","ADCY2","Inh ENOX2 SPHKAP",-0.0314502188201351,9.21047045604349,1.03771371024103,0.309092367801168,0.665977642116935,0.64064155380627,"gpath_3neocort"
"2639","C5orf49","Inh ENOX2 SPHKAP",-0.158536047533321,3.98781932835706,3.35699858218207,0.0678117095282074,0.348703300903467,0.314963868156509,"gpath_3neocort"
"2640","MTRR","Inh ENOX2 SPHKAP",0.0301369105849353,4.86743930705854,0.298185603935661,0.585387295616673,0.850666039752185,0.840243822181728,"gpath_3neocort"
"2641","LINC02112","Inh ENOX2 SPHKAP",-0.293879538522706,4.68317269647315,8.11482071100614,0.004663142827513,0.111298247191965,0.0794225577401154,"gpath_3neocort"
"2642","FAM173B","Inh ENOX2 SPHKAP",-0.119742531173529,5.64312778597683,7.33170852028387,0.00712407701376975,0.129188569758082,0.100032684903768,"gpath_3neocort"
"2643","CCT5","Inh ENOX2 SPHKAP",0.00890589734070606,5.09012655248076,0.0225375474700453,0.880756683862515,0.978345111313283,0.97571719499835,"gpath_3neocort"
"2644","CMBL","Inh ENOX2 SPHKAP",0.0231930537401299,4.5972456114976,0.15019952628446,0.698592033290607,0.907293841048804,0.900493661569399,"gpath_3neocort"
"2645","MARCH6","Inh ENOX2 SPHKAP",-0.0164170309451755,7.93538985008869,0.579806505530271,0.860758440179004,0.971842687824892,0.969442457139694,"gpath_3neocort"
"2646","ROPN1L","Inh ENOX2 SPHKAP",0.127021621994703,3.98829421059532,2.62105845461274,0.106399529953568,0.422733016192513,0.391189093501605,"gpath_3neocort"
"2647","ANKRD33B","Inh ENOX2 SPHKAP",0.0451483435943254,5.90343444621503,0.803952562166339,0.370561142250539,0.715647237647898,0.694118670003038,"gpath_3neocort"
"2648","CTNND2","Inh ENOX2 SPHKAP",0.0302645727181892,11.0134283622686,2.265794232648,0.133205080547451,0.465847656442537,0.435290647150441,"gpath_3neocort"
"2649","DNAH5","Inh ENOX2 SPHKAP",0.0155778744900144,4.5388150054114,0.0513570272265627,0.820857416499511,0.959029336757317,0.954975153198558,"gpath_3neocort"
"2650","TRIO","Inh ENOX2 SPHKAP",0.0112419675457481,9.64461397324685,0.365896428753797,0.545661036381723,0.830389902379284,0.816905615115571,"gpath_3neocort"
"2651","OTULIN","Inh ENOX2 SPHKAP",-0.0521017596380556,4.4248524511047,0.52667910989488,0.468515453821393,0.77949828964851,0.765966504598979,"gpath_3neocort"
"2652","ANKH","Inh ENOX2 SPHKAP",0.0312011464117128,8.03421107033632,1.61612711342593,0.204518763258799,0.560428179154327,0.532470738187889,"gpath_3neocort"
"2653","FBXL7","Inh ENOX2 SPHKAP",0.141630857248964,5.311714250639,2.71419264916725,0.100401300118645,0.412672634080867,0.380383861989136,"gpath_3neocort"
"2654","MARCH11","Inh ENOX2 SPHKAP",0.00284412626158356,7.60111462498741,0.00830982143346802,0.927421609667195,0.991576980101626,0.988208516252692,"gpath_3neocort"
"2655","RETREG1","Inh ENOX2 SPHKAP",-0.0760429291447756,6.57403456836726,4.91138794990934,0.0273549052178165,0.237551136655977,0.200169214669799,"gpath_3neocort"
"2656","MYO10","Inh ENOX2 SPHKAP",-0.414883888335,4.52369100758783,20.7294173681953,7.42468053948727e-06,0.00401675217186261,0.00171212367809593,"gpath_3neocort"
"2657","BASP1","Inh ENOX2 SPHKAP",0.0320076756291093,8.16260824550448,1.44475591955462,0.230224245007914,0.590058977848413,0.562109005683148,"gpath_3neocort"
"2658","BASP1-AS1","Inh ENOX2 SPHKAP",0.203185180053697,6.54427611947072,15.062258645907,0.000125381805282985,0.0199030408829444,0.00973127258414411,"gpath_3neocort"
"2659","LINC02223","Inh ENOX2 SPHKAP",0.261242222267851,4.43353662320182,8.55108665773615,0.0036894819440595,0.098680694694775,0.0696662421172104,"gpath_3neocort"
"2660","CDH18","Inh ENOX2 SPHKAP",0.113159414589144,9.20506826344171,15.126303915092,0.000121378547668096,0.0199030408829444,0.00956662259370946,"gpath_3neocort"
"2661","LINC02241","Inh ENOX2 SPHKAP",0.106584524665085,5.44252290551853,5.10888337944326,0.0244482216694578,0.226093810652593,0.189293258301829,"gpath_3neocort"
"2662","AC091946.1","Inh ENOX2 SPHKAP",-0.0475687910227574,4.17703296841334,0.21328542104722,0.644505590078527,0.881448868178843,0.873200492400605,"gpath_3neocort"
"2663","CDH12","Inh ENOX2 SPHKAP",0.0248017894420249,9.19262429278118,0.220819333657296,0.638723518972851,0.878887894271248,0.8701352076813,"gpath_3neocort"
"2664","C5orf17","Inh ENOX2 SPHKAP",-0.0982773211029495,4.2686832390406,0.281631158085543,0.595987362834692,0.855261122519567,0.846245265012398,"gpath_3neocort"
"2665","CDH10","Inh ENOX2 SPHKAP",0.0413654043762957,8.26183163398514,1.75242924392467,0.186478490929023,0.539491249158298,0.510298320918307,"gpath_3neocort"
"2666","AC091885.2","Inh ENOX2 SPHKAP",-0.192452389061712,4.20242942452822,2.71500871089758,0.100350412478137,0.412672634080867,0.380295317908236,"gpath_3neocort"
"2667","CDH9","Inh ENOX2 SPHKAP",-0.0689799877061366,9.78512484627726,4.75422405720071,0.0299252112788265,0.247897357838817,0.209820738012012,"gpath_3neocort"
"2668","CDH6","Inh ENOX2 SPHKAP",0.0263881464808459,5.5799326325641,0.121824792797473,0.727284030419812,0.921591595468346,0.914166690315104,"gpath_3neocort"
"2669","DROSHA","Inh ENOX2 SPHKAP",0.00665788243422246,6.08510399636315,0.0374312390755125,0.945948232805505,0.994450792876699,0.992145650363197,"gpath_3neocort"
"2670","C5orf22","Inh ENOX2 SPHKAP",-0.165653230502875,4.73506730728592,8.41274365342024,0.00397337774957346,0.101191644815108,0.0725565131684438,"gpath_3neocort"
"2671","PDZD2","Inh ENOX2 SPHKAP",-0.0857486435534357,5.84260999752458,3.6882386667692,0.0556501419324264,0.318589701433256,0.286361426360818,"gpath_3neocort"
"2672","GOLPH3","Inh ENOX2 SPHKAP",0.0691466918864889,5.93889290480376,3.82146123549741,0.0514353639091342,0.308815453547989,0.275102232061764,"gpath_3neocort"
"2673","MTMR12","Inh ENOX2 SPHKAP",-0.0252313048996798,5.93094755672098,0.562379695859241,0.453831819589605,0.77006695576992,0.75587691565626,"gpath_3neocort"
"2674","ZFR","Inh ENOX2 SPHKAP",0.0111003089352456,7.25227424134116,0.207188108520166,0.649276562790627,0.882880312297119,0.875638838526985,"gpath_3neocort"
"2675","SUB1","Inh ENOX2 SPHKAP",-0.068986625383551,6.46926577616597,3.48545183495999,0.0627878862173445,0.335964419011499,0.303421202000169,"gpath_3neocort"
"2676","TARS","Inh ENOX2 SPHKAP",0.0953550305012887,4.6163780798437,2.20635902544912,0.138387544737064,0.474012631252032,0.443313028842842,"gpath_3neocort"
"2677","C1QTNF3-AMACR","Inh ENOX2 SPHKAP",0.0477660060686735,6.62322049986513,1.51555829764131,0.219160549047174,0.576976179122424,0.549473216410817,"gpath_3neocort"
"2678","TTC23L","Inh ENOX2 SPHKAP",-0.0263077008143807,4.9227797276956,0.181152087282068,0.670659603556979,0.892498971908385,0.886863280638179,"gpath_3neocort"
"2679","RAD1","Inh ENOX2 SPHKAP",-0.0929454410027235,4.55123260632475,2.01298953686749,0.156891789341676,0.501815280951383,0.470092456540657,"gpath_3neocort"
"2680","BRIX1","Inh ENOX2 SPHKAP",-0.0362961552612764,4.51101143886558,0.292339500430339,0.729083067609894,0.922273799372764,0.915007372612097,"gpath_3neocort"
"2681","DNAJC21","Inh ENOX2 SPHKAP",0.0349114669189058,5.96505758121359,0.753127198946023,0.386112095793716,0.726388849781961,0.706159657583757,"gpath_3neocort"
"2682","PRLR","Inh ENOX2 SPHKAP",0.113241431524306,6.58099698196762,4.02678706320632,0.0455901480633555,0.292076882790102,0.259007668113365,"gpath_3neocort"
"2683","SPEF2","Inh ENOX2 SPHKAP",0.00602882869577171,6.01698544775547,0.0204618270833276,0.886341170108476,0.979658385812387,0.977430753961674,"gpath_3neocort"
"2684","LMBRD2","Inh ENOX2 SPHKAP",0.00854715915514593,6.17196337688783,0.0625826146203443,0.802613680767692,0.952551397154178,0.94778355701901,"gpath_3neocort"
"2685","SKP2","Inh ENOX2 SPHKAP",0.0681349971543994,4.36921045927528,1.04552921105262,0.406830704310387,0.737250084133714,0.721120353119385,"gpath_3neocort"
"2686","NADK2","Inh ENOX2 SPHKAP",0.0372237067559821,4.72560706387726,0.388565736122265,0.602042027637325,0.859001504048684,0.849645668015865,"gpath_3neocort"
"2687","NIPBL","Inh ENOX2 SPHKAP",0.0462294695963068,7.66425161735817,4.04393905742278,0.0451348037675715,0.291460689050803,0.257631861750671,"gpath_3neocort"
"2688","CPLANE1","Inh ENOX2 SPHKAP",-0.0170782307471347,7.73502806107575,0.417658763226089,0.518552154139685,0.812415803749566,0.799519313390445,"gpath_3neocort"
"2689","NUP155","Inh ENOX2 SPHKAP",0.0149422078810076,4.70011219650094,0.0628704264064639,0.834374148577689,0.963835760243124,0.960336040321112,"gpath_3neocort"
"2690","WDR70","Inh ENOX2 SPHKAP",0.029568396810908,7.8144716033708,1.58601265880533,0.208777612526282,0.56537462040495,0.537654391621859,"gpath_3neocort"
"2691","LIFR","Inh ENOX2 SPHKAP",0.0777150791285716,5.48225756399694,3.19566956073077,0.0747416013630559,0.364407745346358,0.330359275367078,"gpath_3neocort"
"2692","LIFR-AS1","Inh ENOX2 SPHKAP",-0.0270171129241906,4.18016581687244,0.0921846152891047,0.761607394856911,0.93548597516607,0.92993657919765,"gpath_3neocort"
"2693","RICTOR","Inh ENOX2 SPHKAP",0.0247774399676137,7.60220474264837,0.99814844461579,0.318483430952992,0.671228787249916,0.649046477455118,"gpath_3neocort"
"2694","TTC33","Inh ENOX2 SPHKAP",0.0379658811836067,5.65607239634661,0.872706827653173,0.350883058262272,0.699519183148314,0.677340594574161,"gpath_3neocort"
"2695","PRKAA1","Inh ENOX2 SPHKAP",-0.0521770533597115,5.30041292729882,1.30105135269457,0.254839889006031,0.6135057698741,0.588519701137316,"gpath_3neocort"
"2696","RPL37","Inh ENOX2 SPHKAP",-0.0194248772765948,5.91787072070804,0.22852267670484,0.666419425380988,0.889472637659,0.88459266340665,"gpath_3neocort"
"2697","PLCXD3","Inh ENOX2 SPHKAP",-0.0188674023855663,6.55704609218497,0.110615422870291,0.739653571866973,0.92735552117161,0.920348513941959,"gpath_3neocort"
"2698","OXCT1","Inh ENOX2 SPHKAP",-0.0522276840937594,6.63761112368907,2.7379433989806,0.0989317671666455,0.411080760155835,0.377656437497482,"gpath_3neocort"
"2699","C5orf51","Inh ENOX2 SPHKAP",0.0530863772472389,4.57385426711094,0.717143907582116,0.397689756476735,0.732377591644456,0.714521038533754,"gpath_3neocort"
"2700","FBXO4","Inh ENOX2 SPHKAP",-0.0395651289310391,4.28478706627627,0.273994820902376,0.601012218941851,0.858916493697644,0.849113300226953,"gpath_3neocort"
"2701","GHR","Inh ENOX2 SPHKAP",0.0355153677774491,8.0014188338445,0.905308413565189,0.342051496962171,0.691302312324829,0.66966032679155,"gpath_3neocort"
"2702","ZNF131","Inh ENOX2 SPHKAP",-0.016377289737127,7.11341739131903,0.337763598157161,0.561515612143173,0.839116879236982,0.826241125714197,"gpath_3neocort"
"2703","NIM1K","Inh ENOX2 SPHKAP",0.0814242615209531,6.24498643624793,4.74485880145205,0.0300861402417786,0.248287147181729,0.210444553079422,"gpath_3neocort"
"2704","HMGCS1","Inh ENOX2 SPHKAP",-0.0840306246785117,5.29322883974117,2.3301155591306,0.127840449158063,0.458284368559596,0.427142465690628,"gpath_3neocort"
"2705","TMEM267","Inh ENOX2 SPHKAP",-0.0720707224544667,5.27945847697564,2.29167665863335,0.131016648893556,0.462170237257252,0.431966968458935,"gpath_3neocort"
"2706","PAIP1","Inh ENOX2 SPHKAP",0.0707494860803675,5.34133732889001,2.32053622124281,0.128623850593311,0.458973637624646,0.428365069450335,"gpath_3neocort"
"2707","NNT-AS1","Inh ENOX2 SPHKAP",-0.0228056543949913,5.58077093596701,0.236757127507471,0.626877831120356,0.873852506011812,0.863539374813444,"gpath_3neocort"
"2708","NNT","Inh ENOX2 SPHKAP",-0.0125281578957237,6.46541405135562,0.156634272677528,0.757673041889445,0.934070145831043,0.92815556606445,"gpath_3neocort"
"2709","MRPS30-DT","Inh ENOX2 SPHKAP",-0.0339151996037988,4.76228600610786,0.237685805938672,0.626202953630352,0.873345016334033,0.863125318094372,"gpath_3neocort"
"2710","HCN1","Inh ENOX2 SPHKAP",0.0299070606100325,8.77683411404208,1.31342209269784,0.252597822731644,0.610959791701137,0.586320212382343,"gpath_3neocort"
"2711","EMB","Inh ENOX2 SPHKAP",-0.0441570096587214,4.47250514199706,0.345720720243595,0.556943596595195,0.836996892003553,0.823499978421507,"gpath_3neocort"
"2712","PARP8","Inh ENOX2 SPHKAP",-0.000743986839847609,7.54200734602881,0.000720506214560293,0.978601615091355,0.997825265393623,0.997706777737516,"gpath_3neocort"
"2713","AC022126.1","Inh ENOX2 SPHKAP",0.0329970808962977,4.7891118326103,0.158301311424485,0.690979909257957,0.90363380184538,0.897013865509385,"gpath_3neocort"
"2714","ITGA1","Inh ENOX2 SPHKAP",-0.0583381213869941,6.40970371440079,1.63174631430535,0.202350410337193,0.556754766278031,0.52991865564532,"gpath_3neocort"
"2715","MOCS2","Inh ENOX2 SPHKAP",0.0579103448480729,4.84030308962463,1.04271137064719,0.307932023899706,0.665034830058845,0.639540833220183,"gpath_3neocort"
"2716","NDUFS4","Inh ENOX2 SPHKAP",0.0120181755139168,6.16096089432128,0.129478218593158,0.907422753143942,0.986765245127383,0.983164020392398,"gpath_3neocort"
"2717","ARL15","Inh ENOX2 SPHKAP",-0.0600287477655786,8.5729866378145,4.47139862106642,0.0352085105906204,0.267572402736661,0.227832176857134,"gpath_3neocort"
"2718","DHX29","Inh ENOX2 SPHKAP",-0.0399941776082102,5.99584421894129,0.982995229715265,0.322179391601294,0.673547212411637,0.652236365209151,"gpath_3neocort"
"2719","MTREX","Inh ENOX2 SPHKAP",-0.00688135755330957,6.51034689828799,0.0454811911298608,0.831252013320303,0.962916920097718,0.959070202996278,"gpath_3neocort"
"2720","PLPP1","Inh ENOX2 SPHKAP",0.0284380393865762,6.60620065059284,0.649285957198057,0.420942362886782,0.745433120529457,0.73181660415128,"gpath_3neocort"
"2721","SLC38A9","Inh ENOX2 SPHKAP",0.00462519890649929,6.02442532377303,0.0160665163885394,0.936257349904868,0.993269159402148,0.99036485131566,"gpath_3neocort"
"2722","IL6ST","Inh ENOX2 SPHKAP",0.0464959604314645,6.08087752204061,1.19753882870931,0.274604041700782,0.634090534260567,0.608118795745099,"gpath_3neocort"
"2723","ANKRD55","Inh ENOX2 SPHKAP",-0.150706923582076,6.01336113912223,4.32384035851599,0.038345854877697,0.273876430580498,0.23744752580746,"gpath_3neocort"
"2724","MAP3K1","Inh ENOX2 SPHKAP",0.0571878248344713,4.92854036284967,0.954154074442059,0.329372321719415,0.680275139944147,0.658682803859782,"gpath_3neocort"
"2725","MIER3","Inh ENOX2 SPHKAP",0.0206058420504362,4.35644488550663,0.0962103683979576,0.756619409603627,0.933938848735653,0.927780155316706,"gpath_3neocort"
"2726","GPBP1","Inh ENOX2 SPHKAP",-0.00996486645089097,6.94478470911942,0.122571039476898,0.994578257645359,0.999137047031017,0.999333436884233,"gpath_3neocort"
"2727","PLK2","Inh ENOX2 SPHKAP",0.109000759055654,4.16932791291389,1.90948899328901,0.167945134880363,0.518367582714732,0.485745965258215,"gpath_3neocort"
"2728","RAB3C","Inh ENOX2 SPHKAP",0.0260936044463379,9.21439644812987,1.67310600078534,0.196738390683739,0.551298311957687,0.523253192153924,"gpath_3neocort"
"2729","PDE4D","Inh ENOX2 SPHKAP",0.0624051077496628,10.3123789884645,8.92119442399716,0.003027582086108,0.087767434119379,0.0625975048061709,"gpath_3neocort"
"2730","ELOVL7","Inh ENOX2 SPHKAP",-0.0195636745562817,5.09551200863848,0.107497308269182,0.743217381709474,0.928816093994719,0.921921258841949,"gpath_3neocort"
"2731","ERCC8","Inh ENOX2 SPHKAP",0.048729882188143,5.70614799312055,1.11948390538224,0.290795531274631,0.64785332499482,0.623515359793754,"gpath_3neocort"
"2732","NDUFAF2","Inh ENOX2 SPHKAP",0.01826054601042,6.60464737223702,0.30350856361886,0.582060122128486,0.849790325230464,0.838350226515273,"gpath_3neocort"
"2733","ZSWIM6","Inh ENOX2 SPHKAP",0.0829501594300647,7.86666635969481,6.02781518744969,0.014592279623914,0.175964444822338,0.145688970655093,"gpath_3neocort"
"2734","KIF2A","Inh ENOX2 SPHKAP",0.0449768103584185,6.73833917058836,2.6984953354489,0.101385679009742,0.413876650318563,0.382114945900794,"gpath_3neocort"
"2735","DIMT1","Inh ENOX2 SPHKAP",0.0533806463854599,4.4437986061348,0.6450434609858,0.42246250615298,0.746602424271648,0.733031937784188,"gpath_3neocort"
"2736","IPO11","Inh ENOX2 SPHKAP",0.0318673365915041,5.64756675973611,0.62745583995288,0.583787452551038,0.850178807252576,0.839362621882131,"gpath_3neocort"
"2737","RNF180","Inh ENOX2 SPHKAP",0.0471102904956861,7.65027636199536,3.84001643247196,0.0508758142774423,0.307990517734783,0.273660276130881,"gpath_3neocort"
"2738","RGS7BP","Inh ENOX2 SPHKAP",-0.00411610032575265,7.49234655238273,0.0223414109934001,0.881272803465749,0.978592348689236,0.975847140468882,"gpath_3neocort"
"2739","SREK1IP1","Inh ENOX2 SPHKAP",0.097486541788412,5.21922726885585,3.93038008190674,0.0482416913730462,0.300946566682078,0.26655481590082,"gpath_3neocort"
"2740","CWC27","Inh ENOX2 SPHKAP",0.0349604378227195,7.22983119023014,1.37678146391901,0.24148763875645,0.601020356464349,0.574139543426814,"gpath_3neocort"
"2741","ADAMTS6","Inh ENOX2 SPHKAP",-0.146490686529437,3.82935526655558,1.43861729842464,0.231214849287321,0.590674359921662,0.563075649281159,"gpath_3neocort"
"2742","PPWD1","Inh ENOX2 SPHKAP",-0.0910707111582549,5.57033696456235,4.49808493733715,0.0346705505202482,0.265812694941048,0.225957244637426,"gpath_3neocort"
"2743","TRIM23","Inh ENOX2 SPHKAP",-0.00863648237497858,6.07118756404656,0.0745997697242692,0.868231855086598,0.974773868676512,0.971884374644927,"gpath_3neocort"
"2744","TRAPPC13","Inh ENOX2 SPHKAP",-0.0476368592949947,5.46528825837951,1.01303158238513,0.31490750883297,0.667952367897072,0.645763629394598,"gpath_3neocort"
"2745","SGTB","Inh ENOX2 SPHKAP",-0.0492686448372503,6.06173924579619,1.58015942389267,0.209617557534998,0.566284482300616,0.538503099655289,"gpath_3neocort"
"2746","NLN","Inh ENOX2 SPHKAP",-0.164468266893829,5.77143455739878,11.6665878594594,0.000714944183646418,0.0442777111902096,0.0275675624792647,"gpath_3neocort"
"2747","ERBIN","Inh ENOX2 SPHKAP",-0.00485951368098793,6.91349896401155,0.025898214835941,0.87224660516334,0.976314648400069,0.973096631576537,"gpath_3neocort"
"2748","SREK1","Inh ENOX2 SPHKAP",0.0559202842032517,6.69500443041402,3.99081347663161,0.0465610314168368,0.295947091004505,0.261812123306918,"gpath_3neocort"
"2749","MAST4","Inh ENOX2 SPHKAP",-0.0226064794434163,8.99546423635083,0.908822719040246,0.341117563986739,0.691034499293295,0.668883239943877,"gpath_3neocort"
"2750","PIK3R1","Inh ENOX2 SPHKAP",-0.0636264794818599,6.93905351051855,3.45470312866263,0.0639530245780451,0.338309213257707,0.306121902217884,"gpath_3neocort"
"2751","AC093523.1","Inh ENOX2 SPHKAP",0.20001574663892,6.55658142283858,15.5161982152425,9.96482261481937e-05,0.0178754319593295,0.00850797526213093,"gpath_3neocort"
"2752","LINC02198","Inh ENOX2 SPHKAP",0.255466172437201,4.75258911554902,14.3492751699894,0.000180097450282663,0.0222197291041148,0.012196299659908,"gpath_3neocort"
"2753","SLC30A5","Inh ENOX2 SPHKAP",0.0591300894355532,5.48019799050456,1.95464440634461,0.257179519527122,0.615892280085616,0.590872574491527,"gpath_3neocort"
"2754","MRPS36","Inh ENOX2 SPHKAP",-0.0302778341971982,4.80378784148707,0.249583750235776,0.617697820611837,0.867689918599335,0.858592601398308,"gpath_3neocort"
"2755","CDK7","Inh ENOX2 SPHKAP",-0.0470163039337853,4.62021656938021,0.51714098945852,0.472567492549816,0.781699038975728,0.768770231574536,"gpath_3neocort"
"2756","CCDC125","Inh ENOX2 SPHKAP",-0.102183469828191,5.1196765215106,3.49105376594014,0.0625780749329495,0.335379908473892,0.30291119625789,"gpath_3neocort"
"2757","RAD17","Inh ENOX2 SPHKAP",0.0226566033636058,5.00593555691588,0.177183120032785,0.674076468308789,0.894543015588851,0.888827900209142,"gpath_3neocort"
"2758","GTF2H2C","Inh ENOX2 SPHKAP",0.0340454958696559,5.07178181313964,0.296959750120991,0.586158989223239,0.851005482030775,0.840693372910853,"gpath_3neocort"
"2759","NAIP","Inh ENOX2 SPHKAP",0.0150314331113764,5.63122782962923,0.0851761785036826,0.770583128675376,0.939519031806787,0.934226584310226,"gpath_3neocort"
"2760","GTF2H2","Inh ENOX2 SPHKAP",-0.0806818258323545,4.98214924267318,1.3384365214619,0.24813803635927,0.605757883696809,0.581258198440427,"gpath_3neocort"
"2761","BDP1","Inh ENOX2 SPHKAP",0.0385453445758098,7.70113232357615,2.55559855637435,0.110851330772041,0.428575964321046,0.398811968514,"gpath_3neocort"
"2762","MCCC2","Inh ENOX2 SPHKAP",-0.104320702156276,5.34956625875629,3.99622243331308,0.0464136625805996,0.295701883960979,0.26143894478565,"gpath_3neocort"
"2763","MAP1B","Inh ENOX2 SPHKAP",0.0100537660298139,9.09246633204063,0.199546012679868,0.655377535967085,0.885848338339017,0.878969187753956,"gpath_3neocort"
"2764","MRPS27","Inh ENOX2 SPHKAP",0.00114703478556281,5.74714948903499,0.000734276477542615,0.978398150401287,0.997825265393623,0.997675393669329,"gpath_3neocort"
"2765","TNPO1","Inh ENOX2 SPHKAP",-0.0110199615227175,6.76405529205002,0.132940700902779,0.844205885333134,0.96738961065828,0.964039317839441,"gpath_3neocort"
"2766","FCHO2","Inh ENOX2 SPHKAP",0.0900703104698322,6.1761837358306,6.53146699362837,0.0110413991331569,0.155602235540784,0.125808731063302,"gpath_3neocort"
"2767","BTF3","Inh ENOX2 SPHKAP",-0.0622116672191792,5.13045876526511,0.694532213142175,0.4052236564937,0.736618997001242,0.719954508476444,"gpath_3neocort"
"2768","ANKRA2","Inh ENOX2 SPHKAP",0.04874775400817,4.50674327788576,0.515144646206635,0.473422769549554,0.782449241322735,0.769316729621093,"gpath_3neocort"
"2769","ARHGEF28","Inh ENOX2 SPHKAP",-0.309059494771707,4.36522842943871,12.7665649854731,0.000404886005634444,0.0339101879449048,0.019856458370164,"gpath_3neocort"
"2770","ENC1","Inh ENOX2 SPHKAP",0.074434623541136,5.50017592643445,1.60275544931749,0.206396974700781,0.562921402061108,0.534758785346987,"gpath_3neocort"
"2771","HEXB","Inh ENOX2 SPHKAP",-0.0311626350085856,5.38197460147131,0.462631706724361,0.496868586554692,0.798565158585508,0.785209070870414,"gpath_3neocort"
"2772","GFM2","Inh ENOX2 SPHKAP",-0.0373522344861076,5.24952835672681,0.58682535354818,0.586510109297833,0.851055795610534,0.840947461333354,"gpath_3neocort"
"2773","NSA2","Inh ENOX2 SPHKAP",0.111571522703005,5.1583608129109,5.0458898322984,0.0253386012688242,0.229891892697469,0.192810001508518,"gpath_3neocort"
"2774","FAM169A","Inh ENOX2 SPHKAP",0.040048066704467,6.98005174285047,2.08717747157862,0.149479356211817,0.490441364821655,0.459458196515355,"gpath_3neocort"
"2775","HMGCR","Inh ENOX2 SPHKAP",-0.00528018444079087,5.2899779232538,0.00966142333076572,0.921759064225666,0.990636355721171,0.986871095906691,"gpath_3neocort"
"2776","COL4A3BP","Inh ENOX2 SPHKAP",0.0473062034341104,6.86686153307388,3.43321464458766,0.0647810111734071,0.339185680786275,0.307818550434392,"gpath_3neocort"
"2777","POLK","Inh ENOX2 SPHKAP",0.0397882071376935,6.38727127495549,1.43420698480188,0.231929737706657,0.591311371426491,0.563951656689517,"gpath_3neocort"
"2778","CRHBP","Inh ENOX2 SPHKAP",0.178248588958512,5.10778964942227,6.87606098317012,0.00913654086292938,0.143502636972913,0.114273685795175,"gpath_3neocort"
"2779","ZBED3","Inh ENOX2 SPHKAP",0.00148213816995115,4.41997105909648,0.000279724549527448,0.986666031659737,0.99853405610575,0.998415292875893,"gpath_3neocort"
"2780","AC022414.1","Inh ENOX2 SPHKAP",0.076133232072247,4.1855685909804,0.765245767912926,0.382321515430795,0.723091423624226,0.70317811193546,"gpath_3neocort"
"2781","PDE8B","Inh ENOX2 SPHKAP",0.021176431835468,6.04233204660922,0.289585481101259,0.590845308915779,0.852390391727358,0.843422323703401,"gpath_3neocort"
"2782","WDR41","Inh ENOX2 SPHKAP",0.0200097164657061,5.94292145887354,0.281214946500982,0.596258976202469,0.855261122519567,0.84638419934909,"gpath_3neocort"
"2783","TBCA","Inh ENOX2 SPHKAP",-0.0100180530922226,6.69025078059326,0.124891144453243,0.761278930621378,0.93532933410002,0.92980991274962,"gpath_3neocort"
"2784","AP3B1","Inh ENOX2 SPHKAP",0.0993051116437717,6.0556295424982,6.30866472453245,0.0124870016498596,0.164100434637427,0.13419357240522,"gpath_3neocort"
"2785","SCAMP1","Inh ENOX2 SPHKAP",0.031931844867652,6.86353564243239,1.23575746041904,0.267091167688437,0.626242629519803,0.600867019734439,"gpath_3neocort"
"2786","LHFPL2","Inh ENOX2 SPHKAP",0.168207357210581,5.80206343681289,10.6147262579986,0.00123739803199408,0.0600393452821233,0.037590985901734,"gpath_3neocort"
"2787","ARSB","Inh ENOX2 SPHKAP",0.0346235788983828,6.27924066702932,0.861948048939178,0.353865708647468,0.702537058268918,0.679827842893853,"gpath_3neocort"
"2788","JMY","Inh ENOX2 SPHKAP",-0.00291743760159694,6.2801763398734,0.00850109657897156,0.953301724741728,0.994776274703702,0.993527973562698,"gpath_3neocort"
"2789","HOMER1","Inh ENOX2 SPHKAP",0.265553931251412,6.97190857521825,23.320227172495,2.09350418769575e-06,0.0016988786483151,0.000752144805344236,"gpath_3neocort"
"2790","TENT2","Inh ENOX2 SPHKAP",-0.0381043161821868,6.79364064165457,1.64781319208718,0.200148189683115,0.554650845513424,0.52720059370116,"gpath_3neocort"
"2791","CMYA5","Inh ENOX2 SPHKAP",-0.0868459186525664,4.37351515313519,0.97672132089137,0.323726224566081,0.674840026935541,0.653638728648748,"gpath_3neocort"
"2792","MTX3","Inh ENOX2 SPHKAP",-0.0264950568125767,4.90578856451885,0.224382982151679,0.743680490650849,0.928932865310154,0.922169713717088,"gpath_3neocort"
"2793","THBS4","Inh ENOX2 SPHKAP",0.104898396324573,4.80220392997161,2.84955518884537,0.0923342688315241,0.39902009088589,0.36577007019168,"gpath_3neocort"
"2794","AC012636.1","Inh ENOX2 SPHKAP",0.215573537586019,3.88723189723883,4.40630178452857,0.036557918316242,0.27089218172312,0.232052888189089,"gpath_3neocort"
"2795","SERINC5","Inh ENOX2 SPHKAP",-0.00037319439144384,7.34225066834038,0.000154994437655017,0.990074297833101,0.998951897108485,0.998790808820012,"gpath_3neocort"
"2796","ZFYVE16","Inh ENOX2 SPHKAP",0.064145226956264,7.22538573252728,5.57144676768681,0.0188309910320025,0.198576341858441,0.166290363404238,"gpath_3neocort"
"2797","FAM151B","Inh ENOX2 SPHKAP",0.0168747686770599,5.42495662534801,0.134696656549991,0.905681972443542,0.986434110724821,0.982766057846012,"gpath_3neocort"
"2798","DHFR","Inh ENOX2 SPHKAP",0.16712614356076,7.3687662369626,6.19307936233319,0.0133126084791616,0.168289063216888,0.138635814544509,"gpath_3neocort"
"2799","MSH3","Inh ENOX2 SPHKAP",0.0125500752731705,7.05913018088165,0.206425803401095,0.649878987305675,0.883125333262741,0.875880949353904,"gpath_3neocort"
"2800","RASGRF2","Inh ENOX2 SPHKAP",-0.0828005876447263,8.88499698138695,8.93420318451258,0.00300666081127664,0.087767434119379,0.0623534356310023,"gpath_3neocort"
"2801","CKMT2-AS1","Inh ENOX2 SPHKAP",0.0197875882125799,6.53607913020541,0.288512348994719,0.59153368383479,0.852390391727358,0.843796052867225,"gpath_3neocort"
"2802","CKMT2","Inh ENOX2 SPHKAP",-0.0730205758872739,4.35283730938788,0.756531428969396,0.385041896780572,0.725211973695562,0.705279507754398,"gpath_3neocort"
"2803","ZCCHC9","Inh ENOX2 SPHKAP",-0.058766172899131,4.94624178734934,1.28256013964319,0.258237301163953,0.617259410587769,0.591971278727227,"gpath_3neocort"
"2804","SSBP2","Inh ENOX2 SPHKAP",0.0665813180229705,8.96311618563088,7.20926727865964,0.00761536288494102,0.133618745537938,0.103725237803604,"gpath_3neocort"
"2805","ATG10","Inh ENOX2 SPHKAP",-0.00465497066788825,6.02094213183875,0.00838784493987527,0.927082625149566,0.991535486403786,0.988098952597418,"gpath_3neocort"
"2806","RPS23","Inh ENOX2 SPHKAP",0.00963876430561873,5.68723629474123,0.0208452741522696,0.885288483565796,0.979658385812387,0.977076861134865,"gpath_3neocort"
"2807","ATP6AP1L","Inh ENOX2 SPHKAP",-0.058324481229929,5.91378539927999,1.27017864448408,0.26054357987975,0.619843050603181,0.59424564319165,"gpath_3neocort"
"2808","TMEM167A","Inh ENOX2 SPHKAP",0.048337593285239,4.67309931502384,0.671378843980041,0.413156575511955,0.740992576296177,0.725808153755954,"gpath_3neocort"
"2809","XRCC4","Inh ENOX2 SPHKAP",0.0362036161663907,4.69200027207451,0.290762831389658,0.590091972376742,0.852390391727358,0.843073067195548,"gpath_3neocort"
"2810","EDIL3","Inh ENOX2 SPHKAP",0.126899948239001,7.25695724021258,9.85525163278018,0.0018447925828444,0.070449373222505,0.0472133924168442,"gpath_3neocort"
"2811","AC113383.1","Inh ENOX2 SPHKAP",0.153893541235899,4.99552403745255,4.49479732824375,0.0347363551744171,0.265929737962636,0.226201445470616,"gpath_3neocort"
"2812","COX7C","Inh ENOX2 SPHKAP",-0.0846721289204952,5.6936070727068,1.22779329755326,0.268635268460201,0.627933327956178,0.60237737885738,"gpath_3neocort"
"2813","RASA1","Inh ENOX2 SPHKAP",0.00844846697403429,7.53585553517714,0.0899058877760492,0.764483669928699,0.936302600649689,0.931327386089835,"gpath_3neocort"
"2814","CCNH","Inh ENOX2 SPHKAP",0.113112276106831,8.38054099120899,10.4937971917863,0.00131838346969691,0.06076454582574,0.0389406223273833,"gpath_3neocort"
"2815","TMEM161B","Inh ENOX2 SPHKAP",0.0452640979060054,5.62563307273102,1.22088067643226,0.269984564802619,0.629584050915439,0.603880019195378,"gpath_3neocort"
"2816","TMEM161B-AS1","Inh ENOX2 SPHKAP",0.0223907721713554,8.700464170617,0.630490709698391,0.4277401186759,0.751187245386098,0.737272157360822,"gpath_3neocort"
"2817","AC091826.2","Inh ENOX2 SPHKAP",0.00485617003135093,3.98803007569685,0.00229283040413484,0.961837750279057,0.995700592042286,0.995227367669478,"gpath_3neocort"
"2818","LINC00461","Inh ENOX2 SPHKAP",-0.0225295829019616,7.65675006688481,0.670966042853657,0.413300083093107,0.740992576296177,0.725942895737265,"gpath_3neocort"
"2819","MEF2C-AS2","Inh ENOX2 SPHKAP",-0.0718532920391757,3.96856166535811,0.447040952914065,0.504206130565178,0.80219023236465,0.789805820518679,"gpath_3neocort"
"2820","MEF2C","Inh ENOX2 SPHKAP",0.0447112636833333,7.90116432805392,1.66463603542776,0.197872577943409,0.551886530094301,0.524635343356877,"gpath_3neocort"
"2821","MEF2C-AS1","Inh ENOX2 SPHKAP",0.0116968912592157,8.06637493190144,0.10240395894356,0.749164070493978,0.930768017156208,0.924589081644087,"gpath_3neocort"
"2822","CETN3","Inh ENOX2 SPHKAP",-0.0540851881233785,4.10290828207971,0.451466198909178,0.6612897506053,0.886696132575064,0.881969481063382,"gpath_3neocort"
"2823","MBLAC2","Inh ENOX2 SPHKAP",0.0763255201260617,4.89601010886032,2.19611584785509,0.139303419945391,0.47555215353514,0.44474220371678,"gpath_3neocort"
"2824","POLR3G","Inh ENOX2 SPHKAP",0.0269558018120747,4.68155903273542,0.194611602821673,0.659391732666813,0.886317117013643,0.881125753647996,"gpath_3neocort"
"2825","LYSMD3","Inh ENOX2 SPHKAP",-0.0332396985873369,4.29843379717362,0.218800609086685,0.682513037028934,0.899013615177865,0.892973628854893,"gpath_3neocort"
"2826","ADGRV1","Inh ENOX2 SPHKAP",0.151421410567932,4.92484098384662,4.32584378288812,0.0383013420936414,0.273876430580498,0.237361277369544,"gpath_3neocort"
"2827","ARRDC3","Inh ENOX2 SPHKAP",-0.224574694487215,4.33285824543777,6.94307362671284,0.00880728781793015,0.141760940117362,0.111918604167058,"gpath_3neocort"
"2828","NR2F1-AS1","Inh ENOX2 SPHKAP",-0.00730378756158879,7.51248765385563,0.0650595102567803,0.798828098600755,0.9520320723109,0.94633223838613,"gpath_3neocort"
"2829","NR2F1","Inh ENOX2 SPHKAP",0.0242250862252219,6.4023261196277,0.415832446846268,0.519467352849792,0.813144684464118,0.80014099963582,"gpath_3neocort"
"2830","FAM172A","Inh ENOX2 SPHKAP",0.0350120423151961,8.59235647844349,2.96651006222799,0.0859323548884417,0.386874374435342,0.353456126781644,"gpath_3neocort"
"2831","KIAA0825","Inh ENOX2 SPHKAP",0.0284733478667296,7.63661383949907,0.806313764920999,0.369860270340431,0.715190490979967,0.69359215487242,"gpath_3neocort"
"2832","SLF1","Inh ENOX2 SPHKAP",0.00567246467201813,6.49791531660669,0.0293377590806548,0.864105391083932,0.973524615198706,0.970570914169952,"gpath_3neocort"
"2833","MCTP1","Inh ENOX2 SPHKAP",-0.0267308772934045,7.99020598605423,0.509440768538084,0.475880345844143,0.783850271960464,0.770959235072262,"gpath_3neocort"
"2834","TTC37","Inh ENOX2 SPHKAP",0.0451833418769362,7.16132698449232,2.93767773490129,0.0874644108467304,0.389909276722824,0.356560660529762,"gpath_3neocort"
"2835","ARSK","Inh ENOX2 SPHKAP",-0.0417622165114074,3.98225254554886,0.204066170831818,0.651752277396076,0.884010170085163,0.877030138106176,"gpath_3neocort"
"2836","RHOBTB3","Inh ENOX2 SPHKAP",0.0474188831301687,5.08099052063379,0.61021185330949,0.435262327756956,0.757701921290175,0.74241768455611,"gpath_3neocort"
"2837","GLRX","Inh ENOX2 SPHKAP",0.0593808525299906,3.90993032815224,0.399796647559666,0.52762762141121,0.817726531536401,0.805564745850961,"gpath_3neocort"
"2838","ELL2","Inh ENOX2 SPHKAP",-0.0795156097577393,5.8942359061223,2.02190694938071,0.155979043514405,0.50046916828444,0.468825816422494,"gpath_3neocort"
"2839","AC104123.1","Inh ENOX2 SPHKAP",-0.00691424400383147,5.4303906287617,0.0115507361277795,0.914477311416985,0.98867639437572,0.985098513038262,"gpath_3neocort"
"2840","CAST","Inh ENOX2 SPHKAP",0.0461676423731014,6.29771890853855,0.954125827336398,0.329379470613745,0.680275139944147,0.658691211300229,"gpath_3neocort"
"2841","ERAP1","Inh ENOX2 SPHKAP",0.0117937583940238,4.78770308587328,0.0406349812369036,0.840367064339265,0.96581913749506,0.962439961378951,"gpath_3neocort"
"2842","AC009126.1","Inh ENOX2 SPHKAP",-0.00664880448466848,6.41790892957448,0.0324039912795834,0.857253215046289,0.971235029632888,0.968423656922098,"gpath_3neocort"
"2843","LNPEP","Inh ENOX2 SPHKAP",-0.040652617895316,6.6923188489609,1.68994240685946,0.308279655441658,0.665378519721319,0.639906288129598,"gpath_3neocort"
"2844","LIX1-AS1","Inh ENOX2 SPHKAP",-0.0392695763849155,4.52028258674477,0.217758326393911,0.641058044038819,0.880070597792245,0.871273418687897,"gpath_3neocort"
"2845","RIOK2","Inh ENOX2 SPHKAP",-0.00734122471610012,4.18732097738884,0.011316190300335,0.915346749899624,0.988757254633671,0.98529854259902,"gpath_3neocort"
"2846","CHD1","Inh ENOX2 SPHKAP",0.070811577007786,5.88744450585523,3.52976854261664,0.0611484278401614,0.331656354482277,0.299615375078643,"gpath_3neocort"
"2847","LINC02062","Inh ENOX2 SPHKAP",-0.0652700885421541,5.99791145245272,2.32807185606096,0.128007135190193,0.458284368559596,0.427398637862074,"gpath_3neocort"
"2848","FAM174A","Inh ENOX2 SPHKAP",0.0112004282119679,4.97091166476488,0.0455745902096987,0.831081454924562,0.962916920097718,0.959046078770653,"gpath_3neocort"
"2849","ST8SIA4","Inh ENOX2 SPHKAP",-0.109157833281717,6.10051808217483,4.98254746551183,0.0262680921735015,0.233892138256704,0.196199596974445,"gpath_3neocort"
"2850","SLCO4C1","Inh ENOX2 SPHKAP",-0.0497613533191653,5.23138652393693,0.834612534641195,0.361602269075772,0.708080212398928,0.686307000919795,"gpath_3neocort"
"2851","PAM","Inh ENOX2 SPHKAP",0.0580734997979216,9.76678698657609,5.77777819401574,0.016775421510163,0.188201675882451,0.156870529214664,"gpath_3neocort"
"2852","PPIP5K2","Inh ENOX2 SPHKAP",0.0161711538654206,6.98754082509092,0.295627634210567,0.586999923248074,0.851259158985815,0.841363923643621,"gpath_3neocort"
"2853","C5orf30","Inh ENOX2 SPHKAP",0.00426429197519372,4.65407020370601,0.00479464737385739,0.944837391370676,0.993827758391978,0.991964838139527,"gpath_3neocort"
"2854","AC099520.1","Inh ENOX2 SPHKAP",0.116847241760162,4.54321707153422,0.743582562665347,0.389135427653345,0.727649032330622,0.708431963219507,"gpath_3neocort"
"2855","LINC01950","Inh ENOX2 SPHKAP",-0.0547173122267857,4.00512620769618,0.215163233974276,0.643052940626376,0.881099061156957,0.872347273055174,"gpath_3neocort"
"2856","EFNA5","Inh ENOX2 SPHKAP",0.0586721057941191,9.04590835299263,3.94800310884331,0.0477450508267959,0.299968774543205,0.265108043970367,"gpath_3neocort"
"2857","FBXL17","Inh ENOX2 SPHKAP",0.0362563127895921,9.17839987930502,2.99391898188734,0.0845029450477741,0.384714533967793,0.350550649519351,"gpath_3neocort"
"2858","FER","Inh ENOX2 SPHKAP",0.0313320098921778,8.35655568000058,1.73211769563101,0.189044738732767,0.54265657073243,0.513562585980763,"gpath_3neocort"
"2859","PJA2","Inh ENOX2 SPHKAP",-0.0168429045542467,7.53912772389439,0.3966713119217,0.678650398348962,0.896824206693201,0.891086700454245,"gpath_3neocort"
"2860","MAN2A1","Inh ENOX2 SPHKAP",0.0297743430390258,5.51080989684558,0.279331713593861,0.597491175234398,0.856524225589956,0.847054573597281,"gpath_3neocort"
"2861","TMEM232","Inh ENOX2 SPHKAP",0.0222821929742938,7.582120073698,0.390733167647868,0.532341816674703,0.82145780817606,0.809001150281484,"gpath_3neocort"
"2862","SLC25A46","Inh ENOX2 SPHKAP",-0.0283865177912064,6.07411305842987,0.655181488668932,0.470172280106328,0.780950803186489,0.767150740343694,"gpath_3neocort"
"2863","WDR36","Inh ENOX2 SPHKAP",0.0612665217964103,5.1112913958045,1.68223688301001,0.195524256129287,0.549028745482354,0.521753333725452,"gpath_3neocort"
"2864","CAMK4","Inh ENOX2 SPHKAP",0.0781330421537377,7.08511258444392,4.25669818035494,0.039869615606981,0.278915457457457,0.242220530408635,"gpath_3neocort"
"2865","STARD4","Inh ENOX2 SPHKAP",0.145548776215836,4.71291935510381,5.30867127266617,0.0218339096982275,0.214739216113354,0.178991331456474,"gpath_3neocort"
"2866","STARD4-AS1","Inh ENOX2 SPHKAP",-0.171107976591472,4.71955885770321,4.62247443420642,0.032274529848871,0.256772362474106,0.218148826371901,"gpath_3neocort"
"2867","NREP","Inh ENOX2 SPHKAP",0.0367002001758423,7.2901985665171,1.07468637932075,0.300640523045788,0.657896047959524,0.632799538817003,"gpath_3neocort"
"2868","EPB41L4A","Inh ENOX2 SPHKAP",0.123659602525516,7.54012798284515,11.1797803847138,0.000921000184674798,0.0501153682428141,0.0319522287968553,"gpath_3neocort"
"2869","EPB41L4A-AS1","Inh ENOX2 SPHKAP",0.0896513741087644,4.46326202072215,1.46357265447484,0.227219539668333,0.58675785661369,0.558696234311123,"gpath_3neocort"
"2870","APC","Inh ENOX2 SPHKAP",-0.00675494894876225,7.62388256194789,0.0778634673571546,0.780386918966111,0.944495130113347,0.938414686503655,"gpath_3neocort"
"2871","SRP19","Inh ENOX2 SPHKAP",0.00689598405527327,4.93097216307962,0.0144994169849329,0.904228103210252,0.985974882947517,0.982433952197179,"gpath_3neocort"
"2872","REEP5","Inh ENOX2 SPHKAP",-0.0264193865906808,6.74908054761538,0.471809043780788,0.492633533794424,0.796094482590459,0.782228749876325,"gpath_3neocort"
"2873","DCP2","Inh ENOX2 SPHKAP",-0.0396106297335591,5.75226775794289,1.16972302681472,0.280239746651586,0.638594087367346,0.613283372345183,"gpath_3neocort"
"2874","MCC","Inh ENOX2 SPHKAP",-0.0233262952340877,4.58741906088237,0.0662387570815179,0.797052755247576,0.951589262927969,0.945676038712902,"gpath_3neocort"
"2875","YTHDC2","Inh ENOX2 SPHKAP",-0.00161816540661402,7.0920778848505,0.00356439792220158,0.952428284226225,0.994776274703702,0.99347055531685,"gpath_3neocort"
"2876","KCNN2","Inh ENOX2 SPHKAP",-0.0634041667509599,5.03186337467842,1.25878048323807,0.262689359411523,0.621967866719591,0.596399203509334,"gpath_3neocort"
"2877","PGGT1B","Inh ENOX2 SPHKAP",-0.0859612440851737,4.93911261189077,2.35503816053565,0.12582713363088,0.455401141059378,0.424006674967821,"gpath_3neocort"
"2878","CCDC112","Inh ENOX2 SPHKAP",-0.0655113906232054,5.27669950605318,1.86701565629302,0.17273800958653,0.523125139198304,0.492099936603852,"gpath_3neocort"
"2879","CDO1","Inh ENOX2 SPHKAP",-0.206662263483026,4.42832597772017,7.78717206673723,0.00556472078793963,0.119887723524239,0.087600978996912,"gpath_3neocort"
"2880","ATG12","Inh ENOX2 SPHKAP",0.081785960875233,5.79537866555086,4.25937284109958,0.0398077104975835,0.278915457457457,0.242096356890253,"gpath_3neocort"
"2881","AP3S1","Inh ENOX2 SPHKAP",0.00366656242554336,6.07884166418672,0.010057012227979,0.965341722497498,0.995700592042286,0.995712645053327,"gpath_3neocort"
"2882","COMMD10","Inh ENOX2 SPHKAP",0.0236593644608924,7.00793772156934,0.577825333782888,0.447703135788444,0.764942049963661,0.751497045619978,"gpath_3neocort"
"2883","SEMA6A","Inh ENOX2 SPHKAP",0.102598278500478,7.30994899158299,7.54812234362749,0.00633381827003834,0.123857366202723,0.0943213075316049,"gpath_3neocort"
"2884","DTWD2","Inh ENOX2 SPHKAP",0.0576818469397647,5.19764159876712,0.878560062469865,0.349274789347974,0.697963259329592,0.675926809499668,"gpath_3neocort"
"2885","AC008629.1","Inh ENOX2 SPHKAP",-0.160588261261756,4.407749498496,3.72482611522903,0.0544571978985432,0.316486384759661,0.283098535374065,"gpath_3neocort"
"2886","DMXL1","Inh ENOX2 SPHKAP",0.0253777495103634,7.43678037540055,0.995367645271576,0.319157479025443,0.671228787249916,0.649662508448589,"gpath_3neocort"
"2887","HSD17B4","Inh ENOX2 SPHKAP",0.0212090946328531,6.49400528248732,0.518222456511084,0.472105214215796,0.781699038975728,0.76844294524169,"gpath_3neocort"
"2888","PRR16","Inh ENOX2 SPHKAP",-0.265437612561919,4.37672322046191,4.58547476201468,0.0329685092084149,0.259747040996395,0.220458026335761,"gpath_3neocort"
"2889","SRFBP1","Inh ENOX2 SPHKAP",0.0517916556504188,5.19501903817976,1.13322986230801,0.32417632190184,0.67524003490342,0.654110592654665,"gpath_3neocort"
"2890","SNCAIP","Inh ENOX2 SPHKAP",0.149262702300569,4.6859750349801,3.60871019546339,0.0583403483490338,0.325196515296446,0.293202024927479,"gpath_3neocort"
"2891","SNX2","Inh ENOX2 SPHKAP",-0.0664312825553141,5.75970505402513,2.94043264291773,0.094063494694335,0.401922427948076,0.36893095925756,"gpath_3neocort"
"2892","SNX24","Inh ENOX2 SPHKAP",-0.0278016274469533,6.02317676750474,0.479703163196725,0.489038888460691,0.794372092715631,0.779877285759538,"gpath_3neocort"
"2893","CEP120","Inh ENOX2 SPHKAP",0.0437648311040598,5.71111845988744,0.972501113822063,0.324772253673471,0.675487442604072,0.654657791379533,"gpath_3neocort"
"2894","CSNK1G3","Inh ENOX2 SPHKAP",0.00839315065415254,6.44964040369999,0.0720499701595333,0.788541073324995,0.948235733766214,0.941943017320995,"gpath_3neocort"
"2895","LINC01170","Inh ENOX2 SPHKAP",0.119079537333596,4.03379607378412,0.981830821128745,0.322465736428487,0.673714976952421,0.652516058146631,"gpath_3neocort"
"2896","ZNF608","Inh ENOX2 SPHKAP",0.00514960850906823,7.64223128532677,0.0381148372562269,0.845331636546054,0.967882360574424,0.964485279440921,"gpath_3neocort"
"2897","AC112196.1","Inh ENOX2 SPHKAP",-0.48388829118305,3.46784882852234,9.85743258435391,0.0018426703498304,0.070449373222505,0.0471968792534541,"gpath_3neocort"
"2898","GRAMD2B","Inh ENOX2 SPHKAP",0.128076298465917,4.26828199655111,1.70331184480935,0.192755356591565,0.545815481574353,0.51810199816528,"gpath_3neocort"
"2899","ALDH7A1","Inh ENOX2 SPHKAP",-0.0223367769321315,5.54887634559667,0.210709546842771,0.646510929973814,0.881753982644959,0.874154247556219,"gpath_3neocort"
"2900","PHAX","Inh ENOX2 SPHKAP",-0.0278992193318601,5.30257199655087,0.322061168834462,0.788985481173518,0.948261666964223,0.94218204704675,"gpath_3neocort"
"2901","LMNB1","Inh ENOX2 SPHKAP",-0.00832010444411609,4.6039220160514,0.0165394967761412,0.897746974408087,0.9844887428813,0.980787582882901,"gpath_3neocort"
"2902","PRRC1","Inh ENOX2 SPHKAP",0.062885492129196,4.45610515363579,0.878856699375197,0.349193551648655,0.697963259329592,0.675844462428276,"gpath_3neocort"
"2903","LINC01184","Inh ENOX2 SPHKAP",-0.0511948846933061,6.99155089559504,2.09198053215071,0.149013355744819,0.489407102274215,0.458675039237596,"gpath_3neocort"
"2904","SLC12A2","Inh ENOX2 SPHKAP",-0.0393009812132461,6.08235400885927,1.26100307825201,0.262269220558187,0.621959067374577,0.596070286465782,"gpath_3neocort"
"2905","FBN2","Inh ENOX2 SPHKAP",0.0772450745299674,3.85417254765554,0.358973082047702,0.549483973015659,0.831785314662909,0.819033076278235,"gpath_3neocort"
"2906","SLC27A6","Inh ENOX2 SPHKAP",0.348728885025384,5.97037135588698,10.7072067684416,0.0011788939087098,0.0579801458738185,0.0366384459082973,"gpath_3neocort"
"2907","ADAMTS19","Inh ENOX2 SPHKAP",-0.0151231110792266,4.5337018918798,0.0246009429398939,0.875460455987642,0.976948901017904,0.974039734065706,"gpath_3neocort"
"2908","AC008591.1","Inh ENOX2 SPHKAP",0.0925669303756295,5.46230857100791,1.7138825066202,0.191383879018754,0.54568240803677,0.51641740787003,"gpath_3neocort"
"2909","CHSY3","Inh ENOX2 SPHKAP",0.010737260029993,8.0238457692589,0.0903730617167085,0.763890776909797,0.936302600649689,0.931082744532775,"gpath_3neocort"
"2910","HINT1","Inh ENOX2 SPHKAP",-0.0872102150013108,6.04351532485414,1.6597915024822,0.198524754241327,0.552194817709811,0.525330835838807,"gpath_3neocort"
"2911","LYRM7","Inh ENOX2 SPHKAP",-0.0538858223168413,5.40464516435948,1.3556323589698,0.245128269057708,0.602777188803576,0.578085374759737,"gpath_3neocort"
"2912","CDC42SE2","Inh ENOX2 SPHKAP",-0.00421673714848895,6.79426164877432,0.0233117749696831,0.878741454390228,0.978266576276527,0.975131873229444,"gpath_3neocort"
"2913","RAPGEF6","Inh ENOX2 SPHKAP",0.094164163590795,4.60232201133377,2.45411445204559,0.118165783435509,0.443976461465386,0.411408901250011,"gpath_3neocort"
"2914","P4HA2","Inh ENOX2 SPHKAP",0.01275195477944,4.79986057105415,0.0314967722695537,0.859244398729591,0.97158870817798,0.968928515511335,"gpath_3neocort"
"2915","AC116366.3","Inh ENOX2 SPHKAP",-0.0360074185598404,6.35718827619307,0.865592336070931,0.352851531609844,0.701203589896446,0.679151071240064,"gpath_3neocort"
"2916","KIF3A","Inh ENOX2 SPHKAP",-0.0220906361435059,7.44254954665402,0.781504561425873,0.433149177630749,0.755915177736243,0.74085271746739,"gpath_3neocort"
"2917","SEPT8","Inh ENOX2 SPHKAP",0.0763481931384208,6.03988814525165,4.97594046690341,0.0263670734651181,0.234272410039526,0.196528269235291,"gpath_3neocort"
"2918","UQCRQ","Inh ENOX2 SPHKAP",-0.203882405168713,4.22663820657117,3.45840192859499,0.0638116513120998,0.338309213257707,0.305858235522369,"gpath_3neocort"
"2919","AFF4","Inh ENOX2 SPHKAP",0.0339324007270996,7.28162276753154,1.8644100370715,0.584645232112195,0.850250189711553,0.83980086137498,"gpath_3neocort"
"2920","ZCCHC10","Inh ENOX2 SPHKAP",-0.0498111125433289,4.76518460086934,0.651924056449315,0.42000122230965,0.744985774654165,0.731088470902311,"gpath_3neocort"
"2921","HSPA4","Inh ENOX2 SPHKAP",-0.0644151672736747,5.61698512038254,1.24178119181239,0.265930645564945,0.624911348096389,0.599512525001134,"gpath_3neocort"
"2922","FSTL4","Inh ENOX2 SPHKAP",0.128597833421719,5.02483784938344,3.0488779298678,0.081713913036482,0.380186376086604,0.344810470877248,"gpath_3neocort"
"2923","C5orf15","Inh ENOX2 SPHKAP",-0.00534197554668123,4.3840348042634,0.00530685689271235,0.941970612433555,0.993518947956843,0.991342162996906,"gpath_3neocort"
"2924","VDAC1","Inh ENOX2 SPHKAP",-0.0818573114007055,5.46618093957528,2.32565413643351,0.128204640109483,0.458485782367296,0.427669372510653,"gpath_3neocort"
"2925","SKP1","Inh ENOX2 SPHKAP",-0.0301476196119309,6.45757025420935,0.529094093965577,0.467498393266536,0.778559095801445,0.765286054622853,"gpath_3neocort"
"2926","CDKL3","Inh ENOX2 SPHKAP",-0.0465501113066974,6.1605843166203,1.7421298655653,0.187774638781196,0.540830947190562,0.511933926226056,"gpath_3neocort"
"2927","UBE2B","Inh ENOX2 SPHKAP",-0.0291841920736237,7.0325629918161,1.08712307433877,0.959937228542565,0.995700592042286,0.994892639386297,"gpath_3neocort"
"2928","CDKN2AIPNL","Inh ENOX2 SPHKAP",-0.139955242241582,4.09355979991648,2.60182876529422,0.107686496703801,0.425243757056617,0.393462196513912,"gpath_3neocort"
"2929","JADE2","Inh ENOX2 SPHKAP",0.0678266981782542,5.81289089113873,2.80268662497912,0.0950442131925989,0.403796126488103,0.370724804714081,"gpath_3neocort"
"2930","SAR1B","Inh ENOX2 SPHKAP",-0.0835779379255625,5.43096710092204,3.67904605510469,0.0559542254720077,0.319235596612201,0.287140889873455,"gpath_3neocort"
"2931","SEC24A","Inh ENOX2 SPHKAP",0.0282439938080168,5.40225797767561,0.401775039028419,0.526608554294166,0.816968950408887,0.804850792488526,"gpath_3neocort"
"2932","CAMLG","Inh ENOX2 SPHKAP",-0.0431465621815779,6.03079167864368,1.08875292150916,0.297503601105146,0.655153791850274,0.629785450656122,"gpath_3neocort"
"2933","DDX46","Inh ENOX2 SPHKAP",0.0358143267544002,6.59129213374149,1.54305343875033,0.215036854327725,0.571317325149223,0.544627338841052,"gpath_3neocort"
"2934","C5orf24","Inh ENOX2 SPHKAP",0.14405521692749,5.60717888404093,10.2733408581679,0.00148017805754462,0.064120845589967,0.0416873870399384,"gpath_3neocort"
"2935","TXNDC15","Inh ENOX2 SPHKAP",-0.104862249270911,5.34371413471808,3.1129342624185,0.0785884958019412,0.373314522985026,0.338106344747301,"gpath_3neocort"
"2936","H2AFY","Inh ENOX2 SPHKAP",-0.0725753451073994,5.973288656903,4.24605058792315,0.0401170627569818,0.279442029418805,0.243011014313612,"gpath_3neocort"
"2937","SMAD5","Inh ENOX2 SPHKAP",0.0535748523967263,5.5671338973946,1.76554796019989,0.184842621639105,0.536833982177159,0.508138492508391,"gpath_3neocort"
"2938","SPOCK1","Inh ENOX2 SPHKAP",0.0297117046081096,8.40193447548919,1.06736318313024,0.302290557225461,0.65966246527395,0.634305377559594,"gpath_3neocort"
"2939","KLHL3","Inh ENOX2 SPHKAP",-0.00597168899069651,6.15980462122248,0.0305314193101156,0.975883338222213,0.997368972015209,0.997274073469841,"gpath_3neocort"
"2940","HNRNPA0","Inh ENOX2 SPHKAP",0.028858321381856,5.0830409363852,0.2857274860953,0.593327800910099,0.85343611858588,0.844771620117833,"gpath_3neocort"
"2941","AC106791.1","Inh ENOX2 SPHKAP",-0.0694920371708364,5.38820058852491,2.15766344384146,0.142803069059729,0.48134866268731,0.450016169972275,"gpath_3neocort"
"2942","FAM13B","Inh ENOX2 SPHKAP",-0.0100177423680327,7.23016882975607,0.157153713063998,0.96491612113644,0.995700592042286,0.995638497316582,"gpath_3neocort"
"2943","NME5","Inh ENOX2 SPHKAP",-0.0329063463802094,6.26986766589399,0.585190158363392,0.444826193394154,0.762971304613294,0.74962377899114,"gpath_3neocort"
"2944","BRD8","Inh ENOX2 SPHKAP",0.0382530424505049,5.3865081163329,0.81713471924753,0.366671872337098,0.711865305342764,0.691049180934373,"gpath_3neocort"
"2945","CDC23","Inh ENOX2 SPHKAP",0.0677029023773248,4.71200975447563,1.38070783531181,0.274253408442761,0.633462924908825,0.607733739950657,"gpath_3neocort"
"2946","FAM53C","Inh ENOX2 SPHKAP",0.0756826165464905,5.59276337651489,3.0927765440319,0.0795578365175179,0.37492729145304,0.34003203267555,"gpath_3neocort"
"2947","KDM3B","Inh ENOX2 SPHKAP",0.0270319166186139,6.174642052037,0.609980627826676,0.596993026630932,0.856062154812548,0.846807608164212,"gpath_3neocort"
"2948","REEP2","Inh ENOX2 SPHKAP",-0.053867872076598,5.95533574898716,2.14638527226185,0.143848269183788,0.482576962885919,0.451647495442317,"gpath_3neocort"
"2949","EGR1","Inh ENOX2 SPHKAP",1.06709039873528,3.75955006335276,29.9154806462487,8.8874013063105e-08,0.000173091027841703,9.9397140579842e-05,"gpath_3neocort"
"2950","ETF1","Inh ENOX2 SPHKAP",0.0116056691762199,4.77254876985396,0.0404331032688947,0.845105101097447,0.967882360574424,0.964399904692458,"gpath_3neocort"
"2951","HSPA9","Inh ENOX2 SPHKAP",-0.00526206333389525,6.31294427882683,0.018229368458295,0.892680550076756,0.982463337140764,0.979234400429859,"gpath_3neocort"
"2952","CTNNA1","Inh ENOX2 SPHKAP",-0.0464933322271897,6.53470215255271,1.83519830236427,0.176431976225061,0.526726288039067,0.497141559343365,"gpath_3neocort"
"2953","LRRTM2","Inh ENOX2 SPHKAP",0.0306520758722594,5.45249914616862,0.431609352161181,0.511653514716562,0.808314871808687,0.795175122286404,"gpath_3neocort"
"2954","SIL1","Inh ENOX2 SPHKAP",-0.0239191414226259,6.90036923767886,0.640829321445809,0.423980655573209,0.747448071124422,0.734256742692885,"gpath_3neocort"
"2955","PAIP2","Inh ENOX2 SPHKAP",0.0290389610925083,6.31090308171646,0.791265064332779,0.37435919413245,0.717216387462269,0.697103187489166,"gpath_3neocort"
"2956","DNAJC18","Inh ENOX2 SPHKAP",-0.0674531069626838,6.08586186875803,3.51264903327753,0.061776254151005,0.333099204276017,0.301036432067251,"gpath_3neocort"
"2957","UBE2D2","Inh ENOX2 SPHKAP",0.0270221497269644,6.44441227377271,0.891963681791578,0.395151820295953,0.731155331487715,0.712666574206704,"gpath_3neocort"
"2958","CXXC5","Inh ENOX2 SPHKAP",0.102971505463474,4.81417092069737,2.59950802841904,0.107842971285434,0.425516553637585,0.39370013031531,"gpath_3neocort"
"2959","NRG2","Inh ENOX2 SPHKAP",-0.049972335921214,7.48459133257526,2.71303613248999,0.100473466212153,0.412672634080867,0.380517890487925,"gpath_3neocort"
"2960","PURA","Inh ENOX2 SPHKAP",0.0365739556346168,7.31342347944154,1.60659400995702,0.20585571943427,0.562306590701521,0.534114524750922,"gpath_3neocort"
"2961","IGIP","Inh ENOX2 SPHKAP",-0.0527184415927292,5.16411400118585,1.05942362200476,0.663667117311875,0.888233973114766,0.883192972920744,"gpath_3neocort"
"2962","CYSTM1","Inh ENOX2 SPHKAP",-0.0703174081639932,4.48021900639417,0.748026993042184,0.387723426617707,0.726785510760968,0.707271705411596,"gpath_3neocort"
"2963","PFDN1","Inh ENOX2 SPHKAP",-0.0527941316203937,5.14870982950926,1.00919143270848,0.315825097676841,0.668340060481653,0.646450161726332,"gpath_3neocort"
"2964","AC008438.1","Inh ENOX2 SPHKAP",-0.0380736132973213,4.51544228142101,0.30013982385478,0.584161333980315,0.850178807252576,0.839510542283361,"gpath_3neocort"
"2965","SRA1","Inh ENOX2 SPHKAP",0.00718446508256719,4.91767534745508,0.0164708208505484,0.897958315835019,0.984609624997344,0.980795912106084,"gpath_3neocort"
"2966","APBB3","Inh ENOX2 SPHKAP",-0.190071246265579,4.57452063154147,7.13049140501893,0.00794972898569944,0.135251588714884,0.105946337538741,"gpath_3neocort"
"2967","NDUFA2","Inh ENOX2 SPHKAP",-0.0863234348675194,4.17383896796063,1.00633274034745,0.316510451807372,0.669116321980692,0.647083213332647,"gpath_3neocort"
"2968","IK","Inh ENOX2 SPHKAP",0.0286983292419277,4.60966037611519,0.212630470533493,0.645014076121466,0.881448868178843,0.873439721768739,"gpath_3neocort"
"2969","HARS","Inh ENOX2 SPHKAP",0.0251569556113141,5.87698174854785,0.488339680068875,0.485156006956189,0.791259192327035,0.777405247477037,"gpath_3neocort"
"2970","ZMAT2","Inh ENOX2 SPHKAP",-0.148795513699593,4.55432557099181,4.24657456576898,0.040104847843019,0.279442029418805,0.242956760565889,"gpath_3neocort"
"2971","AC005609.5","Inh ENOX2 SPHKAP",0.0611810790264743,4.22731176265802,0.607094162857089,0.436436657955054,0.758584963925395,0.743190932184631,"gpath_3neocort"
"2972","TAF7","Inh ENOX2 SPHKAP",0.0179718529186819,5.16468129260885,0.0938480023341383,0.759532257541361,0.935051840478786,0.929051906025194,"gpath_3neocort"
"2973","PCDHGA1","Inh ENOX2 SPHKAP",0.154067886728896,4.42240243911622,4.16747169406801,0.0419940759467261,0.282806577848699,0.248635912854869,"gpath_3neocort"
"2974","DIAPH1","Inh ENOX2 SPHKAP",0.0103438034979862,5.92267269131195,0.0726528209386827,0.82880581417628,0.962656371475264,0.95809927217358,"gpath_3neocort"
"2975","HDAC3","Inh ENOX2 SPHKAP",-0.0545522870342064,5.68398597173658,1.91024287231537,0.167861457991007,0.518273582091446,0.485610693027501,"gpath_3neocort"
"2976","RELL2","Inh ENOX2 SPHKAP",-0.038159338316197,4.33754782938517,0.215056425520574,0.643135359078214,0.881099061156957,0.872400879658783,"gpath_3neocort"
"2977","ARAP3","Inh ENOX2 SPHKAP",-0.329189404527315,4.21651420465983,8.79372902001382,0.00324061587768013,0.0906813718874975,0.0649403512036704,"gpath_3neocort"
"2978","PCDH1","Inh ENOX2 SPHKAP",-0.033545960945805,4.60834477502431,0.276390377114873,0.59942636983607,0.858035277004799,0.848169240212687,"gpath_3neocort"
"2979","DELE1","Inh ENOX2 SPHKAP",-0.0153121125077533,5.53321691159918,0.111789934881691,0.738325657185831,0.926920296883384,0.919734806501286,"gpath_3neocort"
"2980","RNF14","Inh ENOX2 SPHKAP",-0.0323942691004467,5.04527246649291,0.407248487676452,0.753490166418066,0.932383429035825,0.926546869428017,"gpath_3neocort"
"2981","GNPDA1","Inh ENOX2 SPHKAP",-0.0843112775410593,4.70653643934419,2.2509880551259,0.186261818546433,0.53902454353794,0.510059985973639,"gpath_3neocort"
"2982","NDFIP1","Inh ENOX2 SPHKAP",-0.0864197039391981,7.75535562714414,10.4504892689717,0.00134868128596297,0.06076454582574,0.039439714828799,"gpath_3neocort"
"2983","SPRY4-AS1","Inh ENOX2 SPHKAP",-0.484317249124351,7.10074577832971,29.9283114961149,8.81665152325709e-08,0.000173091027841703,9.91013783604859e-05,"gpath_3neocort"
"2984","FGF1","Inh ENOX2 SPHKAP",-0.586912023735315,4.19956242268989,21.2947038059608,5.6255238219571e-06,0.00322243241048342,0.00140909607392966,"gpath_3neocort"
"2985","LINC01844","Inh ENOX2 SPHKAP",-0.358907605185843,3.72034596729032,7.79322642974566,0.00554653624568648,0.119887723524239,0.0873762077590956,"gpath_3neocort"
"2986","ARHGAP26","Inh ENOX2 SPHKAP",0.0197788421889665,8.27381005194195,0.659989214318096,0.417143388475687,0.743029507403739,0.728903807028575,"gpath_3neocort"
"2987","NR3C1","Inh ENOX2 SPHKAP",0.0858642727893828,7.4817549192471,8.3492984048497,0.00411095532603126,0.102911267261934,0.07396578171509,"gpath_3neocort"
"2988","YIPF5","Inh ENOX2 SPHKAP",0.0420666380259291,4.75457448039198,0.539795156915113,0.491588196110907,0.795903809580715,0.781735606066901,"gpath_3neocort"
"2989","KCTD16","Inh ENOX2 SPHKAP",0.0490833915000034,10.2112287592039,4.93099264813386,0.0270508747955031,0.237551136655977,0.199113618169925,"gpath_3neocort"
"2990","AC137770.1","Inh ENOX2 SPHKAP",-0.0352167251123504,3.58088918377297,0.0720593027116704,0.788527705455303,0.948235733766214,0.941935344202423,"gpath_3neocort"
"2991","PRELID2","Inh ENOX2 SPHKAP",0.000173821765903597,5.81600301938754,1.50338425294639e-05,0.996908648830752,0.999341080892678,0.999634750725605,"gpath_3neocort"
"2992","LARS","Inh ENOX2 SPHKAP",0.0292315122491699,6.30266451606495,0.979692863048357,0.322992368208406,0.673800274553012,0.652912370773818,"gpath_3neocort"
"2993","TCERG1","Inh ENOX2 SPHKAP",0.00510006399132523,6.89796356659172,0.0347275038349527,0.852281140325024,0.970401727505604,0.966847373661306,"gpath_3neocort"
"2994","PPP2R2B","Inh ENOX2 SPHKAP",0.00685098778645938,10.123053494871,0.119006790898485,0.730331717841079,0.923272785711596,0.915711506228838,"gpath_3neocort"
"2995","JAKMIP2-AS1","Inh ENOX2 SPHKAP",-0.121730059674669,4.28899923470406,1.72346809801598,0.190150080355234,0.543812476504925,0.51498298996185,"gpath_3neocort"
"2996","JAKMIP2","Inh ENOX2 SPHKAP",0.0657716227676265,8.40888901516785,6.87712278227046,0.00913122634408404,0.143502636972913,0.114245544237111,"gpath_3neocort"
"2997","AC091948.1","Inh ENOX2 SPHKAP",0.0329705180514673,6.01604543390567,0.347636947438773,0.555853157531141,0.836873538657738,0.822888489938128,"gpath_3neocort"
"2998","FBXO38","Inh ENOX2 SPHKAP",-0.00284603537577136,5.33785400976513,0.00317954043200841,0.955066957320693,0.995337913222174,0.993943920550501,"gpath_3neocort"
"2999","HTR4","Inh ENOX2 SPHKAP",-0.1391048462906,5.20123590624347,2.12960792946294,0.145419143826968,0.484962884447607,0.453781329925084,"gpath_3neocort"
"3000","ABLIM3","Inh ENOX2 SPHKAP",0.0217108536905847,6.44046508528412,0.45676530859105,0.499608076969453,0.800107578037865,0.786952997138199,"gpath_3neocort"
"3001","GRPEL2-AS1","Inh ENOX2 SPHKAP",0.0191419879486133,4.23238128521756,0.0517431169021226,0.820196826312849,0.958696871826801,0.954711968300316,"gpath_3neocort"
"3002","PCYOX1L","Inh ENOX2 SPHKAP",-0.243970059846935,4.50026664817772,11.2592182922278,0.000883651063630947,0.0491771575500275,0.0312733932973806,"gpath_3neocort"
"3003","CSNK1A1","Inh ENOX2 SPHKAP",0.0200213362160119,7.35179415672594,0.732968517565907,0.392537497934746,0.72978774830657,0.710816101263555,"gpath_3neocort"
"3004","ARHGEF37","Inh ENOX2 SPHKAP",0.0116858998254467,4.39651142713268,0.0321087846026735,0.958316277174223,0.995700592042286,0.994526422734845,"gpath_3neocort"
"3005","PPARGC1B","Inh ENOX2 SPHKAP",-0.064172111567666,5.83645752311252,2.2000185941429,0.138953660219609,0.47478271691879,0.444130286930181,"gpath_3neocort"
"3006","HMGXB3","Inh ENOX2 SPHKAP",-0.138121097957742,4.97910796093265,6.12772231240612,0.0138042144025473,0.171899539452692,0.141522618103225,"gpath_3neocort"
"3007","SLC6A7","Inh ENOX2 SPHKAP",0.106327922605649,3.93899766661594,1.41887415460103,0.234436038506478,0.594679149493799,0.566747590181867,"gpath_3neocort"
"3008","CAMK2A","Inh ENOX2 SPHKAP",0.11409850414665,7.25953275360948,5.85533909352855,0.0160641790843526,0.18382253340003,0.153113423411515,"gpath_3neocort"
"3009","TCOF1","Inh ENOX2 SPHKAP",-0.000433152526231915,4.88000765287472,3.07437821742367e-05,0.995579301962708,0.99916057852693,0.999439488236285,"gpath_3neocort"
"3010","RPS14","Inh ENOX2 SPHKAP",-0.172443172707806,5.40132655658477,4.38799876923917,0.0369470449922345,0.271448531517172,0.233391461412837,"gpath_3neocort"
"3011","NDST1","Inh ENOX2 SPHKAP",-0.0917791384593719,4.86396289742199,2.77659089273533,0.0965906594731139,0.406742961065692,0.373516410540582,"gpath_3neocort"
"3012","RBM22","Inh ENOX2 SPHKAP",-0.00103185878665058,4.31336050586452,3.04269027699863e-05,0.995602143039519,0.99916057852693,0.999439488236285,"gpath_3neocort"
"3013","DCTN4","Inh ENOX2 SPHKAP",-0.0199166136122083,5.75573591458762,0.286528318569289,0.592810724604967,0.853113185521477,0.844478561969478,"gpath_3neocort"
"3014","TNIP1","Inh ENOX2 SPHKAP",-0.0431458846580764,4.43878003001225,0.349690268512226,0.554689192691884,0.836155318642967,0.822222884761519,"gpath_3neocort"
"3015","ANXA6","Inh ENOX2 SPHKAP",0.0223154734060316,6.09891102619925,0.323224347342654,0.570059042688671,0.844012831628012,0.831067205707642,"gpath_3neocort"
"3016","SLC36A1","Inh ENOX2 SPHKAP",0.0246836091873499,6.33862401955235,0.439686040877117,0.507732170979514,0.80460469991839,0.792124205628116,"gpath_3neocort"
"3017","ATOX1","Inh ENOX2 SPHKAP",-0.028952252752525,4.48490064683391,0.180137097725663,0.671529165550269,0.892619175128322,0.887310247685558,"gpath_3neocort"
"3018","G3BP1","Inh ENOX2 SPHKAP",0.0839751526535865,5.70361865602379,4.22937816681012,0.04050778441359,0.280290424760647,0.244095412861428,"gpath_3neocort"
"3019","LINC01933","Inh ENOX2 SPHKAP",0.0716407621737476,4.19761612318146,0.649494186480636,0.42086796256817,0.745433120529457,0.73174842585919,"gpath_3neocort"
"3020","LINC01470","Inh ENOX2 SPHKAP",0.342215733028805,4.1575036655858,12.4554999001119,0.000475282617618949,0.0367325565902645,0.0217932891209494,"gpath_3neocort"
"3021","GRIA1","Inh ENOX2 SPHKAP",-0.0041650596653792,9.99868871105394,0.0324486840957574,0.857155870601435,0.971235029632888,0.968416720531404,"gpath_3neocort"
"3022","FAM114A2","Inh ENOX2 SPHKAP",-0.0912502163245577,4.36700325548112,1.55555686959703,0.213192293975866,0.570034749790496,0.542663780786407,"gpath_3neocort"
"3023","MFAP3","Inh ENOX2 SPHKAP",-0.0290957971925553,5.39948625568642,0.333706951323814,0.563874296389821,0.840155822992941,0.827573316781851,"gpath_3neocort"
"3024","LARP1","Inh ENOX2 SPHKAP",-0.00997203482368137,7.60904254029782,0.165868821651139,0.834997516315967,0.964212713611394,0.960549461269424,"gpath_3neocort"
"3025","CNOT8","Inh ENOX2 SPHKAP",-0.00756590592075871,4.7013162189717,0.0164779915991849,0.965344613505928,0.995700592042286,0.995712645053327,"gpath_3neocort"
"3026","GEMIN5","Inh ENOX2 SPHKAP",-0.0886257891718533,5.45354388370831,4.17544368848297,0.0417994919811797,0.282050507952711,0.248045181401758,"gpath_3neocort"
"3027","MRPL22","Inh ENOX2 SPHKAP",0.0241807978079511,4.46714895654958,0.152770367572572,0.696151450185204,0.906421021781457,0.899378535697258,"gpath_3neocort"
"3028","SGCD","Inh ENOX2 SPHKAP",0.129622418690388,8.95066475929796,11.7083584078806,0.000699609093325519,0.0439263228631317,0.0272107914456869,"gpath_3neocort"
"3029","HAVCR2","Inh ENOX2 SPHKAP",-0.124633519596767,4.8130433896119,3.90770145728258,0.0488888806465791,0.30304259690413,0.2683550531915,"gpath_3neocort"
"3030","CYFIP2","Inh ENOX2 SPHKAP",-0.000995275989102819,7.52826190528105,0.00176292773204156,0.966534006841606,0.995859773924732,0.995914047505865,"gpath_3neocort"
"3031","ADAM19","Inh ENOX2 SPHKAP",-0.0510271262535805,6.07756728897191,1.63535543140725,0.201853242461401,0.556645758021801,0.529254895405095,"gpath_3neocort"
"3032","LSM11","Inh ENOX2 SPHKAP",0.0772181068212399,5.20645160793001,2.35095610571013,0.12615445422362,0.456010421391836,0.424553222327106,"gpath_3neocort"
"3033","CLINT1","Inh ENOX2 SPHKAP",0.0250322929189656,5.47021234206827,0.371236049003328,0.542746215462826,0.828537963574334,0.815268971638655,"gpath_3neocort"
"3034","RNF145","Inh ENOX2 SPHKAP",0.0491904973314474,6.64599112804993,2.41540265701484,0.1210957019111,0.447865531792742,0.416323010346696,"gpath_3neocort"
"3035","UBLCP1","Inh ENOX2 SPHKAP",0.0495031505661259,4.90475041215961,0.817114254347207,0.366677866094947,0.711865305342764,0.691049180934373,"gpath_3neocort"
"3036","TTC1","Inh ENOX2 SPHKAP",-0.0497359969870471,6.268683294918,2.27855282947109,0.132121226016918,0.463972772792191,0.433601947807125,"gpath_3neocort"
"3037","PWWP2A","Inh ENOX2 SPHKAP",-0.080028343936417,6.11151723141914,4.75580260278046,0.0298981750537901,0.247897357838817,0.209723209176079,"gpath_3neocort"
"3038","CCNJL","Inh ENOX2 SPHKAP",0.00611864243967762,5.82659958620597,0.0207893448149573,0.8854414084204,0.979658385812387,0.977156156084539,"gpath_3neocort"
"3039","C1QTNF2","Inh ENOX2 SPHKAP",-0.0234072861902224,4.25952444300601,0.117761988221157,0.731690844699591,0.9242271764306,0.916410990270073,"gpath_3neocort"
"3040","SLU7","Inh ENOX2 SPHKAP",-0.0578093427008074,5.04269088797617,1.22720610118838,0.310469678200958,0.66620805586772,0.641826343613876,"gpath_3neocort"
"3041","GABRB2","Inh ENOX2 SPHKAP",0.0543803426778529,8.93063189942302,5.20225000363034,0.0231880952934228,0.219441858082946,0.184242518320891,"gpath_3neocort"
"3042","GABRA6","Inh ENOX2 SPHKAP",0.00490965624194489,4.12639751783162,0.00285933635893712,0.957387254849789,0.995700592042286,0.99435072644733,"gpath_3neocort"
"3043","GABRA1","Inh ENOX2 SPHKAP",-0.0083076830800443,5.83721824894177,0.0309743191550874,0.860404533263709,0.971842687824892,0.96933750909098,"gpath_3neocort"
"3044","GABRG2","Inh ENOX2 SPHKAP",0.038282048191255,7.18130876876874,1.89837945713958,0.169183821459152,0.518574772857797,0.487349957246365,"gpath_3neocort"
"3045","AC113414.1","Inh ENOX2 SPHKAP",-0.119123088366877,4.20683060639541,1.54505654377513,0.214740070486106,0.571037358381676,0.544309826419006,"gpath_3neocort"
"3046","CCNG1","Inh ENOX2 SPHKAP",-0.0168999265115583,3.8851863845922,0.0348085924253865,0.852110774658092,0.970401727505604,0.966785415602766,"gpath_3neocort"
"3047","NUDCD2","Inh ENOX2 SPHKAP",0.072819786899872,4.42459352314563,1.13757632244464,0.286936707778331,0.643822502383729,0.619836533843116,"gpath_3neocort"
"3048","MAT2B","Inh ENOX2 SPHKAP",0.00485488212686981,4.48145587504299,0.0054387039780591,0.941255468505325,0.993518947956843,0.991152547777673,"gpath_3neocort"
"3049","AC109466.1","Inh ENOX2 SPHKAP",-0.0272410352847716,3.6966730548684,0.051638273786486,0.820375953268919,0.958696871826801,0.954782503021156,"gpath_3neocort"
"3050","TENM2","Inh ENOX2 SPHKAP",-0.0102465568970171,11.2442112626026,0.162779220727192,0.686869145540561,0.901203414076258,0.895087645315667,"gpath_3neocort"
"3051","AC011369.1","Inh ENOX2 SPHKAP",-0.127185675424503,3.94213761574568,1.4170896364147,0.234729864792881,0.594795582449408,0.567022807291126,"gpath_3neocort"
"3052","RARS","Inh ENOX2 SPHKAP",-0.00529938563091147,5.52589924795999,0.013032312719462,0.909180338747441,0.98763781133435,0.98365244539738,"gpath_3neocort"
"3053","FBLL1","Inh ENOX2 SPHKAP",0.0422091367702465,4.55856378012502,0.380265354040548,0.53788206296002,0.824408680085461,0.812231930096788,"gpath_3neocort"
"3054","PANK3","Inh ENOX2 SPHKAP",0.0658583235799911,5.64090710400206,2.91913106096658,0.0884656101588582,0.39113667572126,0.35843418671443,"gpath_3neocort"
"3055","SLIT3","Inh ENOX2 SPHKAP",-0.160001702987437,3.56858597765954,1.65813440348541,0.198748415544816,0.552343627447323,0.525625568150478,"gpath_3neocort"
"3056","DOCK2","Inh ENOX2 SPHKAP",-0.102788799989802,4.45912496651736,1.33775151871541,0.248258868315286,0.605837115636274,0.581412325962643,"gpath_3neocort"
"3057","FAM196B","Inh ENOX2 SPHKAP",0.14245945686892,7.2570357250627,10.0230689872032,0.00168854990906764,0.068549266569183,0.0449638728821617,"gpath_3neocort"
"3058","LCP2","Inh ENOX2 SPHKAP",0.153600916921194,4.26845647084207,3.02396214152653,0.0829657536986672,0.382176210746273,0.347378417554438,"gpath_3neocort"
"3059","KCNIP1","Inh ENOX2 SPHKAP",-0.0436525439526849,8.64695188201045,1.29967468064766,0.255090913670759,0.613958308780488,0.588811748801782,"gpath_3neocort"
"3060","RANBP17","Inh ENOX2 SPHKAP",-0.0122552440212053,8.02450415055528,0.207579840287647,0.6489675106083,0.882880312297119,0.875433168736469,"gpath_3neocort"
"3061","NPM1","Inh ENOX2 SPHKAP",-0.0701848346964278,4.96089721459656,1.49278283614967,0.222648274680034,0.580650481744556,0.553411524222172,"gpath_3neocort"
"3062","FBXW11","Inh ENOX2 SPHKAP",-0.00783196087773924,6.74422280186201,0.0804704782520379,0.776836902276241,0.94442418905943,0.936907972481909,"gpath_3neocort"
"3063","STK10","Inh ENOX2 SPHKAP",-0.122374146040867,4.54259697610009,2.96506162651656,0.0860086200052247,0.387038790023511,0.353615183298753,"gpath_3neocort"
"3064","UBTD2","Inh ENOX2 SPHKAP",-0.0792495074588715,5.32900363141221,2.80621469045584,0.0948372245273115,0.403223608149029,0.370286218790781,"gpath_3neocort"
"3065","SH3PXD2B","Inh ENOX2 SPHKAP",-0.0978663485550261,5.85246181287431,5.02643462305191,0.0256203783273146,0.23079671059333,0.193902616972832,"gpath_3neocort"
"3066","DUSP1","Inh ENOX2 SPHKAP",0.194515388031067,3.92410498497272,3.59615401999922,0.0587776177659663,0.325775073692025,0.294257751108082,"gpath_3neocort"
"3067","ERGIC1","Inh ENOX2 SPHKAP",-0.0915282431953461,6.26947843239272,6.82431618172709,0.00939943101200459,0.145361982133532,0.116107473392766,"gpath_3neocort"
"3068","ATP6V0E1","Inh ENOX2 SPHKAP",-0.0486018352883586,5.27560085463105,1.15957611657587,0.28233196003687,0.640385789146006,0.615312323745651,"gpath_3neocort"
"3069","CREBRF","Inh ENOX2 SPHKAP",0.0397531002890681,6.92733613463371,2.05446719655325,0.152697333065825,0.495820816737246,0.464090784431261,"gpath_3neocort"
"3070","CPEB4","Inh ENOX2 SPHKAP",0.0457576355258069,7.62983927742748,3.57404632558663,0.0595560480407364,0.327289388160661,0.295968815414352,"gpath_3neocort"
"3071","NSG2","Inh ENOX2 SPHKAP",-0.0690915274983847,7.43990346120438,5.85808437279602,0.0160395847851291,0.18382253340003,0.153028379796224,"gpath_3neocort"
"3072","LINC01411","Inh ENOX2 SPHKAP",0.158728950911359,4.63264852013472,2.40580165807938,0.121834800444649,0.449234110840589,0.417478017069451,"gpath_3neocort"
"3073","SFXN1","Inh ENOX2 SPHKAP",0.042170292239685,6.40754040448847,2.0979005334028,0.148826864691201,0.489289671965873,0.458429044452298,"gpath_3neocort"
"3074","HRH2","Inh ENOX2 SPHKAP",-0.0288249285762829,5.46450205532633,0.369156594502576,0.543877924779953,0.829488368286169,0.815836440379494,"gpath_3neocort"
"3075","CPLX2","Inh ENOX2 SPHKAP",0.0110278968302995,7.35395857753479,0.133542404989432,0.715018769034474,0.91560916499627,0.908308426424518,"gpath_3neocort"
"3076","THOC3","Inh ENOX2 SPHKAP",-0.0382566386809817,5.13308032569818,0.516694655386768,0.472758494146828,0.781809141682012,0.768913186618409,"gpath_3neocort"
"3077","FAM153B","Inh ENOX2 SPHKAP",-0.265617814591992,5.72479725317692,12.6617248172303,0.000427345112884589,0.0349704765484885,0.0204873532787454,"gpath_3neocort"
"3078","AC139491.7","Inh ENOX2 SPHKAP",-0.0368036242805282,6.05917368649778,0.987671929704346,0.37178035455099,0.716406944003824,0.695028835206898,"gpath_3neocort"
"3079","SIMC1","Inh ENOX2 SPHKAP",-0.00245344338638979,7.31505205870221,0.00845810399524101,0.926778732310967,0.991428242913786,0.987976012609039,"gpath_3neocort"
"3080","KIAA1191","Inh ENOX2 SPHKAP",0.0405373058027225,5.31910371845328,0.741986997129559,0.389644137585502,0.727649032330622,0.708809653888067,"gpath_3neocort"
"3081","ARL10","Inh ENOX2 SPHKAP",-0.0020883024575718,5.39705939126453,0.0021904408025394,0.962698938190334,0.995700592042286,0.995390203074459,"gpath_3neocort"
"3082","CLTB","Inh ENOX2 SPHKAP",0.00825886298358194,5.60499954034922,0.0259463325404566,0.872129005188231,0.976314648400069,0.973025700573317,"gpath_3neocort"
"3083","FAF2","Inh ENOX2 SPHKAP",0.0215101615604541,5.94334640256498,0.366488734991259,0.545336275589406,0.830315585181026,0.816699117295334,"gpath_3neocort"
"3084","RNF44","Inh ENOX2 SPHKAP",0.0072690524160211,4.67006791209312,0.0127004713854732,0.910339098520067,0.98778742870664,0.984002613368677,"gpath_3neocort"
"3085","GPRIN1","Inh ENOX2 SPHKAP",0.150121162178868,4.85505603871748,7.25529725400358,0.00742671152243154,0.132195007453682,0.102304117505174,"gpath_3neocort"
"3086","SNCB","Inh ENOX2 SPHKAP",0.0140109113755383,6.58864465523346,0.0823202079766589,0.774355628286692,0.94246658020945,0.935769981660488,"gpath_3neocort"
"3087","EIF4E1B","Inh ENOX2 SPHKAP",-0.181906910568674,5.27754494670541,12.3100904894993,0.000512333038936143,0.0380972234612505,0.0227559901672509,"gpath_3neocort"
"3088","UNC5A","Inh ENOX2 SPHKAP",-0.0206968568425627,5.55033192761,0.214305347462347,0.643715630108879,0.881398032339745,0.872775166438659,"gpath_3neocort"
"3089","UIMC1","Inh ENOX2 SPHKAP",-0.0045772695960019,6.20348664331096,0.0181291313849265,0.892974224382102,0.982463337140764,0.979338510187184,"gpath_3neocort"
"3090","ZNF346","Inh ENOX2 SPHKAP",0.0280880761612026,6.44177199087281,0.781766228911707,0.431907049642728,0.754965149779372,0.74005072440706,"gpath_3neocort"
"3091","NSD1","Inh ENOX2 SPHKAP",0.00860170443832772,7.31149941045524,0.128285329088906,0.720443179491778,0.918385260046279,0.910854056081305,"gpath_3neocort"
"3092","PRELID1","Inh ENOX2 SPHKAP",0.0741625788310099,4.30537402252025,0.673001770782768,0.4125930900522,0.74080992909015,0.725321913689718,"gpath_3neocort"
"3093","DBN1","Inh ENOX2 SPHKAP",0.10181445873567,4.7429667702866,2.9716447052932,0.0856625897894801,0.386477689169805,0.352859570891363,"gpath_3neocort"
"3094","DDX41","Inh ENOX2 SPHKAP",0.0870075902151426,4.19027902414411,1.3783943142448,0.241212722490365,0.601020356464349,0.573906831814402,"gpath_3neocort"
"3095","FAM193B","Inh ENOX2 SPHKAP",0.0149948607513035,6.19303883302068,0.232410068365025,0.630058823691394,0.875251472911098,0.865367918932216,"gpath_3neocort"
"3096","TMED9","Inh ENOX2 SPHKAP",-0.0133260958605667,4.31051323991192,0.0309165112192808,0.860533516788568,0.971842687824892,0.969369419986278,"gpath_3neocort"
"3097","FAM153A","Inh ENOX2 SPHKAP",-0.0959658565391812,6.24691301909793,3.59421116214076,0.0588455899182863,0.325775073692025,0.294393782257436,"gpath_3neocort"
"3098","AC106795.3","Inh ENOX2 SPHKAP",-0.0161501204207784,4.55772226661642,0.0553804611040931,0.814096662738132,0.956689256079316,0.952270652989558,"gpath_3neocort"
"3099","FAM153C","Inh ENOX2 SPHKAP",-0.129585717189866,6.87719987093376,9.88142376472544,0.00181948864548026,0.070449373222505,0.0468876773859068,"gpath_3neocort"
"3100","RMND5B","Inh ENOX2 SPHKAP",-0.141786962534077,5.06939220320835,6.78297015372351,0.0096150813964016,0.147219595343017,0.117538915305789,"gpath_3neocort"
"3101","NHP2","Inh ENOX2 SPHKAP",0.0690771568549918,4.30730378654579,0.749521921627984,0.387250133315383,0.726423659542084,0.706914748673597,"gpath_3neocort"
"3102","PHYKPL","Inh ENOX2 SPHKAP",-0.107574208148699,5.39789767835382,4.22954055255286,0.0405039595718429,0.280290424760647,0.244085515948849,"gpath_3neocort"
"3103","COL23A1","Inh ENOX2 SPHKAP",-0.18694261613397,5.81156479517576,8.83435669023535,0.00317110110640424,0.0897679725993155,0.0641228667383141,"gpath_3neocort"
"3104","CLK4","Inh ENOX2 SPHKAP",-0.064340843669008,5.63139192630662,2.76212053959362,0.097460031638855,0.407863516548783,0.375007867216176,"gpath_3neocort"
"3105","ZFP2","Inh ENOX2 SPHKAP",-0.0679975170005872,4.57168983290104,1.02455996161219,0.312173758983044,0.66620805586772,0.64321424634383,"gpath_3neocort"
"3106","ADAMTS2","Inh ENOX2 SPHKAP",0.197306559114713,4.92195806491548,6.22680231266992,0.0130660623192132,0.167846191123169,0.137296466652132,"gpath_3neocort"
"3107","RUFY1","Inh ENOX2 SPHKAP",-0.0431758402930239,5.86687096773906,1.20859997360861,0.272402703938504,0.630548689292513,0.606088700311029,"gpath_3neocort"
"3108","HNRNPH1","Inh ENOX2 SPHKAP",0.0486818070174524,6.17090634064955,1.86963076180066,0.172438393194151,0.52298180255862,0.491766793495594,"gpath_3neocort"
"3109","CANX","Inh ENOX2 SPHKAP",-0.0381308008376871,6.69411144107125,1.3734711557334,0.403301305572797,0.735596200349859,0.718696935403352,"gpath_3neocort"
"3110","MAML1","Inh ENOX2 SPHKAP",0.0398914914018725,5.50738663301633,0.925320992222478,0.336778791533796,0.687187201355208,0.665225743182681,"gpath_3neocort"
"3111","MGAT4B","Inh ENOX2 SPHKAP",-0.0798677895461196,4.44617221612376,1.26946267083469,0.260677723667271,0.61989735606151,0.594343403131499,"gpath_3neocort"
"3112","SQSTM1","Inh ENOX2 SPHKAP",-0.0046757499870562,6.23149993744987,0.0203310455133669,0.886702506936782,0.979658385812387,0.977444591960855,"gpath_3neocort"
"3113","MRNIP","Inh ENOX2 SPHKAP",-0.050731626269867,5.85595438323534,1.5609387930149,0.21240414068544,0.569334302778645,0.541729568458468,"gpath_3neocort"
"3114","TBC1D9B","Inh ENOX2 SPHKAP",-0.0705007522338857,5.46597566259281,2.29141692660534,0.131038408817752,0.462170237257252,0.431992770188909,"gpath_3neocort"
"3115","RNF130","Inh ENOX2 SPHKAP",0.00818771363351501,7.81686541155556,0.100479879045772,0.751452900338896,0.931658994455486,0.925570784135917,"gpath_3neocort"
"3116","MAPK9","Inh ENOX2 SPHKAP",0.0261312986256076,6.36363778811513,0.710677296236004,0.926229263817034,0.991428242913786,0.987850396512902,"gpath_3neocort"
"3117","AC008610.1","Inh ENOX2 SPHKAP",-0.0958022004281661,4.16625558767006,1.3989371338102,0.237744299642307,0.598151369751322,0.570216121514236,"gpath_3neocort"
"3118","GFPT2","Inh ENOX2 SPHKAP",0.0714806404959592,5.4139149538749,2.1236935041891,0.145977535395543,0.485072105999905,0.454566225286927,"gpath_3neocort"
"3119","CNOT6","Inh ENOX2 SPHKAP",-0.0169625725550647,5.45823154479172,0.161223877521047,0.688289436640138,0.901973157583322,0.895653365992865,"gpath_3neocort"
"3120","TRIM41","Inh ENOX2 SPHKAP",-0.0830372710368328,3.94574774573959,0.880713444467741,0.348685643673247,0.69790988776491,0.675451229431676,"gpath_3neocort"
"3121","RACK1","Inh ENOX2 SPHKAP",-0.0633762430962852,5.58105399847836,1.30675407988688,0.253803289826071,0.611975663447407,0.587545264857441,"gpath_3neocort"
"3122","TRIM52","Inh ENOX2 SPHKAP",0.0301451933612833,5.09261328667868,0.380412020490093,0.537803712782247,0.824408680085461,0.81217427509564,"gpath_3neocort"
"3123","EXOC2","Inh ENOX2 SPHKAP",0.0447534883559309,6.93922548924999,2.18499721986872,0.140305310532506,0.476859366285425,0.446437056036039,"gpath_3neocort"
"3124","AL357054.2","Inh ENOX2 SPHKAP",-0.0493532721495064,4.22902535534537,0.354512080848267,0.55197389398152,0.834257609745777,0.820727042109086,"gpath_3neocort"
"3125","GMDS","Inh ENOX2 SPHKAP",-0.0452368287908747,7.45559858710889,2.34815385259284,0.126379703861201,0.456270876775142,0.42494045065506,"gpath_3neocort"
"3126","GMDS-DT","Inh ENOX2 SPHKAP",-0.0734677652317864,7.07097255707416,2.90943647386855,0.0889939092751516,0.392241138328143,0.359389860708215,"gpath_3neocort"
"3127","WRNIP1","Inh ENOX2 SPHKAP",0.0631468910270308,5.27988267280849,2.41772164324043,0.120917932019973,0.447548012926833,0.415982357922363,"gpath_3neocort"
"3128","SERPINB9","Inh ENOX2 SPHKAP",-0.00968097713410516,4.94406212354736,0.0144310415457327,0.904453097645836,0.985974882947517,0.982521190699334,"gpath_3neocort"
"3129","SERPINB6","Inh ENOX2 SPHKAP",-0.072954446132479,4.77492896843987,1.45769443458984,0.228153075946457,0.587561463870732,0.559582819989495,"gpath_3neocort"
"3130","NQO2","Inh ENOX2 SPHKAP",-0.0283880212315218,7.10107039520567,0.791440864343417,0.374306195221419,0.717216387462269,0.697082697517544,"gpath_3neocort"
"3131","RIPK1","Inh ENOX2 SPHKAP",-0.0126665790960137,5.45759065985113,0.0695143943474411,0.792208004179682,0.949245914199796,0.943461872538605,"gpath_3neocort"
"3132","BPHL","Inh ENOX2 SPHKAP",-0.123653930352949,4.86541537111131,4.13891433059936,0.0426990052829413,0.284372339166754,0.250609656294713,"gpath_3neocort"
"3133","TUBB2A","Inh ENOX2 SPHKAP",-0.124234938714456,6.82800816209001,3.22841020588755,0.0732758472302589,0.360202019347936,0.327095228088997,"gpath_3neocort"
"3134","TUBB2B","Inh ENOX2 SPHKAP",-0.0616541960194077,4.89373480912158,0.688210889251407,0.407367113551283,0.737635054795632,0.721446910308783,"gpath_3neocort"
"3135","PSMG4","Inh ENOX2 SPHKAP",-0.0265478572640684,5.83191001848415,0.394152739621293,0.530554316668768,0.819565027874438,0.807770516691372,"gpath_3neocort"
"3136","SLC22A23","Inh ENOX2 SPHKAP",0.0585471560454359,6.84940594955667,3.4386198870616,0.0645716624373055,0.338975120654707,0.307389660430618,"gpath_3neocort"
"3137","PRPF4B","Inh ENOX2 SPHKAP",0.081914254567947,6.47857008413235,5.81380298474869,0.0164410965129278,0.185690381331989,0.154936466723151,"gpath_3neocort"
"3138","ECI2","Inh ENOX2 SPHKAP",-0.119010482689401,4.59986934772471,3.35675765606204,0.0678215277625608,0.348703300903467,0.314963868156509,"gpath_3neocort"
"3139","CDYL","Inh ENOX2 SPHKAP",-0.0612746710783979,5.45923238256446,1.54518811438354,0.214720593852013,0.571037358381676,0.544280193935067,"gpath_3neocort"
"3140","LYRM4","Inh ENOX2 SPHKAP",0.0137471816709799,6.12371800991904,0.114504961049191,0.735285434787891,0.925976813418298,0.918372745023496,"gpath_3neocort"
"3141","FARS2","Inh ENOX2 SPHKAP",-0.0344727408088039,7.48194756895479,1.29510757712191,0.255925879557914,0.614600792881619,0.589603491111362,"gpath_3neocort"
"3142","SSR1","Inh ENOX2 SPHKAP",-0.0143254487955036,5.98074942890304,0.147765124383817,0.70092534347533,0.908105504900868,0.901619613480513,"gpath_3neocort"
"3143","RIOK1","Inh ENOX2 SPHKAP",-0.12181258694114,4.14636919989485,2.57797879208211,0.109306584371307,0.427094112662848,0.396391207969365,"gpath_3neocort"
"3144","SNRNP48","Inh ENOX2 SPHKAP",0.0429968180688919,4.57627011322471,0.446004823855178,0.504700315588074,0.80219023236465,0.790077972741089,"gpath_3neocort"
"3145","BMP6","Inh ENOX2 SPHKAP",0.110473655694713,5.24776589722369,1.84353185534792,0.175455702503307,0.525631188480834,0.495754951990609,"gpath_3neocort"
"3146","BLOC1S5-TXNDC5","Inh ENOX2 SPHKAP",-0.129398335067271,4.34711694885697,2.73022056594208,0.0994069985517273,0.411575404717994,0.378495188572164,"gpath_3neocort"
"3147","PAK1IP1","Inh ENOX2 SPHKAP",-0.0794755840930977,4.25317821895962,1.32299254902736,0.272931239018199,0.631007693627545,0.606605532283391,"gpath_3neocort"
"3148","AL024498.2","Inh ENOX2 SPHKAP",0.0379433040214833,5.08889608497454,0.47819520962612,0.489722152108067,0.794554201470902,0.780415748671869,"gpath_3neocort"
"3149","MAK","Inh ENOX2 SPHKAP",-0.223918335089282,4.80692154331735,6.97949347894268,0.00863349217278549,0.140741382343208,0.11069576676324,"gpath_3neocort"
"3150","SYCP2L","Inh ENOX2 SPHKAP",-0.0289250661626577,5.04556477890947,0.19046798808424,0.662809857776855,0.887940899027516,0.882703857178958,"gpath_3neocort"
"3151","SMIM13","Inh ENOX2 SPHKAP",0.125905405093335,5.22232187703026,6.51256430382596,0.0111570498115653,0.15673573056836,0.126520662048199,"gpath_3neocort"
"3152","AL139807.1","Inh ENOX2 SPHKAP",0.0538648165620826,4.62031137251153,0.561841285535211,0.454047824315976,0.770165078068102,0.756082601733306,"gpath_3neocort"
"3153","TMEM170B","Inh ENOX2 SPHKAP",0.00189881181002144,5.55769712131989,0.00215181950488965,0.963029003442107,0.995700592042286,0.995439903418109,"gpath_3neocort"
"3154","HIVEP1","Inh ENOX2 SPHKAP",0.00654160715922593,6.97971343784501,0.0378176593131242,0.84592816958579,0.967996300285126,0.964664341438919,"gpath_3neocort"
"3155","PHACTR1","Inh ENOX2 SPHKAP",0.0644403940863957,10.3369111510127,7.5835319560294,0.00621334903625695,0.123857366202723,0.0934324790439657,"gpath_3neocort"
"3156","GFOD1","Inh ENOX2 SPHKAP",-0.0157499880130734,7.5144249834213,0.348982573082811,0.890085334081006,0.981502772424508,0.978302719987062,"gpath_3neocort"
"3157","SIRT5","Inh ENOX2 SPHKAP",-0.0921186246246604,5.68872390399447,4.35699082372291,0.0376162622191435,0.273240750980963,0.235364412206782,"gpath_3neocort"
"3158","NOL7","Inh ENOX2 SPHKAP",0.0368182123547073,5.33571192523248,0.480413177370552,0.488717726710399,0.794115338345714,0.779740984691612,"gpath_3neocort"
"3159","RANBP9","Inh ENOX2 SPHKAP",-0.00245219755590721,6.50674062290986,0.00646708058776467,0.935952929373127,0.993269159402148,0.990334382288322,"gpath_3neocort"
"3160","MCUR1","Inh ENOX2 SPHKAP",-0.0111565040731923,4.60372626188422,0.0338047413676022,0.854234531516134,0.970544378474404,0.967467899879683,"gpath_3neocort"
"3161","CD83","Inh ENOX2 SPHKAP",-0.055537325219203,4.87222728520669,0.807479978742417,0.369514788648607,0.714664351908666,0.693371559386052,"gpath_3neocort"
"3162","JARID2","Inh ENOX2 SPHKAP",0.0201856013351104,7.43630933190512,0.632956090953293,0.962104727912675,0.995700592042286,0.995252007825313,"gpath_3neocort"
"3163","DTNBP1","Inh ENOX2 SPHKAP",0.0412346682819717,5.65025285485284,0.795116711064377,0.373200438220609,0.717135983239587,0.696112802048233,"gpath_3neocort"
"3164","GMPR","Inh ENOX2 SPHKAP",-0.0400595990425838,4.61341622294257,0.306652722073473,0.580112666398151,0.848227947134777,0.837049053564387,"gpath_3neocort"
"3165","ATXN1","Inh ENOX2 SPHKAP",0.000808640866760904,9.40201032421649,0.00143668224297894,0.969787232731828,0.995943372722374,0.996338192722254,"gpath_3neocort"
"3166","CAP2","Inh ENOX2 SPHKAP",-0.00518433119360034,7.4580807781426,0.0187540165073619,0.891156680208248,0.981581153911649,0.978623378708036,"gpath_3neocort"
"3167","FAM8A1","Inh ENOX2 SPHKAP",-0.0237913082201138,5.13798575764573,0.229505997716564,0.991801913633885,0.998951897108485,0.999044070863467,"gpath_3neocort"
"3168","NUP153","Inh ENOX2 SPHKAP",-0.00346910188259288,6.1260218181094,0.00912096466006872,0.923972089683287,0.990935984755782,0.98746291665248,"gpath_3neocort"
"3169","KIF13A","Inh ENOX2 SPHKAP",-0.0067354811227865,6.25755454556653,0.0349212736583527,0.851874374030729,0.970401727505604,0.966704607340876,"gpath_3neocort"
"3170","TPMT","Inh ENOX2 SPHKAP",-0.142397387578624,4.35206199515986,3.5990396739632,0.0586768159630222,0.325608798899836,0.294009741525162,"gpath_3neocort"
"3171","KDM1B","Inh ENOX2 SPHKAP",0.00735412351880486,4.42881175642882,0.0120038443436375,0.975529500347754,0.997368972015209,0.997179943215753,"gpath_3neocort"
"3172","DEK","Inh ENOX2 SPHKAP",0.0856310502812325,5.32623880386111,3.42700404229779,0.0650224507112871,0.340058337823047,0.308291896423075,"gpath_3neocort"
"3173","RNF144B","Inh ENOX2 SPHKAP",-0.113238100384883,5.13052699104506,3.48525070482612,0.0627954332126942,0.335964419011499,0.303444561266146,"gpath_3neocort"
"3174","E2F3","Inh ENOX2 SPHKAP",-0.0967272326282639,4.61257589498052,1.53353809587339,0.216453373345587,0.57312408910278,0.54629587448304,"gpath_3neocort"
"3175","CDKAL1","Inh ENOX2 SPHKAP",0.0545082163416229,7.80847040940631,4.91087888193177,0.0273628472711773,0.237551136655977,0.200194584779518,"gpath_3neocort"
"3176","CASC15","Inh ENOX2 SPHKAP",0.09119613155003,6.60627600969191,7.9226283132527,0.00517210037627731,0.117667058146597,0.0839625546841656,"gpath_3neocort"
"3177","AL035401.1","Inh ENOX2 SPHKAP",0.0815087107843105,3.30992135454151,0.31877873108868,0.572722134174776,0.845326168242279,0.832842884782427,"gpath_3neocort"
"3178","NRSN1","Inh ENOX2 SPHKAP",-0.0120143014214335,7.82868982265407,0.211161498120416,0.6461580115301,0.881583474433582,0.874004621041818,"gpath_3neocort"
"3179","DCDC2","Inh ENOX2 SPHKAP",-0.176890251502639,4.28381831324739,4.19260360990168,0.041383867673066,0.280688185418477,0.246774895872982,"gpath_3neocort"
"3180","MRS2","Inh ENOX2 SPHKAP",0.0263511474144725,5.54776662784635,0.453612125899014,0.534605351229089,0.823138542634562,0.810477278427275,"gpath_3neocort"
"3181","GPLD1","Inh ENOX2 SPHKAP",0.00739356410214573,6.43160559433182,0.0390045573521709,0.843559975283878,0.967233839983956,0.963810183699705,"gpath_3neocort"
"3182","ALDH5A1","Inh ENOX2 SPHKAP",-0.0713609198592528,6.01248658339963,3.80609194691151,0.0519037911111754,0.310085348368482,0.276397604259103,"gpath_3neocort"
"3183","KIAA0319","Inh ENOX2 SPHKAP",-0.0443844664878307,7.06242293307537,2.14965046363441,0.143544782456373,0.482066985191928,0.451199242357213,"gpath_3neocort"
"3184","TDP2","Inh ENOX2 SPHKAP",0.0804222083907976,5.41742146157955,3.45740018894609,0.0638499061014484,0.338309213257707,0.305949119484974,"gpath_3neocort"
"3185","ACOT13","Inh ENOX2 SPHKAP",0.106459262101624,4.47078159257378,2.55543234156119,0.110862893214697,0.428575964321046,0.398832003212907,"gpath_3neocort"
"3186","C6orf62","Inh ENOX2 SPHKAP",-0.114696781790888,5.59465082496689,6.70640622977781,0.0100279768400127,0.14951136615208,0.120091438459732,"gpath_3neocort"
"3187","RIPOR2","Inh ENOX2 SPHKAP",-0.0368202319639644,8.12794370250694,2.45463624556668,0.118126833098308,0.443976461465386,0.411397369013185,"gpath_3neocort"
"3188","CARMIL1","Inh ENOX2 SPHKAP",-0.066907636274196,7.4009701071919,2.60304418671184,0.107604647386791,0.425092923429035,0.393339169994727,"gpath_3neocort"
"3189","HIST1H4C","Inh ENOX2 SPHKAP",-0.0881165418409822,4.21760205579493,0.805131687907355,0.370210912349872,0.715443534456927,0.693847154114232,"gpath_3neocort"
"3190","BTN2A1","Inh ENOX2 SPHKAP",-0.112021257147211,4.39178520174954,2.93317494984423,0.0877063447053499,0.389998735988984,0.356979783944168,"gpath_3neocort"
"3191","ZNF322","Inh ENOX2 SPHKAP",0.0111606814267552,4.44938083870348,0.0316565922474365,0.879555075842101,0.978345111313283,0.975335294447299,"gpath_3neocort"
"3192","ZNF391","Inh ENOX2 SPHKAP",-0.112926788507036,3.87219968034697,1.61099692378845,0.205236957070412,0.561719361425429,0.533283245361642,"gpath_3neocort"
"3193","ZSCAN16-AS1","Inh ENOX2 SPHKAP",-0.064237569824143,4.95666512470569,1.48928594484261,0.240919000364039,0.601020356464349,0.573598472792989,"gpath_3neocort"
"3194","PGBD1","Inh ENOX2 SPHKAP",-0.0214342053865325,5.14350558955056,0.168753056389328,0.681486263028918,0.898377315469825,0.892453551128898,"gpath_3neocort"
"3195","ZSCAN31","Inh ENOX2 SPHKAP",-0.0178105947912051,4.14641652271416,0.0341533059839282,0.853493454151254,0.970401727505604,0.967209129004914,"gpath_3neocort"
"3196","ZSCAN23","Inh ENOX2 SPHKAP",0.010120560576368,4.39660010950885,0.0270821585624245,0.869384857750721,0.975353657232319,0.972134269064849,"gpath_3neocort"
"3197","TRIM27","Inh ENOX2 SPHKAP",-0.072150493482772,4.71254030024011,1.54899880819185,0.214157403585662,0.570422537231176,0.543753212957886,"gpath_3neocort"
"3198","GABBR1","Inh ENOX2 SPHKAP",-0.0911177653818452,6.8923098103475,8.42121356252314,0.0039553709549935,0.101191644815108,0.0723557407135186,"gpath_3neocort"
"3199","HLA-A","Inh ENOX2 SPHKAP",-0.167930502453591,4.05770372919073,2.39168713892921,0.122930491311037,0.450803588369998,0.419253114126934,"gpath_3neocort"
"3200","PPP1R11","Inh ENOX2 SPHKAP",-0.0258470325288748,4.33805535027189,0.118112467649455,0.731307367422689,0.923927063812045,0.916204008965311,"gpath_3neocort"
"3201","TRIM26","Inh ENOX2 SPHKAP",0.0438316247777791,4.97642181803526,0.566508228840543,0.452180847420469,0.769276221554949,0.75478541037475,"gpath_3neocort"
"3202","HCG17","Inh ENOX2 SPHKAP",0.0953961533297868,7.51681545542586,13.5455146817611,0.000271451619829604,0.0269734272847009,0.0156976654020439,"gpath_3neocort"
"3203","GNL1","Inh ENOX2 SPHKAP",-0.0781203172254785,5.46010661129896,2.79780355988268,0.0953315139429109,0.404328520372851,0.371191678769374,"gpath_3neocort"
"3204","PRR3","Inh ENOX2 SPHKAP",-0.00349910235302826,4.82572622354166,0.00396282453183268,0.949843267634636,0.994776274703702,0.99288427298455,"gpath_3neocort"
"3205","ABCF1","Inh ENOX2 SPHKAP",0.0122267803191493,4.50515057146756,0.0335591793220669,0.85475899134672,0.970679708586493,0.967622713092752,"gpath_3neocort"
"3206","PPP1R10","Inh ENOX2 SPHKAP",0.0183023595184721,5.36837314012052,0.15789565370472,0.691355621186064,0.903801992094226,0.897181431915234,"gpath_3neocort"
"3207","MRPS18B","Inh ENOX2 SPHKAP",-0.103500923917761,4.15752703831297,1.54535400436263,0.214696039864543,0.571037358381676,0.544254959857438,"gpath_3neocort"
"3208","ATAT1","Inh ENOX2 SPHKAP",0.0437426938500127,4.92167714193539,0.663245710985438,0.519658522208121,0.813290654399328,0.800318621962945,"gpath_3neocort"
"3209","C6orf136","Inh ENOX2 SPHKAP",-0.0429545451258242,4.83523496100638,0.561179194002788,0.454313670503889,0.770213531226822,0.756268687911025,"gpath_3neocort"
"3210","TUBB","Inh ENOX2 SPHKAP",-0.0141741908600766,6.18252513182619,0.069114583212905,0.792792703734712,0.949829644312085,0.943741343773023,"gpath_3neocort"
"3211","FLOT1","Inh ENOX2 SPHKAP",-0.0271139742315735,6.33088868561563,0.514589474681488,0.473661063661129,0.782517560486982,0.769500417289489,"gpath_3neocort"
"3212","VARS2","Inh ENOX2 SPHKAP",-0.0838018827230751,4.44568609286529,1.49750067162489,0.223207067730899,0.581329346232547,0.554093846326717,"gpath_3neocort"
"3213","PRRC2A","Inh ENOX2 SPHKAP",0.0191680405614705,5.46716533078945,0.19404001657944,0.659860642735193,0.886317117013643,0.881326631286154,"gpath_3neocort"
"3214","BAG6","Inh ENOX2 SPHKAP",0.076448616430398,4.34772140722666,1.10469186649006,0.293999882120703,0.650957193901543,0.626473608511232,"gpath_3neocort"
"3215","VARS","Inh ENOX2 SPHKAP",0.00986852805740698,4.09703085605681,0.0123088348643216,0.911726562705814,0.98778742870664,0.984461089372869,"gpath_3neocort"
"3216","HSPA1A","Inh ENOX2 SPHKAP",0.484748523666134,5.39651640122712,11.5172050941687,0.000772895446138776,0.045614883966663,0.0288232788075638,"gpath_3neocort"
"3217","HSPA1B","Inh ENOX2 SPHKAP",0.466692962845452,3.87119521812056,8.29380305464264,0.00423607302872598,0.105231834575851,0.0751768526768055,"gpath_3neocort"
"3218","C6orf48","Inh ENOX2 SPHKAP",-0.143342054958621,3.9734013452508,2.44103639154201,0.119146696056997,0.445161909595969,0.412954617052622,"gpath_3neocort"
"3219","EHMT2","Inh ENOX2 SPHKAP",-0.108729516320524,5.54055761553894,5.91806478837996,0.0155118596004618,0.181701280890391,0.150399144659337,"gpath_3neocort"
"3220","C2","Inh ENOX2 SPHKAP",0.0331215986829665,4.29628558817041,0.163853027323048,0.685893178090442,0.900825161273175,0.894561948324892,"gpath_3neocort"
"3221","NELFE","Inh ENOX2 SPHKAP",0.0516804163563568,3.87374361095887,0.303559309707634,0.58202858630135,0.849790325230464,0.838326397411861,"gpath_3neocort"
"3222","TNXB","Inh ENOX2 SPHKAP",-0.0708080614147679,5.1329536328539,1.46217566204695,0.227440981745226,0.586836828479493,0.558965294047728,"gpath_3neocort"
"3223","ATF6B","Inh ENOX2 SPHKAP",-0.0878930763333633,5.76809776729665,4.07249125709355,0.0443874520168015,0.288692717531954,0.255457974954206,"gpath_3neocort"
"3224","PRRT1","Inh ENOX2 SPHKAP",0.0406961627576645,5.30269078114765,0.633227385062219,0.426740094968332,0.750863293336366,0.736417123898591,"gpath_3neocort"
"3225","AGPAT1","Inh ENOX2 SPHKAP",-0.0224534727141065,5.10391328903229,0.180253167683487,0.671429579818845,0.892619175128322,0.887265802726442,"gpath_3neocort"
"3226","PBX2","Inh ENOX2 SPHKAP",0.0012321994199643,4.11291607000173,8.97367564218347e-05,0.992447458773989,0.998951897108485,0.999174544204422,"gpath_3neocort"
"3227","AL662796.1","Inh ENOX2 SPHKAP",0.0502452945875088,6.29019562647223,0.918291119828274,0.338618388331299,0.688391465093233,0.666683349743877,"gpath_3neocort"
"3228","BRD2","Inh ENOX2 SPHKAP",0.0691587485596958,5.41257916004746,2.22103087043612,0.137087474685059,0.47264491535137,0.441295562056079,"gpath_3neocort"
"3229","RXRB","Inh ENOX2 SPHKAP",-0.0199742406128388,4.57383414416976,0.0883821112959223,0.766429258590502,0.936606169711028,0.932232340703988,"gpath_3neocort"
"3230","RING1","Inh ENOX2 SPHKAP",0.0549760469289317,5.49195105051563,1.5612891337332,0.212352955655135,0.569334302778645,0.541654652867347,"gpath_3neocort"
"3231","VPS52","Inh ENOX2 SPHKAP",-0.129424019419478,4.47182556752207,3.68580251693089,0.0557305557332828,0.318699365666958,0.286557170869966,"gpath_3neocort"
"3232","RPS18","Inh ENOX2 SPHKAP",-0.0766585385621049,4.85366529312931,0.848548501843878,0.357629289107896,0.704883377262009,0.682965108076446,"gpath_3neocort"
"3233","PFDN6","Inh ENOX2 SPHKAP",-0.0928634978395639,3.89100549180574,0.882994016670415,0.348063175310926,0.697747285960224,0.67490475720317,"gpath_3neocort"
"3234","RGL2","Inh ENOX2 SPHKAP",-0.0541832771631929,4.36962559624895,0.496142027431202,0.481691866887907,0.788368832806739,0.775121004585061,"gpath_3neocort"
"3235","TAPBP","Inh ENOX2 SPHKAP",-0.0319761179336935,4.41646135214321,0.193482733380566,0.660318614006804,0.886412322509415,0.881530055252288,"gpath_3neocort"
"3236","PHF1","Inh ENOX2 SPHKAP",-0.00148789919834041,5.38906915143746,0.000979463484417359,0.975051901130381,0.997170280740144,0.997145336486171,"gpath_3neocort"
"3237","CUTA","Inh ENOX2 SPHKAP",-0.0729397943565271,4.54219242850925,0.602215454080599,0.43828406793555,0.759350704159314,0.744544253152276,"gpath_3neocort"
"3238","SYNGAP1","Inh ENOX2 SPHKAP",0.0519271341912511,5.61887469521155,1.73689368540831,0.268339630750773,0.627643903650637,0.602091251939949,"gpath_3neocort"
"3239","UQCC2","Inh ENOX2 SPHKAP",-0.0917167101815542,4.52005285574022,1.66375461792432,0.197991047368509,0.551886530094301,0.524781498814275,"gpath_3neocort"
"3240","LEMD2","Inh ENOX2 SPHKAP",-0.0163056589418649,5.07895074425046,0.097335095661058,0.755246369501588,0.932986034557454,0.927266748008473,"gpath_3neocort"
"3241","GRM4","Inh ENOX2 SPHKAP",-0.00816515026044332,4.55171364157746,0.0137398539745332,0.906758572047435,0.986765245127383,0.983033967141707,"gpath_3neocort"
"3242","SMIM29","Inh ENOX2 SPHKAP",-0.164442859558264,4.68593623128742,4.45029278091916,0.0356401866096905,0.270088822727756,0.229344706715078,"gpath_3neocort"
"3243","NUDT3","Inh ENOX2 SPHKAP",0.0101802145146133,6.53553251376729,0.078335061371419,0.779740041736862,0.944495130113347,0.938203841161387,"gpath_3neocort"
"3244","PACSIN1","Inh ENOX2 SPHKAP",0.00289732965345314,6.60581988233358,0.0094039496952911,0.922805333180992,0.990636355721171,0.98719498552142,"gpath_3neocort"
"3245","C6orf106","Inh ENOX2 SPHKAP",-0.0106578860838546,5.81201509581926,0.0761943266457642,0.78269357280138,0.945758780486392,0.939357433670566,"gpath_3neocort"
"3246","SNRPC","Inh ENOX2 SPHKAP",-0.011210436050691,4.39261249289563,0.025409689434361,0.873446967278788,0.976948901017904,0.973507562070153,"gpath_3neocort"
"3247","UHRF1BP1","Inh ENOX2 SPHKAP",0.0180821167728369,6.09797294455231,0.275793866637499,0.675047053288988,0.894792301984542,0.889353156352787,"gpath_3neocort"
"3248","TAF11","Inh ENOX2 SPHKAP",-0.0613226227480012,5.18669107540527,1.38270121350247,0.24048046586019,0.601020356464349,0.573146135234978,"gpath_3neocort"
"3249","ANKS1A","Inh ENOX2 SPHKAP",0.0177334181682067,7.252897711696,0.362220484176137,0.547684621549146,0.830730594153766,0.817899639694587,"gpath_3neocort"
"3250","ZNF76","Inh ENOX2 SPHKAP",0.0454570635663111,5.38534244120284,0.846932611014618,0.358086864614559,0.70518603035361,0.683375001394882,"gpath_3neocort"
"3251","PPARD","Inh ENOX2 SPHKAP",-0.00552243544005989,4.56174106163396,0.00666905023224299,0.934962703666931,0.993269159402148,0.990079696349763,"gpath_3neocort"
"3252","RPL10A","Inh ENOX2 SPHKAP",-0.13329278499409,5.04907538935485,2.44802751380107,0.118621210458035,0.444927126820223,0.412120331087554,"gpath_3neocort"
"3253","LHFPL5","Inh ENOX2 SPHKAP",-0.04774728278417,4.25473907994235,0.364582637242686,0.546382670644447,0.830389902379284,0.81723207366478,"gpath_3neocort"
"3254","SRPK1","Inh ENOX2 SPHKAP",0.0269464164145258,6.21441237919954,0.571207648349929,0.450313017668976,0.767439301025637,0.753469324251758,"gpath_3neocort"
"3255","SLC26A8","Inh ENOX2 SPHKAP",-0.00856854467056985,5.01989815400738,0.0223440726465346,0.881265784039559,0.978592348689236,0.975847140468882,"gpath_3neocort"
"3256","MAPK14","Inh ENOX2 SPHKAP",0.0149833568883651,7.28090103117121,0.281609348578336,0.596001588997399,0.855261122519567,0.846245265012398,"gpath_3neocort"
"3257","MAPK13","Inh ENOX2 SPHKAP",-0.146572937485447,4.580825491282,4.40128283821665,0.0366641913648667,0.27089218172312,0.232437235741993,"gpath_3neocort"
"3258","BRPF3","Inh ENOX2 SPHKAP",-0.0227775929952915,4.99535369617431,0.203979552725766,0.651821290478611,0.884010170085163,0.877072580245472,"gpath_3neocort"
"3259","KCTD20","Inh ENOX2 SPHKAP",0.0438358632383781,5.21952130139233,0.786283557861328,0.375865380536602,0.7183860796203,0.698156590851241,"gpath_3neocort"
"3260","STK38","Inh ENOX2 SPHKAP",-0.00151196599732912,5.45471656329477,0.000992352484125416,0.97488834265485,0.997170280740144,0.997145336486171,"gpath_3neocort"
"3261","SRSF3","Inh ENOX2 SPHKAP",0.0106497977741867,5.30300044854921,0.0443466449414147,0.833338634212684,0.963467839971871,0.95991986527158,"gpath_3neocort"
"3262","CPNE5","Inh ENOX2 SPHKAP",0.0109493696795428,5.8404433278209,0.0612045199067995,0.804754444262845,0.952559922311815,0.948722256624891,"gpath_3neocort"
"3263","C6orf89","Inh ENOX2 SPHKAP",-0.0695552120260206,6.16496534364456,3.75457234872131,0.0535073852303336,0.314457297970349,0.280593910968377,"gpath_3neocort"
"3264","MTCH1","Inh ENOX2 SPHKAP",-0.117747470689253,6.32588728282947,5.6671539439657,0.0178468206850859,0.194578684005314,0.16200134309831,"gpath_3neocort"
"3265","TBC1D22B","Inh ENOX2 SPHKAP",-0.0634657924975504,4.99572153499372,1.52546871166771,0.256488203804839,0.615474872680936,0.590172552462881,"gpath_3neocort"
"3266","RNF8","Inh ENOX2 SPHKAP",0.0311514609717854,5.00585926680947,0.388293254066295,0.604875455248386,0.85964348850099,0.851130768706296,"gpath_3neocort"
"3267","CMTR1","Inh ENOX2 SPHKAP",-0.0435889376268708,4.7237164280888,0.521352544841159,0.470771361000779,0.780957264084683,0.767562076229601,"gpath_3neocort"
"3268","ZFAND3","Inh ENOX2 SPHKAP",0.017693935879305,8.07812499729972,0.61203237641394,0.434578829878202,0.757053424929146,0.741861759056975,"gpath_3neocort"
"3269","BTBD9","Inh ENOX2 SPHKAP",0.0152136656868613,7.9161109902408,0.288360210434509,0.591631408675828,0.852390391727358,0.843811500064407,"gpath_3neocort"
"3270","GLO1","Inh ENOX2 SPHKAP",-0.00342285440908123,5.30544001088077,0.0059703904235407,0.938456452041393,0.993518947956843,0.990707564254093,"gpath_3neocort"
"3271","KIF6","Inh ENOX2 SPHKAP",0.00232924212460174,5.52626248626854,0.00138146829027929,0.970373209165151,0.995943372722374,0.996390424835262,"gpath_3neocort"
"3272","DAAM2","Inh ENOX2 SPHKAP",-0.0989366800703383,5.51744661111732,3.10389183340856,0.0790217367149445,0.374095125002494,0.338952193332883,"gpath_3neocort"
"3273","LRFN2","Inh ENOX2 SPHKAP",0.00567198786398192,7.37578912488161,0.0308122793776183,0.860766397873249,0.971842687824892,0.969442457139694,"gpath_3neocort"
"3274","USP49","Inh ENOX2 SPHKAP",0.0158662605401245,6.26495566693227,0.229265727083457,0.893492554343283,0.98246587773482,0.979463841503688,"gpath_3neocort"
"3275","CCND3","Inh ENOX2 SPHKAP",-0.0055163275105299,5.95381810303374,0.01680890703727,0.896922175452473,0.984064107190086,0.980517726914516,"gpath_3neocort"
"3276","TRERF1","Inh ENOX2 SPHKAP",0.044763674459953,7.46581681036309,2.12091075006273,0.146241099593868,0.485277968276954,0.455013219989374,"gpath_3neocort"
"3277","UBR2","Inh ENOX2 SPHKAP",-0.033822017750447,7.56719635878711,1.69887847031281,0.193333986361349,0.54633903802748,0.518949976039131,"gpath_3neocort"
"3278","TBCC","Inh ENOX2 SPHKAP",0.0423110672513113,3.95496982388752,0.195268136417829,0.658854149041759,0.886317117013643,0.88087737671109,"gpath_3neocort"
"3279","BICRAL","Inh ENOX2 SPHKAP",-0.00617198366100285,7.72360767432929,0.0638770525583245,0.800625570204817,0.952191419878339,0.946945244884165,"gpath_3neocort"
"3280","RPL7L1","Inh ENOX2 SPHKAP",-0.0204802003851345,5.75373229613539,0.209958741844586,0.647098231174049,0.882038885678308,0.874409308654757,"gpath_3neocort"
"3281","CNPY3","Inh ENOX2 SPHKAP",0.0306053012669586,4.25648394527319,0.195378022379713,0.658764277692792,0.886317117013643,0.880834563140222,"gpath_3neocort"
"3282","AL035587.1","Inh ENOX2 SPHKAP",0.066638495233425,5.02969721106864,1.58694191939084,0.208644630756381,0.56537462040495,0.537454248312525,"gpath_3neocort"
"3283","PEX6","Inh ENOX2 SPHKAP",-0.0700854700421853,5.3806224473918,2.57389113569655,0.109586942301127,0.427094112662848,0.396668341654126,"gpath_3neocort"
"3284","PPP2R5D","Inh ENOX2 SPHKAP",0.0456877053416816,4.7320069214183,0.638605805509499,0.61868053749921,0.868316252795072,0.859120196848527,"gpath_3neocort"
"3285","MEA1","Inh ENOX2 SPHKAP",-0.142207774547147,3.82835409246157,1.84784237560609,0.174953179473444,0.525183126298519,0.495093836744549,"gpath_3neocort"
"3286","KLHDC3","Inh ENOX2 SPHKAP",0.030148183161585,5.67084784113224,0.463493102358458,0.496468473166915,0.798555437376563,0.784903942851429,"gpath_3neocort"
"3287","RRP36","Inh ENOX2 SPHKAP",-0.147022864976752,4.56315968210855,5.0589679863774,0.0251510048849976,0.229891892697469,0.19203958717414,"gpath_3neocort"
"3288","KLC4","Inh ENOX2 SPHKAP",-0.0283490914603451,5.35204010550486,0.419451090126826,0.547173311435924,0.830408349769914,0.817683725941109,"gpath_3neocort"
"3289","MRPL2","Inh ENOX2 SPHKAP",-0.242983861004573,3.87460093228966,6.1622310745608,0.0135423492224369,0.169942521556818,0.139911341991939,"gpath_3neocort"
"3290","CUL9","Inh ENOX2 SPHKAP",-0.0571871194235307,4.67831529718297,0.889153501963439,0.346389521687413,0.695779942696375,0.673347359910687,"gpath_3neocort"
"3291","DNPH1","Inh ENOX2 SPHKAP",-0.299967043236722,3.61652931999226,5.97999430382761,0.0149858221423409,0.178400899782538,0.147680134047976,"gpath_3neocort"
"3292","TTBK1","Inh ENOX2 SPHKAP",0.0164502772190173,5.40090406101384,0.146184083934918,0.70245257265447,0.908953823146004,0.902492900914472,"gpath_3neocort"
"3293","ZNF318","Inh ENOX2 SPHKAP",0.00085077270178374,5.94047464242865,0.000532348229260624,0.981606105313517,0.99819758693135,0.997958873458634,"gpath_3neocort"
"3294","ABCC10","Inh ENOX2 SPHKAP",-0.0132653007663553,5.01191705543108,0.0790713365513663,0.778734291264603,0.944495130113347,0.937745300208652,"gpath_3neocort"
"3295","POLR1C","Inh ENOX2 SPHKAP",-0.0951246833415892,4.68133994237264,2.08275364391516,0.149910026541119,0.491068244107327,0.460097419684082,"gpath_3neocort"
"3296","YIPF3","Inh ENOX2 SPHKAP",-0.0758784587220543,4.57558384813448,1.03614450879008,0.309457876331866,0.666017848137846,0.640977926269671,"gpath_3neocort"
"3297","XPO5","Inh ENOX2 SPHKAP",-0.0341060706621959,5.66938763844998,0.692427460196908,0.405935503784363,0.737250084133714,0.720435271329314,"gpath_3neocort"
"3298","POLH","Inh ENOX2 SPHKAP",-0.0149795339805434,4.57511904653858,0.0640134957088707,0.800417262100123,0.952177907887809,0.946888799177558,"gpath_3neocort"
"3299","VEGFA","Inh ENOX2 SPHKAP",0.0313322760293705,4.07418219157112,0.116194628779506,0.733413624546303,0.924814619144954,0.917298345285912,"gpath_3neocort"
"3300","AL109615.3","Inh ENOX2 SPHKAP",-0.180712188779456,3.97560799124791,2.98723719857939,0.084849011815263,0.385562145150271,0.351207643730116,"gpath_3neocort"
"3301","TMEM63B","Inh ENOX2 SPHKAP",0.0206600475962996,5.82216418759373,0.314944044995998,0.57503901081738,0.845880647634387,0.834136577279236,"gpath_3neocort"
"3302","SLC29A1","Inh ENOX2 SPHKAP",-0.0570969911554333,5.07184652005671,0.981660546607672,0.32250763758866,0.673714976952421,0.652517551148028,"gpath_3neocort"
"3303","HSP90AB1","Inh ENOX2 SPHKAP",-0.00865259841771536,8.45954033431318,0.040003049852025,0.841596545676926,0.96656058046962,0.962864644044696,"gpath_3neocort"
"3304","CDC5L","Inh ENOX2 SPHKAP",0.0971311433566982,5.86414944896177,7.78862943800756,0.00556033793213679,0.119887723524239,0.0875443055534799,"gpath_3neocort"
"3305","SUPT3H","Inh ENOX2 SPHKAP",0.0331119123815402,8.28259939725237,1.83798692597817,0.176104591396142,0.526359958634965,0.496665022859018,"gpath_3neocort"
"3306","RUNX2","Inh ENOX2 SPHKAP",0.0368501580439535,5.9179512003338,0.437472271312349,0.508801802557723,0.805775240414231,0.792975852997003,"gpath_3neocort"
"3307","CLIC5","Inh ENOX2 SPHKAP",-0.032064971511828,4.24960306600881,0.125179163908736,0.723707384750496,0.91947322843822,0.912412166352875,"gpath_3neocort"
"3308","ENPP4","Inh ENOX2 SPHKAP",0.118537792262233,4.62146996188036,3.27976512585864,0.0710388003992679,0.355486042285751,0.322080666612132,"gpath_3neocort"
"3309","RCAN2","Inh ENOX2 SPHKAP",0.00809447291839563,8.22714608039219,0.117592894950805,0.731876086390734,0.9242271764306,0.916472733013294,"gpath_3neocort"
"3310","CYP39A1","Inh ENOX2 SPHKAP",0.2380676635818,3.24776642409975,1.59897171648591,0.206934805226831,0.563128692661964,0.535429954862901,"gpath_3neocort"
"3311","SLC25A27","Inh ENOX2 SPHKAP",0.0340546475534465,6.02462705512192,0.920252585467183,0.37207010911488,0.71647591903514,0.695221903574685,"gpath_3neocort"
"3312","TNFRSF21","Inh ENOX2 SPHKAP",-0.0581283291660303,5.2809823863228,1.50022187677856,0.221501820025429,0.579354935627893,0.552206979396908,"gpath_3neocort"
"3313","CD2AP","Inh ENOX2 SPHKAP",0.116788279347647,6.36124660586413,9.11554580326827,0.0027299214917291,0.0852050496360834,0.0591468005803427,"gpath_3neocort"
"3314","PTCHD4","Inh ENOX2 SPHKAP",0.068945341058681,7.94093957930445,4.40982140651246,0.036483585876239,0.27089218172312,0.231837641260881,"gpath_3neocort"
"3315","MUT","Inh ENOX2 SPHKAP",-0.036144156991455,4.91060480735583,0.482909217999513,0.487591472611912,0.793609520356811,0.779107689894812,"gpath_3neocort"
"3316","EFHC1","Inh ENOX2 SPHKAP",0.0378114758111443,5.37339638286638,0.56864447712823,0.451330273376571,0.768796861469878,0.754261421351146,"gpath_3neocort"
"3317","TMEM14A","Inh ENOX2 SPHKAP",-0.117544594871806,5.54241046954139,4.80151540450335,0.0291262295415964,0.245302460871195,0.206765817705856,"gpath_3neocort"
"3318","GSTA4","Inh ENOX2 SPHKAP",-0.00106951551779771,6.79054073689574,0.00143635486465759,0.969790673582834,0.995943372722374,0.996338192722254,"gpath_3neocort"
"3319","ICK","Inh ENOX2 SPHKAP",0.0544720838399052,4.89781634005441,1.10517524876858,0.293894455062743,0.650922557064796,0.62637426611361,"gpath_3neocort"
"3320","FBXO9","Inh ENOX2 SPHKAP",0.00212259445009131,6.01834077266301,0.00395265418744535,0.94990758594239,0.994776274703702,0.992907645687168,"gpath_3neocort"
"3321","ELOVL5","Inh ENOX2 SPHKAP",0.355455872982795,5.09891015892538,19.9372512350552,1.09674436189804e-05,0.00528048375495076,0.00218646056696717,"gpath_3neocort"
"3322","GCLC","Inh ENOX2 SPHKAP",-0.0398543649334283,5.05945681921806,0.672231604143423,0.412860352543142,0.740820732092338,0.725500954648461,"gpath_3neocort"
"3323","MLIP","Inh ENOX2 SPHKAP",-0.170761425992788,3.4260223533849,1.58519411866932,0.208894833047547,0.56537462040495,0.537733028864607,"gpath_3neocort"
"3324","HMGCLL1","Inh ENOX2 SPHKAP",0.071614850527556,7.0860797337199,4.11013060504409,0.0434221857037075,0.286045634981411,0.252626158618123,"gpath_3neocort"
"3325","COL21A1","Inh ENOX2 SPHKAP",-0.0549518310493686,7.01504527317172,1.94042357091924,0.164550574691563,0.513423100399372,0.48090253207708,"gpath_3neocort"
"3326","DST","Inh ENOX2 SPHKAP",0.0507955407165975,9.40911178357475,6.90493589361762,0.0089931435678676,0.142630671113835,0.113265503738975,"gpath_3neocort"
"3327","AL512422.1","Inh ENOX2 SPHKAP",-0.162194015504823,3.79774618270962,2.09824942342986,0.148407615431665,0.488571115305461,0.45790062661899,"gpath_3neocort"
"3328","BEND6","Inh ENOX2 SPHKAP",-0.0602742260905988,6.83378289506431,3.21332527666757,0.0739472909195157,0.36258747178965,0.328732748768025,"gpath_3neocort"
"3329","KIAA1586","Inh ENOX2 SPHKAP",0.0532201169731911,5.01991006686935,0.889890261156025,0.346190062914837,0.695623287833186,0.673234795931645,"gpath_3neocort"
"3330","ZNF451","Inh ENOX2 SPHKAP",-0.00406612394219609,6.95656035528185,0.0178358256597362,0.893838331153409,0.98246587773482,0.979558034514866,"gpath_3neocort"
"3331","ZNF451-AS1","Inh ENOX2 SPHKAP",-0.318232116223118,3.73523246960082,6.36454268914878,0.012107019373225,0.161063052809379,0.132090049771844,"gpath_3neocort"
"3332","BAG2","Inh ENOX2 SPHKAP",-0.0470750246468683,4.64189113683031,0.464904408488656,0.495814104679193,0.798222213784063,0.784468221034458,"gpath_3neocort"
"3333","RAB23","Inh ENOX2 SPHKAP",0.148029856980117,4.49056621749664,5.18050753692486,0.0234753666634516,0.220988998027586,0.185422984238409,"gpath_3neocort"
"3334","PRIM2","Inh ENOX2 SPHKAP",0.0738089461396074,5.96772092872016,2.28495237774556,0.131581304840447,0.462574053886986,0.432785265987605,"gpath_3neocort"
"3335","AL021368.2","Inh ENOX2 SPHKAP",-0.0163452308044161,4.48880424212423,0.0616814840332282,0.804010648269183,0.952559922311815,0.948293184296693,"gpath_3neocort"
"3336","AL445250.1","Inh ENOX2 SPHKAP",0.0757612898524606,6.72177005165203,1.70684863825587,0.192295201420563,0.54568240803677,0.517453237921094,"gpath_3neocort"
"3337","KHDRBS2","Inh ENOX2 SPHKAP",0.070680199750089,9.57650605212222,5.37757905256051,0.0210012118922784,0.211052426632618,0.175604024036912,"gpath_3neocort"
"3338","PTP4A1","Inh ENOX2 SPHKAP",0.0104162151107201,4.16744026338697,0.0179908116710553,0.893380833833022,0.98246587773482,0.979430954877023,"gpath_3neocort"
"3339","PHF3","Inh ENOX2 SPHKAP",0.0962476415648869,7.33394519070086,13.5513657629522,0.000270639871408524,0.0269734272847009,0.0156628711711591,"gpath_3neocort"
"3340","EYS","Inh ENOX2 SPHKAP",-0.373098768555839,4.45806965099793,16.8264337928235,5.15257615712636e-05,0.0118626731524146,0.00569433491799497,"gpath_3neocort"
"3341","AL391807.1","Inh ENOX2 SPHKAP",-0.218369306181233,6.00490041236139,17.8424226799964,3.1000368119471e-05,0.00914792681052754,0.00417913096581897,"gpath_3neocort"
"3342","ADGRB3","Inh ENOX2 SPHKAP",0.0733385458502168,11.1345987458097,8.16229763004666,0.00454551034761212,0.109564801398631,0.0783009153201195,"gpath_3neocort"
"3343","LMBRD1","Inh ENOX2 SPHKAP",-0.00451336893659983,7.68276569689235,0.0402647298697233,0.875560516135746,0.976948901017904,0.974086168515208,"gpath_3neocort"
"3344","COL19A1","Inh ENOX2 SPHKAP",0.0665123344848543,8.67483538670071,4.2259146684811,0.0405894546204686,0.280430949782014,0.244354110272925,"gpath_3neocort"
"3345","COL9A1","Inh ENOX2 SPHKAP",0.0102510378996489,4.83082356392268,0.0310714960612756,0.86018798736328,0.971842687824892,0.969299373789611,"gpath_3neocort"
"3346","AL160262.1","Inh ENOX2 SPHKAP",0.030270386690888,4.270648859461,0.138211600236049,0.71030157978044,0.913365480509959,0.906296121197107,"gpath_3neocort"
"3347","FAM135A","Inh ENOX2 SPHKAP",-0.00327563108434655,7.71012166287893,0.0162955642136507,0.898499684443116,0.984621854440005,0.980848275900976,"gpath_3neocort"
"3348","SMAP1","Inh ENOX2 SPHKAP",0.0524972510671387,7.35628319990054,4.3341409067569,0.0381175723280152,0.273876430580498,0.236920264733216,"gpath_3neocort"
"3349","B3GAT2","Inh ENOX2 SPHKAP",0.168270930592544,7.8951957790125,18.8986846270724,1.83327993688192e-05,0.00647735723387764,0.0030515366757076,"gpath_3neocort"
"3350","OGFRL1","Inh ENOX2 SPHKAP",0.0396564668675712,6.18877030262381,1.10655199277443,0.293594449024608,0.650922557064796,0.62608358298746,"gpath_3neocort"
"3351","RIMS1","Inh ENOX2 SPHKAP",-0.0345958942053845,8.96501536400416,2.08159130980738,0.150023416124389,0.491068244107327,0.460282936138581,"gpath_3neocort"
"3352","KCNQ5","Inh ENOX2 SPHKAP",0.069889961956643,10.7666322763943,6.39145652933237,0.0119282791003077,0.160541254450746,0.131154259888608,"gpath_3neocort"
"3353","KHDC1","Inh ENOX2 SPHKAP",0.0275092471312042,5.27122250725762,0.370801683463232,0.816969715277933,0.958281268053061,0.953489550082196,"gpath_3neocort"
"3354","AC019205.1","Inh ENOX2 SPHKAP",-0.0571645096200985,5.98325977680901,2.5779318416411,0.109309800038319,0.427094112662848,0.396394111539847,"gpath_3neocort"
"3355","OOEP","Inh ENOX2 SPHKAP",-0.19502397397333,4.57972505785547,3.70893809062271,0.0549718508301642,0.316971947122947,0.284574013875395,"gpath_3neocort"
"3356","MTO1","Inh ENOX2 SPHKAP",0.0115858954526255,5.01424308275984,0.0518900080462772,0.845266916633025,0.967882360574424,0.964461693908176,"gpath_3neocort"
"3357","EEF1A1","Inh ENOX2 SPHKAP",-0.0326837384758548,6.62452754874454,0.275275284125748,0.60016346179911,0.858451551027953,0.848632424923743,"gpath_3neocort"
"3358","SLC17A5","Inh ENOX2 SPHKAP",0.029429037128744,5.87468535491787,0.495390340096038,0.482023827329156,0.788368832806739,0.775290593858655,"gpath_3neocort"
"3359","COX7A2","Inh ENOX2 SPHKAP",-0.0670720035024386,4.58340364230539,0.634197782780272,0.426386344161369,0.75043380073078,0.736108356749215,"gpath_3neocort"
"3360","TMEM30A","Inh ENOX2 SPHKAP",0.0800647284262772,5.99105545133026,4.3687541974462,0.0373608938605865,0.273138426737531,0.234680869660442,"gpath_3neocort"
"3361","SENP6","Inh ENOX2 SPHKAP",0.0227194651917858,8.08563196241405,1.22975394325663,0.268254102083856,0.627643903650637,0.602038788458701,"gpath_3neocort"
"3362","MYO6","Inh ENOX2 SPHKAP",-0.0231087224454365,7.24969789565415,0.627358016260377,0.428889208281268,0.752120135105887,0.738109968974805,"gpath_3neocort"
"3363","IRAK1BP1","Inh ENOX2 SPHKAP",0.139509103528099,6.78800405656807,12.9567626683036,0.000367150668062117,0.0328010385833843,0.018792821185996,"gpath_3neocort"
"3364","PHIP","Inh ENOX2 SPHKAP",0.0038436853024812,7.93489357100459,0.0316977549215742,0.85880075195716,0.97158870817798,0.968824168242454,"gpath_3neocort"
"3365","HMGN3","Inh ENOX2 SPHKAP",-0.0285154438576893,5.97939723302116,0.472385523317799,0.492369534200278,0.795973859075695,0.782088551196224,"gpath_3neocort"
"3366","SH3BGRL2","Inh ENOX2 SPHKAP",-0.00663506461001382,5.70057380129936,0.0233787231783565,0.878568815006773,0.978266576276527,0.975072871441715,"gpath_3neocort"
"3367","ELOVL4","Inh ENOX2 SPHKAP",-0.0566634020010824,5.89407432399392,2.11474371752704,0.291302598944007,0.648389647660969,0.623999974347893,"gpath_3neocort"
"3368","BCKDHB","Inh ENOX2 SPHKAP",-0.0777420538981043,6.24818997666738,3.39418238122073,0.0663145333219471,0.344963101222821,0.311643614681313,"gpath_3neocort"
"3369","TENT5A","Inh ENOX2 SPHKAP",-0.177881949143634,4.60845032456566,3.29896055739043,0.0702216123190423,0.353759990048026,0.320225026928255,"gpath_3neocort"
"3370","IBTK","Inh ENOX2 SPHKAP",-0.0384163755568228,6.8324542099022,1.78140316682648,0.182887784654497,0.534983853098676,0.505611521082977,"gpath_3neocort"
"3371","UBE3D","Inh ENOX2 SPHKAP",0.0282138112777695,6.92515867991094,0.729843861753161,0.393547176227824,0.730530385456833,0.711576058109888,"gpath_3neocort"
"3372","DOPEY1","Inh ENOX2 SPHKAP",0.0220948621788123,7.67831942731788,0.905212991819633,0.342076903630149,0.691302312324829,0.66968755660962,"gpath_3neocort"
"3373","PGM3","Inh ENOX2 SPHKAP",0.0479847738060255,5.71051237959188,1.56849917563036,0.368442946576033,0.71372536577629,0.692581089399333,"gpath_3neocort"
"3374","RWDD2A","Inh ENOX2 SPHKAP",-0.113594005641415,4.2449553252147,2.1221340920347,0.146125166367892,0.485277968276954,0.454816842824795,"gpath_3neocort"
"3375","ME1","Inh ENOX2 SPHKAP",0.066685393178775,7.1031633971086,4.88197164651822,0.0278178118422989,0.239568908909234,0.201839172031573,"gpath_3neocort"
"3376","SNAP91","Inh ENOX2 SPHKAP",0.0323488560785857,8.81348287561646,2.71929189135455,0.100083787290462,0.412621271547029,0.379767399207493,"gpath_3neocort"
"3377","CYB5R4","Inh ENOX2 SPHKAP",-0.0577527440884789,5.89554233272913,2.15230775176679,0.211223941303463,0.568038976594532,0.540339486466992,"gpath_3neocort"
"3378","MRAP2","Inh ENOX2 SPHKAP",-0.0250236351853066,4.47570608649352,0.112830806756485,0.737155306186551,0.926779993766087,0.919191181903205,"gpath_3neocort"
"3379","CEP162","Inh ENOX2 SPHKAP",0.0430187875314721,5.36907900255078,0.726322936946727,0.394689393092994,0.730978567885048,0.712368318955177,"gpath_3neocort"
"3380","SNX14","Inh ENOX2 SPHKAP",0.0231723432763547,6.55168661280373,0.569980522563891,0.450799583563227,0.768134093567577,0.753814361935859,"gpath_3neocort"
"3381","HTR1E","Inh ENOX2 SPHKAP",0.0878391042802571,7.62246964129376,6.31260936676118,0.0124597775720685,0.163963937833518,0.134094279594778,"gpath_3neocort"
"3382","ZNF292","Inh ENOX2 SPHKAP",0.0219408403897408,8.31717798893646,1.4055807558531,0.236635618742685,0.596983848527529,0.569149374580456,"gpath_3neocort"
"3383","SMIM8","Inh ENOX2 SPHKAP",-0.0663841734827454,5.33507962961261,1.79247293114545,0.181537216434753,0.53332582925916,0.503858074838903,"gpath_3neocort"
"3384","SLC35A1","Inh ENOX2 SPHKAP",0.00313732111176851,4.4308880212525,0.00203526735081944,0.964043498470789,0.995700592042286,0.995530167424414,"gpath_3neocort"
"3385","RARS2","Inh ENOX2 SPHKAP",0.0243851935820783,5.96993469857795,0.472078283559519,0.492510205521981,0.796027283215444,0.782156475642978,"gpath_3neocort"
"3386","ORC3","Inh ENOX2 SPHKAP",-0.0848194120640967,6.55965333504,7.42395022547369,0.00677554972661723,0.12543783885513,0.0976162860737888,"gpath_3neocort"
"3387","CNR1","Inh ENOX2 SPHKAP",0.0817261511079636,6.37304518561781,4.48546245540884,0.0349239179682411,0.267155627002931,0.226799033996045,"gpath_3neocort"
"3388","RNGTT","Inh ENOX2 SPHKAP",0.0226360019776767,7.0940386286277,0.682442049656613,0.409337792226744,0.739267696718106,0.723030868684597,"gpath_3neocort"
"3389","PNRC1","Inh ENOX2 SPHKAP",0.0953238660042336,5.03262147156584,2.70662674798937,0.10087444205569,0.412888834093168,0.381154114073447,"gpath_3neocort"
"3390","SRSF12","Inh ENOX2 SPHKAP",-0.0424236156796327,5.33925904222794,0.800543359856925,0.371576373086335,0.716233317718672,0.69484165765547,"gpath_3neocort"
"3391","PM20D2","Inh ENOX2 SPHKAP",-0.0375592330049791,4.98519575371014,0.47232899152692,0.492395412515094,0.795973859075695,0.782100393937979,"gpath_3neocort"
"3392","UBE2J1","Inh ENOX2 SPHKAP",0.0775302533477657,5.40869851640036,3.27091324570885,0.0714190856823988,0.35610806778044,0.322838300983724,"gpath_3neocort"
"3393","RRAGD","Inh ENOX2 SPHKAP",0.0769082455077737,5.03211477230488,2.42716216194932,0.120197226743914,0.44640754921138,0.414682058158367,"gpath_3neocort"
"3394","ANKRD6","Inh ENOX2 SPHKAP",-0.0285796728338081,6.61458480149159,0.621872015497846,0.430912799413059,0.753903852081274,0.739436340719839,"gpath_3neocort"
"3395","LYRM2","Inh ENOX2 SPHKAP",-0.137668014876116,5.25523922891517,7.57080998697659,0.00625635828381322,0.123857366202723,0.0937766184602041,"gpath_3neocort"
"3396","MDN1","Inh ENOX2 SPHKAP",0.00732538032386233,7.07589805002359,0.0695771250613994,0.844080609632934,0.967359888973227,0.964010468749652,"gpath_3neocort"
"3397","CASP8AP2","Inh ENOX2 SPHKAP",0.0213004785331469,5.81844612063787,0.293909915961791,0.588087911891854,0.851588997986641,0.841887578287745,"gpath_3neocort"
"3398","BACH2","Inh ENOX2 SPHKAP",-0.0116695730411162,7.87336944197593,0.0589640383641623,0.808290181242915,0.954262850735726,0.949947774973862,"gpath_3neocort"
"3399","MAP3K7","Inh ENOX2 SPHKAP",0.000994595252045442,6.20175588822789,0.000863929767832201,0.97656899387498,0.997368972015209,0.997305921997043,"gpath_3neocort"
"3400","EPHA7","Inh ENOX2 SPHKAP",0.0932944901209593,7.44200378244806,5.8080119316627,0.0164943704921104,0.185690381331989,0.155235296253029,"gpath_3neocort"
"3401","FUT9","Inh ENOX2 SPHKAP",0.143828949656721,8.45848008208954,15.6262736037936,9.42582537075394e-05,0.0178754319593295,0.0082422910271916,"gpath_3neocort"
"3402","UFL1","Inh ENOX2 SPHKAP",-0.0264979894072297,5.20835321768682,0.285688355635121,0.59335309028795,0.85343611858588,0.844796872083631,"gpath_3neocort"
"3403","NDUFAF4","Inh ENOX2 SPHKAP",0.0424904249799014,4.26862417128984,0.30818617259398,0.579167595672392,0.847855388854142,0.836574281416511,"gpath_3neocort"
"3404","KLHL32","Inh ENOX2 SPHKAP",-0.0149876849916541,7.97282121591015,0.317915473812402,0.573242096551624,0.845326168242279,0.833180245938961,"gpath_3neocort"
"3405","AL589740.1","Inh ENOX2 SPHKAP",0.278185698314631,5.0961084720726,5.49875734884236,0.0196160225110707,0.202352571200007,0.169810423441264,"gpath_3neocort"
"3406","FBXL4","Inh ENOX2 SPHKAP",-0.105407452145046,6.21335266751184,7.44829504900082,0.00668651884915997,0.124723855270869,0.0969784380318653,"gpath_3neocort"
"3407","FAXC","Inh ENOX2 SPHKAP",0.0156376696199846,6.68202977225314,0.26350998372062,0.843074296239495,0.967020502878925,0.963580292663261,"gpath_3neocort"
"3408","COQ3","Inh ENOX2 SPHKAP",-0.0566351568263208,4.44389246420613,0.663072159889596,0.41605861733939,0.742183333147276,0.728008857670784,"gpath_3neocort"
"3409","PNISR","Inh ENOX2 SPHKAP",0.108439489368106,8.9538552902296,16.0216766573368,7.72148219950424e-05,0.0159982539699515,0.00726777021224245,"gpath_3neocort"
"3410","USP45","Inh ENOX2 SPHKAP",0.0101980708352709,5.6223769084721,0.0455574135081597,0.831112808005314,0.962916920097718,0.95905481300363,"gpath_3neocort"
"3411","CCNC","Inh ENOX2 SPHKAP",-0.0509482744174897,5.78324535425583,1.62936110599197,0.202679774743851,0.556754766278031,0.530356311550246,"gpath_3neocort"
"3412","ASCC3","Inh ENOX2 SPHKAP",0.0397037874932139,7.67869243282188,2.56278704198619,0.110352548828442,0.428153428105986,0.39796906842062,"gpath_3neocort"
"3413","GRIK2","Inh ENOX2 SPHKAP",0.0120082785448968,11.7259939400102,0.223894655792866,0.63639789334981,0.877421433434316,0.868714213595375,"gpath_3neocort"
"3414","HACE1","Inh ENOX2 SPHKAP",-0.00270449986077351,6.38669912711496,0.006674614125568,0.934935639940996,0.993269159402148,0.990069067949542,"gpath_3neocort"
"3415","PREP","Inh ENOX2 SPHKAP",-0.0270152947392589,6.68221236418752,0.690009346826042,0.406755597009599,0.737250084133714,0.721072601362393,"gpath_3neocort"
"3416","ATG5","Inh ENOX2 SPHKAP",-0.0620615429312857,6.81416676708796,3.29915387966081,0.0702134338293586,0.353759990048026,0.32021798092372,"gpath_3neocort"
"3417","PRDM1","Inh ENOX2 SPHKAP",-0.00149727698139453,4.92939594608531,0.000473276895296795,0.982656460704677,0.998198786643165,0.997995743215316,"gpath_3neocort"
"3418","CRYBG1","Inh ENOX2 SPHKAP",-0.047386741583461,4.56602017112255,0.364867702139753,0.546225940639803,0.830389902379284,0.817179971299246,"gpath_3neocort"
"3419","RTN4IP1","Inh ENOX2 SPHKAP",-0.0603401667524407,4.76575218596131,0.878505240031534,0.349289805974603,0.697963259329592,0.675936680510828,"gpath_3neocort"
"3420","QRSL1","Inh ENOX2 SPHKAP",-0.0882505929487589,4.93754550515287,2.70658200621995,0.10087724729927,0.412888834093168,0.381154114073447,"gpath_3neocort"
"3421","C6orf203","Inh ENOX2 SPHKAP",-0.133568631206141,4.80492184063059,5.40429379168974,0.0206873339219343,0.208830069407503,0.174190232975425,"gpath_3neocort"
"3422","PDSS2","Inh ENOX2 SPHKAP",0.00377419513149629,6.67150542924169,0.0129003972972769,0.909639165230315,0.98763781133435,0.983797495976608,"gpath_3neocort"
"3423","SOBP","Inh ENOX2 SPHKAP",-0.029278099375061,8.35446101721216,1.98750815741922,0.159533734371003,0.505393997937379,0.473946994449586,"gpath_3neocort"
"3424","SCML4","Inh ENOX2 SPHKAP",0.0382533671693247,3.93901710536954,0.11365005954462,0.736238361864467,0.926170929832861,0.918723340810271,"gpath_3neocort"
"3425","SEC63","Inh ENOX2 SPHKAP",-0.0239129834395046,6.30529435231236,0.617371527563448,0.432583714425036,0.755091897933245,0.740437031437576,"gpath_3neocort"
"3426","OSTM1","Inh ENOX2 SPHKAP",-0.0749988644956656,5.23839648396138,2.21013357543933,0.13805176155236,0.473649562449172,0.44279382941572,"gpath_3neocort"
"3427","SNX3","Inh ENOX2 SPHKAP",-0.0462350528230499,5.87900055104529,0.921720105022585,0.337719397494348,0.687987569657411,0.66605921225404,"gpath_3neocort"
"3428","AFG1L","Inh ENOX2 SPHKAP",-0.00806385722252148,6.18621646709471,0.042388259989912,0.837007098514997,0.964409807647727,0.961268029816037,"gpath_3neocort"
"3429","FOXO3","Inh ENOX2 SPHKAP",-0.0183892091969145,7.50924290872087,0.446045211279494,0.504681037128609,0.80219023236465,0.790075440335133,"gpath_3neocort"
"3430","ARMC2","Inh ENOX2 SPHKAP",-0.0102126162862621,6.56157079824349,0.0960784956609321,0.756780972014085,0.933938848735653,0.927807357678489,"gpath_3neocort"
"3431","SESN1","Inh ENOX2 SPHKAP",0.0688285374989561,7.18902085304418,6.24421458051841,0.0129406142228082,0.167846191123169,0.136626523646369,"gpath_3neocort"
"3432","CEP57L1","Inh ENOX2 SPHKAP",-0.0327247041950621,5.170519920593,0.410143740001342,0.522336416187587,0.814712541151888,0.802047956102062,"gpath_3neocort"
"3433","CD164","Inh ENOX2 SPHKAP",0.065654985370815,4.43345335066958,0.915003938604026,0.339483230196021,0.689301020777492,0.667416224981333,"gpath_3neocort"
"3434","PPIL6","Inh ENOX2 SPHKAP",-0.0346637337708408,4.42588698464233,0.253279168471876,0.615107813481112,0.865943662026696,0.857027007529593,"gpath_3neocort"
"3435","MICAL1","Inh ENOX2 SPHKAP",-0.0869066530275536,4.99589387212201,2.57213449705381,0.10970766774023,0.427094112662848,0.396855015633984,"gpath_3neocort"
"3436","AK9","Inh ENOX2 SPHKAP",0.0889594013765296,5.9885504578603,4.74859504934157,0.0300218295995764,0.248177059966617,0.210162202818604,"gpath_3neocort"
"3437","FIG4","Inh ENOX2 SPHKAP",0.00166629544102695,5.8804296978667,0.00207993899158656,0.963651310924874,0.995700592042286,0.995452744554919,"gpath_3neocort"
"3438","WASF1","Inh ENOX2 SPHKAP",0.0622298454099851,6.77453709054447,4.89189584945562,0.0276607320556312,0.239218657866551,0.201294212412911,"gpath_3neocort"
"3439","CDC40","Inh ENOX2 SPHKAP",-0.0874291801961551,5.56945646661044,3.99947483826005,0.0463252876221115,0.295426097487964,0.261169057753572,"gpath_3neocort"
"3440","METTL24","Inh ENOX2 SPHKAP",-0.0333402016057471,5.63150831563177,0.403581132717284,0.525681305421789,0.816310724317874,0.804168140437816,"gpath_3neocort"
"3441","CDK19","Inh ENOX2 SPHKAP",-0.023276156177455,6.17376145707933,0.365299409865879,0.545988744836554,0.830389902379284,0.817107300360526,"gpath_3neocort"
"3442","AMD1","Inh ENOX2 SPHKAP",0.0140694210175984,5.93333322796139,0.105138580464152,0.745951478998694,0.929440366992011,0.923203995894931,"gpath_3neocort"
"3443","RPF2","Inh ENOX2 SPHKAP",0.0578994649715455,4.80511813458822,0.9639771375389,0.326898737047369,0.677883283936815,0.656422077083516,"gpath_3neocort"
"3444","SLC16A10","Inh ENOX2 SPHKAP",0.039063686667194,6.35541761472461,1.18470832310313,0.277185652255964,0.635743398069418,0.610630856083072,"gpath_3neocort"
"3445","REV3L","Inh ENOX2 SPHKAP",0.087680188914287,8.93673613288253,18.7684591235863,1.95563731722129e-05,0.00647735723387764,0.00318493480077314,"gpath_3neocort"
"3446","TRAF3IP2-AS1","Inh ENOX2 SPHKAP",0.0446488678760258,8.61611954691471,2.78512981417133,0.0960816298126665,0.406189621214504,0.372627003227115,"gpath_3neocort"
"3447","TRAF3IP2","Inh ENOX2 SPHKAP",-0.153929177554973,4.07527890051138,3.1181220593741,0.078341098458636,0.373083040147188,0.337612038461894,"gpath_3neocort"
"3448","FYN","Inh ENOX2 SPHKAP",0.000200282954949331,7.44963476401315,7.32674862265325e-05,0.993175595478366,0.998951897108485,0.999193584560602,"gpath_3neocort"
"3449","TUBE1","Inh ENOX2 SPHKAP",0.0109852301718277,5.9498585600113,0.0889789751656957,0.765665010627305,0.936382097623262,0.931855090577381,"gpath_3neocort"
"3450","FAM229B","Inh ENOX2 SPHKAP",-0.0579361081119684,4.71208722013446,0.905197957121343,0.477344051920602,0.785331369758882,0.772001837755014,"gpath_3neocort"
"3451","LAMA4","Inh ENOX2 SPHKAP",0.0508918474500954,5.14182352129317,0.46957194176871,0.493660271594664,0.796248150379289,0.782941953982276,"gpath_3neocort"
"3452","MARCKS","Inh ENOX2 SPHKAP",0.0305387250401545,6.18333632601754,0.356879359833148,0.550649959076385,0.83277361414596,0.819735870586774,"gpath_3neocort"
"3453","HDAC2","Inh ENOX2 SPHKAP",0.12907146537013,5.15073771140965,7.84145439964481,0.00540383930523023,0.119243909094523,0.0861966896978679,"gpath_3neocort"
"3454","HDAC2-AS2","Inh ENOX2 SPHKAP",0.014747865303242,4.55760653196296,0.0341311861261868,0.853540366262907,0.970401727505604,0.967231900125422,"gpath_3neocort"
"3455","NT5DC1","Inh ENOX2 SPHKAP",-0.123394257015428,5.29265985407591,4.19229620045644,0.0413912748265489,0.280688185418477,0.246793062627676,"gpath_3neocort"
"3456","TSPYL4","Inh ENOX2 SPHKAP",0.114851647482166,6.14969858298808,4.88362468610379,0.0277915830181145,0.239568908909234,0.201721422626306,"gpath_3neocort"
"3457","DSE","Inh ENOX2 SPHKAP",0.0562174352934333,6.05958849894026,1.70625042314677,0.192372941752951,0.54568240803677,0.51754413461436,"gpath_3neocort"
"3458","TSPYL1","Inh ENOX2 SPHKAP",0.0747618517665352,7.17475143568164,3.48433163347371,0.0628299318389322,0.335964419011499,0.303523474601176,"gpath_3neocort"
"3459","RWDD1","Inh ENOX2 SPHKAP",0.0187365511813274,4.93561038715314,0.108041468081228,0.742591351414615,0.928690141752682,0.921589338843364,"gpath_3neocort"
"3460","ZUP1","Inh ENOX2 SPHKAP",-0.0676254320170952,4.71864609420644,1.34004533296738,0.247854531922932,0.605217510497873,0.580953049932447,"gpath_3neocort"
"3461","KPNA5","Inh ENOX2 SPHKAP",0.0717579599162728,6.48711543480975,5.23808814723982,0.0227225527137459,0.216739029984882,0.182505774482509,"gpath_3neocort"
"3462","GOPC","Inh ENOX2 SPHKAP",-0.0773750833909496,5.33317595522973,2.8631163382415,0.0915659846035053,0.397889137915634,0.364155661085568,"gpath_3neocort"
"3463","NUS1","Inh ENOX2 SPHKAP",-0.0722600910660143,5.74196648848047,3.3752554786705,0.0670721255617795,0.34723464046816,0.313418769142386,"gpath_3neocort"
"3464","SLC35F1","Inh ENOX2 SPHKAP",0.0743982408818926,9.2297620758107,10.0227581232999,0.00168882650728442,0.068549266569183,0.0449658852488853,"gpath_3neocort"
"3465","CEP85L","Inh ENOX2 SPHKAP",-0.0664840990907966,6.71763719687791,4.22302348136458,0.040657762604299,0.280430949782014,0.244603792283276,"gpath_3neocort"
"3466","MCM9","Inh ENOX2 SPHKAP",-0.0258226773624882,4.94765227436425,0.219718364414364,0.639560903815182,0.879170536610988,0.870566751211205,"gpath_3neocort"
"3467","AL365275.1","Inh ENOX2 SPHKAP",0.09873274366009,3.74184857457502,0.792885195308748,0.373871167765523,0.717216387462269,0.696688003154824,"gpath_3neocort"
"3468","FAM184A","Inh ENOX2 SPHKAP",-0.0633811804297116,6.58222695337399,3.64373020466642,0.0571390195734123,0.322796512754178,0.290204878118127,"gpath_3neocort"
"3469","MAN1A1","Inh ENOX2 SPHKAP",0.0601214881206412,7.29912442226815,2.78475328396265,0.0961040138917866,0.406189621214504,0.372687966909305,"gpath_3neocort"
"3470","TBC1D32","Inh ENOX2 SPHKAP",0.076601181599949,7.2791135763827,6.55169755036692,0.010918993180607,0.154726104886612,0.125252588492017,"gpath_3neocort"
"3471","HSF2","Inh ENOX2 SPHKAP",-0.0210181159871389,5.21422860239846,0.203984335102901,0.787335715868257,0.948008961179712,0.941374485531949,"gpath_3neocort"
"3472","SERINC1","Inh ENOX2 SPHKAP",-0.0285684564517239,7.51019217236941,0.731038973947782,0.393160555222797,0.72999619626655,0.711313604290006,"gpath_3neocort"
"3473","PKIB","Inh ENOX2 SPHKAP",-0.0398363626877318,4.35750931338419,0.264239153249076,0.607563145435154,0.860775842704527,0.852526092843445,"gpath_3neocort"
"3474","CLVS2","Inh ENOX2 SPHKAP",0.0545322453873849,7.47961420883407,3.74351631753667,0.0538583346654585,0.315187778228507,0.281421373488704,"gpath_3neocort"
"3475","NKAIN2","Inh ENOX2 SPHKAP",0.0699428516767344,9.71761132403934,2.81551759780282,0.0942937896286746,0.401922427948076,0.369326549584719,"gpath_3neocort"
"3476","RNF217-AS1","Inh ENOX2 SPHKAP",0.0588348112434577,4.0278617598479,0.397314482707318,0.528911187852628,0.818194940001413,0.806474456942294,"gpath_3neocort"
"3477","RNF217","Inh ENOX2 SPHKAP",0.0432968446584814,5.95135173575448,1.17884413213146,0.278375774708519,0.636492907751012,0.61160650184949,"gpath_3neocort"
"3478","HDDC2","Inh ENOX2 SPHKAP",0.0139398574559526,4.65008616470014,0.0408990869993471,0.839856171414741,0.965586705695012,0.962224336201095,"gpath_3neocort"
"3479","NCOA7","Inh ENOX2 SPHKAP",0.00328332715180125,7.07865515901682,0.0154610831566393,0.901118942570873,0.985533466494216,0.98158562512659,"gpath_3neocort"
"3480","HINT3","Inh ENOX2 SPHKAP",-0.010169331822562,5.73390358920678,0.0584833437178946,0.809058000841649,0.954404217104297,0.95025295000989,"gpath_3neocort"
"3481","TRMT11","Inh ENOX2 SPHKAP",0.00732769744783667,6.61573037592205,0.0649258443143476,0.799030409426678,0.9520320723109,0.946406805825977,"gpath_3neocort"
"3482","AC020559.1","Inh ENOX2 SPHKAP",0.115193828557945,5.01488610992686,4.70023748141528,0.0308654401534005,0.250264493100595,0.213118714761698,"gpath_3neocort"
"3483","RSPO3","Inh ENOX2 SPHKAP",0.15016510723359,5.80295948971009,7.47048030366927,0.0066064316408582,0.12419581335652,0.0963318954501072,"gpath_3neocort"
"3484","RNF146","Inh ENOX2 SPHKAP",0.0410482770687625,5.99496104855688,1.08194689020361,0.299016085671985,0.657058572655923,0.631191592121883,"gpath_3neocort"
"3485","ECHDC1","Inh ENOX2 SPHKAP",-0.0450564037786946,5.40715131495267,0.957072626244057,0.32863479539926,0.679446903286699,0.657992395077719,"gpath_3neocort"
"3486","AL096711.2","Inh ENOX2 SPHKAP",0.153262668937609,5.07466085415835,11.0815061056796,0.00096943544392709,0.0518701228184726,0.0329350378999173,"gpath_3neocort"
"3487","PTPRK","Inh ENOX2 SPHKAP",0.160126782108568,8.3098752836877,5.43007731335897,0.020389021585856,0.206454669116676,0.17291513696098,"gpath_3neocort"
"3488","LAMA2","Inh ENOX2 SPHKAP",0.00398831534838686,4.09570517648625,0.00181297507421623,0.966062585935268,0.995700592042286,0.99582868400003,"gpath_3neocort"
"3489","AL356124.1","Inh ENOX2 SPHKAP",0.0889229788768976,4.2336862993404,1.01804313416684,0.313715270668374,0.666629813047172,0.64460316787805,"gpath_3neocort"
"3490","ARHGAP18","Inh ENOX2 SPHKAP",0.185808575116924,5.62557013974284,8.80709111121601,0.00321758288358755,0.0902963173497854,0.0646641650479556,"gpath_3neocort"
"3491","L3MBTL3","Inh ENOX2 SPHKAP",-0.0990404105238939,4.13457206770949,1.14856613646315,0.284624603200853,0.640556855832835,0.617610270033219,"gpath_3neocort"
"3492","EPB41L2","Inh ENOX2 SPHKAP",-0.0153054528741847,8.80618858649312,0.32310700830811,0.570129020994974,0.844012831628012,0.831087239738899,"gpath_3neocort"
"3493","AKAP7","Inh ENOX2 SPHKAP",-0.111324558068905,6.93145983561189,14.30208295737,0.00018447734636067,0.0222197291041148,0.0123871454767726,"gpath_3neocort"
"3494","MED23","Inh ENOX2 SPHKAP",-0.020280503607915,6.40673711268573,0.368834786143936,0.544053453771504,0.829525901218106,0.815952170956095,"gpath_3neocort"
"3495","ENPP1","Inh ENOX2 SPHKAP",0.0219508308592527,5.94177030174133,0.196726757652862,0.65766365502486,0.886317117013643,0.880251204522566,"gpath_3neocort"
"3496","AL133346.1","Inh ENOX2 SPHKAP",-0.0802315252988918,5.97236234319748,1.51974756484123,0.218526177035328,0.576071443413652,0.54880169864827,"gpath_3neocort"
"3497","MOXD1","Inh ENOX2 SPHKAP",-0.0753091744526788,5.89514137782067,2.03785468880469,0.154361757848088,0.498234934678384,0.466598093990706,"gpath_3neocort"
"3498","STX7","Inh ENOX2 SPHKAP",0.0429625019684285,7.25626221584626,2.65495309475488,0.104172140349091,0.417116900789247,0.387220627497422,"gpath_3neocort"
"3499","SLC18B1","Inh ENOX2 SPHKAP",-0.0654721544134272,5.25520703363819,1.56278309351018,0.212134851896856,0.568967016449866,0.541346791049309,"gpath_3neocort"
"3500","RPS12","Inh ENOX2 SPHKAP",-0.159765680387694,4.52947766304927,2.72509569948592,0.0997237431649833,0.412064423542748,0.379056425819201,"gpath_3neocort"
"3501","TBPL1","Inh ENOX2 SPHKAP",0.00875005312501403,5.04605825004494,0.0271118389822408,0.869313950204874,0.975353657232319,0.972134269064849,"gpath_3neocort"
"3502","SGK1","Inh ENOX2 SPHKAP",0.0176051917615928,5.90875081786181,0.135631633962748,0.712896670521704,0.914520657340325,0.907426768892741,"gpath_3neocort"
"3503","ALDH8A1","Inh ENOX2 SPHKAP",0.0107351864917074,4.6430292829518,0.0259014863368609,0.872238606044884,0.976314648400069,0.973096631576537,"gpath_3neocort"
"3504","HBS1L","Inh ENOX2 SPHKAP",-0.0229848073856003,6.04616125982745,0.39874001982672,0.528173336697567,0.817833034307666,0.805944528335789,"gpath_3neocort"
"3505","AHI1","Inh ENOX2 SPHKAP",-0.0406491060555295,9.74694598913798,2.49264744198175,0.115327363796253,0.438694479940592,0.406413194282034,"gpath_3neocort"
"3506","LINC00271","Inh ENOX2 SPHKAP",-0.180532782654169,4.81922921963407,4.5976494336907,0.0327384443827963,0.258771892369862,0.219652986829045,"gpath_3neocort"
"3507","PDE7B","Inh ENOX2 SPHKAP",-0.0572746255527696,6.64194553492809,0.73780514512336,0.390981960866814,0.7281281956246,0.709829358867667,"gpath_3neocort"
"3508","AL138828.1","Inh ENOX2 SPHKAP",-0.131175552854826,3.57472812018501,1.22086321004091,0.26998798486577,0.629584050915439,0.603881630346087,"gpath_3neocort"
"3509","BCLAF1","Inh ENOX2 SPHKAP",0.0744267226793821,7.04789243152685,8.01308394775792,0.00492582597119318,0.114755247147079,0.0817915283989653,"gpath_3neocort"
"3510","AL023284.4","Inh ENOX2 SPHKAP",0.0908074007516673,3.98871411060976,1.02349595879115,0.312424763410177,0.66620805586772,0.643462457669755,"gpath_3neocort"
"3511","MAP7","Inh ENOX2 SPHKAP",0.0145344832553051,8.3880786587333,0.288958367743162,0.591247378991258,0.852390391727358,0.843640137928496,"gpath_3neocort"
"3512","MAP3K5","Inh ENOX2 SPHKAP",0.0282467020748818,8.90869326673267,1.21084788112192,0.271958051569937,0.630548689292513,0.605657432029276,"gpath_3neocort"
"3513","PEX7","Inh ENOX2 SPHKAP",-0.081611215595986,4.62026691825236,1.31524722761759,0.252269100475341,0.61089714980321,0.585913951874471,"gpath_3neocort"
"3514","IFNGR1","Inh ENOX2 SPHKAP",-0.0685575030414886,5.05502136172874,1.9437752850991,0.17265671357526,0.523125139198304,0.492004569414671,"gpath_3neocort"
"3515","ARFGEF3","Inh ENOX2 SPHKAP",0.0364978639431702,8.3714161234428,1.70359484632081,0.192718489149438,0.545815481574353,0.518044473685069,"gpath_3neocort"
"3516","CCDC28A","Inh ENOX2 SPHKAP",-0.112031424307978,4.9301716911856,4.39632952090776,0.0367693935012676,0.271191586161355,0.232799385310228,"gpath_3neocort"
"3517","REPS1","Inh ENOX2 SPHKAP",-0.0369337220931389,6.77860052599491,1.57370092867105,0.210549023099285,0.567800162542464,0.53968946071725,"gpath_3neocort"
"3518","HECA","Inh ENOX2 SPHKAP",-0.000810184611653313,4.53731101164571,0.000440905668667591,0.98326000714768,0.998198786643165,0.998004807425511,"gpath_3neocort"
"3519","AL031772.1","Inh ENOX2 SPHKAP",-0.226042317966448,4.1023094719941,7.10638735260855,0.00805502647387177,0.135709079243189,0.106582122879002,"gpath_3neocort"
"3520","CITED2","Inh ENOX2 SPHKAP",-0.0315420460482718,5.07534201432136,0.250099751304111,0.617334736017828,0.867644611692442,0.858387313305021,"gpath_3neocort"
"3521","VTA1","Inh ENOX2 SPHKAP",-0.0326628424501708,5.66514947104684,0.653747135179801,0.544273410662855,0.829701702103144,0.816085405352448,"gpath_3neocort"
"3522","HIVEP2","Inh ENOX2 SPHKAP",0.030662405530669,8.14822788790284,1.34009833338285,0.247845198971794,0.605217510497873,0.580946521957915,"gpath_3neocort"
"3523","LINC01277","Inh ENOX2 SPHKAP",-0.0981510451549489,4.96267112657052,1.96707914940171,0.161688607397541,0.507910857689437,0.476736609299519,"gpath_3neocort"
"3524","AIG1","Inh ENOX2 SPHKAP",-0.0234666456137844,8.33018581278195,0.999665562962457,0.318116481509912,0.670959128642738,0.648647335465985,"gpath_3neocort"
"3525","PEX3","Inh ENOX2 SPHKAP",0.00801977318150647,6.15542531920642,0.0503481156608254,0.822596065202219,0.96023312140963,0.955596292167175,"gpath_3neocort"
"3526","PHACTR2","Inh ENOX2 SPHKAP",-0.0142543653383921,7.50732229157507,0.152156621224869,0.696731936439321,0.906665989070995,0.899642418809902,"gpath_3neocort"
"3527","PLAGL1","Inh ENOX2 SPHKAP",-0.0620108449914582,6.46322212378261,1.89356508529525,0.169723876580882,0.519249484808241,0.488144916390067,"gpath_3neocort"
"3528","UTRN","Inh ENOX2 SPHKAP",0.046807788881408,7.46103738069887,0.814880752681469,0.367332834835614,0.712141577867651,0.691620324294359,"gpath_3neocort"
"3529","EPM2A","Inh ENOX2 SPHKAP",-0.0651368158211585,5.63689747596523,1.49957840537957,0.221600707000739,0.579354935627893,0.552331298737865,"gpath_3neocort"
"3530","AL356599.1","Inh ENOX2 SPHKAP",-0.0227597258700183,5.39169954563852,0.19436475115282,0.659594140374711,0.886317117013643,0.881209251017058,"gpath_3neocort"
"3531","SHPRH","Inh ENOX2 SPHKAP",0.0759082658135166,8.01465930326299,7.99239316461699,0.00498107799816043,0.115607761465649,0.082292549088318,"gpath_3neocort"
"3532","GRM1","Inh ENOX2 SPHKAP",0.0747875807776013,9.33655187850109,6.88980876254883,0.00906797601699304,0.143118234122331,0.113765996043358,"gpath_3neocort"
"3533","RAB32","Inh ENOX2 SPHKAP",-0.139562563298986,3.30471359824236,1.12881295948134,0.288797573878773,0.645948223594981,0.621782869796829,"gpath_3neocort"
"3534","STXBP5-AS1","Inh ENOX2 SPHKAP",0.0658923269147733,9.03445218996993,3.71341304495764,0.0548263738923623,0.316971947122947,0.284116813516298,"gpath_3neocort"
"3535","STXBP5","Inh ENOX2 SPHKAP",0.0766492223461911,9.04846363485268,13.9099735457643,0.000225307549887907,0.0251548622898786,0.01400547539005,"gpath_3neocort"
"3536","SAMD5","Inh ENOX2 SPHKAP",-0.0308384910633397,8.42132756764253,0.892195571773939,0.345566965727041,0.694700890225005,0.672578567606897,"gpath_3neocort"
"3537","AL033504.1","Inh ENOX2 SPHKAP",-0.0669328044869505,8.03054436467417,3.51452898703046,0.061706974503156,0.332909982111763,0.300874377591401,"gpath_3neocort"
"3538","SASH1","Inh ENOX2 SPHKAP",-0.0207466311546499,7.50234373869496,0.420013784730432,0.517376192692255,0.811436521893571,0.79872241440399,"gpath_3neocort"
"3539","UST","Inh ENOX2 SPHKAP",-0.104208928237335,6.78255813894347,4.98039769373158,0.026300255842174,0.233892138256704,0.196304976209067,"gpath_3neocort"
"3540","TAB2","Inh ENOX2 SPHKAP",0.0667499216970459,6.85561894337733,4.54577086501913,0.0337306574017732,0.262775313422774,0.222945073526565,"gpath_3neocort"
"3541","PPIL4","Inh ENOX2 SPHKAP",0.0141520586592515,5.50698518016384,0.110254996871994,0.740062642483452,0.927452697017616,0.920495862150092,"gpath_3neocort"
"3542","GINM1","Inh ENOX2 SPHKAP",-0.0174012089615048,5.20653257171757,0.137556815579388,0.710957575855398,0.913494928399883,0.906566052978988,"gpath_3neocort"
"3543","KATNA1","Inh ENOX2 SPHKAP",0.00318936801071843,4.41014238764847,0.00258330714805144,0.95949441168413,0.995700592042286,0.994834109522038,"gpath_3neocort"
"3544","LATS1","Inh ENOX2 SPHKAP",0.0290635426809803,6.34262432579742,0.868908322766156,0.35193217341666,0.700555090909941,0.67819855161848,"gpath_3neocort"
"3545","PCMT1","Inh ENOX2 SPHKAP",-0.0114589760987299,6.09738539358367,0.0982764257993445,0.754103894501584,0.932681581508696,0.926804504535687,"gpath_3neocort"
"3546","LRP11","Inh ENOX2 SPHKAP",-0.0991976156076559,5.73115048052718,6.0482946421512,0.0144270289796008,0.175964444822338,0.144782281357893,"gpath_3neocort"
"3547","PPP1R14C","Inh ENOX2 SPHKAP",0.082363403785744,5.39083250138224,3.59138397234008,0.0589446509872639,0.326138074610214,0.294592869726566,"gpath_3neocort"
"3548","MTHFD1L","Inh ENOX2 SPHKAP",-0.10089207429344,6.44419245459574,5.33735802907734,0.0214831540214708,0.2132918371428,0.177472878614312,"gpath_3neocort"
"3549","AKAP12","Inh ENOX2 SPHKAP",0.0516499766126833,6.2225511818462,1.62976041704397,0.202624591264101,0.556754766278031,0.530282803305783,"gpath_3neocort"
"3550","ZBTB2","Inh ENOX2 SPHKAP",0.105754760425729,3.80941576933572,1.2241102581356,0.269353118315208,0.628849038565588,0.603118992330664,"gpath_3neocort"
"3551","RMND1","Inh ENOX2 SPHKAP",-0.115477634565901,4.96386215398561,4.47879823852426,0.0350584709960433,0.267572402736661,0.227268913226082,"gpath_3neocort"
"3552","CCDC170","Inh ENOX2 SPHKAP",-0.011216552100702,4.28600855686124,0.0195697316612735,0.888829898780371,0.980562541556956,0.97805132228641,"gpath_3neocort"
"3553","SYNE1","Inh ENOX2 SPHKAP",0.069205186992163,9.68100310559662,10.5024400982951,0.00131242037886359,0.06076454582574,0.0388018716301474,"gpath_3neocort"
"3554","MTRF1L","Inh ENOX2 SPHKAP",0.0412948829505376,4.37515034045159,0.334865785009017,0.563198562301427,0.840155822992941,0.827151433429275,"gpath_3neocort"
"3555","RGS17","Inh ENOX2 SPHKAP",0.0164620543119135,6.16343674315509,0.171090346992839,0.679410506802505,0.897341586225796,0.89142821345357,"gpath_3neocort"
"3556","OPRM1","Inh ENOX2 SPHKAP",-0.00697669395950724,6.4330997384808,0.0145252116631091,0.904143363774584,0.985974882947517,0.982429506627517,"gpath_3neocort"
"3557","IPCEF1","Inh ENOX2 SPHKAP",0.018757592995683,5.59384803817266,0.0979430326951149,0.754507837582379,0.932681581508696,0.926959658697123,"gpath_3neocort"
"3558","SCAF8","Inh ENOX2 SPHKAP",-0.0178512355450078,7.01757301351946,0.426564402139157,0.514129664018354,0.809351298906063,0.796883501614948,"gpath_3neocort"
"3559","TIAM2","Inh ENOX2 SPHKAP",0.0316970000026575,7.51509196550476,1.27910639276471,0.258878067610289,0.617729630578043,0.59257168482539,"gpath_3neocort"
"3560","TFB1M","Inh ENOX2 SPHKAP",-0.0762257326262712,5.39460200170468,2.43311662643754,0.119745109898849,0.445578097132208,0.41398948866728,"gpath_3neocort"
"3561","ARID1B","Inh ENOX2 SPHKAP",0.0118132560656198,8.85092575749459,0.352832833136056,0.552916674222932,0.834910883924931,0.821255384354458,"gpath_3neocort"
"3562","TMEM242","Inh ENOX2 SPHKAP",0.0198429137326748,5.0796401665486,0.146421841229831,0.88507796949214,0.979658385812387,0.977036611521856,"gpath_3neocort"
"3563","ZDHHC14","Inh ENOX2 SPHKAP",0.02020317864058,7.43447908239624,0.366765134097603,0.545184849057913,0.830315585181026,0.816611206941091,"gpath_3neocort"
"3564","SNX9","Inh ENOX2 SPHKAP",0.0669281032815,7.24128057812393,5.85646455914778,0.0160540915855152,0.18382253340003,0.15308896059974,"gpath_3neocort"
"3565","SERAC1","Inh ENOX2 SPHKAP",-0.0509404750374806,4.59570200280734,0.718792855464004,0.397148336206427,0.732329198632492,0.714144180066321,"gpath_3neocort"
"3566","GTF2H5","Inh ENOX2 SPHKAP",0.017613051554235,4.77776742945881,0.0875242195749134,0.767532673909424,0.937560609449319,0.932749839122648,"gpath_3neocort"
"3567","TULP4","Inh ENOX2 SPHKAP",-0.020770424724466,7.23620151354006,0.586189028421999,0.444438213398466,0.762971304613294,0.749369802717063,"gpath_3neocort"
"3568","TMEM181","Inh ENOX2 SPHKAP",-0.0372213572299364,6.61805460262737,1.70806086699581,0.192137780552502,0.54568240803677,0.517278548117137,"gpath_3neocort"
"3569","DYNLT1","Inh ENOX2 SPHKAP",-0.0949360861877536,4.77214128646894,2.20988253609159,0.13807406546441,0.473649562449172,0.442820919594877,"gpath_3neocort"
"3570","SYTL3","Inh ENOX2 SPHKAP",-0.179285740891057,3.80876469907448,2.7737144888055,0.0967627941339568,0.406742961065692,0.373797990149004,"gpath_3neocort"
"3571","RSPH3","Inh ENOX2 SPHKAP",0.00912491206086159,5.57839489252721,0.0480621274242928,0.826604432889001,0.961952094667183,0.957210338282804,"gpath_3neocort"
"3572","AL035530.2","Inh ENOX2 SPHKAP",-0.0429901762299565,6.52288456409171,1.31982655459828,0.251446643823553,0.609859879839044,0.585038568168833,"gpath_3neocort"
"3573","SOD2-1","Inh ENOX2 SPHKAP",-0.195717323681531,3.5378636115144,2.74140811441715,0.0987193726170088,0.410824466044629,0.377367307294628,"gpath_3neocort"
"3574","WTAP","Inh ENOX2 SPHKAP",0.0376107804933177,5.72836933464207,0.992442060811138,0.319868653111513,0.671637375772545,0.650364100070818,"gpath_3neocort"
"3575","ACAT2","Inh ENOX2 SPHKAP",-0.138599826312978,4.39311024589076,3.30996868717358,0.069757541797255,0.353526253002525,0.319285531446659,"gpath_3neocort"
"3576","TCP1","Inh ENOX2 SPHKAP",-0.0141606002161465,5.04371912718414,0.0516529368556606,0.820350889569451,0.958696871826801,0.954773204136472,"gpath_3neocort"
"3577","MRPL18","Inh ENOX2 SPHKAP",1.53840270040992e-05,4.62112940915596,1.81586245045798e-05,0.996602538130222,0.999341080892678,0.999585109283905,"gpath_3neocort"
"3578","IGF2R","Inh ENOX2 SPHKAP",0.0290772378454896,5.75423423893773,0.537649461939885,0.463923702885863,0.775745996780134,0.762903653003674,"gpath_3neocort"
"3579","AL139393.1","Inh ENOX2 SPHKAP",-0.0962604155690423,5.0839111769719,2.51121147343633,0.113986944932259,0.435466798646659,0.404209391989272,"gpath_3neocort"
"3580","MAP3K4","Inh ENOX2 SPHKAP",0.0300401889732204,6.5093217687105,1.04687454403935,0.306969756645386,0.663843612678616,0.638642761404872,"gpath_3neocort"
"3581","AGPAT4","Inh ENOX2 SPHKAP",0.0375599798456001,8.05461431079308,2.26654239387686,0.13314124902064,0.465847656442537,0.43519358958069,"gpath_3neocort"
"3582","PRKN","Inh ENOX2 SPHKAP",-0.0319089260924653,8.88180637604702,1.34562786636629,0.24687385864952,0.605164006163079,0.579864131057304,"gpath_3neocort"
"3583","PACRG","Inh ENOX2 SPHKAP",0.0451365428974339,8.60284543019434,2.43106424442778,0.119900731444459,0.44598675431862,0.414224166759972,"gpath_3neocort"
"3584","QKI","Inh ENOX2 SPHKAP",0.0171216226605728,9.1477543551418,0.711659355741403,0.399498289887632,0.733272776450324,0.715853475128041,"gpath_3neocort"
"3585","PDE10A","Inh ENOX2 SPHKAP",-0.183497831940365,9.03418233320886,27.8744480195032,2.33890214020839e-07,0.000325374700590704,0.000192341165302924,"gpath_3neocort"
"3586","SFT2D1","Inh ENOX2 SPHKAP",0.0423984582365558,4.87703874938024,0.654885353172369,0.418948522912418,0.744474583233783,0.730324240173111,"gpath_3neocort"
"3587","MPC1","Inh ENOX2 SPHKAP",-0.0142948178503985,5.6893629943525,0.111404992935819,0.738760018357393,0.92694821012296,0.919970372205566,"gpath_3neocort"
"3588","RPS6KA2","Inh ENOX2 SPHKAP",0.0223505902177392,10.2002732682064,0.67288161496449,0.412634769556412,0.74080992909015,0.725336842804905,"gpath_3neocort"
"3589","AL159163.1","Inh ENOX2 SPHKAP",-0.0470199066306816,6.09745679688802,1.15415550097937,0.283457768955723,0.640385789146006,0.61639588092252,"gpath_3neocort"
"3590","Z94721.1","Inh ENOX2 SPHKAP",-0.1131248638099,5.8743995585012,6.82339233040303,0.00940419477758524,0.145361982133532,0.116139981274919,"gpath_3neocort"
"3591","FGFR1OP","Inh ENOX2 SPHKAP",-0.0364240734150401,6.11139976446475,1.05946022684707,0.411610703423122,0.740443860614422,0.724654228962616,"gpath_3neocort"
"3592","AFDN","Inh ENOX2 SPHKAP",-0.0138370001868097,7.02403952354224,0.240341637724774,0.62428190931679,0.872265342788525,0.862007245687426,"gpath_3neocort"
"3593","WDR27","Inh ENOX2 SPHKAP",-0.00865758701222412,5.95878110399503,0.0480737666077488,0.826583773817657,0.961952094667183,0.957210338282804,"gpath_3neocort"
"3594","PHF10","Inh ENOX2 SPHKAP",0.0936209631415301,4.87107268459383,2.99746580031374,0.0843198691534623,0.384513336021285,0.350187575931889,"gpath_3neocort"
"3595","FAM120B","Inh ENOX2 SPHKAP",0.0306561600278978,7.33553243420396,1.21682701791312,0.27077976343207,0.630296859997167,0.60466051236352,"gpath_3neocort"
"3596","PSMB1","Inh ENOX2 SPHKAP",-0.0313986988008972,5.40990288861729,0.439003605340167,0.508061490677031,0.804995573741121,0.792361580759974,"gpath_3neocort"
"3597","TBP","Inh ENOX2 SPHKAP",-0.0182331080367353,4.44618209414885,0.0795792057933,0.778043484970528,0.944495130113347,0.937435584721876,"gpath_3neocort"
"3598","FAM20C","Inh ENOX2 SPHKAP",-0.0613816965684539,5.13369231002092,1.43259192182546,0.23219220018193,0.591496792409419,0.564212883856726,"gpath_3neocort"
"3599","PDGFA","Inh ENOX2 SPHKAP",-0.102868387949093,4.54254788911027,2.50638765553524,0.114333582193353,0.436106707167594,0.404809579564887,"gpath_3neocort"
"3600","PRKAR1B","Inh ENOX2 SPHKAP",0.0364147989056249,7.8226455821996,2.83204132689317,0.0933369164037773,0.400554830865968,0.367545636640905,"gpath_3neocort"
"3601","DNAAF5","Inh ENOX2 SPHKAP",0.0258497486058767,5.22429893644292,0.272773688347207,0.601824006788619,0.858992566768831,0.849535814705919,"gpath_3neocort"
"3602","SUN1","Inh ENOX2 SPHKAP",0.0105020131845559,6.91451891734795,0.133429633359564,0.932181985565425,0.992689411173326,0.98945774374806,"gpath_3neocort"
"3603","ADAP1","Inh ENOX2 SPHKAP",0.00662060727596072,4.81690498174876,0.0142519642053352,0.905044940474186,0.986272116197137,0.982635101424646,"gpath_3neocort"
"3604","COX19","Inh ENOX2 SPHKAP",0.0017235728919945,5.76119828830099,0.00130864984887849,0.971164255664653,0.996228539098535,0.996477201598729,"gpath_3neocort"
"3605","C7orf50","Inh ENOX2 SPHKAP",-0.0953894695430919,6.02811760952572,5.64919738757324,0.0180273171038426,0.195240638974021,0.162792422975559,"gpath_3neocort"
"3606","ZFAND2A","Inh ENOX2 SPHKAP",0.188578663879289,3.90594942432592,3.25427462045662,0.0721398424037162,0.35805187835239,0.324543686418054,"gpath_3neocort"
"3607","MICALL2","Inh ENOX2 SPHKAP",0.0217447005927076,4.39393116371418,0.0997281645332478,0.885623925554956,0.979658385812387,0.977194119086383,"gpath_3neocort"
"3608","INTS1","Inh ENOX2 SPHKAP",-0.0115923859797434,5.24439565392891,0.0521254132075678,0.819545275961225,0.958326597322361,0.954406670722132,"gpath_3neocort"
"3609","ELFN1","Inh ENOX2 SPHKAP",0.00496516882664082,6.84511003407684,0.0200961062985636,0.887354612467319,0.980135034655871,0.977579474429662,"gpath_3neocort"
"3610","MAD1L1","Inh ENOX2 SPHKAP",-0.0168446417548688,6.30632947509545,0.21220990440128,0.645341093503867,0.881448868178843,0.873650665473684,"gpath_3neocort"
"3611","SNX8","Inh ENOX2 SPHKAP",-0.0782405828813881,5.02912903614267,1.63703617511636,0.201622206880393,0.556203130481946,0.529002578879491,"gpath_3neocort"
"3612","EIF3B","Inh ENOX2 SPHKAP",0.0204953769976689,5.42116958788521,0.20804151606731,0.772571452209511,0.941118439031301,0.935020506558718,"gpath_3neocort"
"3613","CHST12","Inh ENOX2 SPHKAP",-0.114810931360622,5.20498053091474,5.23981260794222,0.0227003987492423,0.216739029984882,0.182471983779397,"gpath_3neocort"
"3614","BRAT1","Inh ENOX2 SPHKAP",-0.0538402076365471,5.01581975329312,1.04689533018621,0.30696496200331,0.663843612678616,0.638642761404872,"gpath_3neocort"
"3615","IQCE","Inh ENOX2 SPHKAP",-0.00948810494060934,5.55014476103785,0.0529951769366149,0.818072237675043,0.958326597322361,0.953843351275484,"gpath_3neocort"
"3616","TTYH3","Inh ENOX2 SPHKAP",0.114254571033085,6.06124803795641,9.21818952302203,0.00258494887789298,0.083076673838026,0.0573991287269229,"gpath_3neocort"
"3617","GNA12","Inh ENOX2 SPHKAP",-0.0144791386188665,5.5539523170029,0.112378903020228,0.73766268347456,0.926859123136547,0.919431014942536,"gpath_3neocort"
"3618","SDK1","Inh ENOX2 SPHKAP",-0.0463999101885092,6.69062022374754,0.551761113040322,0.458121998277044,0.773146768073419,0.75903252988117,"gpath_3neocort"
"3619","FOXK1","Inh ENOX2 SPHKAP",-0.00580213718788004,5.94701603251626,0.0279580755059485,0.867308784643913,0.97463432045677,0.971572655601037,"gpath_3neocort"
"3620","AP5Z1","Inh ENOX2 SPHKAP",0.0682398841178359,4.39060629417857,1.16369586322335,0.312566315081263,0.66620805586772,0.643580418246441,"gpath_3neocort"
"3621","MMD2","Inh ENOX2 SPHKAP",0.126558910919816,4.06134826502892,1.54946154788453,0.214089134405338,0.570422537231176,0.543702347638095,"gpath_3neocort"
"3622","RBAK-RBAKDN","Inh ENOX2 SPHKAP",0.0209370143155926,6.25137599842927,0.346057856524291,0.633778156922749,0.87637113870235,0.867175594995274,"gpath_3neocort"
"3623","WIPI2","Inh ENOX2 SPHKAP",-0.0435843635292104,5.75388451873882,1.34517223242825,0.25049729902788,0.608635712093112,0.584020245190849,"gpath_3neocort"
"3624","SLC29A4","Inh ENOX2 SPHKAP",-0.0250757876606393,4.7429024758674,0.195165085398262,0.658938457842315,0.886317117013643,0.88089895522727,"gpath_3neocort"
"3625","TNRC18","Inh ENOX2 SPHKAP",-0.0613294515286987,7.104263412054,4.28568820263462,0.0392040161997685,0.277921210202182,0.240179495154349,"gpath_3neocort"
"3626","FBXL18","Inh ENOX2 SPHKAP",-0.06032639680972,4.97675378082152,1.0864129945597,0.298022481456527,0.655851508344329,0.630236324283679,"gpath_3neocort"
"3627","ACTB","Inh ENOX2 SPHKAP",0.0313559603007905,7.48238275464234,0.452632392186922,0.501553506087467,0.800919732507534,0.788246891401253,"gpath_3neocort"
"3628","FSCN1","Inh ENOX2 SPHKAP",-0.0521371221944463,5.049844786443,0.773753963584609,0.379691746086355,0.721508341736691,0.700955295889742,"gpath_3neocort"
"3629","RNF216","Inh ENOX2 SPHKAP",0.0365296114305397,7.29014715440826,1.69002078791016,0.194496176924314,0.547874969883996,0.52047063394994,"gpath_3neocort"
"3630","CCZ1","Inh ENOX2 SPHKAP",-0.0627698599814359,4.79395690808938,1.29073053273541,0.256729274015968,0.615474872680936,0.590446087753421,"gpath_3neocort"
"3631","PMS2","Inh ENOX2 SPHKAP",-0.021851960305561,4.95719502076245,0.155311282678126,0.693762436337753,0.905685825651283,0.898376431701757,"gpath_3neocort"
"3632","EIF2AK1","Inh ENOX2 SPHKAP",-0.124432112061148,5.46970783353159,9.28596928737824,0.00249354770438901,0.0815670200660179,0.0561804234554229,"gpath_3neocort"
"3633","USP42","Inh ENOX2 SPHKAP",0.0110429549418426,5.77677195859056,0.0883793030627701,0.816164182065133,0.957796918594936,0.953114061263704,"gpath_3neocort"
"3634","CYTH3","Inh ENOX2 SPHKAP",-0.0776500021368874,7.46332395077482,8.83494459619592,0.00317010644745477,0.0897679725993155,0.0641228667383141,"gpath_3neocort"
"3635","RAC1","Inh ENOX2 SPHKAP",-0.0390617689490898,6.58926895076353,0.83702884951505,0.360909052551818,0.707291679160716,0.685726280155301,"gpath_3neocort"
"3636","DAGLB","Inh ENOX2 SPHKAP",0.087369453053487,4.9278605308897,2.59828245944785,0.109634393263813,0.427094112662848,0.396771979742878,"gpath_3neocort"
"3637","ZDHHC4","Inh ENOX2 SPHKAP",0.0234693310012906,3.79669641819977,0.0624920822693233,0.941531900762775,0.993518947956843,0.991253910574262,"gpath_3neocort"
"3638","C7orf26","Inh ENOX2 SPHKAP",-0.125437210012278,4.30732742994781,2.99047743478319,0.0846809998141265,0.385158139276022,0.35091855270622,"gpath_3neocort"
"3639","ZNF316","Inh ENOX2 SPHKAP",0.103024455144946,4.30386104906283,2.0739472024374,0.150771555311363,0.492249167049964,0.461390335598964,"gpath_3neocort"
"3640","AC073343.2","Inh ENOX2 SPHKAP",-0.0567220964839675,4.83155896478076,0.926852001542691,0.336379935731785,0.687128290896616,0.664922122230221,"gpath_3neocort"
"3641","ZNF12","Inh ENOX2 SPHKAP",0.102033881621718,4.52386588671735,2.53757398549857,0.112112978609239,0.431524184069868,0.401009709100248,"gpath_3neocort"
"3642","CCZ1B","Inh ENOX2 SPHKAP",-0.093047650772376,4.92208065797811,2.35727439694315,0.125648222441181,0.455401141059378,0.423754565419079,"gpath_3neocort"
"3643","C1GALT1","Inh ENOX2 SPHKAP",-0.0043314482835236,5.40855699364284,0.00955324394742721,0.999058415202892,0.999750704645697,0.999864369735893,"gpath_3neocort"
"3644","COL28A1","Inh ENOX2 SPHKAP",-0.045689300884852,4.45267844477935,0.351175113360345,0.553850351231204,0.835278723910402,0.821774549356879,"gpath_3neocort"
"3645","MIOS","Inh ENOX2 SPHKAP",0.0612533570660473,5.23769123722247,1.82966796627189,0.177083325303387,0.527673629683104,0.49796559498123,"gpath_3neocort"
"3646","UMAD1","Inh ENOX2 SPHKAP",0.0345465207863283,8.22001167335396,1.59819113289563,0.207042762074951,0.563128692661964,0.535564104148057,"gpath_3neocort"
"3647","GLCCI1","Inh ENOX2 SPHKAP",0.0886873887873641,8.03409488669441,9.04541229830352,0.00283372661866752,0.0856982292316283,0.0603093057840314,"gpath_3neocort"
"3648","ICA1","Inh ENOX2 SPHKAP",-0.0638140499566042,7.62746734625429,3.58675558210776,0.0591072084082461,0.326420132171676,0.294926333034404,"gpath_3neocort"
"3649","NXPH1","Inh ENOX2 SPHKAP",-0.00269644830592949,10.8456288288445,0.0151909365793885,0.901982190835743,0.985533466494216,0.981911387035424,"gpath_3neocort"
"3650","AC004852.2","Inh ENOX2 SPHKAP",0.144633068018387,4.68676317435242,2.28944787123336,0.131203504807992,0.462332714030891,0.432207168551095,"gpath_3neocort"
"3651","AC004949.1","Inh ENOX2 SPHKAP",-0.365133111572126,3.58252433842807,5.12361460631838,0.02424475168346,0.225067103806991,0.188530649794904,"gpath_3neocort"
"3652","NDUFA4","Inh ENOX2 SPHKAP",-0.142200117787972,6.1032076874197,3.45728973085755,0.0638541258178658,0.338309213257707,0.305956512904734,"gpath_3neocort"
"3653","PHF14","Inh ENOX2 SPHKAP",-0.00895287034383687,8.02629815809786,0.141791730591529,0.706745752222777,0.911320197980058,0.904857698800463,"gpath_3neocort"
"3654","THSD7A","Inh ENOX2 SPHKAP",0.156662136517961,6.46337550760142,5.0797045595741,0.024856519356582,0.229433919899901,0.190842130475157,"gpath_3neocort"
"3655","TMEM106B","Inh ENOX2 SPHKAP",0.0894087310203773,6.54532726805991,7.51328897720978,0.00645466659701631,0.12419581335652,0.0952255702030057,"gpath_3neocort"
"3656","AC011287.1","Inh ENOX2 SPHKAP",-0.174261331810248,4.37091951953535,2.76582037504986,0.0972369349778522,0.40762136530414,0.374663000519134,"gpath_3neocort"
"3657","ETV1","Inh ENOX2 SPHKAP",-0.0228073562814356,4.67306280191207,0.0512150765621417,0.82110094689694,0.959198778896642,0.955079644638173,"gpath_3neocort"
"3658","DGKB","Inh ENOX2 SPHKAP",0.0647721982878727,8.74610627589781,2.62028623933244,0.106450883375009,0.422764560483621,0.391274998672343,"gpath_3neocort"
"3659","ISPD","Inh ENOX2 SPHKAP",0.0315871942911748,7.19043668469987,0.761504941794667,0.383485940327497,0.723998853607825,0.703921930594584,"gpath_3neocort"
"3660","ANKMY2","Inh ENOX2 SPHKAP",0.0132501926099668,5.13559114658992,0.0714777910204804,0.789362438007079,0.948286629819015,0.942290115198936,"gpath_3neocort"
"3661","BZW2","Inh ENOX2 SPHKAP",-0.00656120074393349,5.42726029817787,0.0217979511518994,0.882715103579075,0.979252640539193,0.976231182492813,"gpath_3neocort"
"3662","TSPAN13","Inh ENOX2 SPHKAP",-0.0791943312885919,5.41783211814966,2.37052194627591,0.124594149872958,0.454248532932561,0.422000636539925,"gpath_3neocort"
"3663","AHR","Inh ENOX2 SPHKAP",-0.102705458390063,3.81050460842137,0.803214847434287,0.370780497786608,0.715647237647898,0.694347017276903,"gpath_3neocort"
"3664","AC073332.1","Inh ENOX2 SPHKAP",0.091251494299236,7.42546707863353,4.78295803817442,0.0294370585895999,0.246213865163732,0.20793891500184,"gpath_3neocort"
"3665","SNX13","Inh ENOX2 SPHKAP",0.0237758695177275,6.82552167756461,0.749611712875393,0.387221731769927,0.726423659542084,0.706914748673597,"gpath_3neocort"
"3666","HDAC9","Inh ENOX2 SPHKAP",-0.0837883778429884,7.93748458847926,4.15326460610321,0.0423432240436471,0.284372339166754,0.249543457479657,"gpath_3neocort"
"3667","TWISTNB","Inh ENOX2 SPHKAP",-0.124229411092702,4.12134246709362,2.1953275310832,0.139374188353799,0.47555215353514,0.444847502535152,"gpath_3neocort"
"3668","TMEM196","Inh ENOX2 SPHKAP",0.358140251396095,3.83421349298233,9.57761322153999,0.00213636635653856,0.0762048922343315,0.0514865837028587,"gpath_3neocort"
"3669","ITGB8","Inh ENOX2 SPHKAP",0.110126279257375,4.11089873911959,1.25852734687386,0.26273726310459,0.621967866719591,0.596461318872403,"gpath_3neocort"
"3670","SP4","Inh ENOX2 SPHKAP",0.169402880280692,5.65621272635853,17.0177518620631,4.68142986591879e-05,0.0113969410085793,0.0053181661444316,"gpath_3neocort"
"3671","RAPGEF5","Inh ENOX2 SPHKAP",-0.0453871194409102,8.66100528348893,2.87003152109357,0.0911769036346245,0.396906878674105,0.36351961538414,"gpath_3neocort"
"3672","STEAP1B","Inh ENOX2 SPHKAP",0.0585536399432797,4.44199774666283,0.617328097439116,0.432599886893569,0.755091897933245,0.74044502612742,"gpath_3neocort"
"3673","TOMM7","Inh ENOX2 SPHKAP",-0.0530107060524666,4.84177120107639,0.499596517910008,0.480171118371858,0.787735901619491,0.774114790376667,"gpath_3neocort"
"3674","KLHL7","Inh ENOX2 SPHKAP",0.0595392008224728,6.81762700893972,4.72804108384989,0.0303774088377339,0.248793277764384,0.211427257023871,"gpath_3neocort"
"3675","NUPL2","Inh ENOX2 SPHKAP",0.0394132934062561,5.22241184770035,0.524034729437353,0.46963321687081,0.78055781974534,0.766751344172393,"gpath_3neocort"
"3676","MALSU1","Inh ENOX2 SPHKAP",-0.109142530185669,5.10192007298029,4.27276418008072,0.0394992878316337,0.278915457457457,0.241130641985158,"gpath_3neocort"
"3677","IGF2BP3","Inh ENOX2 SPHKAP",0.0216524530426003,4.61374850721904,0.0689985878849827,0.792962678152932,0.949895418367653,0.943839132777761,"gpath_3neocort"
"3678","TRA2A","Inh ENOX2 SPHKAP",0.0352832074707248,7.6518412825388,2.20454537671178,0.138549213567193,0.474232773890098,0.443543482130259,"gpath_3neocort"
"3679","CCDC126","Inh ENOX2 SPHKAP",-0.0108276259964863,4.90437596266207,0.0375351994811187,0.846497417756641,0.968306337849662,0.964839772460893,"gpath_3neocort"
"3680","FAM221A","Inh ENOX2 SPHKAP",0.0155577203375724,4.46052603798593,0.057274254635375,0.811004186737703,0.954733893913413,0.951073144063083,"gpath_3neocort"
"3681","NPY","Inh ENOX2 SPHKAP",0.0934758480024589,3.41434587484093,0.363832084773854,0.546795728312732,0.830389902379284,0.817478126399314,"gpath_3neocort"
"3682","MPP6","Inh ENOX2 SPHKAP",0.090950216451151,7.13438787093143,6.8545454737547,0.00924491902088373,0.144043234280585,0.11501183156342,"gpath_3neocort"
"3683","OSBPL3","Inh ENOX2 SPHKAP",-0.116878696694519,6.43589068559461,4.25110253120395,0.0399994556669969,0.279222006656069,0.242620555984748,"gpath_3neocort"
"3684","CYCS","Inh ENOX2 SPHKAP",-0.0779305997343114,5.38128437054053,1.33698478531621,0.248394203015364,0.605927542325554,0.581529402726307,"gpath_3neocort"
"3685","HNRNPA2B1","Inh ENOX2 SPHKAP",0.0754762801123024,7.24754126558628,6.48847595384687,0.0113062405535499,0.157580420085469,0.127395589006919,"gpath_3neocort"
"3686","CBX3","Inh ENOX2 SPHKAP",0.0547215376647611,5.30228758937849,1.31116255781252,0.253005516410812,0.61102577447271,0.58675327860975,"gpath_3neocort"
"3687","SNX10","Inh ENOX2 SPHKAP",-0.0504714768356665,6.5067203296653,2.77751879253833,0.357345068596251,0.704883377262009,0.682741704295387,"gpath_3neocort"
"3688","AC004540.1","Inh ENOX2 SPHKAP",-0.0791109838611007,5.19597328920712,1.40376525691668,0.236937961683053,0.597437045797402,0.569472992779026,"gpath_3neocort"
"3689","SKAP2","Inh ENOX2 SPHKAP",0.0534736871800908,6.43938623100497,2.30508739952766,0.129898598572653,0.460652786926618,0.43017645722683,"gpath_3neocort"
"3690","HIBADH","Inh ENOX2 SPHKAP",-0.0577409762947697,6.55418100130019,2.55865586630571,0.110638891821514,0.428390269804335,0.398467911092931,"gpath_3neocort"
"3691","TAX1BP1","Inh ENOX2 SPHKAP",0.0106282968591072,7.0362858011849,0.170571011214121,0.679870289637924,0.89749838032835,0.891666338011317,"gpath_3neocort"
"3692","JAZF1","Inh ENOX2 SPHKAP",0.0314461720337614,8.87730902867727,2.05916658417014,0.152230208640531,0.495294945453222,0.463428808330841,"gpath_3neocort"
"3693","JAZF1-AS1","Inh ENOX2 SPHKAP",0.0970334300412387,4.98872463096713,1.90484635994682,0.168461503519971,0.518440590239748,0.486308802592124,"gpath_3neocort"
"3694","CREB5","Inh ENOX2 SPHKAP",-0.152351236200053,4.19203390338855,2.16660100846456,0.141980874622418,0.479735384632701,0.448961786394614,"gpath_3neocort"
"3695","AC005162.3","Inh ENOX2 SPHKAP",0.278727220311431,3.8442297769975,6.32635610887954,0.0123653820313787,0.163162723877461,0.133650689449666,"gpath_3neocort"
"3696","WIPF3","Inh ENOX2 SPHKAP",0.0093972664310276,4.61404157800473,0.0196259659719083,0.888671331539047,0.980498688706916,0.97797342184828,"gpath_3neocort"
"3697","SCRN1","Inh ENOX2 SPHKAP",-0.101288850375966,6.21399280571635,9.22898817222913,0.00257016105004702,0.082984674451148,0.0572036013766733,"gpath_3neocort"
"3698","AC007285.1","Inh ENOX2 SPHKAP",0.0222983299500764,4.12243679693074,0.075275484894253,0.78397497700249,0.946015901617131,0.939850207658255,"gpath_3neocort"
"3699","PLEKHA8","Inh ENOX2 SPHKAP",0.113466543954772,4.93713502650362,4.70856485825168,0.0307184154272171,0.250264493100595,0.212576984845941,"gpath_3neocort"
"3700","MTURN","Inh ENOX2 SPHKAP",0.0123439159595688,6.562741476459,0.135073300565477,0.713461960946886,0.914892359191569,0.907657002949316,"gpath_3neocort"
"3701","ZNRF2","Inh ENOX2 SPHKAP",-0.0240727134495883,5.14281986756211,0.212787049320626,0.644892426206823,0.881448868178843,0.873338665952981,"gpath_3neocort"
"3702","AC006978.2","Inh ENOX2 SPHKAP",0.0914330119494051,4.91691900310338,2.49790379856141,0.11494606407979,0.437757048106763,0.405796252516279,"gpath_3neocort"
"3703","AC005154.6","Inh ENOX2 SPHKAP",-0.00528324560161073,5.79108969835434,0.0163551934630919,0.898315158779497,0.984621854440005,0.980848275900976,"gpath_3neocort"
"3704","GARS","Inh ENOX2 SPHKAP",-0.0159622876296388,5.47008492140778,0.116184043651166,0.73342530328599,0.924814619144954,0.917298345285912,"gpath_3neocort"
"3705","CRHR2","Inh ENOX2 SPHKAP",-0.1033796158016,5.45172490562092,3.4973667778478,0.0623425303391814,0.33448570823303,0.30231645706801,"gpath_3neocort"
"3706","ADCYAP1R1","Inh ENOX2 SPHKAP",-0.0573229437689615,6.76383854026086,3.78926020032135,0.0524219985668968,0.311651661809793,0.277632415329514,"gpath_3neocort"
"3707","PDE1C","Inh ENOX2 SPHKAP",-0.0559775274347605,7.82296650971418,2.2420988048626,0.135244605899412,0.469690432328272,0.438593673725251,"gpath_3neocort"
"3708","LSM5","Inh ENOX2 SPHKAP",-0.0945775950221803,4.90468071189003,2.21273604601655,0.137820780524434,0.473649562449172,0.44247451055457,"gpath_3neocort"
"3709","AVL9","Inh ENOX2 SPHKAP",0.00886629780824641,7.11992045655226,0.111781767640304,0.738334864303694,0.926920296883384,0.919741153702681,"gpath_3neocort"
"3710","KBTBD2","Inh ENOX2 SPHKAP",0.0393568068874711,4.85111512502622,0.514486749003829,0.473705177559125,0.782517560486982,0.769525813958855,"gpath_3neocort"
"3711","FKBP9","Inh ENOX2 SPHKAP",-0.0303668442661048,4.65443095551442,0.230831647422661,0.631222922970227,0.875304445396154,0.865904498549828,"gpath_3neocort"
"3712","NT5C3A","Inh ENOX2 SPHKAP",-0.0208108357569494,5.87124958831571,0.326348046728161,0.568202294762431,0.843019287868637,0.82999424980486,"gpath_3neocort"
"3713","BBS9","Inh ENOX2 SPHKAP",0.0291481301957635,7.46424993112693,0.846642718550392,0.358169039446391,0.70518603035361,0.683434497013506,"gpath_3neocort"
"3714","BMPER","Inh ENOX2 SPHKAP",-0.0377402734609949,4.69127879475765,0.218506401668309,0.640485674508915,0.87971381717195,0.870986115543939,"gpath_3neocort"
"3715","HERPUD2","Inh ENOX2 SPHKAP",-0.0637303225512959,5.95689708020326,2.75357818550757,0.0979772720413287,0.408518554528783,0.375961964208582,"gpath_3neocort"
"3716","SEPT7","Inh ENOX2 SPHKAP",-0.0463784708818113,7.98294657008243,3.33912854445243,0.0685441111192314,0.349833623731172,0.316613635916589,"gpath_3neocort"
"3717","EEPD1","Inh ENOX2 SPHKAP",-0.0728327027579604,5.6025954986962,1.64129774476649,0.201037808117497,0.554954916763844,0.528222699697499,"gpath_3neocort"
"3718","KIAA0895","Inh ENOX2 SPHKAP",0.0677242249249706,5.4397313310681,2.18374718830961,0.140418456933999,0.47694277419717,0.446581920318695,"gpath_3neocort"
"3719","ANLN","Inh ENOX2 SPHKAP",0.211751112099608,4.79981911505444,12.0773971573246,0.000577827512584838,0.0401218919750735,0.0243315203016734,"gpath_3neocort"
"3720","AOAH","Inh ENOX2 SPHKAP",0.0978008808786818,5.12852824753633,2.2239010891932,0.136834755447306,0.47264491535137,0.44104059098546,"gpath_3neocort"
"3721","ELMO1","Inh ENOX2 SPHKAP",0.00152131002116467,7.7244062151609,0.00215426288409246,0.963008034320753,0.995700592042286,0.995439903418109,"gpath_3neocort"
"3722","EPDR1","Inh ENOX2 SPHKAP",-0.0275605135441966,5.55258885866686,0.305229758554724,0.580992410912012,0.848936028617865,0.83769911840974,"gpath_3neocort"
"3723","STARD3NL","Inh ENOX2 SPHKAP",0.0543839257906701,5.40797894396382,1.41921062333327,0.234380687950359,0.594679149493799,0.56672403101812,"gpath_3neocort"
"3724","AMPH","Inh ENOX2 SPHKAP",0.0902739682470053,8.51853783491499,13.6364033227611,0.000259116118545138,0.0265607659199216,0.0152806096789599,"gpath_3neocort"
"3725","VPS41","Inh ENOX2 SPHKAP",-0.00260256294750305,6.69631203916054,0.00769486964505778,0.930151559095441,0.992451853904102,0.988992022204034,"gpath_3neocort"
"3726","POU6F2","Inh ENOX2 SPHKAP",0.200191966280109,4.4367178690932,4.98485910060823,0.0262335526295431,0.233892138256704,0.196114678176827,"gpath_3neocort"
"3727","YAE1D1","Inh ENOX2 SPHKAP",0.0605121613603944,5.10573749217083,1.35682904682834,0.24492048478239,0.602777188803576,0.577854898852865,"gpath_3neocort"
"3728","RALA","Inh ENOX2 SPHKAP",-0.012548977090816,5.8058949113169,0.112781231456329,0.737210911825114,0.926779993766087,0.919206620894546,"gpath_3neocort"
"3729","LINC00265","Inh ENOX2 SPHKAP",0.00866798188952445,4.48203473226131,0.0171474053625429,0.963174552266027,0.995700592042286,0.995439903418109,"gpath_3neocort"
"3730","CDK13","Inh ENOX2 SPHKAP",0.00309656504362364,7.84605701347257,0.0203783590126229,0.886571647779809,0.979658385812387,0.977444551758671,"gpath_3neocort"
"3731","MPLKIP","Inh ENOX2 SPHKAP",-0.0308954559818155,4.55285989407572,0.248479440789857,0.657553211620395,0.886317117013643,0.880193893121934,"gpath_3neocort"
"3732","SUGCT","Inh ENOX2 SPHKAP",-0.0201883383112634,5.48934535167436,0.142355246103618,0.706190746798736,0.910845760572992,0.904475027804028,"gpath_3neocort"
"3733","INHBA-AS1","Inh ENOX2 SPHKAP",0.0454096264099004,4.65683358636088,0.28199573807332,0.595749654824897,0.855261122519567,0.846139829000264,"gpath_3neocort"
"3734","MRPL32","Inh ENOX2 SPHKAP",-0.0846278735926285,4.40773364790915,1.26560668745076,0.261401653097439,0.620709411817327,0.595017682455336,"gpath_3neocort"
"3735","AC005537.1","Inh ENOX2 SPHKAP",0.126421091702145,5.18413499965837,3.51834865639621,0.0615664687508544,0.332460979756406,0.300623224620923,"gpath_3neocort"
"3736","HECW1","Inh ENOX2 SPHKAP",0.0762691084888507,7.46623541666523,3.44840578238514,0.0641944905103416,0.338309213257707,0.306555244619952,"gpath_3neocort"
"3737","COA1","Inh ENOX2 SPHKAP",0.0123195839086308,6.65674969034014,0.1441055257178,0.946245783728267,0.994553852341701,0.992231305733325,"gpath_3neocort"
"3738","BLVRA","Inh ENOX2 SPHKAP",-0.0574720232622076,4.49444981415659,0.782687715953793,0.376957911909398,0.719108744443093,0.698930882167509,"gpath_3neocort"
"3739","URGCP","Inh ENOX2 SPHKAP",-0.017137845185508,5.38590079063716,0.154048562301526,0.725378762171731,0.920875843394561,0.91330125017638,"gpath_3neocort"
"3740","UBE2D4","Inh ENOX2 SPHKAP",-0.090502527250127,4.68148752971655,2.27149225538437,0.132719800819058,0.465296103304057,0.434563206559678,"gpath_3neocort"
"3741","DBNL","Inh ENOX2 SPHKAP",-0.000703540879920379,4.75053220749264,0.000269217964957637,0.986918820372473,0.998609255277135,0.998436604875235,"gpath_3neocort"
"3742","GCK","Inh ENOX2 SPHKAP",-0.0581305107918613,3.60624143400301,0.289585960201195,0.590845001958441,0.852390391727358,0.843422323703401,"gpath_3neocort"
"3743","CAMK2B","Inh ENOX2 SPHKAP",0.0299383848599633,8.11103053565918,1.57173507246543,0.210833521946119,0.567861973840346,0.539971444520743,"gpath_3neocort"
"3744","NUDCD3","Inh ENOX2 SPHKAP",-0.0511863414226329,6.89579942247508,3.92648423054762,0.0483522192385512,0.301250102971856,0.266815011666298,"gpath_3neocort"
"3745","DDX56","Inh ENOX2 SPHKAP",0.148721347790817,4.65026829071909,5.58686831630555,0.0186686786261706,0.198221183270645,0.165621741326091,"gpath_3neocort"
"3746","TMED4","Inh ENOX2 SPHKAP",-0.0387582497926546,5.54800848311152,0.73368053539584,0.392307943532242,0.72962084685198,0.710694860127998,"gpath_3neocort"
"3747","OGDH","Inh ENOX2 SPHKAP",0.032770754304741,6.30186920775108,1.09599352704585,0.302084818430063,0.659521884049007,0.634114755874727,"gpath_3neocort"
"3748","ZMIZ2","Inh ENOX2 SPHKAP",-0.0842762880368342,5.07210507834257,2.45765781683453,0.117901561866196,0.443956869034259,0.410986201631539,"gpath_3neocort"
"3749","PPIA","Inh ENOX2 SPHKAP",0.0142126345040141,6.6267457413363,0.0802166445937485,0.777179797671957,0.944489375354615,0.93704578057059,"gpath_3neocort"
"3750","H2AFV","Inh ENOX2 SPHKAP",0.0487888212098506,5.78369740732539,1.40563248335959,0.236627011212509,0.596983848527529,0.569142238352003,"gpath_3neocort"
"3751","PURB","Inh ENOX2 SPHKAP",0.0800308950114547,5.45312694619817,3.16121353556574,0.076318383494108,0.368645048842075,0.333547524263039,"gpath_3neocort"
"3752","CCM2","Inh ENOX2 SPHKAP",-0.0562633379313199,5.37000092405728,1.43618463265311,0.231608841033972,0.590884698451355,0.563585796496197,"gpath_3neocort"
"3753","TBRG4","Inh ENOX2 SPHKAP",-0.0291383530757762,4.12118542111651,0.145532054252989,0.703085168236199,0.909007351073301,0.902820365201304,"gpath_3neocort"
"3754","ADCY1","Inh ENOX2 SPHKAP",-0.0775487968331888,6.99743182916287,5.85881370849854,0.0160330574021125,0.18382253340003,0.153005261007805,"gpath_3neocort"
"3755","TNS3","Inh ENOX2 SPHKAP",0.186606838717748,5.51903152779791,8.69720037897345,0.0034120917353173,0.0938614387528811,0.0667442143810677,"gpath_3neocort"
"3756","HUS1","Inh ENOX2 SPHKAP",0.0964018595628802,6.18216039140838,6.2447246613626,0.0129369581220376,0.167846191123169,0.136613715876475,"gpath_3neocort"
"3757","UPP1","Inh ENOX2 SPHKAP",-0.0325899626785331,5.29351495240466,0.456841425389542,0.499572368000549,0.800107578037865,0.786929999413601,"gpath_3neocort"
"3758","VWC2","Inh ENOX2 SPHKAP",-0.0200596767572412,6.43076901006125,0.0912154354552935,0.762825925100302,0.935802325349804,0.93055161183417,"gpath_3neocort"
"3759","GRB10","Inh ENOX2 SPHKAP",-0.0344077411207302,6.81612715770979,1.29591922215215,0.255777246468537,0.614600792881619,0.589445599548579,"gpath_3neocort"
"3760","COBL","Inh ENOX2 SPHKAP",0.0789781719247567,6.57093798562811,3.02614505452822,0.0828552509632506,0.382176210746273,0.347140656902504,"gpath_3neocort"
"3761","VSTM2A","Inh ENOX2 SPHKAP",0.0597734601577607,7.71573059859941,4.20031635297809,0.0411984832247519,0.280662506186714,0.246149285653844,"gpath_3neocort"
"3762","SEC61G","Inh ENOX2 SPHKAP",0.0191388245468107,4.02984059436411,0.0496360733683988,0.823834163208196,0.960803837494107,0.956103056200844,"gpath_3neocort"
"3763","EGFR","Inh ENOX2 SPHKAP",0.219436910215115,3.98564803517634,3.49941522956884,0.0622663046762918,0.334260901288715,0.30214805235659,"gpath_3neocort"
"3764","LANCL2","Inh ENOX2 SPHKAP",-0.0583917713413047,6.39925814366407,3.7150694784012,0.0547726286851541,0.316926225153371,0.283929654907733,"gpath_3neocort"
"3765","VOPP1","Inh ENOX2 SPHKAP",0.02519573948255,6.28056523860854,0.567419224906117,0.451817815864362,0.768927279078496,0.754572439115552,"gpath_3neocort"
"3766","NIPSNAP2","Inh ENOX2 SPHKAP",-0.11033617525721,6.11671212918574,7.79199381889723,0.00555023350076265,0.119887723524239,0.0874221378553687,"gpath_3neocort"
"3767","PSPH","Inh ENOX2 SPHKAP",0.0326186657292148,4.50466295770414,0.229108534130192,0.632499343005034,0.876011713030152,0.866496518427135,"gpath_3neocort"
"3768","CCT6A","Inh ENOX2 SPHKAP",-0.013433067823584,4.91459742818525,0.0542837718800317,0.962443386056685,0.995700592042286,0.995311148175584,"gpath_3neocort"
"3769","SUMF2","Inh ENOX2 SPHKAP",-0.0714472462524199,5.60940847758735,2.00505856883474,0.157708690276937,0.503530238005512,0.471334308009983,"gpath_3neocort"
"3770","CHCHD2","Inh ENOX2 SPHKAP",-0.147002162432553,5.67631684740909,4.73694238400681,0.0302228797627776,0.248494779029054,0.210870082292581,"gpath_3neocort"
"3771","ZNF727","Inh ENOX2 SPHKAP",0.095229441411517,4.14293621161046,1.25822874992608,0.262793783771635,0.621967866719591,0.596486715453773,"gpath_3neocort"
"3772","ZNF736","Inh ENOX2 SPHKAP",-0.00474404209876272,5.73268378542134,0.0130795078902549,0.909016756903253,0.98761633144303,0.983640425301401,"gpath_3neocort"
"3773","ZNF680","Inh ENOX2 SPHKAP",0.0421681324658676,5.4198138465164,0.761637056053189,0.383444730665196,0.723998853607825,0.703910941796132,"gpath_3neocort"
"3774","ZNF138","Inh ENOX2 SPHKAP",0.0637456054274233,5.71771723425063,2.44076690747299,0.119167003448887,0.445161909595969,0.412991712415605,"gpath_3neocort"
"3775","ZNF273","Inh ENOX2 SPHKAP",0.0143573412261903,5.68640906340189,0.0913845952853525,0.762612736479291,0.935802325349804,0.930463690858536,"gpath_3neocort"
"3776","ZNF117","Inh ENOX2 SPHKAP",0.111422291807303,4.17035075209817,1.78251803592649,0.182751236963254,0.53483014591376,0.505446422691531,"gpath_3neocort"
"3777","VKORC1L1","Inh ENOX2 SPHKAP",0.00715116141580891,6.00657727815688,0.0369141436202061,0.976143800724643,0.997368972015209,0.997274073469841,"gpath_3neocort"
"3778","GUSB","Inh ENOX2 SPHKAP",0.0506007392834922,4.61818507890175,0.700558947951553,0.443080984313927,0.762793897316395,0.748278942478415,"gpath_3neocort"
"3779","AC068533.4","Inh ENOX2 SPHKAP",-0.0484368196565233,4.95475362267569,0.668150859394069,0.414280734550926,0.741314515723575,0.726679302130183,"gpath_3neocort"
"3780","TPST1","Inh ENOX2 SPHKAP",0.0481936393129349,7.65339596008091,2.80702085625206,0.0947899966534959,0.403223608149029,0.370259882075919,"gpath_3neocort"
"3781","AC027644.4","Inh ENOX2 SPHKAP",0.0534091993152083,5.95426621284801,1.73415698919845,0.188785230758079,0.542458122491052,0.513167996025815,"gpath_3neocort"
"3782","TMEM248","Inh ENOX2 SPHKAP",-0.078233301875045,5.66281884370635,3.91987271065359,0.0485404074682956,0.301495211470638,0.267351358773782,"gpath_3neocort"
"3783","SBDS","Inh ENOX2 SPHKAP",0.0929230667655421,5.25216340728395,2.66008727288107,0.103839244887914,0.416984151224127,0.386689077610854,"gpath_3neocort"
"3784","TYW1","Inh ENOX2 SPHKAP",-0.0316174006214878,6.217158289251,0.903144128206827,0.342628380284999,0.691792487500585,0.670071800817451,"gpath_3neocort"
"3785","AC006480.2","Inh ENOX2 SPHKAP",-0.0613099405799841,3.92013481349385,0.468191381544884,0.660792551112173,0.886412322509415,0.881681211998974,"gpath_3neocort"
"3786","AUTS2","Inh ENOX2 SPHKAP",0.0153119382481632,11.2874301150304,0.65826160980274,0.417753107959161,0.743594136063043,0.729331675601483,"gpath_3neocort"
"3787","GALNT17","Inh ENOX2 SPHKAP",0.0379196207772185,7.93884361057756,1.62153286449272,0.203765208677381,0.559105551451207,0.531669201560362,"gpath_3neocort"
"3788","CALN1","Inh ENOX2 SPHKAP",-0.13406308081263,4.95084277701634,3.02417124428461,0.0829551616446024,0.382176210746273,0.347357560265567,"gpath_3neocort"
"3789","TYW1B","Inh ENOX2 SPHKAP",-0.0298512925596007,5.65780044386545,0.408560386619363,0.523139965424532,0.814712541151888,0.802565589227415,"gpath_3neocort"
"3790","POM121","Inh ENOX2 SPHKAP",-0.0351673261195899,6.34529696699757,1.19120997614914,0.275873656261446,0.635281253780055,0.609398531564453,"gpath_3neocort"
"3791","NSUN5","Inh ENOX2 SPHKAP",-0.020786921577596,4.37989444536388,0.0896396026081512,0.764822365527885,0.936351870264121,0.931487762302234,"gpath_3neocort"
"3792","BAZ1B","Inh ENOX2 SPHKAP",0.0127234522225493,6.38418421381902,0.185164900717911,0.667249664862743,0.889970858297957,0.885036766110244,"gpath_3neocort"
"3793","BCL7B","Inh ENOX2 SPHKAP",0.00435485292563451,4.19723650295257,0.00396868776546253,0.949806225591291,0.994776274703702,0.992874702416685,"gpath_3neocort"
"3794","MLXIPL","Inh ENOX2 SPHKAP",0.00805338002008783,6.41325214413605,0.0589296043358912,0.877643124510353,0.978266576276527,0.974825673860197,"gpath_3neocort"
"3795","BUD23","Inh ENOX2 SPHKAP",0.0389105319609776,4.75328274282775,0.430168112035644,0.512358779325217,0.808777726222883,0.795577636644124,"gpath_3neocort"
"3796","STX1A","Inh ENOX2 SPHKAP",-0.0329555397393663,5.09129818053752,0.324423489639731,0.56934486414678,0.843238809142888,0.830563551115438,"gpath_3neocort"
"3797","LIMK1","Inh ENOX2 SPHKAP",-0.00228089753128604,5.49500419897667,0.00249845823039035,0.960164605170498,0.995700592042286,0.994972607429689,"gpath_3neocort"
"3798","EIF4H","Inh ENOX2 SPHKAP",-0.0487850951630885,5.76800944304502,0.989236829557039,0.320650207348254,0.672081730339496,0.651035498686204,"gpath_3neocort"
"3799","CLIP2","Inh ENOX2 SPHKAP",0.0177872158987597,6.89221927465276,0.351838988552384,0.553476079918224,0.835191388279173,0.821566887837813,"gpath_3neocort"
"3800","GTF2IRD1","Inh ENOX2 SPHKAP",-0.029107676838799,6.41113829456252,0.513413581747424,0.474166431450279,0.782655873040069,0.769859072453779,"gpath_3neocort"
"3801","GTF2I","Inh ENOX2 SPHKAP",0.0123731292834004,8.66518509047168,0.538735780630735,0.4634729382261,0.7754810090113,0.76257527670056,"gpath_3neocort"
"3802","GTF2IRD2","Inh ENOX2 SPHKAP",-0.065111740157152,4.39326036899508,0.735092850147629,0.391853184649579,0.729118076088157,0.710469519720209,"gpath_3neocort"
"3803","CASTOR2","Inh ENOX2 SPHKAP",0.0163038854077838,6.36483483468916,0.154485713775956,0.694536159796519,0.90592005657966,0.898668047800946,"gpath_3neocort"
"3804","RCC1L","Inh ENOX2 SPHKAP",-0.126375751050704,4.88353800335302,4.78177458219165,0.029456998446713,0.246213865163732,0.207991756985991,"gpath_3neocort"
"3805","GTF2IRD2B","Inh ENOX2 SPHKAP",-0.03028431321173,4.76748448182249,0.227193793092868,0.633924656091534,0.87637113870235,0.867245087056279,"gpath_3neocort"
"3806","POM121C","Inh ENOX2 SPHKAP",-0.0761076927343516,6.39949614541911,5.46207454658526,0.0200250249856576,0.204663911540515,0.171466712907637,"gpath_3neocort"
"3807","SPDYE5","Inh ENOX2 SPHKAP",-0.390140797200338,4.00234379711229,11.3546254899348,0.000840821435982341,0.048106485094445,0.0303226852314608,"gpath_3neocort"
"3808","HIP1","Inh ENOX2 SPHKAP",-0.0577369894341517,4.78811424135883,0.6983979726201,0.403920971448761,0.735897276131914,0.719125159701924,"gpath_3neocort"
"3809","RHBDD2","Inh ENOX2 SPHKAP",-0.0581133636012545,6.14195819173717,1.49011299481146,0.223061469814363,0.581261063166248,0.553948024844213,"gpath_3neocort"
"3810","POR","Inh ENOX2 SPHKAP",0.037292783777237,5.34292370451893,0.56036073305681,0.454642641650298,0.770502966305361,0.756478522427549,"gpath_3neocort"
"3811","STYXL1","Inh ENOX2 SPHKAP",0.0100457304762883,4.82748591894928,0.0289048828752706,0.865101950904677,0.973690993769157,0.970874848219226,"gpath_3neocort"
"3812","MDH2","Inh ENOX2 SPHKAP",-0.133539422945827,4.93631968721592,4.20874778434428,0.0409968266803278,0.280662506186714,0.24559337927321,"gpath_3neocort"
"3813","SRRM3","Inh ENOX2 SPHKAP",-0.0076320910818379,8.40938905303157,0.0912938305444335,0.762727098593435,0.935802325349804,0.930518816123541,"gpath_3neocort"
"3814","HSPB1","Inh ENOX2 SPHKAP",0.303604615028701,3.88359282497987,3.35550150951537,0.067875427232063,0.348703300903467,0.315107070371191,"gpath_3neocort"
"3815","YWHAG","Inh ENOX2 SPHKAP",-0.00157434477936413,7.47102120598827,0.00206755672533861,0.963759592715636,0.995700592042286,0.995472894475778,"gpath_3neocort"
"3816","POMZP3","Inh ENOX2 SPHKAP",-0.0307775722273419,4.11685973195343,0.160444768625159,0.689003887828891,0.902423652949259,0.896097255219605,"gpath_3neocort"
"3817","CCDC146","Inh ENOX2 SPHKAP",0.0388787386548339,5.8679012431292,0.68692876058885,0.407803891032082,0.737786450977655,0.721783678569489,"gpath_3neocort"
"3818","GSAP","Inh ENOX2 SPHKAP",-0.156453718264909,5.74180025461443,9.53516522138471,0.00218491825967009,0.0772910822504177,0.0521473219420897,"gpath_3neocort"
"3819","PTPN12","Inh ENOX2 SPHKAP",-0.0153879081820487,6.1211700897206,0.189656348162602,0.663484567272244,0.888111713552868,0.883126818631442,"gpath_3neocort"
"3820","APTR","Inh ENOX2 SPHKAP",0.0352051055854693,5.22752041318391,0.497907346070998,0.480913744013317,0.787876520727066,0.77456827291846,"gpath_3neocort"
"3821","RSBN1L","Inh ENOX2 SPHKAP",0.0642575196158916,6.66449087560366,4.37472045746092,0.0372320718499814,0.272605951635427,0.234244847508668,"gpath_3neocort"
"3822","PHTF2","Inh ENOX2 SPHKAP",0.0534125503893282,6.96157230804588,3.44673676978655,0.0642586508992994,0.338309213257707,0.306672625654616,"gpath_3neocort"
"3823","MAGI2","Inh ENOX2 SPHKAP",0.0577109784850713,11.3705737198202,7.03510006641269,0.00837491461535824,0.137994785997223,0.108852881250885,"gpath_3neocort"
"3824","GNAI1","Inh ENOX2 SPHKAP",0.0833619416931163,5.85372382517821,4.04484313346441,0.0451109366478191,0.291460689050803,0.257587098775198,"gpath_3neocort"
"3825","HGF","Inh ENOX2 SPHKAP",-0.0160883815497477,4.9955888934872,0.0415708244055506,0.838564433063467,0.965268659340715,0.961836160741125,"gpath_3neocort"
"3826","CACNA2D1","Inh ENOX2 SPHKAP",0.0329206320369438,8.52979119053892,1.5065295106404,0.220535277855008,0.578117695772738,0.551018769796583,"gpath_3neocort"
"3827","PCLO","Inh ENOX2 SPHKAP",0.0773127407693249,10.0960849169699,13.7116324983961,0.000249336587078392,0.0261079536018213,0.0149003091462147,"gpath_3neocort"
"3828","SEMA3A","Inh ENOX2 SPHKAP",0.122787105308482,4.45003544476668,1.7552744475962,0.186122272575026,0.538941031916624,0.509858868541093,"gpath_3neocort"
"3829","GRM3","Inh ENOX2 SPHKAP",-0.0426772115865239,4.06950190171819,0.218757902531431,0.640293513718221,0.879680902453166,0.87089183922911,"gpath_3neocort"
"3830","KIAA1324L","Inh ENOX2 SPHKAP",0.0723013492478304,6.40756886094982,5.21907971492478,0.0229682497056996,0.217996896329535,0.183489462077745,"gpath_3neocort"
"3831","DMTF1","Inh ENOX2 SPHKAP",0.0560282127100012,6.64984003955595,3.30206391141663,0.0700904487932745,0.353759990048026,0.31996884329016,"gpath_3neocort"
"3832","TMEM243","Inh ENOX2 SPHKAP",-0.0402578462430418,4.86039367454767,0.47306246087558,0.492059832485872,0.795963507013151,0.781955532967015,"gpath_3neocort"
"3833","ABCB1","Inh ENOX2 SPHKAP",0.126455147316283,4.05929874651525,1.22126549889377,0.269909227176254,0.629584050915439,0.603777922894719,"gpath_3neocort"
"3834","RUNDC3B","Inh ENOX2 SPHKAP",0.0380321437742013,8.35959457754184,3.2973366530384,0.0702903519919344,0.353923189088654,0.320392399566113,"gpath_3neocort"
"3835","SLC25A40","Inh ENOX2 SPHKAP",0.0231827495591178,5.35069908622268,0.265999014391984,0.606370192054679,0.860572877818744,0.851872846845097,"gpath_3neocort"
"3836","ADAM22","Inh ENOX2 SPHKAP",0.0264505633886839,8.2050750653536,1.66091870281102,0.198372783623551,0.55219253877323,0.525158564776958,"gpath_3neocort"
"3837","SRI","Inh ENOX2 SPHKAP",0.0372065419541108,5.18617836468579,0.576401136022045,0.448262814263924,0.765122260199796,0.75187333303859,"gpath_3neocort"
"3838","AC003991.1","Inh ENOX2 SPHKAP",0.274072652957517,4.75136273839432,16.7935765397569,5.23819003444064e-05,0.0118626731524146,0.00574354698575351,"gpath_3neocort"
"3839","ZNF804B","Inh ENOX2 SPHKAP",-0.106900708324836,4.44773257282567,0.93780536318764,0.333544795709672,0.684423389092004,0.662477165177427,"gpath_3neocort"
"3840","STEAP2","Inh ENOX2 SPHKAP",-0.00397118889646767,5.82695913671241,0.010942965966418,0.916749261471618,0.989065400865346,0.985763467122673,"gpath_3neocort"
"3841","CFAP69","Inh ENOX2 SPHKAP",-0.0468156051273882,5.84206616776335,1.34534882399478,0.246922764291785,0.605164006163079,0.579923675341775,"gpath_3neocort"
"3842","GTPBP10","Inh ENOX2 SPHKAP",-0.0537111820060898,4.86218386810223,0.902013374532156,0.342930302611874,0.691917379643772,0.670356767545752,"gpath_3neocort"
"3843","CLDN12","Inh ENOX2 SPHKAP",0.00357596609144972,5.81822084818046,0.00862419069928764,0.926065376611039,0.991427510712214,0.98781690576798,"gpath_3neocort"
"3844","CDK14","Inh ENOX2 SPHKAP",0.0519253913606738,8.89354583346197,6.40204144865692,0.0118587308352197,0.160541254450746,0.130763904799937,"gpath_3neocort"
"3845","AC079760.1","Inh ENOX2 SPHKAP",0.0575911745444391,4.96110266818493,0.567623219665027,0.451736586659026,0.768923419137493,0.754518044800037,"gpath_3neocort"
"3846","MTERF1","Inh ENOX2 SPHKAP",-0.0391065796995812,6.23954861761199,0.645304127823269,0.422368868663941,0.746602424271648,0.732984067226771,"gpath_3neocort"
"3847","AKAP9","Inh ENOX2 SPHKAP",0.052856197447556,8.54177917633848,5.893952472842,0.0157218114310271,0.182260713946836,0.151452876339618,"gpath_3neocort"
"3848","KRIT1","Inh ENOX2 SPHKAP",0.0570714352948403,6.86257479367589,4.42532634006496,0.0361580183106557,0.270528107814418,0.230822858899652,"gpath_3neocort"
"3849","ANKIB1","Inh ENOX2 SPHKAP",-0.0132413930449438,7.97754973886678,0.424858738590713,0.54023777882381,0.827045352961211,0.813660013400745,"gpath_3neocort"
"3850","GATAD1","Inh ENOX2 SPHKAP",-0.087076232694991,5.1391401653799,2.54353281738099,0.111694136393741,0.430422437753165,0.400300757262302,"gpath_3neocort"
"3851","AC007566.1","Inh ENOX2 SPHKAP",-0.0550306947342035,5.79478544697128,1.55814440566521,0.212812929273422,0.56995937988575,0.542300842440072,"gpath_3neocort"
"3852","PEX1","Inh ENOX2 SPHKAP",0.0281386980022487,5.62705132168054,0.457304629345006,0.619311982615072,0.868874814393541,0.859511472804176,"gpath_3neocort"
"3853","RBM48","Inh ENOX2 SPHKAP",0.164076637629271,5.14635404499883,9.65629529642295,0.00204925910873996,0.0746754923513079,0.0502299536688974,"gpath_3neocort"
"3854","FAM133B","Inh ENOX2 SPHKAP",0.0254720346930877,5.56232099980025,0.365747912356354,0.545742524069698,0.830389902379284,0.816982368556693,"gpath_3neocort"
"3855","CDK6","Inh ENOX2 SPHKAP",-0.0880547756235348,5.66841857995363,1.78379359250855,0.182595153933422,0.534609623873621,0.505238273856729,"gpath_3neocort"
"3856","VPS50","Inh ENOX2 SPHKAP",0.0230865625946499,7.001070326947,0.679149186422228,0.410468955190679,0.740253909758388,0.723906652921091,"gpath_3neocort"
"3857","BET1","Inh ENOX2 SPHKAP",-0.022921816007259,5.05927479915121,0.175024280280111,0.675953959514188,0.895024679243352,0.889647394299205,"gpath_3neocort"
"3858","CASD1","Inh ENOX2 SPHKAP",0.053497777194301,6.47922833604187,2.66597644427825,0.103458836233014,0.416550998328037,0.386095230862504,"gpath_3neocort"
"3859","SGCE","Inh ENOX2 SPHKAP",0.0737730590834209,6.52941233430674,5.81206562444377,0.0164570603645305,0.185690381331989,0.155008073075566,"gpath_3neocort"
"3860","PEG10","Inh ENOX2 SPHKAP",0.116440865293588,6.27818402182711,7.16298728377324,0.0078100076096462,0.135251588714884,0.105057765450869,"gpath_3neocort"
"3861","PPP1R9A","Inh ENOX2 SPHKAP",0.062428575675762,8.60358236302135,7.84002433217568,0.00540801597906574,0.119243909094523,0.0862387126408642,"gpath_3neocort"
"3862","DYNC1I1","Inh ENOX2 SPHKAP",-0.0129612104248419,8.83847263660436,0.408218995490304,0.523313508410871,0.814712541151888,0.802634081679328,"gpath_3neocort"
"3863","SLC25A13","Inh ENOX2 SPHKAP",-0.0647066665695552,4.8754854222165,0.921627537110121,0.337743624182402,0.687987569657411,0.66605921225404,"gpath_3neocort"
"3864","SEM1","Inh ENOX2 SPHKAP",0.0719258776792417,6.7798541126373,2.0007996566388,0.158149367532326,0.503562676465659,0.472025294431924,"gpath_3neocort"
"3865","DLX6-AS1","Inh ENOX2 SPHKAP",-0.0825602518112421,7.37842870085029,4.43148495473325,0.0360295509643408,0.270348089325986,0.230530792907541,"gpath_3neocort"
"3866","DLX6","Inh ENOX2 SPHKAP",-0.0579641039737741,4.03326194802421,0.450861294740732,0.502391144198166,0.801602689043283,0.788825932551751,"gpath_3neocort"
"3867","DLX5","Inh ENOX2 SPHKAP",0.0340321746191446,4.5565392642175,0.239477850818154,0.624905262423671,0.872823787361117,0.862346284851746,"gpath_3neocort"
"3868","TAC1","Inh ENOX2 SPHKAP",-0.162651123474962,6.68167666352898,3.00781140581725,0.0837883160470773,0.383426044016183,0.34908629614731,"gpath_3neocort"
"3869","ASNS","Inh ENOX2 SPHKAP",-0.0947253003516993,5.6332790595397,4.97122849216033,0.0264379028001264,0.234473859260137,0.196756822003379,"gpath_3neocort"
"3870","LMTK2","Inh ENOX2 SPHKAP",0.0101578756809756,6.84315095175674,0.167395126640672,0.682699974032377,0.899013615177865,0.893100762249995,"gpath_3neocort"
"3871","TECPR1","Inh ENOX2 SPHKAP",-0.0887390708215476,5.25503215217524,3.29224451630602,0.0705063713558774,0.354278144614827,0.320853979436739,"gpath_3neocort"
"3872","BRI3","Inh ENOX2 SPHKAP",-0.106157925116636,5.74188863349155,5.68824076145794,0.0176372508729887,0.194236111072003,0.161077817757675,"gpath_3neocort"
"3873","BAIAP2L1","Inh ENOX2 SPHKAP",-0.126081859742609,5.37705320646249,2.72262359051101,0.099876928540224,0.412293993270327,0.379368390803567,"gpath_3neocort"
"3874","TMEM130","Inh ENOX2 SPHKAP",-0.0478902454706034,7.02912714411079,2.31272047600604,0.129267002971212,0.460088477680434,0.42925434221502,"gpath_3neocort"
"3875","TRRAP","Inh ENOX2 SPHKAP",0.0440159220872272,6.71704289220101,2.27129030796697,0.132736966007257,0.465296103304057,0.434587107262647,"gpath_3neocort"
"3876","SMURF1","Inh ENOX2 SPHKAP",0.0281034864524416,6.52674921465793,0.729018501943514,0.52741348892038,0.817721829754685,0.805443013624043,"gpath_3neocort"
"3877","PDAP1","Inh ENOX2 SPHKAP",-0.0950246947333423,4.71715000752167,2.49044601961543,0.115487472766606,0.4389605814993,0.406704569810682,"gpath_3neocort"
"3878","CPSF4","Inh ENOX2 SPHKAP",-0.101662014029077,4.42077608479327,1.97551305070898,0.160794979333404,0.506410578508632,0.475409153423622,"gpath_3neocort"
"3879","ZNF789","Inh ENOX2 SPHKAP",0.066271323502075,5.29596735716665,2.22022351092216,0.137158656286632,0.47264491535137,0.441398904143355,"gpath_3neocort"
"3880","ZKSCAN5","Inh ENOX2 SPHKAP",-0.081954281702038,4.31963014300775,1.33144664047416,0.331057077578202,0.682292872265933,0.66031635979999,"gpath_3neocort"
"3881","FAM200A","Inh ENOX2 SPHKAP",-0.109631077977335,4.6118758686094,3.08109404916951,0.0801255390106678,0.37598953328892,0.34128080179901,"gpath_3neocort"
"3882","TRIM4","Inh ENOX2 SPHKAP",0.0431858601618392,5.36234936878438,1.05189628375482,0.305814240247487,0.662964546460886,0.637654109697573,"gpath_3neocort"
"3883","ZKSCAN1","Inh ENOX2 SPHKAP",-0.0931587637906018,6.88915379973916,6.72794785684345,0.00990999292445886,0.148695702771002,0.119310895491463,"gpath_3neocort"
"3884","COPS6","Inh ENOX2 SPHKAP",-0.00697286628649449,5.20285070027528,0.014903739444162,0.902908513917302,0.98582229998831,0.982106108659045,"gpath_3neocort"
"3885","LAMTOR4","Inh ENOX2 SPHKAP",-0.0527190787033969,4.80886820248324,0.65720839140354,0.418125469545137,0.743980927470511,0.729674222579311,"gpath_3neocort"
"3886","CASTOR3","Inh ENOX2 SPHKAP",0.0640606189825662,7.13102446100363,4.71630360901302,0.0305824409958891,0.24977248336751,0.212062464641375,"gpath_3neocort"
"3887","SPDYE3","Inh ENOX2 SPHKAP",-0.32091753766098,4.48480576617058,10.1489940261246,0.00158021516247872,0.0657845981020966,0.0433316208500537,"gpath_3neocort"
"3888","PILRB","Inh ENOX2 SPHKAP",-0.141923356500192,5.84822557123559,10.1937125045152,0.00154346962123066,0.0648519432956855,0.0426622155905104,"gpath_3neocort"
"3889","PILRA","Inh ENOX2 SPHKAP",-0.00916680714981423,5.45883333458732,0.0397538040970076,0.854843280513391,0.970679708586493,0.967629127483225,"gpath_3neocort"
"3890","TSC22D4","Inh ENOX2 SPHKAP",0.064896247915755,4.26073256344692,0.799256097643752,0.37196072179948,0.716406944003824,0.695150574318841,"gpath_3neocort"
"3891","NYAP1","Inh ENOX2 SPHKAP",-0.0125164321356809,4.67403373937138,0.0367656508270861,0.848059679305298,0.96901071828263,0.965371005259436,"gpath_3neocort"
"3892","TFR2","Inh ENOX2 SPHKAP",-0.042275905331495,4.3856803507127,0.344175246270595,0.557826024758991,0.836996892003553,0.824005381132756,"gpath_3neocort"
"3893","ACTL6B","Inh ENOX2 SPHKAP",-0.0085346566181522,5.51936899586048,0.0309625501509464,0.860430782699037,0.971842687824892,0.969342670599717,"gpath_3neocort"
"3894","GNB2","Inh ENOX2 SPHKAP",0.0838040690890372,5.02669765726277,2.19944332299301,0.139005153151534,0.474792066429195,0.444225377174236,"gpath_3neocort"
"3895","GIGYF1","Inh ENOX2 SPHKAP",0.04399060837571,5.45623224308988,0.920302791478642,0.338090590302789,0.688088486705732,0.666347475390279,"gpath_3neocort"
"3896","POP7","Inh ENOX2 SPHKAP",-0.0737635356448161,4.04956006438129,0.609002645745852,0.435717221537667,0.757951822674849,0.742685920502101,"gpath_3neocort"
"3897","SLC12A9","Inh ENOX2 SPHKAP",-0.072146083315396,4.10722566536738,0.792739751869507,0.373914942642922,0.717216387462269,0.696709717107425,"gpath_3neocort"
"3898","SRRT","Inh ENOX2 SPHKAP",-0.0427708414983911,4.38897454182229,0.402888134398839,0.526036745934767,0.816472080317622,0.80443857117663,"gpath_3neocort"
"3899","ACHE","Inh ENOX2 SPHKAP",-0.0619798191297135,4.14715022132458,0.536402031767682,0.464442185177868,0.776169212160988,0.763256868876428,"gpath_3neocort"
"3900","AP1S1","Inh ENOX2 SPHKAP",-0.159835798081934,4.27157940061535,3.23222187975128,0.0731072284073721,0.359918195263392,0.32666196479004,"gpath_3neocort"
"3901","VGF","Inh ENOX2 SPHKAP",0.0757582796838639,4.6584619552867,0.183981736934113,0.66825048678848,0.890452003331447,0.885531852949731,"gpath_3neocort"
"3902","PLOD3","Inh ENOX2 SPHKAP",-0.0104751805358358,4.68599838642652,0.0234591136425146,0.878361846009449,0.978266576276527,0.975069866739704,"gpath_3neocort"
"3903","ZNHIT1","Inh ENOX2 SPHKAP",0.0860975954141827,4.06304203341969,1.02459404301921,0.312165723342902,0.66620805586772,0.643210721191726,"gpath_3neocort"
"3904","FIS1","Inh ENOX2 SPHKAP",-0.091605453118719,4.73842109236704,1.71245920476875,0.191567875876681,0.54568240803677,0.516562645157609,"gpath_3neocort"
"3905","COL26A1","Inh ENOX2 SPHKAP",-0.0868597231002721,5.54172820618023,2.58830721787073,0.108601714622466,0.426765487411064,0.395129070552023,"gpath_3neocort"
"3906","CUX1","Inh ENOX2 SPHKAP",0.0397466023586019,8.51321110893215,2.81077368239917,0.0945704817651128,0.40267920919487,0.369876625758912,"gpath_3neocort"
"3907","PRKRIP1","Inh ENOX2 SPHKAP",0.000797919824635342,6.7686867142282,0.000597297560106857,0.980516523854273,0.997825265393623,0.997915368014525,"gpath_3neocort"
"3908","ORAI2","Inh ENOX2 SPHKAP",0.0249590377420579,4.52486811725885,0.118551748557218,0.7308276254825,0.923659885392418,0.91598028820763,"gpath_3neocort"
"3909","POLR2J","Inh ENOX2 SPHKAP",-0.00578562996627101,4.06793732219199,0.00310761589168738,0.955577546797505,0.995337913222174,0.994018148076696,"gpath_3neocort"
"3910","AC093668.2","Inh ENOX2 SPHKAP",-0.0216001384703038,4.40389273637247,0.0843104631271146,0.771719325861672,0.940448417031699,0.934682641342968,"gpath_3neocort"
"3911","SPDYE2","Inh ENOX2 SPHKAP",-0.45020235035673,3.94583505124911,9.85587715119211,0.00184418365087571,0.070449373222505,0.0472133924168442,"gpath_3neocort"
"3912","AC105052.1","Inh ENOX2 SPHKAP",0.0489960246742209,4.73363598326363,0.583580971766317,0.445452337609197,0.762971304613294,0.750041208391454,"gpath_3neocort"
"3913","AC105052.3","Inh ENOX2 SPHKAP",-0.145547460137722,5.30987825390944,6.21339320875106,0.0131635253569336,0.167846191123169,0.137783365248679,"gpath_3neocort"
"3914","FAM185A","Inh ENOX2 SPHKAP",0.0392689996640913,6.797793757626,1.72884803851726,0.189461686117989,0.54265657073243,0.514108348851877,"gpath_3neocort"
"3915","FBXL13","Inh ENOX2 SPHKAP",-0.0963995131620717,4.63501261976071,1.79476463218599,0.181259067830536,0.533102024323092,0.503485905986837,"gpath_3neocort"
"3916","LRRC17","Inh ENOX2 SPHKAP",0.00767920224879597,4.26027875763331,0.0100329705913666,0.920273754687541,0.990636355721171,0.986597977804505,"gpath_3neocort"
"3917","ARMC10","Inh ENOX2 SPHKAP",-0.0495463065819468,4.96945757147587,0.810146353948115,0.36872658783681,0.71397255729273,0.692788232723166,"gpath_3neocort"
"3918","NAPEPLD","Inh ENOX2 SPHKAP",-0.00391890212123209,5.93490589752159,0.00766771864386188,0.93027458039376,0.992451853904102,0.988992022204034,"gpath_3neocort"
"3919","PMPCB","Inh ENOX2 SPHKAP",0.0774684825106654,5.69789512323405,3.24810755855367,0.0724089756171608,0.358385438723642,0.325133287368077,"gpath_3neocort"
"3920","DNAJC2","Inh ENOX2 SPHKAP",-0.0230500283778022,4.83177435930396,0.189734713569407,0.663419347897257,0.888111713552868,0.883104676199072,"gpath_3neocort"
"3921","PSMC2","Inh ENOX2 SPHKAP",-0.0187929725825812,5.29714036219455,0.146605655647046,0.702044426684764,0.908926402669008,0.902276540447176,"gpath_3neocort"
"3922","RELN","Inh ENOX2 SPHKAP",-0.0484809141015098,7.99931422159521,1.29536313499363,0.255879068812767,0.614600792881619,0.589537889386708,"gpath_3neocort"
"3923","ORC5","Inh ENOX2 SPHKAP",-0.0699485954309575,5.92688032976638,2.73253230986888,0.099264481400542,0.411253278456772,0.378153113367318,"gpath_3neocort"
"3924","LHFPL3","Inh ENOX2 SPHKAP",0.0235622208685751,9.70374945616805,0.568523365354741,0.451378428473632,0.768796861469878,0.754306952834066,"gpath_3neocort"
"3925","LINC01004","Inh ENOX2 SPHKAP",0.0603900985028071,6.04538867172753,2.36675195335758,0.124893110552439,0.454874635733543,0.42252058231465,"gpath_3neocort"
"3926","KMT2E","Inh ENOX2 SPHKAP",0.0659811415986657,8.01455236553522,9.97066587821726,0.00173583489563842,0.0692185583552552,0.045630894969009,"gpath_3neocort"
"3927","SRPK2","Inh ENOX2 SPHKAP",-0.00484718736525735,8.50771021650071,0.080665571489209,0.776573754378013,0.944340062454182,0.936845293674145,"gpath_3neocort"
"3928","PUS7","Inh ENOX2 SPHKAP",-0.064990494187697,5.41519239631332,1.54991799381332,0.214021819191819,0.570422537231176,0.543617267960349,"gpath_3neocort"
"3929","RINT1","Inh ENOX2 SPHKAP",-0.0315737214985376,5.01757347324614,0.344395661155857,0.557700010449644,0.836996892003553,0.823933951793789,"gpath_3neocort"
"3930","ATXN7L1","Inh ENOX2 SPHKAP",-0.0523304313062825,6.92525962125494,2.12017704459325,0.146310681086844,0.485277968276954,0.45513625142792,"gpath_3neocort"
"3931","NAMPT","Inh ENOX2 SPHKAP",0.0744353422430917,4.9720136714968,1.85749442075844,0.173833961474634,0.52506052011166,0.493613521691353,"gpath_3neocort"
"3932","PRKAR2B","Inh ENOX2 SPHKAP",0.0967157072945205,6.63562106506989,6.40962647241835,0.0118091509228948,0.160541254450746,0.130450031487186,"gpath_3neocort"
"3933","HBP1","Inh ENOX2 SPHKAP",-0.0195894278014022,5.37296145251563,0.154463175718914,0.694557315919464,0.90592005657966,0.898679826361138,"gpath_3neocort"
"3934","COG5","Inh ENOX2 SPHKAP",-0.0311547658262838,7.87591652938677,1.65082796622737,0.199738124585424,0.553672034504086,0.526622780421417,"gpath_3neocort"
"3935","GPR22","Inh ENOX2 SPHKAP",-0.0527345949719761,4.93402786834867,0.745367262512874,0.388567543228385,0.727649032330622,0.707968563513553,"gpath_3neocort"
"3936","BCAP29","Inh ENOX2 SPHKAP",0.0127928361265312,6.64629508222628,0.170714898533779,0.679742820068016,0.89749838032835,0.891605897705001,"gpath_3neocort"
"3937","SLC26A4-AS1","Inh ENOX2 SPHKAP",-0.146200542247668,4.30412405504089,3.14125216322302,0.0772482642421301,0.370271849007957,0.335550243005388,"gpath_3neocort"
"3938","SLC26A4","Inh ENOX2 SPHKAP",-0.0972188429944502,5.6652315295546,2.67550248569287,0.10284674488285,0.416343574761774,0.384958206480111,"gpath_3neocort"
"3939","SLC26A3","Inh ENOX2 SPHKAP",0.25324555494548,6.97454533741855,7.7769112430539,0.00559567930943318,0.120006222789673,0.0878812249130695,"gpath_3neocort"
"3940","DLD","Inh ENOX2 SPHKAP",-0.0572788033601607,5.22344134723191,1.40240665890278,0.237164522326698,0.597475111204917,0.569717463767452,"gpath_3neocort"
"3941","NRCAM","Inh ENOX2 SPHKAP",0.0182630819642165,8.65885304515489,0.554815563110637,0.456881383853355,0.772289388908063,0.758088428572931,"gpath_3neocort"
"3942","PNPLA8","Inh ENOX2 SPHKAP",0.0883719615999829,5.77731727748476,4.86646939235827,0.0280650497772864,0.240945742024951,0.202917734153532,"gpath_3neocort"
"3943","DNAJB9","Inh ENOX2 SPHKAP",-0.0913461971855226,4.09431417554687,0.984556802282768,0.321795905966708,0.67332371170337,0.651995312883659,"gpath_3neocort"
"3944","IMMP2L","Inh ENOX2 SPHKAP",-0.00927340517714938,9.05794977220046,0.097612642946654,0.754908887295593,0.932986034557454,0.927138318549849,"gpath_3neocort"
"3945","LRRN3","Inh ENOX2 SPHKAP",0.0379689370399483,5.98143462055472,0.592348867659586,0.442057151611227,0.76221385849142,0.747522988533347,"gpath_3neocort"
"3946","DOCK4","Inh ENOX2 SPHKAP",0.0293566461229655,8.51709133356046,0.654197105944333,0.419192833381955,0.744501151098574,0.730476871377114,"gpath_3neocort"
"3947","ZNF277","Inh ENOX2 SPHKAP",0.0360073111511302,5.63135962415385,0.708755112858678,0.400460805179104,0.733851584650755,0.716592405925554,"gpath_3neocort"
"3948","IFRD1","Inh ENOX2 SPHKAP",-0.053229395915794,4.66269233863635,0.66385963462256,0.415782207499973,0.742065109961662,0.727823334470247,"gpath_3neocort"
"3949","TMEM168","Inh ENOX2 SPHKAP",-0.0378960701053326,5.27885957862016,0.576043714862807,0.44840344413229,0.765122260199796,0.75198186456396,"gpath_3neocort"
"3950","BMT2","Inh ENOX2 SPHKAP",0.0963493946139126,6.22179209535007,5.76929854809128,0.0168551358518582,0.188597546621741,0.157236247972325,"gpath_3neocort"
"3951","FOXP2","Inh ENOX2 SPHKAP",-0.164601002308099,3.44858319266632,1.66341335609059,0.198036938058934,0.551886530094301,0.524815075588633,"gpath_3neocort"
"3952","CAPZA2","Inh ENOX2 SPHKAP",-0.072075735498746,5.89720882501803,3.38089500396962,0.0668454237935067,0.346622121293336,0.312851189027658,"gpath_3neocort"
"3953","ST7","Inh ENOX2 SPHKAP",-0.00412664936962528,7.70406821660843,0.0285259805657558,0.865980573803675,0.973907575702409,0.971182900707341,"gpath_3neocort"
"3954","CFTR","Inh ENOX2 SPHKAP",-0.135396963839171,3.63673201227603,1.36922382946023,0.242780975986781,0.601579202985234,0.575496849164519,"gpath_3neocort"
"3955","CTTNBP2","Inh ENOX2 SPHKAP",-0.00756897380382705,8.46750125997707,0.121872026409562,0.972309758026826,0.996773599712099,0.996687163472183,"gpath_3neocort"
"3956","ANKRD7","Inh ENOX2 SPHKAP",-0.0325251288867829,5.9418139570148,0.424843579255156,0.514979056671502,0.809894388544427,0.797429131796074,"gpath_3neocort"
"3957","KCND2","Inh ENOX2 SPHKAP",0.0581480573960061,10.3518081453324,3.63198150365165,0.0575390787187211,0.323321147468498,0.291156547823535,"gpath_3neocort"
"3958","ING3","Inh ENOX2 SPHKAP",0.0249202566115468,4.58450882125538,0.156802702915512,0.747243115307941,0.930037313045212,0.923767926140164,"gpath_3neocort"
"3959","FAM3C","Inh ENOX2 SPHKAP",-0.0595453568555084,5.75532155647732,2.0398165115625,0.154164129173084,0.497987929238177,0.466302284195884,"gpath_3neocort"
"3960","PTPRZ1","Inh ENOX2 SPHKAP",0.0434980614319496,5.44664542083515,0.618153727926579,0.432292596874168,0.755091897933245,0.740265040317638,"gpath_3neocort"
"3961","CADPS2","Inh ENOX2 SPHKAP",-0.132889320495961,4.26332640540269,2.07755542442469,0.150417887031656,0.491758178982798,0.460962096028603,"gpath_3neocort"
"3962","IQUB","Inh ENOX2 SPHKAP",0.0180052218043217,4.20887295152527,0.0424123124719207,0.836961513110033,0.964409807647727,0.961254633968561,"gpath_3neocort"
"3963","NDUFA5","Inh ENOX2 SPHKAP",-0.0453362997883404,5.5281123922286,0.815589862995872,0.367124713570119,0.712141577867651,0.691497815301063,"gpath_3neocort"
"3964","WASL","Inh ENOX2 SPHKAP",0.0396293566832451,6.44150124173574,1.35692607969197,0.24490364615231,0.602777188803576,0.57783290059381,"gpath_3neocort"
"3965","AC006148.1","Inh ENOX2 SPHKAP",0.0469165923944056,8.4386204755974,1.77237662211579,0.183997727091713,0.536158918046073,0.507078405992351,"gpath_3neocort"
"3966","POT1","Inh ENOX2 SPHKAP",0.069481219500729,5.54551107415353,2.75801786773779,0.0977080745911978,0.408156871329474,0.375521094345574,"gpath_3neocort"
"3967","POT1-AS1","Inh ENOX2 SPHKAP",0.0411292487367157,5.85149946648185,0.546456292087113,0.460289358942821,0.774144693848911,0.760448580021559,"gpath_3neocort"
"3968","AC010099.4","Inh ENOX2 SPHKAP",0.0870987249526778,5.7685906232944,1.94117842944785,0.164468731710397,0.513423100399372,0.480752020454273,"gpath_3neocort"
"3969","GRM8","Inh ENOX2 SPHKAP",-0.00801929345791381,5.39835086094592,0.00882307901298672,0.925220191004887,0.991160175073745,0.987784992779691,"gpath_3neocort"
"3970","ZNF800","Inh ENOX2 SPHKAP",0.0204588543582599,5.49286155657726,0.221428843220986,0.638261028782442,0.878600606103109,0.869871957660583,"gpath_3neocort"
"3971","ARF5","Inh ENOX2 SPHKAP",-0.174744677493865,4.17415594443488,2.72713543168791,0.099597544225517,0.412013970122381,0.3789051235075,"gpath_3neocort"
"3972","SND1","Inh ENOX2 SPHKAP",0.0497905361808448,7.34593737053746,2.66075634343413,0.103795949197418,0.416982241453985,0.386624044360608,"gpath_3neocort"
"3973","LRRC4","Inh ENOX2 SPHKAP",0.0323461883816729,5.16948661125175,0.337472288200709,0.561684357388435,0.839116879236982,0.826281972892999,"gpath_3neocort"
"3974","RBM28","Inh ENOX2 SPHKAP",0.0466451146467362,5.5452587858326,1.31115299839839,0.367192297066224,0.712141577867651,0.691549408932289,"gpath_3neocort"
"3975","IMPDH1","Inh ENOX2 SPHKAP",0.0282890416905214,4.62109582735253,0.218490082602878,0.640498147848545,0.87971381717195,0.870994462838463,"gpath_3neocort"
"3976","METTL2B","Inh ENOX2 SPHKAP",0.0124393468151166,5.17600434972393,0.0604787393547984,0.831724168703346,0.962944947667719,0.959246858512044,"gpath_3neocort"
"3977","CALU","Inh ENOX2 SPHKAP",0.00913453343145066,5.91973955416894,0.055796554006935,0.911093313942553,0.98778742870664,0.984235107852369,"gpath_3neocort"
"3978","CCDC136","Inh ENOX2 SPHKAP",-0.0533230742930348,7.25628109036601,3.63670022591709,0.0573780419454308,0.323162158741819,0.290830958187893,"gpath_3neocort"
"3979","KCP","Inh ENOX2 SPHKAP",-0.240536642315701,4.51690496947757,9.94150014530561,0.00176273422465107,0.0693142480727065,0.0460554835719971,"gpath_3neocort"
"3980","ATP6V1F","Inh ENOX2 SPHKAP",-0.118797517792853,5.73863149497068,2.58148152068818,0.109066974355003,0.427094112662848,0.395972937390277,"gpath_3neocort"
"3981","TNPO3","Inh ENOX2 SPHKAP",-0.05455581189309,6.32772624607155,2.99912263154224,0.0842344962108999,0.38438403191272,0.349982471709457,"gpath_3neocort"
"3982","AHCYL2","Inh ENOX2 SPHKAP",-0.00992295986657715,7.37685247943371,0.158163473550341,0.691107509270884,0.90363380184538,0.89706484341779,"gpath_3neocort"
"3983","NRF1","Inh ENOX2 SPHKAP",-0.0323307327109256,6.66325460763129,1.03154428193804,0.310532645655748,0.66620805586772,0.641872658945169,"gpath_3neocort"
"3984","UBE2H","Inh ENOX2 SPHKAP",0.00285711980322168,7.5408055615643,0.0140550569665357,0.905700080508382,0.986434110724821,0.982766759195514,"gpath_3neocort"
"3985","ZC3HC1","Inh ENOX2 SPHKAP",-0.0291235771406806,4.84196533516079,0.269132912713631,0.604258142744822,0.859470457627133,0.850835564249361,"gpath_3neocort"
"3986","KLHDC10","Inh ENOX2 SPHKAP",-0.0143705393578956,7.17777006023966,0.308311234354058,0.579090655481351,0.847855388854142,0.836537395936824,"gpath_3neocort"
"3987","TMEM209","Inh ENOX2 SPHKAP",-0.0356606778960581,4.66664118886847,0.35298364502102,0.552831879880378,0.834910883924931,0.821254156623148,"gpath_3neocort"
"3988","CEP41","Inh ENOX2 SPHKAP",0.00941593930974092,4.612171715233,0.0234750660587732,0.878320818950568,0.978266576276527,0.975069866739704,"gpath_3neocort"
"3989","MEST","Inh ENOX2 SPHKAP",-0.0571568352853916,5.83177463215462,1.47754547436531,0.225018898415977,0.582930043302684,0.556104389801945,"gpath_3neocort"
"3990","COPG2","Inh ENOX2 SPHKAP",0.0260678327707728,6.12897960375157,0.436914828926775,0.509071756615138,0.806071669254995,0.793218231966249,"gpath_3neocort"
"3991","AC007938.3","Inh ENOX2 SPHKAP",0.054326041265215,4.64643367859706,0.814890191807585,0.367330063407382,0.712141577867651,0.691620324294359,"gpath_3neocort"
"3992","AC016831.7","Inh ENOX2 SPHKAP",0.0521657053555014,9.82712144051987,5.45498171299021,0.0201051252498611,0.204794675400782,0.171731149038452,"gpath_3neocort"
"3993","LINC00513","Inh ENOX2 SPHKAP",-0.105434069479122,5.88498753097121,2.01277428092279,0.156913897155161,0.501815280951383,0.47012587304192,"gpath_3neocort"
"3994","AC058791.1","Inh ENOX2 SPHKAP",-0.17300299432231,4.27492495012151,3.60950281649679,0.0583128620673859,0.325196515296446,0.293163182085461,"gpath_3neocort"
"3995","MKLN1","Inh ENOX2 SPHKAP",0.046162061471022,8.3742485334186,4.55000959495523,0.0336484168319466,0.262742795486173,0.222696839559154,"gpath_3neocort"
"3996","PLXNA4","Inh ENOX2 SPHKAP",0.060546895529326,7.02820113592824,1.43193153925316,0.232299621995908,0.591532561031567,0.564371276117272,"gpath_3neocort"
"3997","CHCHD3","Inh ENOX2 SPHKAP",-0.082230379264363,7.35547631002296,10.4428943636743,0.00135406720519466,0.06076454582574,0.0395197164046381,"gpath_3neocort"
"3998","EXOC4","Inh ENOX2 SPHKAP",0.0231723548331205,8.3341695066387,0.799493882140134,0.37188968254476,0.716406944003824,0.695125254888181,"gpath_3neocort"
"3999","LRGUK","Inh ENOX2 SPHKAP",0.133574309226961,4.17093044694848,2.30078865443144,0.13025581628869,0.461063524463921,0.430798994049635,"gpath_3neocort"
"4000","SLC35B4","Inh ENOX2 SPHKAP",-0.0325629088622479,5.31795332837724,0.495604552005545,0.481929188609568,0.788368832806739,0.775269848694202,"gpath_3neocort"
"4001","AKR1B1","Inh ENOX2 SPHKAP",0.0978575750749066,4.64606113506902,2.28916898274734,0.131226907124808,0.462332714030891,0.432265161808177,"gpath_3neocort"
"4002","CALD1","Inh ENOX2 SPHKAP",0.0463828599456828,6.85914312509582,1.70877842575135,0.192044669031123,0.54568240803677,0.517177264791123,"gpath_3neocort"
"4003","AGBL3","Inh ENOX2 SPHKAP",0.163661908813336,5.72414463929667,10.1063234157689,0.00161610866737712,0.0664036548646344,0.0439077860837581,"gpath_3neocort"
"4004","CYREN","Inh ENOX2 SPHKAP",-0.145236330147521,4.9748388395773,4.87426051967877,0.0279405069269028,0.240357470365883,0.202310000321007,"gpath_3neocort"
"4005","WDR91","Inh ENOX2 SPHKAP",-0.0841376466594779,4.64122174907747,1.80571791077336,0.179936464203086,0.531618077492327,0.501616870390406,"gpath_3neocort"
"4006","CNOT4","Inh ENOX2 SPHKAP",0.067532506734307,7.00190921495861,6.21035686289779,0.0131856989329661,0.167846191123169,0.137905752233824,"gpath_3neocort"
"4007","NUP205","Inh ENOX2 SPHKAP",0.00559421245584827,5.53685607656891,0.0188732387449797,0.988857872791318,0.998951897108485,0.998728720282548,"gpath_3neocort"
"4008","STMP1","Inh ENOX2 SPHKAP",-0.0211608372440232,5.21021861352724,0.188405122868833,0.664528074535587,0.888570078449307,0.883639512532664,"gpath_3neocort"
"4009","MTPN","Inh ENOX2 SPHKAP",0.0913150087593191,5.75820567161347,4.20067686545719,0.0411898393735122,0.280662506186714,0.246136579955829,"gpath_3neocort"
"4010","AC009264.1","Inh ENOX2 SPHKAP",0.0470705324814861,4.61835492070645,0.337131705829383,0.561881767972127,0.839116879236982,0.826388750089176,"gpath_3neocort"
"4011","CHRM2","Inh ENOX2 SPHKAP",0.056393858507162,8.09636569850418,2.42986151194068,0.119992032923984,0.446078747847256,0.41437887088903,"gpath_3neocort"
"4012","PTN","Inh ENOX2 SPHKAP",-0.0471763731407748,4.69138943724695,0.473106098005837,0.492039879525146,0.795963507013151,0.781945991757054,"gpath_3neocort"
"4013","DGKI","Inh ENOX2 SPHKAP",-2.44705741927191e-05,9.51590021325389,1.14853723989315e-06,0.999145549530486,0.999750704645697,0.99987788935808,"gpath_3neocort"
"4014","CREB3L2","Inh ENOX2 SPHKAP",0.0505449762263787,4.58043744217332,0.594034207786373,0.441409124377548,0.761594977531638,0.746955830235725,"gpath_3neocort"
"4015","TRIM24","Inh ENOX2 SPHKAP",0.0341971085071792,5.78777511935078,0.795992472978123,0.45882267125655,0.773146768073419,0.759466906159368,"gpath_3neocort"
"4016","KIAA1549","Inh ENOX2 SPHKAP",-0.029625011562775,6.29358514045496,0.690380119420825,0.406629693380705,0.737250084133714,0.720976366174503,"gpath_3neocort"
"4017","TTC26","Inh ENOX2 SPHKAP",-0.0210149160534594,5.32322964787315,0.18022103941303,0.671457141450476,0.892619175128322,0.887265802726442,"gpath_3neocort"
"4018","UBN2","Inh ENOX2 SPHKAP",0.00345295133888264,7.08483685028607,0.0180932456248528,0.989449040507266,0.998951897108485,0.998728720282548,"gpath_3neocort"
"4019","LUC7L2","Inh ENOX2 SPHKAP",-0.0744350152558329,5.15186375221048,1.69025535424396,0.194465294646559,0.547874969883996,0.520434512868367,"gpath_3neocort"
"4020","CLEC2L","Inh ENOX2 SPHKAP",-0.165762964942395,5.12036147610341,6.83516710679399,0.00934366469575216,0.144926866725955,0.115672257536624,"gpath_3neocort"
"4021","HIPK2","Inh ENOX2 SPHKAP",-0.0663352125563733,5.86069241210226,2.19315637332755,0.139569306047811,0.475884419570583,0.445146895617132,"gpath_3neocort"
"4022","KDM7A","Inh ENOX2 SPHKAP",0.10048064781581,4.83770923747204,2.48456452687804,0.115916442228208,0.440419162863163,0.407472745066126,"gpath_3neocort"
"4023","SLC37A3","Inh ENOX2 SPHKAP",0.00281137825153139,5.5314725876204,0.00401908036204845,0.949488987184935,0.994776274703702,0.992813453380908,"gpath_3neocort"
"4024","MKRN1","Inh ENOX2 SPHKAP",-0.0142794731325108,5.36438126174292,0.0894817765584656,0.765023367765737,0.936351870264121,0.931563705557021,"gpath_3neocort"
"4025","DENND2A","Inh ENOX2 SPHKAP",-0.0123218828237347,6.60477882952994,0.0900763057609262,0.764267197363292,0.936302600649689,0.931258482948933,"gpath_3neocort"
"4026","NDUFB2","Inh ENOX2 SPHKAP",-0.105960234026605,4.98205295351056,2.35717864730153,0.125655877117281,0.455401141059378,0.423754565419079,"gpath_3neocort"
"4027","BRAF","Inh ENOX2 SPHKAP",0.0393211547292023,8.24695821164807,4.26807006776092,0.0396071125230096,0.278915457457457,0.241491537269239,"gpath_3neocort"
"4028","MRPS33","Inh ENOX2 SPHKAP",-0.0362365527250146,4.29692341517566,0.230367749713219,0.631565983265616,0.875471821358088,0.866054613452306,"gpath_3neocort"
"4029","TMEM178B","Inh ENOX2 SPHKAP",-0.0142524422441666,9.68904737861283,0.481571074795231,0.488194726598303,0.794027547784085,0.779447994919558,"gpath_3neocort"
"4030","AGK","Inh ENOX2 SPHKAP",-0.0323073225599227,5.92015111692465,0.768323999482447,0.381367102152691,0.722660603378654,0.702343831780927,"gpath_3neocort"
"4031","AC004918.1","Inh ENOX2 SPHKAP",0.132653123113636,4.35679908236023,4.13364502397008,0.0428304368508386,0.284372339166754,0.250963549980225,"gpath_3neocort"
"4032","KIAA1147","Inh ENOX2 SPHKAP",-0.0654075249582857,5.71766750425054,2.71205262787891,0.100534881218372,0.412672634080867,0.380617194466654,"gpath_3neocort"
"4033","SSBP1","Inh ENOX2 SPHKAP",-0.0247027809516478,5.72021743688784,0.306089340339186,0.580460656505401,0.848345470966471,0.837293073649128,"gpath_3neocort"
"4034","MGAM","Inh ENOX2 SPHKAP",0.101980786786022,3.66114032599353,0.641797190979335,0.423631255258306,0.747359685289309,0.733966661100858,"gpath_3neocort"
"4035","TRBC2","Inh ENOX2 SPHKAP",0.00424868222649896,4.97868218223916,0.00458659584173002,0.946045609489602,0.994450792876699,0.992171997525547,"gpath_3neocort"
"4036","EPHB6","Inh ENOX2 SPHKAP",-0.030866391696875,7.31757778447072,0.861584111314357,0.353967208983507,0.70259532839001,0.67989275375661,"gpath_3neocort"
"4037","GSTK1","Inh ENOX2 SPHKAP",-0.210278415613637,5.16131423228305,13.7186477611267,0.000248443912981418,0.0261079536018213,0.0148607335043042,"gpath_3neocort"
"4038","CASP2","Inh ENOX2 SPHKAP",-0.0341182914057824,4.47356039422078,0.272371005832707,0.610647280797307,0.86331057206797,0.854428457531051,"gpath_3neocort"
"4039","FAM131B","Inh ENOX2 SPHKAP",0.0341474363063509,4.88865087172537,0.37342863743645,0.591454546970067,0.852390391727358,0.843737170012637,"gpath_3neocort"
"4040","ZYX","Inh ENOX2 SPHKAP",0.00194799583770186,5.01926870287392,0.00100181781602609,0.974768905837172,0.997170280740144,0.997138444211249,"gpath_3neocort"
"4041","TCAF2","Inh ENOX2 SPHKAP",0.0574117805154192,5.73191050921206,1.65318183084369,0.199418643931272,0.553101325719946,0.526258086775651,"gpath_3neocort"
"4042","TCAF1","Inh ENOX2 SPHKAP",0.0411349294303757,6.99600256905943,2.39598521364424,0.122595679982962,0.450504427046823,0.418721871137408,"gpath_3neocort"
"4043","TPK1","Inh ENOX2 SPHKAP",-0.059648478204156,6.41584552102402,1.91420515465405,0.167422451563866,0.518110198190241,0.484977071980147,"gpath_3neocort"
"4044","CNTNAP2","Inh ENOX2 SPHKAP",0.0348577876204244,13.4879717402017,2.4828666153333,0.116040608575006,0.440678512614645,0.407694512386898,"gpath_3neocort"
"4045","CUL1","Inh ENOX2 SPHKAP",-0.00743071971576441,7.11031089419533,0.0930263535560764,0.831041401244907,0.962916920097718,0.959025108629769,"gpath_3neocort"
"4046","ZNF786","Inh ENOX2 SPHKAP",-0.00256244581594979,4.90366390392156,0.00191643391370487,0.965108290717676,0.995700592042286,0.995652335295988,"gpath_3neocort"
"4047","ZNF425","Inh ENOX2 SPHKAP",-0.135151216266162,4.3772958752824,3.64273360971328,0.0571728395285207,0.322796512754178,0.290290959244996,"gpath_3neocort"
"4048","ZNF398","Inh ENOX2 SPHKAP",-0.00870150846456167,5.80340059986877,0.054544709627816,0.983249719015649,0.998198786643165,0.998004807425511,"gpath_3neocort"
"4049","ZNF212","Inh ENOX2 SPHKAP",0.106877213675905,3.98941865257905,1.70796166917964,0.192150656774699,0.54568240803677,0.517303664152294,"gpath_3neocort"
"4050","ZNF783","Inh ENOX2 SPHKAP",-0.0524078487615032,5.28247147664984,1.4696414403813,0.226260568296398,0.58490188852411,0.557704996783318,"gpath_3neocort"
"4051","ZNF777","Inh ENOX2 SPHKAP",-0.107513393005727,4.31919119965516,2.14536042290798,0.143943674401663,0.482576962885919,0.451771700784793,"gpath_3neocort"
"4052","ZNF746","Inh ENOX2 SPHKAP",0.00112649111752642,5.00344892624039,0.000428843510773546,0.983490545488442,0.998198786643165,0.998014598871365,"gpath_3neocort"
"4053","ZNF862","Inh ENOX2 SPHKAP",-0.012791423565601,5.4855825710368,0.0858423373196086,0.769713096880993,0.938870162924463,0.933752756888798,"gpath_3neocort"
"4054","ATP6V0E2","Inh ENOX2 SPHKAP",-0.152742478797113,5.77411562386974,6.03485471183729,0.014535257267707,0.175964444822338,0.145411857333984,"gpath_3neocort"
"4055","ACTR3C","Inh ENOX2 SPHKAP",-0.122799436271988,4.65664359117343,2.50456064049386,0.114465175301044,0.43643769658636,0.405028651041216,"gpath_3neocort"
"4056","KCNH2","Inh ENOX2 SPHKAP",0.0719200520414423,4.64090386206463,1.6055548447425,0.250226454594882,0.608567735975265,0.583631101836629,"gpath_3neocort"
"4057","ABCB8","Inh ENOX2 SPHKAP",-0.07512740916292,5.09021466158575,1.72187799263662,0.190354103417422,0.544076389515367,0.515276888661089,"gpath_3neocort"
"4058","CDK5","Inh ENOX2 SPHKAP",-0.0139236168076973,4.0208107588918,0.0233955717378097,0.878525407475386,0.978266576276527,0.975072871441715,"gpath_3neocort"
"4059","FASTK","Inh ENOX2 SPHKAP",0.0951545058069026,4.86734124261099,2.84146337129968,0.0927960466040229,0.399667360384774,0.366642158169227,"gpath_3neocort"
"4060","TMUB1","Inh ENOX2 SPHKAP",0.108210556128714,4.02507664406891,1.48471780341251,0.223899267679816,0.582353383724906,0.554894599677457,"gpath_3neocort"
"4061","AGAP3","Inh ENOX2 SPHKAP",0.0845170501490767,7.01783836870662,6.63473835802956,0.0104310274284795,0.151834596559841,0.122517467245838,"gpath_3neocort"
"4062","SMARCD3","Inh ENOX2 SPHKAP",0.0522297191505447,6.50070917019708,2.32705692512847,0.128090004031795,0.458412517185453,0.427530602073338,"gpath_3neocort"
"4063","NUB1","Inh ENOX2 SPHKAP",-0.0269578767744402,5.61812507308516,0.465143450353121,0.52225459755599,0.814712541151888,0.801987205470928,"gpath_3neocort"
"4064","RHEB","Inh ENOX2 SPHKAP",-0.0283265535553426,5.75691986362611,0.366448666068957,0.545358234012923,0.830315585181026,0.81671559795828,"gpath_3neocort"
"4065","PRKAG2","Inh ENOX2 SPHKAP",0.0337439315218888,7.62817512548668,1.30392863512452,0.254316225661668,0.612852771830725,0.588034083425654,"gpath_3neocort"
"4066","PRKAG2-AS1","Inh ENOX2 SPHKAP",-0.139186504493575,4.6968777850739,3.47027367740902,0.0633601537043864,0.337527996046671,0.304784140661309,"gpath_3neocort"
"4067","GALNT11","Inh ENOX2 SPHKAP",-0.0338505509043537,7.27167029321052,1.54834164960373,0.21425440052205,0.570524843391776,0.543844199668332,"gpath_3neocort"
"4068","KMT2C","Inh ENOX2 SPHKAP",0.00810364515843093,7.74789071664959,0.103712592033415,0.747620875592311,0.930037313045212,0.923877356347155,"gpath_3neocort"
"4069","ACTR3B","Inh ENOX2 SPHKAP",-0.0185953631727385,6.12061534288779,0.286566626482441,0.592786013518682,0.853113185521477,0.844470621658235,"gpath_3neocort"
"4070","DPP6","Inh ENOX2 SPHKAP",-0.0167158558961953,10.9600045420045,0.495979419823701,0.481763645803319,0.788368832806739,0.775141995845144,"gpath_3neocort"
"4071","PAXIP1","Inh ENOX2 SPHKAP",-0.0196351314356143,4.9367758417069,0.143016846568843,0.705540737375364,0.91073113740208,0.904209744430384,"gpath_3neocort"
"4072","INSIG1","Inh ENOX2 SPHKAP",0.0640019324587604,4.50900365636048,0.878913942190554,0.34917787795842,0.697963259329592,0.675831172293518,"gpath_3neocort"
"4073","AC009403.1","Inh ENOX2 SPHKAP",0.0452930924105601,4.93863949589172,0.563067044513572,0.453556297081458,0.76995662865787,0.755727824613968,"gpath_3neocort"
"4074","RBM33","Inh ENOX2 SPHKAP",-0.00328160642406972,7.07787238833543,0.014424751801343,0.90447382164762,0.985974882947517,0.982537530754134,"gpath_3neocort"
"4075","SHH","Inh ENOX2 SPHKAP",-0.111561551977837,4.29774644806871,2.00251663187318,0.157971540086748,0.503562676465659,0.471761274818195,"gpath_3neocort"
"4076","LINC01006","Inh ENOX2 SPHKAP",-0.0996648519938262,4.79643954479516,1.74406877170037,0.187529831286572,0.540683088405994,0.511614154505541,"gpath_3neocort"
"4077","LMBR1","Inh ENOX2 SPHKAP",-0.0218328980464214,7.09181993320127,0.640342180936571,0.424156676903637,0.747578827585986,0.734388693422076,"gpath_3neocort"
"4078","NOM1","Inh ENOX2 SPHKAP",-0.138952985860675,4.82978094208327,6.46153709451429,0.011475526003044,0.159059488508948,0.128548534249143,"gpath_3neocort"
"4079","UBE3C","Inh ENOX2 SPHKAP",-0.00828007483539752,7.31831086494576,0.121159239399798,0.728000236426584,0.921761318726053,0.914482432714967,"gpath_3neocort"
"4080","DNAJB6","Inh ENOX2 SPHKAP",0.0224101069959965,6.59286078518993,0.312296767510757,0.576649319010905,0.846076701601355,0.835176516117341,"gpath_3neocort"
"4081","PTPRN2","Inh ENOX2 SPHKAP",0.0455104343124425,10.10093185262,3.69086603026045,0.0555635550057121,0.318468451233446,0.286133887725221,"gpath_3neocort"
"4082","ESYT2","Inh ENOX2 SPHKAP",0.0279204506628163,7.52799356454545,0.785145688918872,0.376210618196845,0.718622793252428,0.69839630256688,"gpath_3neocort"
"4083","WDR60","Inh ENOX2 SPHKAP",0.0282676730235309,7.59653029356322,1.15178489954481,0.28395191129137,0.64050273604442,0.616832711491468,"gpath_3neocort"
"4084","PLCXD1","Inh ENOX2 SPHKAP",-0.0814066615738845,4.42910648422641,1.35022282027293,0.332956634790707,0.6840362256523,0.661974232721989,"gpath_3neocort"
"4085","GTPBP6","Inh ENOX2 SPHKAP",-0.0110743664158197,4.68083627236877,0.0366531680313382,0.848289446043909,0.96901071828263,0.965452800405766,"gpath_3neocort"
"4086","LINC00685","Inh ENOX2 SPHKAP",-0.194184108320856,3.90826183699169,3.58231015494545,0.0592637906838697,0.326420132171676,0.295310297933985,"gpath_3neocort"
"4087","IL3RA","Inh ENOX2 SPHKAP",0.0645367577386486,4.18504080655937,0.607596132057542,0.436247255671494,0.758584963925395,0.743070762279776,"gpath_3neocort"
"4088","SLC25A6","Inh ENOX2 SPHKAP",-0.0672299161932212,5.33662552836811,1.04382657429469,0.307673873480419,0.664624707176646,0.639366769423477,"gpath_3neocort"
"4089","ASMTL","Inh ENOX2 SPHKAP",-0.238314190794947,4.39845980102441,8.64908043899938,0.00350100929572156,0.094966096160826,0.0677137276503497,"gpath_3neocort"
"4090","AKAP17A","Inh ENOX2 SPHKAP",-0.1693382027295,4.52176426510608,5.25005574177563,0.0225692691577651,0.216739029984882,0.181894929590004,"gpath_3neocort"
"4091","DHRSX","Inh ENOX2 SPHKAP",-0.101472879842638,6.24156312354519,4.43037222735903,0.0360527266324988,0.270348089325986,0.23055377511247,"gpath_3neocort"
"4092","PRKX","Inh ENOX2 SPHKAP",-0.019603872211936,5.55162973322332,0.185186691401447,0.667231268016904,0.889970858297957,0.885024296480521,"gpath_3neocort"
"4093","NLGN4X","Inh ENOX2 SPHKAP",0.00439960637994504,8.1153217847755,0.0293158911310929,0.864155552862766,0.973524615198706,0.970570914169952,"gpath_3neocort"
"4094","PUDP","Inh ENOX2 SPHKAP",0.0367915567673374,4.72676782822481,0.323223629771453,0.570059470580555,0.844012831628012,0.831067205707642,"gpath_3neocort"
"4095","STS","Inh ENOX2 SPHKAP",-0.0706482659401498,4.82131275369796,1.58044355140191,0.209576692343164,0.566284482300616,0.538447590452911,"gpath_3neocort"
"4096","ANOS1","Inh ENOX2 SPHKAP",0.0796133868097338,3.98711041017768,0.548911472350577,0.459284242496504,0.7736567987253,0.759766101773578,"gpath_3neocort"
"4097","TBL1X","Inh ENOX2 SPHKAP",-0.060446684148288,4.50551296211645,0.468928771328696,0.493956126022934,0.79638158198863,0.78318887712326,"gpath_3neocort"
"4098","SHROOM2","Inh ENOX2 SPHKAP",-0.0263872501739213,4.54195583668276,0.175935026094503,0.781218911621447,0.94463015286981,0.938767797276597,"gpath_3neocort"
"4099","WWC3","Inh ENOX2 SPHKAP",-0.0706155240592472,4.83437216779057,1.25976713410034,0.262502748707077,0.621959067374577,0.596220689257233,"gpath_3neocort"
"4100","CLCN4","Inh ENOX2 SPHKAP",-0.0493188792552916,6.46689143049886,2.25776161128371,0.133892574554138,0.466466437739125,0.436380425301164,"gpath_3neocort"
"4101","MID1","Inh ENOX2 SPHKAP",-0.0378285586626557,6.67194336938959,0.967431406263498,0.32603477654948,0.676812332986321,0.655707470359326,"gpath_3neocort"
"4102","AC073529.1","Inh ENOX2 SPHKAP",0.082861952208108,4.46654066493246,0.817905549878218,0.366446210838529,0.711865305342764,0.690828221516288,"gpath_3neocort"
"4103","ARHGAP6","Inh ENOX2 SPHKAP",-0.0453982122548124,6.98756111948999,0.842345674755283,0.359390162655153,0.706200697452677,0.684369261840796,"gpath_3neocort"
"4104","MSL3","Inh ENOX2 SPHKAP",0.117129361634291,4.01670029981593,1.99805095747911,0.158434527000368,0.504029867340603,0.472422761234011,"gpath_3neocort"
"4105","FRMPD4","Inh ENOX2 SPHKAP",0.0305171094374609,9.95788302888344,2.50741569283714,0.114259610154439,0.435995330597149,0.404656562943603,"gpath_3neocort"
"4106","PRPS2","Inh ENOX2 SPHKAP",0.0139170750232468,4.50238323584041,0.04596340068301,0.830373395055464,0.962916920097718,0.958748618802083,"gpath_3neocort"
"4107","TMSB4X","Inh ENOX2 SPHKAP",-0.135393754062002,7.73645712075025,3.97076927905645,0.0471114788321036,0.297517237916358,0.263257705579549,"gpath_3neocort"
"4108","TRAPPC2","Inh ENOX2 SPHKAP",0.105846850165566,4.88286643891898,4.32603357792923,0.038297127984266,0.273876430580498,0.237353907751201,"gpath_3neocort"
"4109","OFD1","Inh ENOX2 SPHKAP",-0.0102472249330529,5.93091828857344,0.0718130299520892,0.788880775961481,0.948261666964223,0.942126482286994,"gpath_3neocort"
"4110","GPM6B","Inh ENOX2 SPHKAP",-0.0186808142386693,7.81587202071592,0.562144144279549,0.453926300586146,0.770093086255729,0.75595015293573,"gpath_3neocort"
"4111","GEMIN8","Inh ENOX2 SPHKAP",-0.0606203469070161,4.34421411468261,0.728643903899305,0.39393591629958,0.73090323474151,0.711916709695319,"gpath_3neocort"
"4112","GLRA2","Inh ENOX2 SPHKAP",0.0519258892693549,5.86886588289663,1.0320888820252,0.310405154574058,0.66620805586772,0.641751489313157,"gpath_3neocort"
"4113","MOSPD2","Inh ENOX2 SPHKAP",0.0325976649655399,4.66947264850152,0.291723009381237,0.589479051948098,0.852390391727358,0.842717712679029,"gpath_3neocort"
"4114","VEGFD","Inh ENOX2 SPHKAP",0.00397073883591902,4.57073078347771,0.00333950416522292,0.953951759678623,0.995214213892278,0.99366054660127,"gpath_3neocort"
"4115","PIR","Inh ENOX2 SPHKAP",-0.0590024931610627,5.80600613901863,1.41279292951329,0.23543916688593,0.595639967536516,0.567816406872587,"gpath_3neocort"
"4116","CA5B","Inh ENOX2 SPHKAP",-0.00512339191257244,5.77105179201255,0.01447067626961,0.904322610947513,0.985974882947517,0.982465325850458,"gpath_3neocort"
"4117","ZRSR2","Inh ENOX2 SPHKAP",-0.0129550436281798,5.09335851992207,0.0669891937954668,0.942009400459563,0.993518947956843,0.991342162996906,"gpath_3neocort"
"4118","CTPS2","Inh ENOX2 SPHKAP",-0.055779524762739,5.12824312523228,1.08912382867267,0.29742145909712,0.655153791850274,0.62970931198227,"gpath_3neocort"
"4119","SYAP1","Inh ENOX2 SPHKAP",0.0222668728394619,4.82204629045147,0.17567848526318,0.675383581633678,0.894792301984542,0.889478536213403,"gpath_3neocort"
"4120","TXLNG","Inh ENOX2 SPHKAP",0.0151847882131642,6.24302402734075,0.195786590900769,0.658430390635182,0.886317117013643,0.880642308959601,"gpath_3neocort"
"4121","RBBP7","Inh ENOX2 SPHKAP",0.0208308367249765,5.13536283388835,0.17730148165383,0.673973922288141,0.894543015588851,0.88878175280824,"gpath_3neocort"
"4122","REPS2","Inh ENOX2 SPHKAP",-0.010328222380097,7.93563135310403,0.158686411677,0.690623752994275,0.903451653231898,0.896786932236606,"gpath_3neocort"
"4123","NHS","Inh ENOX2 SPHKAP",-0.0177341906175733,7.78242288178472,0.385701995567892,0.534991628160516,0.823285157241958,0.810638355680967,"gpath_3neocort"
"4124","SCML1","Inh ENOX2 SPHKAP",-0.0742895643360442,4.60754165984563,1.10437449139696,0.294069128937406,0.650957193901543,0.626543571270638,"gpath_3neocort"
"4125","RAI2","Inh ENOX2 SPHKAP",0.13483849453693,5.59268237456479,8.46915456369819,0.00385501129927634,0.100106933419608,0.0712584007940991,"gpath_3neocort"
"4126","LINC01456","Inh ENOX2 SPHKAP",0.0100191413981647,3.22651102023204,0.005332835405722,0.941829003428357,0.993518947956843,0.991321761182507,"gpath_3neocort"
"4127","SCML2","Inh ENOX2 SPHKAP",-0.121136585806695,4.3323726607094,2.64260513433088,0.104977588500176,0.418620703036329,0.388644167783444,"gpath_3neocort"
"4128","CDKL5","Inh ENOX2 SPHKAP",0.00861881728755757,7.10649824828589,0.112451734372076,0.737580835053009,0.926859123136547,0.919390680116202,"gpath_3neocort"
"4129","PHKA2","Inh ENOX2 SPHKAP",-0.0351487299158508,5.41681287973361,0.688728829813373,0.407190863681207,0.737578986333258,0.721318314327911,"gpath_3neocort"
"4130","PDHA1","Inh ENOX2 SPHKAP",-0.110971590712754,4.79828745960974,3.82978975283133,0.0511834050151411,0.308815453547989,0.274399239719586,"gpath_3neocort"
"4131","SH3KBP1","Inh ENOX2 SPHKAP",0.00384404653790232,7.59409448655649,0.0263276921639335,0.871200890298438,0.976081680883947,0.972742923975025,"gpath_3neocort"
"4132","BCLAF3","Inh ENOX2 SPHKAP",-0.0403019645937593,5.7547183359941,1.0634315557571,0.313856937350731,0.666629813047172,0.644751925881535,"gpath_3neocort"
"4133","MAP7D2","Inh ENOX2 SPHKAP",0.0462126168358437,6.60197698585551,2.41282239472577,0.121293842670617,0.448257851964502,0.416594832541843,"gpath_3neocort"
"4134","EIF1AX","Inh ENOX2 SPHKAP",-0.00185435771045919,6.42806250025412,0.00183404413395591,0.965866077940324,0.995700592042286,0.99579317852034,"gpath_3neocort"
"4135","RPS6KA3","Inh ENOX2 SPHKAP",0.0706041697022531,7.16461479902181,4.80750434913627,0.0290266516657555,0.245199912463515,0.206461371554485,"gpath_3neocort"
"4136","CNKSR2","Inh ENOX2 SPHKAP",0.0793251961892207,7.74233847696217,8.33685460180049,0.00413850569433415,0.103335303721605,0.0742464623356471,"gpath_3neocort"
"4137","MBTPS2","Inh ENOX2 SPHKAP",-0.0678846150895154,5.2609821613877,1.93663449425077,0.16496209925367,0.514060515185705,0.481520746037395,"gpath_3neocort"
"4138","SMS","Inh ENOX2 SPHKAP",-0.0241417431402985,6.12031378583511,0.478198098358023,0.489720841682029,0.794554201470902,0.780415748671869,"gpath_3neocort"
"4139","PTCHD1-AS","Inh ENOX2 SPHKAP",0.0387020159915995,7.61979993465693,0.584837277597383,0.444963384497716,0.762971304613294,0.749720199522685,"gpath_3neocort"
"4140","PTCHD1","Inh ENOX2 SPHKAP",0.161966091636857,5.97112185762572,12.5953079216038,0.000442223119183794,0.0352535372921531,0.0208725942673791,"gpath_3neocort"
"4141","ACOT9","Inh ENOX2 SPHKAP",-0.0216707964162456,4.60211367196895,0.120861361506353,0.874065955225415,0.976948901017904,0.973663234554388,"gpath_3neocort"
"4142","SAT1","Inh ENOX2 SPHKAP",0.0845332092926637,6.45344051011831,2.41911405953633,0.12081133105076,0.447477486484494,0.415833750390403,"gpath_3neocort"
"4143","APOO","Inh ENOX2 SPHKAP",-0.244160507365997,6.70658121638459,22.0224877836937,3.93973877475448e-06,0.00274036972775422,0.00113896310055039,"gpath_3neocort"
"4144","EIF2S3","Inh ENOX2 SPHKAP",0.108542674403341,4.95122969636147,3.93587241401662,0.0480863251742945,0.300747999066975,0.266088295865654,"gpath_3neocort"
"4145","ZFX","Inh ENOX2 SPHKAP",0.111762986167568,5.63979017264204,7.05768028937136,0.00827220038009118,0.13770032017321,0.108151489279964,"gpath_3neocort"
"4146","PDK3","Inh ENOX2 SPHKAP",-0.0195171424783311,6.17303531557272,0.217324484578008,0.641390535277425,0.880070597792245,0.871445088236053,"gpath_3neocort"
"4147","PCYT1B","Inh ENOX2 SPHKAP",0.0760120607974166,4.10306600171675,0.909339455252585,0.340980531049353,0.690942606270729,0.668784144338123,"gpath_3neocort"
"4148","POLA1","Inh ENOX2 SPHKAP",0.00881354316227962,6.48705315754023,0.0588086036567475,0.808538095274311,0.954262850735726,0.9500430066158,"gpath_3neocort"
"4149","ARX","Inh ENOX2 SPHKAP",-0.073514696050978,6.87720496991354,4.46727072164872,0.035292503772162,0.267870928864625,0.228072184909166,"gpath_3neocort"
"4150","IL1RAPL1","Inh ENOX2 SPHKAP",0.0632760488577387,10.7601624160344,7.3922742439391,0.00689321648192937,0.126668321444476,0.0985346251257819,"gpath_3neocort"
"4151","GK","Inh ENOX2 SPHKAP",-0.019660813196435,5.4186494164514,0.205008595520317,0.651002537187797,0.883671969213099,0.876492142104683,"gpath_3neocort"
"4152","TAB3","Inh ENOX2 SPHKAP",0.0270017153720971,4.9562123182539,0.279135270273836,0.611585339215642,0.863698360056991,0.854941349414065,"gpath_3neocort"
"4153","DMD","Inh ENOX2 SPHKAP",0.0177108052308477,10.1167231467493,0.457292116777511,0.49936102220771,0.800107578037865,0.786879695726966,"gpath_3neocort"
"4154","AL591501.1","Inh ENOX2 SPHKAP",-0.179194679544562,5.26844573271232,6.68433108242692,0.0101503850059952,0.149991576917119,0.120781374003938,"gpath_3neocort"
"4155","TMEM47","Inh ENOX2 SPHKAP",0.105710432054005,6.78212631661151,9.4519074965217,0.00228344254534286,0.0781607934881385,0.0535054171364798,"gpath_3neocort"
"4156","CFAP47","Inh ENOX2 SPHKAP",0.124367128731374,4.54418515736218,1.95901268540289,0.162548627201143,0.509550322597729,0.47800287513065,"gpath_3neocort"
"4157","AF241726.2","Inh ENOX2 SPHKAP",0.0249194305155609,5.3570686127559,0.186908476899491,0.665781684621826,0.888986979959871,0.884278034730695,"gpath_3neocort"
"4158","DYNLT3","Inh ENOX2 SPHKAP",0.0272440120808771,5.00869567772529,0.210977421642165,0.646301697373954,0.881592089792347,0.874060984671946,"gpath_3neocort"
"4159","RPGR","Inh ENOX2 SPHKAP",0.0744286112214986,4.8048517148573,1.68074773769275,0.195721665592275,0.549419884559694,0.521970334688705,"gpath_3neocort"
"4160","TSPAN7","Inh ENOX2 SPHKAP",-0.0364094440654576,7.72737781289727,0.729603924819452,0.39362486229936,0.730535336205674,0.711652854600134,"gpath_3neocort"
"4161","BCOR","Inh ENOX2 SPHKAP",0.15908243135231,5.15247452289422,7.39484950156008,0.00688357229266884,0.126668321444476,0.0984541424641256,"gpath_3neocort"
"4162","ATP6AP2","Inh ENOX2 SPHKAP",-0.160473006204007,5.76193345853035,9.10643572992583,0.00274318295025398,0.085345417155186,0.0593134756399961,"gpath_3neocort"
"4163","CXorf38","Inh ENOX2 SPHKAP",-0.0807746299711018,4.5903764490258,1.43301304756245,0.232123728748923,0.591496792409419,0.564150436931812,"gpath_3neocort"
"4164","MED14","Inh ENOX2 SPHKAP",-0.0946620879107297,5.30177676761388,4.23399778583538,0.0403991222885403,0.28000473512157,0.243801863553837,"gpath_3neocort"
"4165","USP9X","Inh ENOX2 SPHKAP",0.0384804591948592,6.81785506811624,1.72929437790922,0.189404705494894,0.54265657073243,0.514031820659546,"gpath_3neocort"
"4166","DDX3X","Inh ENOX2 SPHKAP",0.101254635195686,6.02050340233904,6.06341875824074,0.0143062347539759,0.175160305720983,0.144093700288369,"gpath_3neocort"
"4167","CASK","Inh ENOX2 SPHKAP",0.0318061173813544,7.66755613185558,1.36429895025191,0.243628328244591,0.602037940859763,0.576441267335313,"gpath_3neocort"
"4168","MAOB","Inh ENOX2 SPHKAP",-0.0658077688723005,3.94535288514008,0.503370330845379,0.478518786320091,0.78648893729133,0.772931547103295,"gpath_3neocort"
"4169","KDM6A","Inh ENOX2 SPHKAP",0.050647267344431,6.14740373296119,1.41210830646147,0.235552425034209,0.595639967536516,0.567942589646299,"gpath_3neocort"
"4170","KRBOX4","Inh ENOX2 SPHKAP",0.0848050369189435,5.45968075552139,4.5774313148185,0.0366041380054749,0.27089218172312,0.23218610845405,"gpath_3neocort"
"4171","ZNF674","Inh ENOX2 SPHKAP",-0.00749776506576168,4.55462108897397,0.0131259850395114,0.955400836456978,0.995337913222174,0.993997755838078,"gpath_3neocort"
"4172","SLC9A7","Inh ENOX2 SPHKAP",0.0221842119802035,6.66414053847637,0.663695102970054,0.41583993685159,0.742065109961662,0.727837843727948,"gpath_3neocort"
"4173","NDUFB11","Inh ENOX2 SPHKAP",-0.115013314902325,4.34542967013566,1.32747993974106,0.250079440681385,0.608362126743775,0.583453484480182,"gpath_3neocort"
"4174","RBM10","Inh ENOX2 SPHKAP",-0.0140619191973995,5.30757799045659,0.112869773264302,0.737111609337333,0.926779993766087,0.919164345060063,"gpath_3neocort"
"4175","UBA1","Inh ENOX2 SPHKAP",-0.00366145853214168,5.69693840046988,0.00652228271090917,0.93568075467241,0.993269159402148,0.990327857182524,"gpath_3neocort"
"4176","CDK16","Inh ENOX2 SPHKAP",0.0208499774807652,4.79708671239844,0.125432501714213,0.723439460165881,0.919453597376057,0.912292133255348,"gpath_3neocort"
"4177","USP11","Inh ENOX2 SPHKAP",-0.0277827286759445,7.30740256109949,0.725495284971208,0.394958584407148,0.731155331487715,0.712544768461424,"gpath_3neocort"
"4178","ZNF41","Inh ENOX2 SPHKAP",-0.0278502221817544,4.59364402757606,0.213646807162635,0.65995947992051,0.886317117013643,0.881357894276142,"gpath_3neocort"
"4179","SYN1","Inh ENOX2 SPHKAP",0.0831924491434481,6.91477336265968,5.18840386082793,0.0233706103371735,0.220740061555185,0.18496785403826,"gpath_3neocort"
"4180","ELK1","Inh ENOX2 SPHKAP",0.148266541875879,4.38483259302909,4.66265908059964,0.0315381404416285,0.253375796522894,0.21545165724502,"gpath_3neocort"
"4181","ZNF81","Inh ENOX2 SPHKAP",0.0125690979840126,4.77269655873272,0.0469950037513584,0.848857805514535,0.96901071828263,0.965651624343763,"gpath_3neocort"
"4182","ZNF630","Inh ENOX2 SPHKAP",0.0160759574636318,4.78434267066448,0.0757956903149563,0.783248478855952,0.945835848598468,0.939602635444655,"gpath_3neocort"
"4183","TBC1D25","Inh ENOX2 SPHKAP",-0.0414684279541845,4.71091127424518,0.485819279393022,0.646091642929074,0.881583474433582,0.873978269937276,"gpath_3neocort"
"4184","RBM3","Inh ENOX2 SPHKAP",-0.182177728163276,4.26093549170908,4.14377502648534,0.0425781434236077,0.284372339166754,0.250201571929542,"gpath_3neocort"
"4185","WDR13","Inh ENOX2 SPHKAP",0.0382101429793938,4.77553511932576,0.493517668540784,0.701959276833387,0.908926402669008,0.902243344160884,"gpath_3neocort"
"4186","HDAC6","Inh ENOX2 SPHKAP",-0.0881445766585261,4.95280961489832,2.51672395406691,0.187195462752541,0.540281656954452,0.511147284949077,"gpath_3neocort"
"4187","PCSK1N","Inh ENOX2 SPHKAP",-0.0280306365096261,7.59977396535265,0.201163583075634,0.654074594507593,0.885250646464898,0.878191440266348,"gpath_3neocort"
"4188","TIMM17B","Inh ENOX2 SPHKAP",0.0761076852228033,3.87934836220876,0.629330060227156,0.428165307754727,0.751391920510999,0.737576678884535,"gpath_3neocort"
"4189","OTUD5","Inh ENOX2 SPHKAP",-0.116787331352833,5.29656743397012,7.3244771732692,0.00715216670451863,0.129216696416702,0.100227703054478,"gpath_3neocort"
"4190","GRIPAP1","Inh ENOX2 SPHKAP",-0.0254081082872163,6.06726109716743,0.586978647730897,0.44413188140297,0.762971304613294,0.749126129143431,"gpath_3neocort"
"4191","CCDC120","Inh ENOX2 SPHKAP",0.154658622728479,4.24735584665383,5.04547490362162,0.0253445769570612,0.229891892697469,0.192817724083838,"gpath_3neocort"
"4192","PRAF2","Inh ENOX2 SPHKAP",-0.103242522550832,3.83992941782579,1.10250790731142,0.294476815543773,0.651286674941008,0.626996432632227,"gpath_3neocort"
"4193","WDR45","Inh ENOX2 SPHKAP",-0.021745386459171,4.36280930126544,0.088218566034642,0.976715404063281,0.997368972015209,0.997314347584822,"gpath_3neocort"
"4194","SYP","Inh ENOX2 SPHKAP",-0.0288249742038239,7.32411195033767,0.717607275439583,0.397537504979928,0.732377591644456,0.714415602254956,"gpath_3neocort"
"4195","PPP1R3F","Inh ENOX2 SPHKAP",-0.0912438919576153,4.50599621351237,1.91745507408523,0.167063357725616,0.518007871580616,0.48444215457263,"gpath_3neocort"
"4196","CLCN5","Inh ENOX2 SPHKAP",-0.106520194839616,4.6824739891031,2.68960312229405,0.101948007652984,0.414344615411002,0.383279995353252,"gpath_3neocort"
"4197","LINC01284","Inh ENOX2 SPHKAP",0.124059276894861,5.16564259094018,3.55494324851165,0.06023755529065,0.328807911110062,0.297546990376934,"gpath_3neocort"
"4198","AL158055.1","Inh ENOX2 SPHKAP",0.0704128997461187,4.84224774575103,1.2512736553008,0.264114591658331,0.623200361901824,0.597834586230656,"gpath_3neocort"
"4199","MAGED1","Inh ENOX2 SPHKAP",-0.0473320981467384,7.38487424604367,3.61881010909934,0.127326495381127,0.457758405933599,0.426431661576119,"gpath_3neocort"
"4200","FAM156A","Inh ENOX2 SPHKAP",-0.00557551891232018,5.37748015026557,0.0179933406507685,0.893373385302462,0.98246587773482,0.979430442669342,"gpath_3neocort"
"4201","GPR173","Inh ENOX2 SPHKAP",-0.0281432325222023,5.22406996914731,0.386361786077702,0.534642768757815,0.823138542634562,0.810498309331235,"gpath_3neocort"
"4202","TSPYL2","Inh ENOX2 SPHKAP",-0.0152498688532173,7.45305780499972,0.285188310113588,0.593676457841057,0.85343611858588,0.844977594165996,"gpath_3neocort"
"4203","KANTR","Inh ENOX2 SPHKAP",0.0445824840682544,7.33240700031111,2.39521607326756,0.122655519771147,0.450513836678993,0.418824038287812,"gpath_3neocort"
"4204","KDM5C","Inh ENOX2 SPHKAP",0.0774912472497592,5.52807169886148,3.09147155463882,0.0796210349892059,0.37492729145304,0.340187528532555,"gpath_3neocort"
"4205","IQSEC2","Inh ENOX2 SPHKAP",0.0307590287567004,6.080935740013,0.604256759686529,0.437509634970751,0.758604397953195,0.743933841341199,"gpath_3neocort"
"4206","SMC1A","Inh ENOX2 SPHKAP",0.124796285764162,5.20698557236127,8.39203237172394,0.00401776344352657,0.101887969825681,0.0730282378564902,"gpath_3neocort"
"4207","HUWE1","Inh ENOX2 SPHKAP",0.022044198449559,6.86382276803193,0.777162913652423,0.378645271510151,0.72072862665478,0.70020513235602,"gpath_3neocort"
"4208","PHF8","Inh ENOX2 SPHKAP",0.0384751108055542,5.59747662188472,0.838668602392508,0.360439670124699,0.706798531549399,0.685259369449086,"gpath_3neocort"
"4209","FAM120C","Inh ENOX2 SPHKAP",0.0610868043526199,5.72274073469179,2.33579764249972,0.184457835094611,0.536194148701887,0.507671467287254,"gpath_3neocort"
"4210","WNK3","Inh ENOX2 SPHKAP",0.0131619037744016,5.94029057192778,0.129372847671418,0.719310878590057,0.917920237938668,0.910263813401861,"gpath_3neocort"
"4211","TSR2","Inh ENOX2 SPHKAP",-0.0325364772517475,4.39964237307319,0.167202943877228,0.682872209994703,0.899013615177865,0.893168330911095,"gpath_3neocort"
"4212","FGD1","Inh ENOX2 SPHKAP",0.0224685529642544,5.22757387360382,0.24198445753522,0.623100191535443,0.871821402008105,0.861493375770625,"gpath_3neocort"
"4213","MAGED2","Inh ENOX2 SPHKAP",-0.0496929067184608,4.91079732752815,0.51661026289388,0.472794622649966,0.781809141682012,0.768930669888748,"gpath_3neocort"
"4214","TRO","Inh ENOX2 SPHKAP",-0.0522712085395077,4.78087609514612,0.715301927172609,0.398295823306213,0.732495750511582,0.714987623354433,"gpath_3neocort"
"4215","FAM104B","Inh ENOX2 SPHKAP",-0.0149152583116546,3.89597751498302,0.025150785872952,0.874087922289627,0.976948901017904,0.973664210432917,"gpath_3neocort"
"4216","MAGEH1","Inh ENOX2 SPHKAP",-0.146589805658256,4.62022495203924,2.97617831517647,0.0854251668002664,0.386377275569435,0.352415837975846,"gpath_3neocort"
"4217","USP51","Inh ENOX2 SPHKAP",0.0162218088761835,3.99461566149345,0.0348252739785871,0.852075752492991,0.970401727505604,0.96677409556256,"gpath_3neocort"
"4218","RRAGB","Inh ENOX2 SPHKAP",-0.0597597194933026,5.53365909863703,1.68445754560106,0.195230307034745,0.548990103928486,0.521391644604241,"gpath_3neocort"
"4219","AL445472.1","Inh ENOX2 SPHKAP",-0.0974184327137389,4.23436243466259,1.17752978410425,0.278643403421481,0.636805787964886,0.611855682029914,"gpath_3neocort"
"4220","UBQLN2","Inh ENOX2 SPHKAP",0.122205032969778,5.65492452931323,6.60377730604994,0.0106102778886531,0.152618738670169,0.123533081845296,"gpath_3neocort"
"4221","NBDY","Inh ENOX2 SPHKAP",-0.0324033377758089,5.78868050319375,0.622911642352136,0.633079837333358,0.876073817813307,0.866712535201497,"gpath_3neocort"
"4222","SPIN3","Inh ENOX2 SPHKAP",0.0485905394078723,5.73587214104243,1.3717444957172,0.242348675956389,0.601287119302422,0.575046246581883,"gpath_3neocort"
"4223","FAAH2","Inh ENOX2 SPHKAP",0.124929832117769,6.89805553971374,9.35598123686149,0.00240259498451431,0.0798514333078511,0.0550950136733043,"gpath_3neocort"
"4224","ARHGEF9","Inh ENOX2 SPHKAP",-0.0143434522047739,7.00077350584163,0.312754426357632,0.576370290991012,0.846076701601355,0.835012077238576,"gpath_3neocort"
"4225","MTMR8","Inh ENOX2 SPHKAP",0.00364525850540472,4.33692937652809,0.00264866382501257,0.958985672172977,0.995700592042286,0.994775525486955,"gpath_3neocort"
"4226","ZC4H2","Inh ENOX2 SPHKAP",0.0314643508395528,6.0014393788337,0.483883319553474,0.487153113163941,0.793535134083531,0.778830081306141,"gpath_3neocort"
"4227","ZC3H12B","Inh ENOX2 SPHKAP",0.0357865608065682,5.96844399289975,0.711659469532269,0.399498252241309,0.733272776450324,0.715853475128041,"gpath_3neocort"
"4228","LAS1L","Inh ENOX2 SPHKAP",-0.0384572731811801,5.05429452791388,0.540471790440933,0.462754036660565,0.775333429049331,0.762184923157091,"gpath_3neocort"
"4229","AR","Inh ENOX2 SPHKAP",-0.114355803158754,4.04017437089895,1.2480272174183,0.264733938972672,0.623754923231521,0.598443175374898,"gpath_3neocort"
"4230","OPHN1","Inh ENOX2 SPHKAP",0.0179066699083469,6.28963091179034,0.213566948716526,0.644287310719107,0.881448868178843,0.873129049361364,"gpath_3neocort"
"4231","YIPF6","Inh ENOX2 SPHKAP",0.00881950911309079,4.73167094865945,0.0255315982332553,0.873146323244123,0.97693748746163,0.973414692016061,"gpath_3neocort"
"4232","PJA1","Inh ENOX2 SPHKAP",0.0823501935201179,4.85776334749468,1.78571904286011,0.182359840476987,0.534081241072151,0.504950811177542,"gpath_3neocort"
"4233","EDA","Inh ENOX2 SPHKAP",0.239905139668512,4.20545475770152,6.70101058485255,0.0100577549040921,0.14951136615208,0.120244221253633,"gpath_3neocort"
"4234","IGBP1","Inh ENOX2 SPHKAP",-0.0889115779989537,5.1200648600233,3.1738640934983,0.0757353336898082,0.3671033745502,0.33235561124813,"gpath_3neocort"
"4235","DLG3","Inh ENOX2 SPHKAP",-0.0253270508127564,5.34442280704588,0.307844033773769,0.579378189941837,0.84788203369258,0.836658507939986,"gpath_3neocort"
"4236","NLGN3","Inh ENOX2 SPHKAP",-0.00301501507338315,4.8211606043326,0.00253654062837587,0.959862416037795,0.995700592042286,0.994851979397769,"gpath_3neocort"
"4237","ZMYM3","Inh ENOX2 SPHKAP",-0.0361261497103161,5.27206833926458,0.417223133527877,0.518770197702759,0.812575870231537,0.799673598921843,"gpath_3neocort"
"4238","NONO","Inh ENOX2 SPHKAP",0.0767622641688598,5.36427049274008,2.8217727085911,0.0939303073899928,0.401922427948076,0.368739631198268,"gpath_3neocort"
"4239","TAF1","Inh ENOX2 SPHKAP",-0.037742113183589,6.46964275475331,1.25521312847679,0.26336545274534,0.622337485764163,0.597043458236249,"gpath_3neocort"
"4240","OGT","Inh ENOX2 SPHKAP",0.0367392459974512,6.76851754102884,1.46161183645532,0.227530429414561,0.586836828479493,0.559054987959586,"gpath_3neocort"
"4241","GCNA","Inh ENOX2 SPHKAP",-0.0538497701063423,4.93461843804498,0.670119364567806,0.413594656228893,0.740992576296177,0.726137320270082,"gpath_3neocort"
"4242","NHSL2","Inh ENOX2 SPHKAP",0.0142040295968711,5.36171064652262,0.0784532577096117,0.779578243227123,0.944495130113347,0.938120180457642,"gpath_3neocort"
"4243","RTL5","Inh ENOX2 SPHKAP",0.0578782889845432,3.99972056041207,0.566346537413911,0.467011129692961,0.778325240621265,0.76495539215965,"gpath_3neocort"
"4244","PIN4","Inh ENOX2 SPHKAP",0.043432792711566,5.19155257410017,0.701446574738664,0.402897964792977,0.73514177712993,0.718361616525,"gpath_3neocort"
"4245","RPS4X","Inh ENOX2 SPHKAP",-0.118857467952914,5.49406963596194,2.29824115100892,0.130468028022069,0.461063524463921,0.431148465359176,"gpath_3neocort"
"4246","HDAC8","Inh ENOX2 SPHKAP",0.0151439567747739,7.95009047135139,0.394220344301045,0.530519087063486,0.819565027874438,0.807747819519625,"gpath_3neocort"
"4247","PHKA1","Inh ENOX2 SPHKAP",0.224184398090655,4.85177318077965,12.9372964646888,0.000370843068786593,0.0328297254894895,0.0188953413369599,"gpath_3neocort"
"4248","NAP1L2","Inh ENOX2 SPHKAP",0.0205011591578105,6.05062302443882,0.203896917845619,0.651887146373132,0.884010170085163,0.877087681386301,"gpath_3neocort"
"4249","CHIC1","Inh ENOX2 SPHKAP",0.0238712892647432,6.47824930300843,0.622260394579221,0.430769064219197,0.753903852081274,0.739345264586448,"gpath_3neocort"
"4250","XIST","Inh ENOX2 SPHKAP",0.169771621562817,8.95348050608523,0.912001632330303,0.340275726583375,0.690334380306021,0.668106375242826,"gpath_3neocort"
"4251","JPX","Inh ENOX2 SPHKAP",0.00190962652774534,7.37222715574869,0.00292350040566568,0.956912250408587,0.995700592042286,0.99424640707093,"gpath_3neocort"
"4252","FTX","Inh ENOX2 SPHKAP",0.0331674292586731,10.7834091864077,2.43472628303605,0.119623215031687,0.445464959074022,0.413794211449075,"gpath_3neocort"
"4253","SLC16A2","Inh ENOX2 SPHKAP",-0.0306360297196508,5.34535899740692,0.386476928293747,0.534581930500556,0.823138542634562,0.810467713544537,"gpath_3neocort"
"4254","RLIM","Inh ENOX2 SPHKAP",0.0186572811453468,5.1074445177673,0.133754437244659,0.714802546028332,0.91560916499627,0.908234244133882,"gpath_3neocort"
"4255","NEXMIF","Inh ENOX2 SPHKAP",0.0544249539396764,7.6239422246897,3.55040509266686,0.060400677242173,0.329329112533192,0.297971241922178,"gpath_3neocort"
"4256","ABCB7","Inh ENOX2 SPHKAP",0.0489154569778229,5.4211780935902,1.04862696908144,0.306565874894648,0.663703532619849,0.638347798379885,"gpath_3neocort"
"4257","ZDHHC15","Inh ENOX2 SPHKAP",-0.0184518872168908,4.98667686659867,0.100130660109139,0.751870901487856,0.931753479089939,0.925689708617748,"gpath_3neocort"
"4258","MAGEE1","Inh ENOX2 SPHKAP",0.00490184346780949,4.65614816639438,0.00574354777107438,0.939634647931695,0.993518947956843,0.990914149085573,"gpath_3neocort"
"4259","AC233296.1","Inh ENOX2 SPHKAP",-0.0616778969391437,6.99534599218018,1.26867348251422,0.260825684307063,0.619946427576807,0.594527688735738,"gpath_3neocort"
"4260","ATRX","Inh ENOX2 SPHKAP",0.0452819824862226,8.73050002747527,6.61521320099488,0.010543702282034,0.152618738670169,0.123155397918937,"gpath_3neocort"
"4261","COX7B","Inh ENOX2 SPHKAP",-0.040854800132872,4.60143663854463,0.31585189334777,0.574488827130965,0.84558225492765,0.833818271926971,"gpath_3neocort"
"4262","PGK1","Inh ENOX2 SPHKAP",-0.0457655163935254,5.58477167848762,0.846926419733638,0.358088619364434,0.70518603035361,0.683375001394882,"gpath_3neocort"
"4263","BRWD3","Inh ENOX2 SPHKAP",0.0513887392808417,6.04073283253224,2.04213831100542,0.153930609609393,0.497833369769602,0.465987531135064,"gpath_3neocort"
"4264","HMGN5","Inh ENOX2 SPHKAP",0.125216432631839,4.70389733692076,2.71793655278061,0.100168072082273,0.412621271547029,0.379944286707618,"gpath_3neocort"
"4265","SH3BGRL","Inh ENOX2 SPHKAP",0.0619134212650164,7.24927839308134,3.76367732832366,0.0532201949089668,0.314419400676765,0.279802734203553,"gpath_3neocort"
"4266","RPS6KA6","Inh ENOX2 SPHKAP",0.0370584704973028,6.09508936824896,0.998495469638479,0.318399445945785,0.671228787249916,0.648961489668593,"gpath_3neocort"
"4267","HDX","Inh ENOX2 SPHKAP",0.0754705219052355,6.19438408956613,3.28543230622716,0.0707964776649604,0.355003140834904,0.321539632905096,"gpath_3neocort"
"4268","APOOL","Inh ENOX2 SPHKAP",-0.0408917364583717,5.13516482901417,0.6212904224635,0.431128177388473,0.754145175392302,0.739601664619681,"gpath_3neocort"
"4269","SATL1","Inh ENOX2 SPHKAP",-0.30663253950604,3.94429150368303,8.9241092066956,0.00302288151219261,0.087767434119379,0.0625264619501345,"gpath_3neocort"
"4270","ZNF711","Inh ENOX2 SPHKAP",-0.000905676217071348,4.76997741934314,0.000170983023061357,0.989574941082846,0.998951897108485,0.998778373063069,"gpath_3neocort"
"4271","CHM","Inh ENOX2 SPHKAP",-0.0263278968802766,6.71274842956531,0.774486827274105,0.379466427730856,0.721440002451832,0.700836911541995,"gpath_3neocort"
"4272","DACH2","Inh ENOX2 SPHKAP",0.0740730453411653,5.29020172388219,2.09565395016875,0.148658067196184,0.489064952147446,0.458180410732627,"gpath_3neocort"
"4273","PCDH11X","Inh ENOX2 SPHKAP",0.0539498981693335,10.1069673160932,5.32003743513614,0.0216942269696,0.214393656112125,0.178369600868018,"gpath_3neocort"
"4274","NAP1L3","Inh ENOX2 SPHKAP",0.108604823322869,6.94026351355241,6.41659056968336,0.0117638181150506,0.160541254450746,0.130164735240125,"gpath_3neocort"
"4275","FAM133A","Inh ENOX2 SPHKAP",0.0448020153980954,5.03628231802535,0.653045743757494,0.419602013870589,0.744820344708676,0.730813595409006,"gpath_3neocort"
"4276","DIAPH2","Inh ENOX2 SPHKAP",0.0332762280959427,6.91456104555202,1.02307911874137,0.312523170377874,0.66620805586772,0.643562664302517,"gpath_3neocort"
"4277","DIAPH2-AS1","Inh ENOX2 SPHKAP",-0.0136260875690404,3.58411712267992,0.020039429109334,0.887512509047265,0.980135034655871,0.977607434319343,"gpath_3neocort"
"4278","PCDH19","Inh ENOX2 SPHKAP",-0.0301675455430072,6.81154604190655,1.02120936249837,0.31296507901225,0.66620805586772,0.644033607256164,"gpath_3neocort"
"4279","TRMT2B","Inh ENOX2 SPHKAP",-0.0292233825302068,4.06382218929397,0.127956893330164,0.720786204196242,0.918385260046279,0.911000745525235,"gpath_3neocort"
"4280","TMEM35A","Inh ENOX2 SPHKAP",-0.000314061397909956,5.58307331586373,1.55331420562139e-05,0.996857733865609,0.999341080892678,0.999626497012588,"gpath_3neocort"
"4281","DRP2","Inh ENOX2 SPHKAP",0.0799764476593796,5.21736572161982,2.88739494344511,0.175480282784062,0.525631188480834,0.49577120427669,"gpath_3neocort"
"4282","HNRNPH2","Inh ENOX2 SPHKAP",0.068503650617169,4.94244946498343,1.32552313007255,0.250428132981006,0.608635712093112,0.583903637971439,"gpath_3neocort"
"4283","ARMCX4","Inh ENOX2 SPHKAP",-0.0377340324231264,6.8150431510519,1.61749590332337,0.204327644432871,0.560428179154327,0.532230291644509,"gpath_3neocort"
"4284","ARMCX1","Inh ENOX2 SPHKAP",-0.0833288751925777,4.28797443092375,1.12856013146855,0.288851489158496,0.645948223594981,0.62181769506291,"gpath_3neocort"
"4285","ARMCX3","Inh ENOX2 SPHKAP",-0.0777865337487781,5.46379557570527,2.19574033727587,0.139337125056383,0.47555215353514,0.444786326488993,"gpath_3neocort"
"4286","ARMCX2","Inh ENOX2 SPHKAP",0.0523945968010292,4.45271079674176,0.606119775050701,0.436804672164198,0.758584963925395,0.743416418709027,"gpath_3neocort"
"4287","ZMAT1","Inh ENOX2 SPHKAP",-0.129062692243539,5.7083487839161,6.39866444692166,0.011880873860227,0.160541254450746,0.13087391637592,"gpath_3neocort"
"4288","TCEAL2","Inh ENOX2 SPHKAP",-0.115189862860377,5.9214393096991,3.5992455793462,0.0586696303251373,0.325608798899836,0.293986907877798,"gpath_3neocort"
"4289","TCEAL6","Inh ENOX2 SPHKAP",0.0131518471851668,4.77304343780639,0.0322338662421844,0.857624396190627,0.971265236051276,0.968495788380809,"gpath_3neocort"
"4290","BEX5","Inh ENOX2 SPHKAP",-0.127503918650744,4.68297147875859,1.88815089951982,0.170333590093161,0.520134368243087,0.48887409845013,"gpath_3neocort"
"4291","GPRASP1","Inh ENOX2 SPHKAP",-0.105224197268172,6.4395743796698,7.83434681148493,0.00542463049177179,0.119243909094523,0.0863313250110285,"gpath_3neocort"
"4292","GPRASP2","Inh ENOX2 SPHKAP",-0.0680765502942442,5.20209007348715,1.6939315746117,0.193982046091835,0.54710479455605,0.519834316190115,"gpath_3neocort"
"4293","BHLHB9","Inh ENOX2 SPHKAP",0.0558156510971934,5.95209683413277,1.80185646556911,0.180401448807009,0.531856312710162,0.502245052158226,"gpath_3neocort"
"4294","LINC00630","Inh ENOX2 SPHKAP",0.064810336650014,5.52126405011547,1.83876666101839,0.176013176221207,0.526359958634965,0.496566900465855,"gpath_3neocort"
"4295","BEX1","Inh ENOX2 SPHKAP",-0.151785486284614,6.72346093022805,5.26562602738755,0.0223714519001104,0.216167843801549,0.181071059730436,"gpath_3neocort"
"4296","BEX4","Inh ENOX2 SPHKAP",-0.117866420936879,6.3179077761385,4.08753145476649,0.0439990499708855,0.286981077439037,0.254282541766681,"gpath_3neocort"
"4297","TCEAL8","Inh ENOX2 SPHKAP",-0.146638183350139,4.08756808703259,2.26512019218028,0.1332626176496,0.465847656442537,0.435397172611202,"gpath_3neocort"
"4298","TCEAL5","Inh ENOX2 SPHKAP",-0.0771083625372962,4.68035542920231,1.07579651314717,0.300391409334967,0.657839953893813,0.632572498883966,"gpath_3neocort"
"4299","BEX2","Inh ENOX2 SPHKAP",-0.171986659197559,6.22208249352359,8.38130161005714,0.00404095935407441,0.102210031662277,0.0732662583511971,"gpath_3neocort"
"4300","TCEAL7","Inh ENOX2 SPHKAP",-0.0755506246815211,5.09267922900501,0.980978924139399,0.322675443409973,0.673781577677803,0.652654114400042,"gpath_3neocort"
"4301","TCEAL9","Inh ENOX2 SPHKAP",0.0237092151932546,4.17533434426294,0.0620581960708756,0.803425344854252,0.952559922311815,0.948066058505082,"gpath_3neocort"
"4302","BEX3","Inh ENOX2 SPHKAP",-0.182218612184597,6.98450194111809,6.97373976936725,0.00866071241808829,0.140741382343208,0.110895690330895,"gpath_3neocort"
"4303","TCEAL4","Inh ENOX2 SPHKAP",-0.0556703236024087,5.32502746483602,1.12026659532833,0.290627228634768,0.647690585266799,0.623341353887041,"gpath_3neocort"
"4304","TCEAL3","Inh ENOX2 SPHKAP",-0.0555526604428812,5.16025642946184,0.888851569324591,0.346471307365196,0.695800699344664,0.673412885394619,"gpath_3neocort"
"4305","TCEAL1","Inh ENOX2 SPHKAP",0.0673150709971552,5.09760845908273,1.3441883920198,0.247126271988988,0.605217510497873,0.580170697324194,"gpath_3neocort"
"4306","MORF4L2","Inh ENOX2 SPHKAP",0.0302815096147796,6.94778457863146,0.882912235341318,0.348085470855901,0.697747285960224,0.674908170716331,"gpath_3neocort"
"4307","PLP1","Inh ENOX2 SPHKAP",0.101465007272728,5.51777296251851,1.80097476665641,0.180507816133404,0.531856312710162,0.502403613723911,"gpath_3neocort"
"4308","RAB9B","Inh ENOX2 SPHKAP",0.0495879471939777,5.15769551666561,0.997631273721511,0.318608647835841,0.671228787249916,0.649153801615616,"gpath_3neocort"
"4309","TMSB15B-1","Inh ENOX2 SPHKAP",0.140973499737972,4.42448952096021,4.74095381106179,0.0301535096051253,0.248494779029054,0.210688382281699,"gpath_3neocort"
"4310","SLC25A53","Inh ENOX2 SPHKAP",0.0426589349871668,4.83061871210837,0.582601478998452,0.44583413416098,0.763145157050382,0.750257682207658,"gpath_3neocort"
"4311","FAM199X","Inh ENOX2 SPHKAP",-0.00668048188589312,5.15823132241758,0.018328372569263,0.970211024474774,0.995943372722374,0.996379211217303,"gpath_3neocort"
"4312","IL1RAPL2","Inh ENOX2 SPHKAP",0.103853801504997,4.71016352526159,0.77287236122053,0.379963045018628,0.721613905356449,0.70112769502098,"gpath_3neocort"
"4313","RNF128","Inh ENOX2 SPHKAP",0.0107571847840782,4.77705680037311,0.0365092515612328,0.848583955488077,0.96901071828263,0.965561993201456,"gpath_3neocort"
"4314","RBM41","Inh ENOX2 SPHKAP",0.093539189810887,6.00797894857722,5.12543289251103,0.024219759951522,0.225049639702215,0.188407129935527,"gpath_3neocort"
"4315","FRMPD3","Inh ENOX2 SPHKAP",-0.100221190701051,5.59863253441619,4.71880506050489,0.0305386239899718,0.24977248336751,0.211916298092104,"gpath_3neocort"
"4316","PRPS1","Inh ENOX2 SPHKAP",-0.125377131383514,4.36658961654592,2.51171696140324,0.11395068822252,0.435466798646659,0.404137913669042,"gpath_3neocort"
"4317","TSC22D3","Inh ENOX2 SPHKAP",0.133947872969141,4.96554186377028,4.78277096744457,0.0294402095734165,0.246213865163732,0.20793891500184,"gpath_3neocort"
"4318","MID2","Inh ENOX2 SPHKAP",0.126615403936356,4.86200273838888,4.16841735029459,0.0419709440333956,0.282806577848699,0.24854661474992,"gpath_3neocort"
"4319","AL034399.2","Inh ENOX2 SPHKAP",-0.0227570160522317,4.0070804931857,0.046969639997969,0.82855535863191,0.962595094530845,0.958023766389606,"gpath_3neocort"
"4320","PSMD10","Inh ENOX2 SPHKAP",-0.0207180122255034,4.18373430063624,0.0598639010243667,0.806861680383018,0.953279350958682,0.949474197669151,"gpath_3neocort"
"4321","ACSL4","Inh ENOX2 SPHKAP",0.0167169111163178,6.37665989125666,0.252075951005448,0.615948499155053,0.866402785609116,0.857557068856172,"gpath_3neocort"
"4322","TMEM164","Inh ENOX2 SPHKAP",-0.181876729114457,4.80615615871995,7.65910396972855,0.00596403992294603,0.122839651633534,0.0912727431244911,"gpath_3neocort"
"4323","AMMECR1","Inh ENOX2 SPHKAP",0.0283734267843822,7.43296989936212,0.942659207516446,0.332298674146613,0.683663091200187,0.661412717071594,"gpath_3neocort"
"4324","PAK3","Inh ENOX2 SPHKAP",0.00472748116875863,8.98299233206398,0.06163354367065,0.804085269960121,0.952559922311815,0.948319899952095,"gpath_3neocort"
"4325","DCX","Inh ENOX2 SPHKAP",0.0158526705872993,6.99917325988694,0.338099421852066,0.561321202525475,0.839116879236982,0.826135424178685,"gpath_3neocort"
"4326","ALG13","Inh ENOX2 SPHKAP",-0.0294218729459818,6.01247216878089,0.595857460238225,0.583689259672108,0.850178807252576,0.839291574265344,"gpath_3neocort"
"4327","TRPC5","Inh ENOX2 SPHKAP",0.0272800955857931,6.34819283976217,0.245433951262551,0.620635021155618,0.870168415362743,0.860304164204128,"gpath_3neocort"
"4328","XACT","Inh ENOX2 SPHKAP",0.247558888502033,4.45631797181587,3.90216441582682,0.0490482881681659,0.30383729655318,0.268789233548362,"gpath_3neocort"
"4329","HTR2C","Inh ENOX2 SPHKAP",0.344542251065535,6.6767874303881,10.213667741605,0.00152735416343052,0.0648185241849365,0.0424344934331513,"gpath_3neocort"
"4330","LRCH2","Inh ENOX2 SPHKAP",0.0263095267234398,5.45987296574797,0.325982372627522,0.568419043350326,0.843019287868637,0.830098584793457,"gpath_3neocort"
"4331","DANT2","Inh ENOX2 SPHKAP",0.0166031417523066,8.9990986091129,0.5418656515944,0.462178109504461,0.775333429049331,0.761769213343556,"gpath_3neocort"
"4332","KLHL13","Inh ENOX2 SPHKAP",-0.0187883636566171,4.69100523780328,0.0461830954532926,0.829974695206472,0.962916920097718,0.958648608252128,"gpath_3neocort"
"4333","WDR44","Inh ENOX2 SPHKAP",0.0301290083860402,5.78197196797484,0.78466973616079,0.376355158239624,0.718757899772005,0.69851611919597,"gpath_3neocort"
"4334","DOCK11","Inh ENOX2 SPHKAP",-0.021718620056927,6.65828913392809,0.422706900587064,0.516037133790569,0.810186041624116,0.79792023368575,"gpath_3neocort"
"4335","ZCCHC12","Inh ENOX2 SPHKAP",0.0170678390889114,4.00905746717066,0.038883810984625,0.843799172352953,0.967265019467106,0.963873445842429,"gpath_3neocort"
"4336","LONRF3","Inh ENOX2 SPHKAP",0.19279339965034,4.37586847684853,4.33664661075482,0.0380622572205096,0.273876430580498,0.236705331033287,"gpath_3neocort"
"4337","PGRMC1","Inh ENOX2 SPHKAP",-0.00866056252664038,6.70513781730717,0.0487137449412931,0.825451847449925,0.961952094667183,0.956790385167858,"gpath_3neocort"
"4338","SLC25A43","Inh ENOX2 SPHKAP",-0.125649608822165,4.28022047031427,1.86676807295533,0.172766406694308,0.523125139198304,0.492130761929148,"gpath_3neocort"
"4339","SLC25A5","Inh ENOX2 SPHKAP",-0.254665296762807,4.29285835199155,6.63513987735128,0.0104287234278552,0.151834596559841,0.122513252739034,"gpath_3neocort"
"4340","CXorf56","Inh ENOX2 SPHKAP",-0.0287755630239921,4.20531752724562,0.14134650360413,0.707185146919094,0.911386092288313,0.905007627471292,"gpath_3neocort"
"4341","NKRF","Inh ENOX2 SPHKAP",0.0149119694471143,5.03353267929077,0.074790014089629,0.784655405576352,0.946213564168876,0.94015608776482,"gpath_3neocort"
"4342","SEPT6","Inh ENOX2 SPHKAP",-0.0377666670427051,6.79495663151664,1.34109707955786,0.247669408394046,0.605217510497873,0.580786917776073,"gpath_3neocort"
"4343","UPF3B","Inh ENOX2 SPHKAP",-0.0165406206923479,6.29854930522373,0.187458479673504,0.665320304524944,0.888702981828081,0.884078542946018,"gpath_3neocort"
"4344","NDUFA1","Inh ENOX2 SPHKAP",-0.0425062319423374,4.53479786465627,0.294155003321791,0.587932424163088,0.851588997986641,0.841849177178579,"gpath_3neocort"
"4345","NKAP","Inh ENOX2 SPHKAP",0.0371814978153901,4.7575481475172,0.473141426590985,0.625118699906478,0.872996687177583,0.862523754356693,"gpath_3neocort"
"4346","RHOXF1-AS1","Inh ENOX2 SPHKAP",-0.00190382935459353,5.54365176191495,0.00153501160840261,0.968770945318901,0.995943372722374,0.996281241181018,"gpath_3neocort"
"4347","ZBTB33","Inh ENOX2 SPHKAP",0.170368345552661,3.86930961018847,3.5791518734521,0.0593753047183902,0.326664812060838,0.295527280499382,"gpath_3neocort"
"4348","TMEM255A","Inh ENOX2 SPHKAP",0.0202771328959877,5.60651862217766,0.104542132773589,0.746648205845541,0.92989643541679,0.923526790892278,"gpath_3neocort"
"4349","LAMP2","Inh ENOX2 SPHKAP",-0.0243786874943685,5.39235914317654,0.29966079442294,0.584461367477947,0.850178807252576,0.839689278439706,"gpath_3neocort"
"4350","CUL4B","Inh ENOX2 SPHKAP",0.0844592587978328,5.289102587301,3.58429618522568,0.0591937816112003,0.326420132171676,0.295125808322372,"gpath_3neocort"
"4351","MCTS1","Inh ENOX2 SPHKAP",-0.0435138326522142,5.19560035119484,0.862029135426208,0.393010982283617,0.72999619626655,0.711155941934123,"gpath_3neocort"
"4352","GRIA3","Inh ENOX2 SPHKAP",-0.0173708275830379,9.67487033077712,0.818155533080956,0.36637306950263,0.711865305342764,0.690772511174226,"gpath_3neocort"
"4353","THOC2","Inh ENOX2 SPHKAP",0.0203777512384845,6.73478984053333,0.487487539928399,0.48553684022555,0.791455934067025,0.777696856129547,"gpath_3neocort"
"4354","XIAP","Inh ENOX2 SPHKAP",0.055700350332847,6.05900402305168,2.1941686022645,0.139478300741708,0.47574069794142,0.445002008133136,"gpath_3neocort"
"4355","STAG2","Inh ENOX2 SPHKAP",0.0913118311338128,6.67061699973616,8.85881956489428,0.00312998129665857,0.0893834541550181,0.063739743847222,"gpath_3neocort"
"4356","TENM1","Inh ENOX2 SPHKAP",0.0687258693683886,8.16912029840215,5.23121642208516,0.0228110569572661,0.217310542834937,0.182911645987565,"gpath_3neocort"
"4357","AL442647.1","Inh ENOX2 SPHKAP",0.238980623402318,5.13288964979799,12.3245404424598,0.000508523568072945,0.0380972234612505,0.0226244603934518,"gpath_3neocort"
"4358","SMARCA1","Inh ENOX2 SPHKAP",0.0562326360553802,6.20255210975183,2.55029893539585,0.111220646618249,0.429277311442135,0.399433962015582,"gpath_3neocort"
"4359","OCRL","Inh ENOX2 SPHKAP",0.0713773755695901,5.66603018247804,2.89881926542578,0.0895764307548078,0.393812768708947,0.360503980824667,"gpath_3neocort"
"4360","ZDHHC9","Inh ENOX2 SPHKAP",0.0850545501299133,4.74700936935666,2.16113472375838,0.142483098295379,0.480769373250311,0.449669941777252,"gpath_3neocort"
"4361","BCORL1","Inh ENOX2 SPHKAP",0.00214604954462225,4.2733823362019,0.00112789002858129,0.973228917271701,0.997086080630386,0.996889791018314,"gpath_3neocort"
"4362","SLC25A14","Inh ENOX2 SPHKAP",-0.136154636468391,4.52098145449517,4.23898223573384,0.040282223433491,0.279791934233478,0.243421595960389,"gpath_3neocort"
"4363","RBMX2","Inh ENOX2 SPHKAP",-0.0509573426286645,4.73918675682875,0.720475190459728,0.396597052841882,0.73214083328248,0.713755353507377,"gpath_3neocort"
"4364","ENOX2","Inh ENOX2 SPHKAP",0.0588855840818141,7.54073403353838,3.62648874364258,0.0577271388122877,0.32391397515361,0.291655504182489,"gpath_3neocort"
"4365","RAP2C-AS1","Inh ENOX2 SPHKAP",-0.0344125298302071,4.69802083816207,0.216646189546977,0.641911183424252,0.880428065897535,0.871703615905279,"gpath_3neocort"
"4366","HS6ST2","Inh ENOX2 SPHKAP",0.0152293819424763,5.25543736415685,0.0496927327070578,0.82373530395562,0.960803837494107,0.956052937452315,"gpath_3neocort"
"4367","PHF6","Inh ENOX2 SPHKAP",0.087115143723788,5.19494485059269,3.11716833406234,0.0783865167530444,0.373083040147188,0.337736192889102,"gpath_3neocort"
"4368","HPRT1","Inh ENOX2 SPHKAP",-0.0529094169508356,6.63106675641975,2.09050334007965,0.149156499477089,0.48971206739983,0.458926188249286,"gpath_3neocort"
"4369","RTL8C","Inh ENOX2 SPHKAP",-0.0447530378654922,5.58182295617884,0.612625546429201,0.434356483923806,0.757053424929146,0.741728037061408,"gpath_3neocort"
"4370","RTL8A","Inh ENOX2 SPHKAP",0.0309100262538798,4.29563842240363,0.149592664180387,0.69917164845238,0.907683443891385,0.900789175522284,"gpath_3neocort"
"4371","SMIM10L2B","Inh ENOX2 SPHKAP",-0.040029364988298,4.40744994370945,0.276851498065718,0.599122117326102,0.8578519597885,0.847962405174733,"gpath_3neocort"
"4372","ZNF75D","Inh ENOX2 SPHKAP",0.0129213673904737,5.21077878317247,0.0554614561665147,0.813963268706294,0.956689256079316,0.952214209395636,"gpath_3neocort"
"4373","SMIM10L2A","Inh ENOX2 SPHKAP",-0.0840760800320104,4.40748907442971,1.3169971092646,0.251954427173624,0.61089714980321,0.58555916433363,"gpath_3neocort"
"4374","INTS6L","Inh ENOX2 SPHKAP",-0.051310575846118,5.11020253990249,0.916449614498563,0.339102513477638,0.688671590457818,0.667054694549217,"gpath_3neocort"
"4375","SLC9A6","Inh ENOX2 SPHKAP",-0.0330760938689919,6.438865634503,1.02985338706634,0.411488969472043,0.740443860614422,0.724574476796161,"gpath_3neocort"
"4376","FHL1","Inh ENOX2 SPHKAP",-0.0305632488157778,6.57348445173972,0.802549945508486,0.370978358558902,0.715647237647898,0.694499172004669,"gpath_3neocort"
"4377","HTATSF1","Inh ENOX2 SPHKAP",0.0211704020633437,5.0507065924397,0.168427646600275,0.681776591286103,0.898638392791564,0.892565843489421,"gpath_3neocort"
"4378","ARHGEF6","Inh ENOX2 SPHKAP",0.126878787084651,4.29957995170702,3.27740312577549,0.0711400605089614,0.355809917430029,0.32228865140975,"gpath_3neocort"
"4379","AL683813.1","Inh ENOX2 SPHKAP",0.0195379382265501,5.41033511134588,0.167002898921068,0.683051614935109,0.899038830341732,0.893225401477277,"gpath_3neocort"
"4380","RBMX","Inh ENOX2 SPHKAP",-0.016331799188383,6.15486766937901,0.197204648770192,0.798674894111856,0.9520320723109,0.946264230806029,"gpath_3neocort"
"4381","FGF13","Inh ENOX2 SPHKAP",-0.00152771572664843,6.59878410255851,0.0016780274508502,0.967349325603157,0.995859773924732,0.996001728590327,"gpath_3neocort"
"4382","MCF2","Inh ENOX2 SPHKAP",-0.00233426436624786,4.96463214244985,0.00120875562568529,0.97228620872079,0.996773599712099,0.996687163472183,"gpath_3neocort"
"4383","LINC00632","Inh ENOX2 SPHKAP",-0.0184111063010618,8.72575318378932,0.702294515689477,0.402614097149617,0.735045206958961,0.718212860273589,"gpath_3neocort"
"4384","AL078639.1","Inh ENOX2 SPHKAP",0.314454343939494,6.22632928831997,19.4953217114519,1.36429370596993e-05,0.00553562171197301,0.00251787607627938,"gpath_3neocort"
"4385","LDOC1","Inh ENOX2 SPHKAP",-0.0502123425908373,4.03371814526272,0.289352015590071,0.590994928290637,0.852390391727358,0.843500309956639,"gpath_3neocort"
"4386","SPANXA2-OT1","Inh ENOX2 SPHKAP",0.218577782386349,3.87121572155704,4.81680962876465,0.0288726394614623,0.244504554395975,0.205867358067516,"gpath_3neocort"
"4387","SLITRK4","Inh ENOX2 SPHKAP",0.0134697274211431,4.76972434696103,0.0458745103182602,0.830534995588686,0.962916920097718,0.958803298986263,"gpath_3neocort"
"4388","FMR1","Inh ENOX2 SPHKAP",0.0425642879877167,5.52542014062168,0.980852248680269,0.322706641845273,0.673781577677803,0.652687690723337,"gpath_3neocort"
"4389","AFF2","Inh ENOX2 SPHKAP",0.0630578175799619,6.97533657187594,2.20104727052374,0.138861636215495,0.47478271691879,0.444014629749926,"gpath_3neocort"
"4390","IDS","Inh ENOX2 SPHKAP",0.0442338847981749,8.41236712529611,2.16506909155287,0.142121420081313,0.479881549497859,0.44914890736116,"gpath_3neocort"
"4391","TMEM185A","Inh ENOX2 SPHKAP",0.0200442906876306,4.80045847963064,0.131655094692852,0.9767828221805,0.997368972015209,0.997329671365262,"gpath_3neocort"
"4392","LINC00894","Inh ENOX2 SPHKAP",-0.0625731431115857,6.0579496137079,1.91167951611696,0.167702130282978,0.518110198190241,0.485394143183843,"gpath_3neocort"
"4393","MTM1","Inh ENOX2 SPHKAP",0.0103986110587285,5.52341960487835,0.0581870995540823,0.809532860164565,0.954456730603235,0.950397866693755,"gpath_3neocort"
"4394","MTMR1","Inh ENOX2 SPHKAP",-0.00659963437703141,6.14242716347404,0.0300721551376027,0.86243183848015,0.972708042983518,0.970077083479567,"gpath_3neocort"
"4395","CD99L2","Inh ENOX2 SPHKAP",-0.0830334959780979,6.02372740352924,4.09455835086889,0.0438188188701324,0.286573309709436,0.253758892522721,"gpath_3neocort"
"4396","VMA21","Inh ENOX2 SPHKAP",-0.0261672112876723,5.06044836499233,0.241730900045028,0.973058887311986,0.997086080630386,0.99685864507385,"gpath_3neocort"
"4397","PRRG3","Inh ENOX2 SPHKAP",-0.0855356698155821,5.1215567237014,2.83992717194952,0.0928839976944864,0.399692606959305,0.366785794291762,"gpath_3neocort"
"4398","GABRA3","Inh ENOX2 SPHKAP",0.0447080461763508,4.88310404485467,0.588005122934177,0.44373415009845,0.762971304613294,0.748811710019751,"gpath_3neocort"
"4399","PNMA3","Inh ENOX2 SPHKAP",-0.126589329249729,5.67745573045614,5.6958337084099,0.0175624154924441,0.19415051276566,0.160804049291492,"gpath_3neocort"
"4400","PNMA6A","Inh ENOX2 SPHKAP",-0.0633394203219839,4.60864653291289,0.845603436840038,0.35846385479328,0.705523532709841,0.683606328684103,"gpath_3neocort"
"4401","PNMA6F","Inh ENOX2 SPHKAP",0.0789920384475281,3.89079541478233,0.600409311656193,0.438971040772677,0.759984192738075,0.744963222738124,"gpath_3neocort"
"4402","ATP2B3","Inh ENOX2 SPHKAP",0.00731447683675989,5.81163474262513,0.0393135087172292,0.842949692430007,0.967020502878925,0.963567674547863,"gpath_3neocort"
"4403","PNCK","Inh ENOX2 SPHKAP",-0.152565787808305,5.6580991672184,10.0066134113129,0.00170325526113897,0.0687689441880235,0.045188689368619,"gpath_3neocort"
"4404","SLC6A8","Inh ENOX2 SPHKAP",0.173618922810324,4.91185847911735,6.87908963628547,0.00912139024771722,0.143502636972913,0.114154405639772,"gpath_3neocort"
"4405","BCAP31","Inh ENOX2 SPHKAP",0.0111276193189887,4.66790746496935,0.0262570033663437,0.871372402192159,0.976081680883947,0.972820856821325,"gpath_3neocort"
"4406","SSR4","Inh ENOX2 SPHKAP",-0.15787360269267,3.6528450994346,1.77861267394656,0.183230081270226,0.535341893612199,0.506065398856835,"gpath_3neocort"
"4407","PDZD4","Inh ENOX2 SPHKAP",0.110663688564145,4.71808644059464,3.13930569708492,0.0773395913824383,0.370271849007957,0.335741123704832,"gpath_3neocort"
"4408","L1CAM","Inh ENOX2 SPHKAP",-0.0374726732684021,5.48903130847304,0.617527007362944,0.432525824549668,0.755091897933245,0.740400308460032,"gpath_3neocort"
"4409","HCFC1","Inh ENOX2 SPHKAP",0.0246201022617079,4.18500943187248,0.109353224743213,0.741089385368017,0.927838574789631,0.920961892110312,"gpath_3neocort"
"4410","MECP2","Inh ENOX2 SPHKAP",0.0671934110844214,6.79247889566395,6.06195383068332,0.0143178890279218,0.175160305720983,0.144146175877872,"gpath_3neocort"
"4411","FLNA","Inh ENOX2 SPHKAP",0.0639559202814025,4.61317492078941,0.82372205067178,0.364749636906971,0.71095515696559,0.689343596293928,"gpath_3neocort"
"4412","EMD","Inh ENOX2 SPHKAP",0.00401695211814392,4.26836473514995,0.00273851788010531,0.958296409467047,0.995700592042286,0.994526422734845,"gpath_3neocort"
"4413","RPL10","Inh ENOX2 SPHKAP",-0.115068274245275,6.08111458040167,2.56080555244959,0.110489788953619,0.428153428105986,0.398183709527203,"gpath_3neocort"
"4414","TAZ","Inh ENOX2 SPHKAP",-0.182091372146952,5.453568119981,11.6424217514932,0.000723971692937901,0.0442777111902096,0.0277434833387087,"gpath_3neocort"
"4415","ATP6AP1","Inh ENOX2 SPHKAP",-0.16390728876303,5.45598070394103,7.56274035811438,0.00628379755379356,0.123857366202723,0.0939515125786709,"gpath_3neocort"
"4416","GDI1","Inh ENOX2 SPHKAP",0.0369503602697621,6.69218539331782,0.849643090009977,0.357319789453527,0.704883377262009,0.682716732081271,"gpath_3neocort"
"4417","FAM50A","Inh ENOX2 SPHKAP",-0.0987852690848158,4.35995582977394,1.8062010004623,0.179878389854736,0.531610245950052,0.501586116413133,"gpath_3neocort"
"4418","PLXNA3","Inh ENOX2 SPHKAP",0.12734803657984,4.16997435673393,2.84806674956855,0.0924190213565048,0.39902009088589,0.365937710819876,"gpath_3neocort"
"4419","UBL4A","Inh ENOX2 SPHKAP",-0.107575264954919,3.96426650041974,1.44684954265608,0.229887566351175,0.589737913890343,0.561670333792063,"gpath_3neocort"
"4420","FAM3A","Inh ENOX2 SPHKAP",-0.0518395969828347,4.24633013398961,0.452484246542283,0.501623480033215,0.800919732507534,0.788268472348189,"gpath_3neocort"
"4421","MPP1","Inh ENOX2 SPHKAP",-0.151044026726304,4.65335059376345,6.94038492836925,0.00976186540105605,0.147771602677457,0.118407017774178,"gpath_3neocort"
"4422","BRCC3","Inh ENOX2 SPHKAP",0.0179998680033252,5.45576883063972,0.173661435632592,0.677146211236743,0.895226850638413,0.890230043381319,"gpath_3neocort"
"4423","VBP1","Inh ENOX2 SPHKAP",0.0858328037645215,4.36379392044525,1.48145791728631,0.224407316634614,0.582843048188689,0.555428390183674,"gpath_3neocort"
"4424","RAB39B","Inh ENOX2 SPHKAP",0.139091647939282,4.36629251932068,4.07696859032152,0.0442714505438358,0.288371495248075,0.255085709515358,"gpath_3neocort"
"4425","TMLHE-AS1","Inh ENOX2 SPHKAP",0.0505043061302156,4.24669745407121,0.313821821997292,0.575720555712739,0.845900315657619,0.834577221533078,"gpath_3neocort"
"4426","TMLHE","Inh ENOX2 SPHKAP",0.00116458943234749,5.30326782400283,0.000546573949972527,0.981362003726331,0.998172466292773,0.997954348276109,"gpath_3neocort"
"4427","VAMP7","Inh ENOX2 SPHKAP",-0.053972859570405,4.59609283486428,0.740550663361895,0.390102895941891,0.727649032330622,0.709243308633073,"gpath_3neocort"
"4428","ZNF596","Inh ENOX2 SPHKAP",-0.0519459899976498,4.50736881022578,0.620043009125898,0.43159067667192,0.754683068671423,0.739886564951872,"gpath_3neocort"
"4429","FBXO25","Inh ENOX2 SPHKAP",0.0343772341081236,5.68328549185262,0.86941664658899,0.351791530311051,0.700418303448991,0.678073566899095,"gpath_3neocort"
"4430","TDRP","Inh ENOX2 SPHKAP",0.0346324877026577,5.62732796685763,0.683472125003878,0.408984883920901,0.73886192864112,0.722686191616938,"gpath_3neocort"
"4431","ERICH1","Inh ENOX2 SPHKAP",-0.0703462088101974,5.5867462112216,2.0171875191597,0.15646134616558,0.501026171969885,0.469397063871923,"gpath_3neocort"
"4432","DLGAP2","Inh ENOX2 SPHKAP",0.0134387409514475,10.2301715413306,0.316562444271337,0.574058937403042,0.84549412279749,0.833605414135889,"gpath_3neocort"
"4433","KBTBD11","Inh ENOX2 SPHKAP",-0.0809830881456806,4.55548026485746,1.45008989052315,0.229367653825024,0.588869552583201,0.561143062322721,"gpath_3neocort"
"4434","AC246817.2","Inh ENOX2 SPHKAP",0.160195443639508,3.79283389577336,2.17858961088088,0.140886383584644,0.4780319175426,0.447318767446369,"gpath_3neocort"
"4435","CSMD1","Inh ENOX2 SPHKAP",0.0378401650782813,11.8128526519814,2.57397473318288,0.109581200699645,0.427094112662848,0.396668341654126,"gpath_3neocort"
"4436","MCPH1","Inh ENOX2 SPHKAP",0.0544593013477125,7.13402173987637,3.81930023977901,0.0515009546685083,0.308815453547989,0.275303150779242,"gpath_3neocort"
"4437","ANGPT2","Inh ENOX2 SPHKAP",-0.21328725725776,3.75732542285973,3.59889665480596,0.0586818075651275,0.325608798899836,0.29402158004559,"gpath_3neocort"
"4438","MCPH1-AS1","Inh ENOX2 SPHKAP",0.0326573550146702,5.11805287992172,0.355154804388256,0.5516138501839,0.8338428551833,0.820497128076294,"gpath_3neocort"
"4439","AGPAT5","Inh ENOX2 SPHKAP",-0.0670516252556027,5.65033096249665,2.6502981264033,0.104474979168417,0.417804041407909,0.387746068714774,"gpath_3neocort"
"4440","FAM66B","Inh ENOX2 SPHKAP",-0.108004925559712,4.39542255096551,2.23089265857355,0.136221346126285,0.471822205040907,0.440112852458763,"gpath_3neocort"
"4441","FAM85B","Inh ENOX2 SPHKAP",-0.051550114489224,7.52834508444399,1.66704565924135,0.197549131249834,0.551886530094301,0.5243371292106,"gpath_3neocort"
"4442","PRAG1","Inh ENOX2 SPHKAP",0.129819229829547,4.57082700439038,3.41299589347668,0.0655705725103841,0.342373316410788,0.309702504955767,"gpath_3neocort"
"4443","MFHAS1","Inh ENOX2 SPHKAP",0.00322530333228686,5.87400175984811,0.00716386056416951,0.932598717949322,0.992725295505717,0.989493001157704,"gpath_3neocort"
"4444","ERI1","Inh ENOX2 SPHKAP",-0.11114015010926,4.3824808035088,1.89896296251358,0.169118500939675,0.518537771457982,0.487237025318298,"gpath_3neocort"
"4445","TNKS","Inh ENOX2 SPHKAP",0.0405947194949458,8.13524713857895,3.34800049310126,0.0681794386681527,0.349621576487873,0.31577703142493,"gpath_3neocort"
"4446","LINC00599","Inh ENOX2 SPHKAP",-0.0173578143911395,6.94802898046028,0.270113005920997,0.603600827272205,0.85942921878237,0.850398844862889,"gpath_3neocort"
"4447","MSRA","Inh ENOX2 SPHKAP",0.00660657859085759,8.1310425239852,0.0496234263977532,0.823856237736269,0.960803837494107,0.956103056200844,"gpath_3neocort"
"4448","AC104964.1","Inh ENOX2 SPHKAP",0.0259595776473334,4.52932155350446,0.146322227668814,0.702318754114365,0.908953823146004,0.902415057901508,"gpath_3neocort"
"4449","XKR6","Inh ENOX2 SPHKAP",-0.00820118674021824,8.58248684964849,0.112707575657125,0.737293552239256,0.926779993766087,0.919237310415543,"gpath_3neocort"
"4450","MTMR9","Inh ENOX2 SPHKAP",-0.0525526995371471,5.63012158891127,1.7319707191141,0.189063458166503,0.54265657073243,0.51358687034429,"gpath_3neocort"
"4451","FDFT1","Inh ENOX2 SPHKAP",-0.0116917584540838,5.00129204637771,0.04101984499723,0.839623146176844,0.965432778069442,0.962105824074488,"gpath_3neocort"
"4452","CTSB","Inh ENOX2 SPHKAP",-0.039851004578724,6.05168825869478,1.05141066637453,0.305925734954646,0.663054708877887,0.637720188032294,"gpath_3neocort"
"4453","FAM66D","Inh ENOX2 SPHKAP",-0.0531188715677849,7.22402101071325,1.37943330183495,0.241035825596855,0.601020356464349,0.573742266287791,"gpath_3neocort"
"4454","FAM66A","Inh ENOX2 SPHKAP",-0.0551973672277669,4.95165074447842,0.408380010386015,0.523231645259614,0.814712541151888,0.802623665413842,"gpath_3neocort"
"4455","LONRF1","Inh ENOX2 SPHKAP",0.0160721572592027,5.2639640847701,0.0799400478199889,0.777554111028374,0.944495130113347,0.937267701931602,"gpath_3neocort"
"4456","TRMT9B","Inh ENOX2 SPHKAP",-0.0753342778711759,6.60216097200991,4.13496012396765,0.0427975945212616,0.284372339166754,0.250857104742834,"gpath_3neocort"
"4457","DLC1","Inh ENOX2 SPHKAP",0.00464409002670933,7.21442874604765,0.0163439748110106,0.898349849310151,0.984621854440005,0.980848275900976,"gpath_3neocort"
"4458","SGCZ","Inh ENOX2 SPHKAP",0.175586712369461,8.42629616984487,4.83001609263895,0.0286555249053495,0.243496947232368,0.205007271425398,"gpath_3neocort"
"4459","TUSC3","Inh ENOX2 SPHKAP",0.058932483420461,6.95697142190667,3.93965753819019,0.047979561063952,0.300531641591051,0.265764850635081,"gpath_3neocort"
"4460","MSR1","Inh ENOX2 SPHKAP",0.0469067742999203,4.89358321086874,0.132125909559133,0.716468278670195,0.916334134185758,0.908845378890219,"gpath_3neocort"
"4461","MICU3","Inh ENOX2 SPHKAP",0.0100868826719326,7.69003751974748,0.220033189070725,0.63932119076023,0.879090754753106,0.870440904549554,"gpath_3neocort"
"4462","ZDHHC2","Inh ENOX2 SPHKAP",-0.0915940138858279,4.7938736989579,2.00849262867013,0.157354382764754,0.502646142472195,0.470814972192981,"gpath_3neocort"
"4463","CNOT7","Inh ENOX2 SPHKAP",0.0538834542982645,5.52527618065429,1.70710935845016,0.192261331359379,0.54568240803677,0.517439922934007,"gpath_3neocort"
"4464","VPS37A","Inh ENOX2 SPHKAP",0.0843887405588347,5.4182768836105,3.88118011551525,0.0496574351679611,0.304931980767736,0.270418131608149,"gpath_3neocort"
"4465","MTMR7","Inh ENOX2 SPHKAP",-0.0194291873155521,6.95189457784263,0.474722282609472,0.491301837222171,0.795903809580715,0.781514358532775,"gpath_3neocort"
"4466","MTUS1","Inh ENOX2 SPHKAP",-0.0249420142702125,4.76558065355193,0.10639871558648,0.744486631039671,0.929084265444896,0.922474352310692,"gpath_3neocort"
"4467","PCM1","Inh ENOX2 SPHKAP",0.0271060550436068,8.03683217322555,1.7687509964236,0.184445755882527,0.536194148701887,0.507659884107833,"gpath_3neocort"
"4468","ASAH1","Inh ENOX2 SPHKAP",-0.116227183578301,5.86182408681357,7.1317701754131,0.0079441824226503,0.135251588714884,0.105899654504388,"gpath_3neocort"
"4469","PSD3","Inh ENOX2 SPHKAP",-0.00577199813918813,7.89184721591667,0.0447055933689852,0.832675482481698,0.963312290650497,0.959585799941208,"gpath_3neocort"
"4470","CSGALNACT1","Inh ENOX2 SPHKAP",0.11684791845082,6.26134220373689,3.81150661613961,0.0517382468811881,0.309666286496011,0.275964870293567,"gpath_3neocort"
"4471","INTS10","Inh ENOX2 SPHKAP",0.00830338775293435,6.35724293433101,0.0677637660515885,0.833198570400208,0.963467839971871,0.959851095865826,"gpath_3neocort"
"4472","ATP6V1B2","Inh ENOX2 SPHKAP",-0.0105652000154476,6.97114136205811,0.089255693980496,0.765311636177267,0.936351870264121,0.931658197002157,"gpath_3neocort"
"4473","GFRA2","Inh ENOX2 SPHKAP",-0.0814202268191935,5.10875032454357,1.70894816282856,0.19202265142228,0.54568240803677,0.517149102315177,"gpath_3neocort"
"4474","XPO7","Inh ENOX2 SPHKAP",0.0221185532186425,6.56592222805736,0.533319157086826,0.465727537440349,0.777024033905069,0.764172219021788,"gpath_3neocort"
"4475","NPM2","Inh ENOX2 SPHKAP",-0.0735016821705235,5.8260437983828,3.64572858742957,0.0570712677198858,0.322796512754178,0.289992463479971,"gpath_3neocort"
"4476","FGF17","Inh ENOX2 SPHKAP",-0.0208837667098118,5.34567997597606,0.153599447785794,0.695369430542934,0.90612973566534,0.89900296055454,"gpath_3neocort"
"4477","DMTN","Inh ENOX2 SPHKAP",0.0275282092738069,6.346575985619,0.649969106497737,0.420698347262703,0.74527205851268,0.731624128362155,"gpath_3neocort"
"4478","FAM160B2","Inh ENOX2 SPHKAP",-0.122315983073453,4.44689950900597,3.4455206752866,0.064305443430331,0.338309213257707,0.30675345213378,"gpath_3neocort"
"4479","LGI3","Inh ENOX2 SPHKAP",0.000145334274132391,5.05592643070776,3.64274257078081e-07,0.999518796641644,0.999883597834104,0.999922162197127,"gpath_3neocort"
"4480","PHYHIP","Inh ENOX2 SPHKAP",-0.0206463589452193,5.75475832171359,0.188681720795575,0.664297041101322,0.888570078449307,0.883531891511284,"gpath_3neocort"
"4481","SLC39A14","Inh ENOX2 SPHKAP",-0.0261935618410432,5.09347208422667,0.293564747996618,0.588307034902872,0.851605702644672,0.842012655640432,"gpath_3neocort"
"4482","PPP3CC","Inh ENOX2 SPHKAP",-0.0271280836316114,6.83127631049805,0.978452270677244,0.323298478606582,0.674294406654722,0.653229095282046,"gpath_3neocort"
"4483","SORBS3","Inh ENOX2 SPHKAP",0.0485966428027409,4.61895959323842,0.655846565506382,0.41860767216067,0.744335728358177,0.730105597877322,"gpath_3neocort"
"4484","CCAR2","Inh ENOX2 SPHKAP",-0.0898219212654366,4.41281012429551,1.63236546399228,0.238109971240201,0.598526199484418,0.570621574031791,"gpath_3neocort"
"4485","BIN3","Inh ENOX2 SPHKAP",0.0183167124783134,5.0876590595276,0.125055183970785,0.723838614465399,0.919480880206634,0.912461227455929,"gpath_3neocort"
"4486","EGR3","Inh ENOX2 SPHKAP",0.703346529091454,3.5009998010448,14.8936880527563,0.000136569592105477,0.0206338298011883,0.0102716956730817,"gpath_3neocort"
"4487","RHOBTB2","Inh ENOX2 SPHKAP",-0.0768577841255511,4.86456811308676,1.63239685015321,0.20226069008699,0.556754766278031,0.529838776167003,"gpath_3neocort"
"4488","CHMP7","Inh ENOX2 SPHKAP",-0.00251795966157638,4.4863179494392,0.001248224788873,0.971837563580172,0.996656988473215,0.996632975385467,"gpath_3neocort"
"4489","ENTPD4","Inh ENOX2 SPHKAP",-0.0627623883331825,5.48143762654033,2.21703647952321,0.137440050222546,0.473096927913451,0.441859941210809,"gpath_3neocort"
"4490","SLC25A37","Inh ENOX2 SPHKAP",-0.119412967513111,5.54321767329667,5.84531368674367,0.0161543266733896,0.184204722652773,0.153609424051711,"gpath_3neocort"
"4491","AC120193.1","Inh ENOX2 SPHKAP",0.0213895481916412,6.08665347230444,0.0607941550594253,0.80539684839135,0.952559922311815,0.948937030518039,"gpath_3neocort"
"4492","NEFM","Inh ENOX2 SPHKAP",0.0226318316264837,4.87345289121694,0.0935382815037318,0.759917113090369,0.935051840478786,0.929185041996317,"gpath_3neocort"
"4493","NEFL","Inh ENOX2 SPHKAP",-0.0214967417405036,5.51199198639718,0.102220553039951,0.749381217542081,0.930800292911325,0.924651710189906,"gpath_3neocort"
"4494","DOCK5","Inh ENOX2 SPHKAP",-0.131900584384522,3.57306431912161,1.21186377266631,0.271757400000713,0.630548689292513,0.605496125085261,"gpath_3neocort"
"4495","PPP2R2A","Inh ENOX2 SPHKAP",0.0234367374322903,6.09335670526864,0.465322937040651,0.500640116084388,0.800833275668438,0.787657866162155,"gpath_3neocort"
"4496","BNIP3L","Inh ENOX2 SPHKAP",0.0679876604627438,6.96884529479091,3.38233757872069,0.0667875663237731,0.346622121293336,0.312697461592432,"gpath_3neocort"
"4497","PNMA2","Inh ENOX2 SPHKAP",0.0452270794868538,7.94455130390033,1.81282015126378,0.179084859352001,0.530069410446744,0.50046316594971,"gpath_3neocort"
"4498","DPYSL2","Inh ENOX2 SPHKAP",0.00665946088496227,8.16733621103839,0.0915007218049619,0.762466509298013,0.935802325349804,0.930404345241619,"gpath_3neocort"
"4499","ADRA1A","Inh ENOX2 SPHKAP",0.258368440070029,4.02591310319376,6.12309472893232,0.0138397262170042,0.171919821213489,0.141681793863343,"gpath_3neocort"
"4500","STMN4","Inh ENOX2 SPHKAP",0.0473683311123393,6.50809428584216,1.06627678569038,0.302536337351879,0.659687526632259,0.634604385540494,"gpath_3neocort"
"4501","PTK2B","Inh ENOX2 SPHKAP",0.242450248523899,4.45859717527499,9.70118508584328,0.00200119350108052,0.0738167511875835,0.0496207697057079,"gpath_3neocort"
"4502","CLU","Inh ENOX2 SPHKAP",0.0396669157853578,7.12247347464556,0.659434375131145,0.417339062050342,0.74310619605892,0.729007112255042,"gpath_3neocort"
"4503","CCDC25","Inh ENOX2 SPHKAP",-0.00293809755884863,5.02140693080653,0.00301092034704754,0.956273418890326,0.995423896649278,0.994078661605323,"gpath_3neocort"
"4504","SCARA5","Inh ENOX2 SPHKAP",-0.224391681631027,5.03261526687288,7.87695740288964,0.00530120181465365,0.118947242560132,0.0852717016502946,"gpath_3neocort"
"4505","ELP3","Inh ENOX2 SPHKAP",-0.0618489509397015,5.93402107099644,2.67996076109858,0.102561648668752,0.41571511390754,0.384440328046973,"gpath_3neocort"
"4506","PNOC","Inh ENOX2 SPHKAP",-0.207180492294055,5.48591603689505,4.58177011245084,0.0330388521849235,0.259945813715354,0.220727083885663,"gpath_3neocort"
"4507","FBXO16","Inh ENOX2 SPHKAP",0.00313874665035962,7.33733674868068,0.0100791916349114,0.92009093627868,0.990636355721171,0.986552042953423,"gpath_3neocort"
"4508","FZD3","Inh ENOX2 SPHKAP",0.0512960691514039,7.24429610827385,3.67838603390469,0.0559761264264522,0.319235596612201,0.28718080541286,"gpath_3neocort"
"4509","EXTL3","Inh ENOX2 SPHKAP",-0.000961469772486068,5.69809108183474,0.000624409355571565,0.980079336180461,0.997825265393623,0.997915368014525,"gpath_3neocort"
"4510","INTS9","Inh ENOX2 SPHKAP",-0.0405206452612068,5.34750106693551,0.744125271975893,0.38896261398806,0.727649032330622,0.708261463676324,"gpath_3neocort"
"4511","HMBOX1","Inh ENOX2 SPHKAP",0.0516584232615546,6.89788693843167,3.48718818234424,0.103167451201342,0.416423470209642,0.385496619761575,"gpath_3neocort"
"4512","KIF13B","Inh ENOX2 SPHKAP",0.0122458618653527,5.4529545614926,0.0620577065571816,0.803426104193237,0.952559922311815,0.948066058505082,"gpath_3neocort"
"4513","SARAF","Inh ENOX2 SPHKAP",-0.0923932255446889,7.60322822229366,5.40369700672294,0.020694292152212,0.208830069407503,0.174224558641026,"gpath_3neocort"
"4514","LEPROTL1","Inh ENOX2 SPHKAP",0.00326017460544452,5.1868419240088,0.00426569115477416,0.947964522738413,0.994776274703702,0.992513888307514,"gpath_3neocort"
"4515","DCTN6","Inh ENOX2 SPHKAP",-0.0938315897370231,4.24768726252193,1.46086583516918,0.227648843439495,0.586922186510665,0.559119837376497,"gpath_3neocort"
"4516","GTF2E2","Inh ENOX2 SPHKAP",0.0610630100228912,5.54988664329302,1.99432382975873,0.158822130679785,0.504274505562355,0.472903983022083,"gpath_3neocort"
"4517","GSR","Inh ENOX2 SPHKAP",-0.00197089962731139,6.00600501776748,0.00331034346197016,0.954153024777292,0.995238020060119,0.993684159985653,"gpath_3neocort"
"4518","PPP2CB","Inh ENOX2 SPHKAP",0.0488307655999749,6.93251990191176,2.33130740656478,0.127743353151945,0.458284368559596,0.427012463668229,"gpath_3neocort"
"4519","TEX15","Inh ENOX2 SPHKAP",0.166630379067212,3.77004888509703,2.13311311622628,0.145089353781114,0.484194697436767,0.453283402141337,"gpath_3neocort"
"4520","PURG","Inh ENOX2 SPHKAP",0.0873859374895703,6.31444912842594,7.13141808658452,0.00794570918241892,0.135251588714884,0.105911696301332,"gpath_3neocort"
"4521","WRN","Inh ENOX2 SPHKAP",-0.048817240844954,6.09115255316242,1.49347126828967,0.222541879402498,0.580528481548762,0.553289948944405,"gpath_3neocort"
"4522","NRG1","Inh ENOX2 SPHKAP",0.329151272700778,6.15010990152793,19.5975746256211,1.29704279723709e-05,0.00553562171197301,0.00243596834532989,"gpath_3neocort"
"4523","FUT10","Inh ENOX2 SPHKAP",-0.108619898160479,4.80593891031755,3.11470347108291,0.0785040303880547,0.373209161585639,0.33795201038918,"gpath_3neocort"
"4524","TTI2","Inh ENOX2 SPHKAP",-0.0221387675647737,4.46157707289016,0.100579502865337,0.751333801218589,0.931658994455486,0.925528410371241,"gpath_3neocort"
"4525","DUSP26","Inh ENOX2 SPHKAP",0.0492750227915475,5.41935269756905,0.953729906452136,0.329479693676559,0.680337840759613,0.658780838202532,"gpath_3neocort"
"4526","AF279873.3","Inh ENOX2 SPHKAP",-0.102815880393917,5.23817943500881,2.32858617682952,0.127965163918351,0.458284368559596,0.427313309824625,"gpath_3neocort"
"4527","UNC5D","Inh ENOX2 SPHKAP",0.0373909085497067,9.21808442577452,1.92883576871793,0.165812828190337,0.515873904446487,0.482733409605976,"gpath_3neocort"
"4528","PLPBP","Inh ENOX2 SPHKAP",-0.0939218094977656,4.78826809199037,2.64958114546441,0.104521709900925,0.417804041407909,0.38781654793645,"gpath_3neocort"
"4529","ADGRA2","Inh ENOX2 SPHKAP",0.0691187524093969,4.60403302493283,1.35332352614817,0.289873139090533,0.64693310738801,0.622734516168647,"gpath_3neocort"
"4530","RAB11FIP1","Inh ENOX2 SPHKAP",0.0466304281358564,4.8537069906799,0.66633704707754,0.414914392824427,0.741572695131503,0.727133930093083,"gpath_3neocort"
"4531","ASH2L","Inh ENOX2 SPHKAP",0.000467074938620464,5.58049961046487,0.000173261304740411,0.989505720006324,0.998951897108485,0.998749202468331,"gpath_3neocort"
"4532","LSM1","Inh ENOX2 SPHKAP",-0.0630446495659416,4.25105935683604,0.622769635608386,0.430580709501518,0.753864607897479,0.739195386449176,"gpath_3neocort"
"4533","BAG4","Inh ENOX2 SPHKAP",0.0644423432861193,6.07728992855706,3.5341939167028,0.0609872478989158,0.331315032076289,0.299353284914298,"gpath_3neocort"
"4534","DDHD2","Inh ENOX2 SPHKAP",-0.0413593831579877,6.15000073801232,1.11191397479344,0.292429757869496,0.649757756956348,0.625037016728625,"gpath_3neocort"
"4535","PLPP5","Inh ENOX2 SPHKAP",-0.107931533224073,4.59389194560883,2.85225321787085,0.0921808577776,0.398958752461453,0.365427241208756,"gpath_3neocort"
"4536","NSD3","Inh ENOX2 SPHKAP",0.00474845351454144,8.55467431836939,0.0760422285488213,0.782905110242547,0.945779675417681,0.93943087803377,"gpath_3neocort"
"4537","LETM2","Inh ENOX2 SPHKAP",0.0226851804456589,4.27830146103725,0.0948906256809908,0.758241788274271,0.934500463278774,0.928427906015345,"gpath_3neocort"
"4538","FGFR1","Inh ENOX2 SPHKAP",-0.0510016405830228,4.75413624782863,0.349139217931258,0.555001112659575,0.836366579244651,0.822467231223044,"gpath_3neocort"
"4539","TACC1","Inh ENOX2 SPHKAP",0.000899983029237635,6.60605219140545,0.000849756462070187,0.976761933769707,0.997368972015209,0.997329671365262,"gpath_3neocort"
"4540","PLEKHA2","Inh ENOX2 SPHKAP",-0.0233491692663004,4.16173640494204,0.0779225631374002,0.780305742776617,0.944495130113347,0.938364598879682,"gpath_3neocort"
"4541","ADAM9","Inh ENOX2 SPHKAP",0.00965633439017055,5.67261486367124,0.0525008157843766,0.818907916699718,0.958326597322361,0.954206440654962,"gpath_3neocort"
"4542","ADAM32","Inh ENOX2 SPHKAP",0.0493474093000515,5.61029004435167,1.0077973060166,0.316159087279907,0.66871355167935,0.646751418513669,"gpath_3neocort"
"4543","ZMAT4","Inh ENOX2 SPHKAP",-0.0348171638033451,9.4920173141586,2.5861100086171,0.10875124346332,0.426765487411064,0.395459930220369,"gpath_3neocort"
"4544","SFRP1","Inh ENOX2 SPHKAP",0.108734181952011,3.88026669989325,1.19728231112184,0.274655357723462,0.634090534260567,0.608153386574922,"gpath_3neocort"
"4545","GOLGA7","Inh ENOX2 SPHKAP",-0.0175720102028997,4.8604739495642,0.100107892891527,0.984155529940545,0.998198786643165,0.998104831580015,"gpath_3neocort"
"4546","AC009630.1","Inh ENOX2 SPHKAP",-0.0544980611364481,4.03987921233495,0.363757413091182,0.546836854780471,0.830389902379284,0.817490368745065,"gpath_3neocort"
"4547","GPAT4","Inh ENOX2 SPHKAP",-0.0481635325274001,5.1323308853222,1.10890664774526,0.293082256630846,0.650566449754086,0.625591001655128,"gpath_3neocort"
"4548","ANK1","Inh ENOX2 SPHKAP",0.000873974872385147,8.22032306485061,0.00136208108745069,0.970581736092842,0.995945726667239,0.996395790968594,"gpath_3neocort"
"4549","KAT6A","Inh ENOX2 SPHKAP",0.00685362017073585,7.03283007920783,0.0658012861578517,0.797709382323813,0.951722997077052,0.945910972766822,"gpath_3neocort"
"4550","AP3M2","Inh ENOX2 SPHKAP",-0.0401798283720779,5.62897394477239,0.860742035456822,0.354202212712208,0.70291851383564,0.679989573284579,"gpath_3neocort"
"4551","IKBKB","Inh ENOX2 SPHKAP",-0.0425378373432677,5.02181525291694,0.595313495127946,0.44091820575266,0.761510831497097,0.746552653391158,"gpath_3neocort"
"4552","POLB","Inh ENOX2 SPHKAP",-0.0297004451273863,5.0461309422027,0.373006369395549,0.541786169000745,0.827990165542659,0.81460549971054,"gpath_3neocort"
"4553","VDAC3","Inh ENOX2 SPHKAP",-0.132089314222257,6.36779924822036,8.28305163737878,0.00425981613161047,0.105284491090413,0.0753829060233197,"gpath_3neocort"
"4554","SLC20A2","Inh ENOX2 SPHKAP",-0.0112400722857983,6.6389215496681,0.131768972229515,0.830874014877721,0.962916920097718,0.958950540273898,"gpath_3neocort"
"4555","SMIM19","Inh ENOX2 SPHKAP",-0.0352711996472949,4.52285451434225,0.271856937438146,0.602434968908356,0.859058680221053,0.849867280619016,"gpath_3neocort"
"4556","RNF170","Inh ENOX2 SPHKAP",-0.0262110997822005,5.98018485855921,0.550230512180643,0.458745683401569,0.773146768073419,0.759452708149758,"gpath_3neocort"
"4557","HOOK3","Inh ENOX2 SPHKAP",0.00263660232406877,6.9760818504578,0.00968780718219312,0.944054122608582,0.993751923679859,0.991703973029247,"gpath_3neocort"
"4558","FNTA","Inh ENOX2 SPHKAP",-0.025929880269931,4.69962218695544,0.211321963376135,0.646032817955452,0.881583474433582,0.873967405851398,"gpath_3neocort"
"4559","POMK","Inh ENOX2 SPHKAP",-0.029912868688031,4.39197523840496,0.188449281854235,0.870158353771118,0.975547092910793,0.972357356535152,"gpath_3neocort"
"4560","HGSNAT","Inh ENOX2 SPHKAP",-0.116181595684477,6.78265717416044,5.52544748240159,0.0193238974507562,0.201422417994276,0.168416776009278,"gpath_3neocort"
"4561","SPIDR","Inh ENOX2 SPHKAP",-0.00877685769546756,8.59961634698231,0.15220063999557,0.696690258254139,0.906665989070995,0.899633843602683,"gpath_3neocort"
"4562","PRKDC","Inh ENOX2 SPHKAP",-0.0417086832724788,7.11254316698122,2.70536122544513,0.100953821521445,0.412888834093168,0.381282427213818,"gpath_3neocort"
"4563","UBE2V2","Inh ENOX2 SPHKAP",0.0702683112846307,5.94728444522952,3.44962564848965,0.0641476396910152,0.338309213257707,0.306456679561008,"gpath_3neocort"
"4564","SNTG1","Inh ENOX2 SPHKAP",0.0671630572181311,11.2919607125173,7.45782884288901,0.00665198110360557,0.124332038362593,0.0966936251982684,"gpath_3neocort"
"4565","PXDNL","Inh ENOX2 SPHKAP",-0.0501329334052506,5.30638135078766,0.772753641090568,0.379999600191812,0.721613905356449,0.701158914510953,"gpath_3neocort"
"4566","PCMTD1","Inh ENOX2 SPHKAP",-0.0240750878580269,7.32125538611915,1.03406480358115,0.309943163914732,0.66620805586772,0.641404164392481,"gpath_3neocort"
"4567","AC064807.1","Inh ENOX2 SPHKAP",-0.147902826864607,4.02399886633801,2.76722239367345,0.0971525407011307,0.40762136530414,0.374527544009816,"gpath_3neocort"
"4568","ST18","Inh ENOX2 SPHKAP",-0.0666271445240392,3.79893517304177,0.340716687510985,0.559810471212128,0.838007337924011,0.825340231764911,"gpath_3neocort"
"4569","RB1CC1","Inh ENOX2 SPHKAP",0.0145934541157289,7.4936827840927,0.410518951647283,0.522146317633355,0.814712541151888,0.801941567621315,"gpath_3neocort"
"4570","OPRK1","Inh ENOX2 SPHKAP",0.0493697569304561,4.61270248134854,0.385791846419674,0.534944095856284,0.823285157241958,0.810633703264906,"gpath_3neocort"
"4571","ATP6V1H","Inh ENOX2 SPHKAP",0.0416225678820658,7.05098848286086,2.2406998869956,0.13536610614393,0.46982565654259,0.438820492455763,"gpath_3neocort"
"4572","RGS20","Inh ENOX2 SPHKAP",0.369251612751554,3.77669364952266,7.68430733288096,0.00588319605464916,0.12267786548217,0.0905621895740127,"gpath_3neocort"
"4573","TCEA1","Inh ENOX2 SPHKAP",0.0257257333286953,5.0435687165211,0.275151114692605,0.600245657332087,0.858451551027953,0.848636023444487,"gpath_3neocort"
"4574","LYPLA1","Inh ENOX2 SPHKAP",-0.0118019564696874,5.28423410012731,0.0637323861109057,0.800846691559142,0.952234588029298,0.94706227599564,"gpath_3neocort"
"4575","XKR4","Inh ENOX2 SPHKAP",0.0313788707374367,11.1617880215439,2.29800295392002,0.130487890061878,0.461063524463921,0.43118969636925,"gpath_3neocort"
"4576","TMEM68","Inh ENOX2 SPHKAP",-0.076231489897795,5.14466023276704,2.41120636765331,0.121418122616403,0.448285031541001,0.416823477283592,"gpath_3neocort"
"4577","TGS1","Inh ENOX2 SPHKAP",0.0354842171879068,5.74172041043972,0.743636073272997,0.389118383507164,0.727649032330622,0.70841246533782,"gpath_3neocort"
"4578","RPS20","Inh ENOX2 SPHKAP",-0.119018302458329,5.24812658431545,3.435050053006,0.0647098430865296,0.339185680786275,0.30767905957625,"gpath_3neocort"
"4579","PLAG1","Inh ENOX2 SPHKAP",-0.12403081251209,4.47590924027669,3.01254387333688,0.0835463771046453,0.383219321829975,0.348601369980534,"gpath_3neocort"
"4580","IMPAD1","Inh ENOX2 SPHKAP",-0.00114394187868794,5.29218503529953,0.000585912386142367,0.988811787900719,0.998951897108485,0.998728720282548,"gpath_3neocort"
"4581","FAM110B","Inh ENOX2 SPHKAP",-0.0608996558181188,7.55300155899406,3.85970062066471,0.0502892806152615,0.30703261105418,0.271994967433247,"gpath_3neocort"
"4582","UBXN2B","Inh ENOX2 SPHKAP",-0.0315122070762587,6.17350728923536,0.852602853950039,0.356484747016538,0.704576510340379,0.68204174676172,"gpath_3neocort"
"4583","SDCBP","Inh ENOX2 SPHKAP",0.0195808832228224,4.89263575590708,0.116256813478136,0.73334502717444,0.924814619144954,0.91726678053589,"gpath_3neocort"
"4584","NSMAF","Inh ENOX2 SPHKAP",0.0040082340167154,6.88158188150973,0.0217124170326551,0.882943771144221,0.979283194009388,0.976305363900043,"gpath_3neocort"
"4585","TOX","Inh ENOX2 SPHKAP",0.032313085405341,5.83052498133311,0.147901083327529,0.700794450694314,0.908105504900868,0.901535031061136,"gpath_3neocort"
"4586","RAB2A","Inh ENOX2 SPHKAP",-0.0147813700616015,7.07885503993396,0.395323927737239,0.529944591618198,0.819403053854877,0.807380713918125,"gpath_3neocort"
"4587","CLVS1","Inh ENOX2 SPHKAP",-0.0544195240133634,6.89646854822884,1.68548302070728,0.195094740149044,0.548925911462406,0.521232498317072,"gpath_3neocort"
"4588","ASPH","Inh ENOX2 SPHKAP",-0.0164206042737006,6.69508606520632,0.280557567357946,0.942540213506847,0.99355451386985,0.991432628026582,"gpath_3neocort"
"4589","NKAIN3","Inh ENOX2 SPHKAP",-0.30309740104533,5.4691346314271,12.1523343775901,0.000555856156889112,0.0400957574502679,0.0238188622661137,"gpath_3neocort"
"4590","YTHDF3","Inh ENOX2 SPHKAP",0.0900792148718247,5.61777843041674,6.21069106529993,0.0131832564579709,0.167846191123169,0.137893102070395,"gpath_3neocort"
"4591","AC022639.1","Inh ENOX2 SPHKAP",0.10883232673991,7.18858649189123,6.51044127606773,0.0111701167605712,0.15673573056836,0.126598241139102,"gpath_3neocort"
"4592","MIR124-2HG","Inh ENOX2 SPHKAP",-0.00320139502388334,7.32077440616064,0.0152303647163788,0.931712660156214,0.992627611257954,0.9893658812039,"gpath_3neocort"
"4593","CYP7B1","Inh ENOX2 SPHKAP",-0.0363517309657268,5.18183006912435,0.306642577640681,0.580118928724339,0.848227947134777,0.837052689914908,"gpath_3neocort"
"4594","ARMC1","Inh ENOX2 SPHKAP",0.0401195693166322,5.29856968107009,0.782986314269638,0.376867017904616,0.719108744443093,0.698871665378836,"gpath_3neocort"
"4595","MTFR1","Inh ENOX2 SPHKAP",0.105689433182337,4.49526940465172,2.26010864317433,0.133691286481682,0.466124506895316,0.43604929986362,"gpath_3neocort"
"4596","PDE7A","Inh ENOX2 SPHKAP",-0.0468532846638849,6.31065836356174,1.63075928697594,0.202486628449029,0.556754766278031,0.530086340145586,"gpath_3neocort"
"4597","VXN","Inh ENOX2 SPHKAP",0.00535546283253209,5.61304639358353,0.0143956749596908,0.904569686203853,0.985974882947517,0.98255171739221,"gpath_3neocort"
"4598","VCPIP1","Inh ENOX2 SPHKAP",0.0273826735313255,5.05287738764452,0.314641500223577,0.575222593911342,0.845900315657619,0.834271955438979,"gpath_3neocort"
"4599","SGK3","Inh ENOX2 SPHKAP",0.000594933104529786,5.87520513390373,0.000245656462880855,0.987504296879918,0.99885952942576,0.998571121767787,"gpath_3neocort"
"4600","MCMDC2","Inh ENOX2 SPHKAP",-0.111487830477367,3.48414193182714,0.799386044973803,0.37192189705704,0.716406944003824,0.695126065309978,"gpath_3neocort"
"4601","CSPP1","Inh ENOX2 SPHKAP",0.0510345149658685,7.42732753201549,4.14082675222116,0.0426514094695008,0.284372339166754,0.250451710364533,"gpath_3neocort"
"4602","ARFGEF1","Inh ENOX2 SPHKAP",0.0250166596171413,7.43031717573328,0.994842014685035,0.319285099718091,0.671243156531686,0.649770600485989,"gpath_3neocort"
"4603","PREX2","Inh ENOX2 SPHKAP",0.0932609196035819,6.92621195840093,3.74593436087105,0.0537813704262268,0.314926629711724,0.281219046765553,"gpath_3neocort"
"4604","C8orf34-AS1","Inh ENOX2 SPHKAP",-0.111411696401295,4.14578817275871,1.66021805319891,0.19846722999654,0.55219253877323,0.525272746275378,"gpath_3neocort"
"4605","C8orf34","Inh ENOX2 SPHKAP",0.0756507272738248,8.92992911083383,3.67789451985503,0.0559924418785828,0.319235596612201,0.287231570311056,"gpath_3neocort"
"4606","NCOA2","Inh ENOX2 SPHKAP",0.0385567134913279,8.55926129998263,3.17987385128344,0.075460037472581,0.366315974530405,0.33175393376124,"gpath_3neocort"
"4607","TRAM1","Inh ENOX2 SPHKAP",0.0348401257246507,5.21772003018944,0.621546479701061,0.587509900839061,0.851588997986641,0.841620302472586,"gpath_3neocort"
"4608","XKR9","Inh ENOX2 SPHKAP",-0.0165571392659287,4.20128569863784,0.0334363609706801,0.855022045124627,0.970716544033202,0.967713086974931,"gpath_3neocort"
"4609","MSC-AS1","Inh ENOX2 SPHKAP",0.0667655190861957,5.12114208328639,0.359829506197999,0.549008365485345,0.831216771051099,0.818720168827632,"gpath_3neocort"
"4610","KCNB2","Inh ENOX2 SPHKAP",0.0692656905730269,9.91179705313289,7.46296325838153,0.00663345675821203,0.124332038362593,0.0965498595219693,"gpath_3neocort"
"4611","AC022893.2","Inh ENOX2 SPHKAP",-0.0152763645673222,4.7195787758229,0.0614770608724049,0.804329058331465,0.952559922311815,0.948483686620662,"gpath_3neocort"
"4612","TERF1","Inh ENOX2 SPHKAP",-0.0176022237048143,6.3951715011864,0.316698192889542,0.664648228735342,0.888570078449307,0.883673207630468,"gpath_3neocort"
"4613","AC022893.1","Inh ENOX2 SPHKAP",0.17296197552687,5.01992424903394,10.4652759074871,0.00133825782276181,0.06076454582574,0.0392632277089696,"gpath_3neocort"
"4614","RPL7","Inh ENOX2 SPHKAP",-0.197555749119263,5.37403918541803,4.95103213558682,0.026743748920815,0.236111175875699,0.1979212991071,"gpath_3neocort"
"4615","STAU2","Inh ENOX2 SPHKAP",0.0268075215816881,7.76245776897487,1.29153367263945,0.25658162629665,0.615474872680936,0.590270816617524,"gpath_3neocort"
"4616","AC027018.1","Inh ENOX2 SPHKAP",-0.411736730208678,4.02346159038207,13.7249045167918,0.000247650489772223,0.0261079536018213,0.0148546368152079,"gpath_3neocort"
"4617","ELOC","Inh ENOX2 SPHKAP",-0.178540997586424,5.12674739064731,8.7192649047304,0.00337209530785887,0.0932882503066185,0.0663272643824464,"gpath_3neocort"
"4618","TMEM70","Inh ENOX2 SPHKAP",0.0853440612789775,4.06242237419159,0.984561246820732,0.32179481535368,0.67332371170337,0.651995312883659,"gpath_3neocort"
"4619","JPH1","Inh ENOX2 SPHKAP",0.0318907923763568,5.45195905163007,0.394979160288822,0.530123947825852,0.81940583384769,0.80749563639607,"gpath_3neocort"
"4620","GDAP1","Inh ENOX2 SPHKAP",0.0725600559726422,7.7766617335894,4.03557140331818,0.0453563405936148,0.291923360674568,0.258315763725534,"gpath_3neocort"
"4621","MIR2052HG","Inh ENOX2 SPHKAP",0.107835642755973,5.34659784643181,1.36396323188703,0.243686222023504,0.602037940859763,0.576492875045631,"gpath_3neocort"
"4622","PEX2","Inh ENOX2 SPHKAP",0.0194366253299802,4.45130660774495,0.0970408337565111,0.949229326819743,0.994776274703702,0.992773672553374,"gpath_3neocort"
"4623","PKIA","Inh ENOX2 SPHKAP",0.0479014095036937,7.33037166271196,2.92819916600302,0.0879745399426125,0.390351388873145,0.35738849873183,"gpath_3neocort"
"4624","ZC2HC1A","Inh ENOX2 SPHKAP",-0.0420892531108408,6.11858460418293,1.60723600474839,0.205765359381531,0.562217471845496,0.534017565845593,"gpath_3neocort"
"4625","STMN2","Inh ENOX2 SPHKAP",-0.0703354671682178,7.29781362670716,2.57912145203385,0.10922835501366,0.427094112662848,0.396229568904843,"gpath_3neocort"
"4626","HEY1","Inh ENOX2 SPHKAP",-0.0121975436966499,4.73058473233172,0.0286967027662576,0.865583953830528,0.973781948059344,0.971046907667719,"gpath_3neocort"
"4627","TPD52","Inh ENOX2 SPHKAP",0.0245491913380359,5.92326317828634,0.39771533669934,0.565956028031425,0.841855961712236,0.828823462571327,"gpath_3neocort"
"4628","ZBTB10","Inh ENOX2 SPHKAP",-0.0202970074719888,4.2925586206881,0.0782506009214307,0.850467013481558,0.969964121518476,0.966126919267837,"gpath_3neocort"
"4629","ZNF704","Inh ENOX2 SPHKAP",0.105128255130775,8.91353300370318,22.7209091977384,2.80214253298459e-06,0.00209902030663107,0.000907070975282961,"gpath_3neocort"
"4630","PAG1","Inh ENOX2 SPHKAP",0.0625725394096487,4.805600567329,0.852316198708627,0.356565503979721,0.704593116427461,0.682100916563268,"gpath_3neocort"
"4631","FABP5","Inh ENOX2 SPHKAP",-0.128269519738865,4.19211293740554,2.03962951704734,0.154182954061728,0.497987929238177,0.466302284195884,"gpath_3neocort"
"4632","IMPA1","Inh ENOX2 SPHKAP",0.0661775596853974,4.06076838796654,0.705059191671109,0.401690581787004,0.734432377959028,0.717501425608685,"gpath_3neocort"
"4633","ZFAND1","Inh ENOX2 SPHKAP",-0.0121171805196599,5.38381559680041,0.062662324389621,0.802490627508484,0.952551397154178,0.947736619118522,"gpath_3neocort"
"4634","SNX16","Inh ENOX2 SPHKAP",0.136245050448659,4.5630420611805,4.98248130857542,0.0262690813632437,0.233892138256704,0.196199596974445,"gpath_3neocort"
"4635","RALYL","Inh ENOX2 SPHKAP",0.0307101571526756,10.692208574045,0.940555451946747,0.332838002566237,0.683942498612255,0.661890969791722,"gpath_3neocort"
"4636","C8orf59","Inh ENOX2 SPHKAP",-0.143131479021908,4.4231534744021,3.36694053231188,0.0674078828880126,0.348358464602211,0.314207236382219,"gpath_3neocort"
"4637","CA3","Inh ENOX2 SPHKAP",0.0964643967865616,4.70633476899147,1.86905026363673,0.172504849865148,0.522992598999629,0.491847345826752,"gpath_3neocort"
"4638","WWP1","Inh ENOX2 SPHKAP",-0.00649560444806849,6.34373165407637,0.0365510531037208,0.85729686825991,0.971235029632888,0.968423656922098,"gpath_3neocort"
"4639","RMDN1","Inh ENOX2 SPHKAP",-0.0236450301660711,5.16517249632724,0.221213274860064,0.638424511068556,0.878600606103109,0.869970644158912,"gpath_3neocort"
"4640","CPNE3","Inh ENOX2 SPHKAP",-0.109240406182039,5.57204595697587,6.89484801955048,0.00904297637193231,0.142992459898771,0.11359889912671,"gpath_3neocort"
"4641","CNGB3","Inh ENOX2 SPHKAP",0.0920574943348034,4.07420811302403,1.18611696996723,0.276900728534831,0.635743398069418,0.61038337153134,"gpath_3neocort"
"4642","MMP16","Inh ENOX2 SPHKAP",0.0612620547436253,8.06130936655097,3.84530853137772,0.0507174138713774,0.307990517734783,0.273213700574004,"gpath_3neocort"
"4643","AC090568.2","Inh ENOX2 SPHKAP",0.0717770714430531,6.91198131058185,2.78247941052223,0.0962393131245418,0.406437968246427,0.372921830805008,"gpath_3neocort"
"4644","AF117829.1","Inh ENOX2 SPHKAP",0.0890123266390266,7.04411095584548,6.26580801436274,0.0127867690953186,0.166913615885004,0.135809938177112,"gpath_3neocort"
"4645","RIPK2","Inh ENOX2 SPHKAP",0.035595109051717,4.8906591032799,0.426734956242789,0.514045612290113,0.809351298906063,0.796828728861178,"gpath_3neocort"
"4646","OSGIN2","Inh ENOX2 SPHKAP",0.0614870500636658,4.67895665247462,1.0530613166736,0.30554697116807,0.662685516227405,0.637399368578197,"gpath_3neocort"
"4647","NBN","Inh ENOX2 SPHKAP",0.0570718148846926,5.67887260387761,1.81447449143956,0.178887165282891,0.530069410446744,0.500183254801899,"gpath_3neocort"
"4648","DECR1","Inh ENOX2 SPHKAP",-0.0186366552333839,5.3347375656117,0.130731432182049,0.717903877842942,0.916965892239581,0.9094944682136,"gpath_3neocort"
"4649","LINC00534","Inh ENOX2 SPHKAP",-0.0838496037306454,4.23663057424532,0.596679538963825,0.440394923441151,0.76140403666679,0.746153845753632,"gpath_3neocort"
"4650","TMEM64","Inh ENOX2 SPHKAP",0.042662559268961,4.14918478672062,0.289358693714357,0.590990647447201,0.852390391727358,0.843500309956639,"gpath_3neocort"
"4651","NECAB1","Inh ENOX2 SPHKAP",-0.131236805033554,4.52347087799382,2.83268727396253,0.0932997262905213,0.400554830865968,0.367461936461644,"gpath_3neocort"
"4652","PIP4P2","Inh ENOX2 SPHKAP",0.0283351727888388,5.84502046843082,0.51775756060352,0.47230384638482,0.781699038975728,0.768606757918117,"gpath_3neocort"
"4653","OTUD6B-AS1","Inh ENOX2 SPHKAP",0.00936430797444418,5.49030184486369,0.0315336226487338,0.859162946539647,0.97158870817798,0.968917448244372,"gpath_3neocort"
"4654","RUNX1T1","Inh ENOX2 SPHKAP",-0.0200303636793018,9.35326661636883,1.07195227671191,0.301255194538776,0.658649098432555,0.633373444017947,"gpath_3neocort"
"4655","TRIQK","Inh ENOX2 SPHKAP",0.095066356331255,6.10985548416026,5.5813115104041,0.0187269961602992,0.198221183270645,0.165758111199869,"gpath_3neocort"
"4656","C8orf87","Inh ENOX2 SPHKAP",0.204167745065809,4.56745793249255,5.34867482279609,0.021346400071162,0.212764835100282,0.176972691779406,"gpath_3neocort"
"4657","LINC00535","Inh ENOX2 SPHKAP",0.208683531675827,7.55543420375941,16.0298425287897,7.68978089708641e-05,0.0159982539699515,0.00726069177222957,"gpath_3neocort"
"4658","FAM92A","Inh ENOX2 SPHKAP",-0.0552735682171637,5.35670294560568,1.31730540458189,0.346181524422888,0.695623287833186,0.673229897359879,"gpath_3neocort"
"4659","RBM12B","Inh ENOX2 SPHKAP",0.010005951974386,5.30983431779563,0.0449704099576196,0.832188019099538,0.963230100750965,0.95940276108356,"gpath_3neocort"
"4660","TMEM67","Inh ENOX2 SPHKAP",-0.063196155487801,5.33420832969532,1.80942310837856,0.179491601991147,0.530789316790097,0.501027804087975,"gpath_3neocort"
"4661","PDP1","Inh ENOX2 SPHKAP",-0.0932175332342556,4.90297314841163,2.31450617531606,0.12911974252333,0.45973237758398,0.429000982240259,"gpath_3neocort"
"4662","VIRMA","Inh ENOX2 SPHKAP",-0.0359348540829291,5.58269831401183,0.818039059933152,0.436984117553574,0.758584963925395,0.743559607047167,"gpath_3neocort"
"4663","DPY19L4","Inh ENOX2 SPHKAP",-0.0163944555256914,4.79164051404785,0.0943454070684669,0.75891563936555,0.934655431407832,0.928740380764563,"gpath_3neocort"
"4664","INTS8","Inh ENOX2 SPHKAP",-0.0220210976739405,5.71830807294793,0.271138747269864,0.780206877576083,0.944495130113347,0.938321376979799,"gpath_3neocort"
"4665","NDUFAF6","Inh ENOX2 SPHKAP",0.00450455635956793,6.69493750585474,0.0135991237417781,0.907235134724609,0.986765245127383,0.983132177577649,"gpath_3neocort"
"4666","C8orf37-AS1","Inh ENOX2 SPHKAP",-0.375740957686125,3.90148401946704,9.6519932125588,0.00205392692287557,0.0746754923513079,0.0503048495638447,"gpath_3neocort"
"4667","UQCRB","Inh ENOX2 SPHKAP",0.0583680292870299,5.70190701248845,0.938077274615802,0.333474823007047,0.684423389092004,0.662427058498678,"gpath_3neocort"
"4668","PTDSS1","Inh ENOX2 SPHKAP",0.0487286238990107,5.48030712691601,1.06372413015366,0.303114854289141,0.660244676833362,0.635084945739931,"gpath_3neocort"
"4669","SDC2","Inh ENOX2 SPHKAP",0.0463902337734136,5.01883033629265,0.487115315468161,0.485703347986744,0.791594845639315,0.777852155659932,"gpath_3neocort"
"4670","CPQ","Inh ENOX2 SPHKAP",-0.0979171433944206,4.01403014254128,0.990951881286487,0.320231701120341,0.671996643316917,0.650670813166969,"gpath_3neocort"
"4671","TSPYL5","Inh ENOX2 SPHKAP",-0.0552324876272903,4.35215330347976,0.520560742208999,0.47110820251415,0.781008142542122,0.767766401176914,"gpath_3neocort"
"4672","MTDH","Inh ENOX2 SPHKAP",0.00204167829062967,7.10679107664701,0.00696704856189377,0.933528835240152,0.993085405021696,0.989684575028753,"gpath_3neocort"
"4673","LAPTM4B","Inh ENOX2 SPHKAP",-0.197264935823938,5.00244690039876,10.2626760799098,0.00148849915080747,0.064120845589967,0.0417805218411051,"gpath_3neocort"
"4674","RPL30","Inh ENOX2 SPHKAP",-0.118070024017436,5.57550605877979,3.60639989761172,0.0584205431225792,0.325427873244502,0.293427308461447,"gpath_3neocort"
"4675","RIDA","Inh ENOX2 SPHKAP",0.0145499632739495,4.39900315655229,0.041845356508144,0.83803964416858,0.965093431281176,0.961596109814671,"gpath_3neocort"
"4676","POP1","Inh ENOX2 SPHKAP",-0.0794796671639088,4.75219909803863,1.67274094898205,0.196787115666966,0.551298311957687,0.523348169282715,"gpath_3neocort"
"4677","NIPAL2","Inh ENOX2 SPHKAP",0.147717367660457,5.30594457388128,7.34939486196402,0.00705585205131915,0.128429695842516,0.0995057085108832,"gpath_3neocort"
"4678","STK3","Inh ENOX2 SPHKAP",-0.115485837561143,4.49848624902583,1.98323865185162,0.159981357069435,0.505962965017542,0.474504938416075,"gpath_3neocort"
"4679","AC104986.2","Inh ENOX2 SPHKAP",0.00701892844244389,4.82446620302964,0.0176158192166599,0.894491248494228,0.9829108302682,0.979794370286086,"gpath_3neocort"
"4680","VPS13B","Inh ENOX2 SPHKAP",0.0163237018339694,8.19134184820716,0.478573312713896,0.489550681560427,0.794554201470902,0.780292911313689,"gpath_3neocort"
"4681","COX6C","Inh ENOX2 SPHKAP",-0.085667459136822,5.71627531658442,2.49119763757763,0.115432780075243,0.438924018888213,0.406612337065355,"gpath_3neocort"
"4682","POLR2K","Inh ENOX2 SPHKAP",-0.142970260512931,4.32020234955292,2.42199584774791,0.120591038264622,0.447187940068884,0.415421993365792,"gpath_3neocort"
"4683","SPAG1","Inh ENOX2 SPHKAP",-0.00765939462180918,4.99954230842567,0.0216709161514316,0.883054885734679,0.979294895488476,0.976360047337701,"gpath_3neocort"
"4684","RNF19A","Inh ENOX2 SPHKAP",0.0693445336994579,6.90936071725424,4.59180352559451,0.0328487035513722,0.259177076565216,0.220028473949646,"gpath_3neocort"
"4685","ANKRD46","Inh ENOX2 SPHKAP",0.0180214095961288,6.10325292841885,0.257100993520722,0.612454013294292,0.863977905269201,0.85546366031389,"gpath_3neocort"
"4686","SNX31","Inh ENOX2 SPHKAP",0.0183570446254858,4.52673004041283,0.0227439634275365,0.880215988752642,0.978345111313283,0.975560363592209,"gpath_3neocort"
"4687","PABPC1","Inh ENOX2 SPHKAP",0.0355435446752036,5.9011160633485,0.751165999179247,0.386730572395964,0.726423659542084,0.70665637464438,"gpath_3neocort"
"4688","YWHAZ","Inh ENOX2 SPHKAP",-0.00960860962882469,7.03468925860387,0.0888127607579493,0.765877556934436,0.936382097623262,0.931955755690227,"gpath_3neocort"
"4689","AP003469.4","Inh ENOX2 SPHKAP",0.100630090068576,4.60454841648288,2.27651587481664,0.132293601817027,0.464348041823123,0.43387402793253,"gpath_3neocort"
"4690","ZNF706","Inh ENOX2 SPHKAP",0.0432274302076012,6.42335111160495,1.2733988776549,0.25994130087721,0.619356101772027,0.593635172865011,"gpath_3neocort"
"4691","NCALD","Inh ENOX2 SPHKAP",0.00215157107019998,8.99283208759563,0.00568592317178139,0.939937653791467,0.993518947956843,0.990957079054606,"gpath_3neocort"
"4692","RRM2B","Inh ENOX2 SPHKAP",0.0536545246508671,4.78170023224724,0.904210008514701,0.342344108987123,0.691631922015286,0.669875425692372,"gpath_3neocort"
"4693","UBR5","Inh ENOX2 SPHKAP",0.0322388974265411,8.16672892298121,2.12579108223026,0.145779222003932,0.485072105999905,0.454312670403139,"gpath_3neocort"
"4694","AZIN1","Inh ENOX2 SPHKAP",-0.000670080307295977,5.8119638799233,0.000234329544276987,0.987795754155924,0.998951897108485,0.998624785413649,"gpath_3neocort"
"4695","AZIN1-AS1","Inh ENOX2 SPHKAP",-0.0778799461020791,5.54335097231201,1.62611862032681,0.203128533995418,0.557515688852136,0.530924568090642,"gpath_3neocort"
"4696","ATP6V1C1","Inh ENOX2 SPHKAP",-0.0350069408045444,6.4382653948009,1.25686446596316,0.263052218368293,0.62223354467422,0.596734765487213,"gpath_3neocort"
"4697","BAALC","Inh ENOX2 SPHKAP",-0.0920104286567498,6.25720215411892,3.80050339533936,0.0520752421016004,0.310538094051062,0.276772376289694,"gpath_3neocort"
"4698","BAALC-AS1","Inh ENOX2 SPHKAP",0.0375255949504045,4.11638006882608,0.129557311572626,0.719119352602072,0.917796101656484,0.910141389429628,"gpath_3neocort"
"4699","SLC25A32","Inh ENOX2 SPHKAP",0.0300828020749189,4.93212828570976,0.282190658584901,0.595622646501091,0.855261122519567,0.846116278369177,"gpath_3neocort"
"4700","RIMS2","Inh ENOX2 SPHKAP",0.0446800858130231,10.8098509320918,6.98444637816693,0.00861013098372855,0.140680294495887,0.110547798488563,"gpath_3neocort"
"4701","DPYS","Inh ENOX2 SPHKAP",-0.15226653663335,4.64297214747916,3.59592600611001,0.0587855906368601,0.325775073692025,0.294260177843423,"gpath_3neocort"
"4702","LRP12","Inh ENOX2 SPHKAP",0.0476575321399812,5.83206031628013,1.51205929204992,0.219692087491971,0.577419317494873,0.550074951836252,"gpath_3neocort"
"4703","ZFPM2","Inh ENOX2 SPHKAP",-0.0736380359130154,6.71924619957931,0.86539618653879,0.352906017055092,0.701203589896446,0.679209185955205,"gpath_3neocort"
"4704","AC027031.2","Inh ENOX2 SPHKAP",-0.0213817911995301,5.19658780487663,0.10439085468422,0.746825266844655,0.929998011321388,0.923615397659479,"gpath_3neocort"
"4705","OXR1","Inh ENOX2 SPHKAP",0.0188763924560714,10.9144121781938,1.04081923132083,0.30837066720389,0.665378519721319,0.639996101257361,"gpath_3neocort"
"4706","AC090579.1","Inh ENOX2 SPHKAP",-0.160406107825685,5.87395715779707,4.7550737890091,0.0299106544866076,0.247897357838817,0.209754267722156,"gpath_3neocort"
"4707","ANGPT1","Inh ENOX2 SPHKAP",0.043866370602504,4.25526905993852,0.122055095918456,0.727036711216648,0.921591595468346,0.914097245199182,"gpath_3neocort"
"4708","RSPO2","Inh ENOX2 SPHKAP",-0.0990829764114738,6.78816906978214,4.52701310814107,0.0340971405224905,0.2641511172697,0.22414895754208,"gpath_3neocort"
"4709","EIF3E","Inh ENOX2 SPHKAP",-0.0438549754019547,5.85672126866537,1.07788832319607,0.332840778488753,0.683942498612255,0.661890969791722,"gpath_3neocort"
"4710","EMC2","Inh ENOX2 SPHKAP",0.0172873581989366,4.97530378744789,0.115408318566922,0.734282795055301,0.92538447757843,0.917772933578405,"gpath_3neocort"
"4711","AC104248.1","Inh ENOX2 SPHKAP",-0.0289135776789019,3.51095325308525,0.0503016254336404,0.822676620653168,0.96023312140963,0.955638630312863,"gpath_3neocort"
"4712","NUDCD1","Inh ENOX2 SPHKAP",0.0265019363523253,5.19121855754162,0.333810329163742,0.563813951588097,0.840155822992941,0.827540906747247,"gpath_3neocort"
"4713","ENY2","Inh ENOX2 SPHKAP",-0.092897674039091,5.17001354244577,2.69010468406402,0.101916198739372,0.414344615411002,0.383215392183659,"gpath_3neocort"
"4714","EBAG9","Inh ENOX2 SPHKAP",-0.0996042258569456,4.66695982509475,2.87227849244621,0.145871617702964,0.485072105999905,0.454416624246698,"gpath_3neocort"
"4715","SYBU","Inh ENOX2 SPHKAP",0.0386991635017543,7.7695419217954,3.09454827601821,0.07947212135487,0.374769742253619,0.339828017143542,"gpath_3neocort"
"4716","CSMD3","Inh ENOX2 SPHKAP",0.0894105444623029,9.88432537246452,4.54279884629415,0.0337884468751198,0.263015104452372,0.223155591870606,"gpath_3neocort"
"4717","TRPS1","Inh ENOX2 SPHKAP",-0.0324349197074555,5.05842947568265,0.202729310522207,0.652819393972158,0.884704822077308,0.877602370071466,"gpath_3neocort"
"4718","EIF3H","Inh ENOX2 SPHKAP",0.0345906998539117,5.99575339785915,0.8199054395774,0.365861641523425,0.711865305342764,0.690397754567017,"gpath_3neocort"
"4719","UTP23","Inh ENOX2 SPHKAP",0.0648807164549342,6.54683165863996,2.07399950830438,0.150766421687725,0.492249167049964,0.461390335598964,"gpath_3neocort"
"4720","RAD21","Inh ENOX2 SPHKAP",0.0705550244983109,6.03339440977724,4.07398392277737,0.0443487434449541,0.288681860739948,0.255346888787633,"gpath_3neocort"
"4721","EXT1","Inh ENOX2 SPHKAP",-0.0335518043340293,7.90072819770685,1.1548711886761,0.28330880143706,0.640385789146006,0.616254627275939,"gpath_3neocort"
"4722","SAMD12","Inh ENOX2 SPHKAP",0.0108073495682866,8.97457818340487,0.213084120077803,0.644661773792927,0.881448868178843,0.873272655037635,"gpath_3neocort"
"4723","AC023590.1","Inh ENOX2 SPHKAP",-0.287923907628217,4.00102788133448,6.41153239789621,0.011796726405682,0.160541254450746,0.130351408346063,"gpath_3neocort"
"4724","MAL2","Inh ENOX2 SPHKAP",0.0938796388493138,5.29790958172009,3.88656738923365,0.0495002874756569,0.304931980767736,0.270013216690104,"gpath_3neocort"
"4725","NOV","Inh ENOX2 SPHKAP",0.183276645884254,3.85190915313686,2.9072326005615,0.089114486318339,0.392313231359848,0.359565225646633,"gpath_3neocort"
"4726","ENPP2","Inh ENOX2 SPHKAP",0.0748127775318329,5.05045386857759,1.36347559895979,0.243770343069424,0.602037940859763,0.576547332754538,"gpath_3neocort"
"4727","TAF2","Inh ENOX2 SPHKAP",0.00307247244867931,6.11332425994889,0.0073752716490314,0.931613831411153,0.992627611257954,0.989331539676267,"gpath_3neocort"
"4728","DEPTOR","Inh ENOX2 SPHKAP",0.0439942713924782,6.17711817750976,1.31550251261714,0.252223163551193,0.61089714980321,0.585879364555239,"gpath_3neocort"
"4729","MRPL13","Inh ENOX2 SPHKAP",0.0548516477279518,4.31385719823342,0.645023316627257,0.42246974376333,0.746602424271648,0.733031937784188,"gpath_3neocort"
"4730","MTBP","Inh ENOX2 SPHKAP",-0.0146036420040453,4.32695396723872,0.0372238769601912,0.847127414387618,0.96857188696802,0.965061081115443,"gpath_3neocort"
"4731","ZHX2","Inh ENOX2 SPHKAP",-0.00594590431995945,5.81142629101638,0.012917033137252,0.909581172141255,0.98763781133435,0.983778539465682,"gpath_3neocort"
"4732","DERL1","Inh ENOX2 SPHKAP",-0.0992628338381451,4.52429420010765,2.3076086875883,0.16266360755245,0.509658368837116,0.478149134646685,"gpath_3neocort"
"4733","TBC1D31","Inh ENOX2 SPHKAP",-0.0281003624080362,4.99822787013498,0.258928211753833,0.611193985660572,0.863698360056991,0.854683680763024,"gpath_3neocort"
"4734","ATAD2","Inh ENOX2 SPHKAP",-0.0111643875391528,5.46747147406937,0.0505285252037789,0.822283831874161,0.96023312140963,0.955522393358389,"gpath_3neocort"
"4735","FBXO32","Inh ENOX2 SPHKAP",0.111724687008657,5.53501143235255,5.2717754539968,0.022293822842543,0.216167843801549,0.180813085707805,"gpath_3neocort"
"4736","FAM91A1","Inh ENOX2 SPHKAP",-0.0849056632863534,4.78448123030859,2.0808716064247,0.182021521630864,0.533934219897856,0.504515693510767,"gpath_3neocort"
"4737","FER1L6-AS2","Inh ENOX2 SPHKAP",0.0512270836347591,3.77522497794928,0.189810584459179,0.663356219847857,0.888111713552868,0.883062939205664,"gpath_3neocort"
"4738","AC090921.1","Inh ENOX2 SPHKAP",0.0192262934369811,4.56741167002002,0.0704986247627238,0.790776247856135,0.948347180002838,0.942880866414219,"gpath_3neocort"
"4739","TMEM65","Inh ENOX2 SPHKAP",-0.00811481729334878,7.67903580631759,0.0737653343178871,0.786099416260138,0.947288221202974,0.940897076037645,"gpath_3neocort"
"4740","RNF139","Inh ENOX2 SPHKAP",0.157241266582024,4.2648537833521,5.05565869750893,0.0251983367754868,0.229891892697469,0.192252956645504,"gpath_3neocort"
"4741","TATDN1","Inh ENOX2 SPHKAP",-0.0750006014168724,5.82083654379864,3.75953156871764,0.0533507570318577,0.314457297970349,0.280136873721049,"gpath_3neocort"
"4742","NDUFB9","Inh ENOX2 SPHKAP",-0.0805991615847467,4.54216060565529,0.942444061390985,0.332353776313585,0.683663091200187,0.661475304435557,"gpath_3neocort"
"4743","MTSS1","Inh ENOX2 SPHKAP",0.00363687574700572,7.92400877984849,0.0227683698738341,0.880152223606149,0.978345111313283,0.975548700300737,"gpath_3neocort"
"4744","SQLE","Inh ENOX2 SPHKAP",0.0510802913068228,4.5526210133558,0.610662842333105,0.43509285531208,0.757542325233155,0.742279196761784,"gpath_3neocort"
"4745","WASHC5","Inh ENOX2 SPHKAP",-0.0708817401153001,5.38248405264655,2.2212294905278,0.137069969530347,0.47264491535137,0.441283666352677,"gpath_3neocort"
"4746","NSMCE2","Inh ENOX2 SPHKAP",-0.0658052507364857,7.60763415399259,6.64536072447142,0.0103702503811286,0.151630252178138,0.122187692351149,"gpath_3neocort"
"4747","PVT1","Inh ENOX2 SPHKAP",-0.0817660683529204,4.91272738971036,1.10410795061769,0.294127300592194,0.650957193901543,0.626589922891508,"gpath_3neocort"
"4748","FAM49B","Inh ENOX2 SPHKAP",-0.0199840890290193,8.60543679190908,1.0349053198622,0.309746914674382,0.66620805586772,0.641238149908192,"gpath_3neocort"
"4749","ASAP1","Inh ENOX2 SPHKAP",0.000597750231733792,8.27554213265221,0.000862246859548443,0.976591819850251,0.997368972015209,0.997305921997043,"gpath_3neocort"
"4750","ADCY8","Inh ENOX2 SPHKAP",0.0211232933382534,9.2702756431276,0.796190157810735,0.372878392651088,0.716934211355155,0.695842851810718,"gpath_3neocort"
"4751","EFR3A","Inh ENOX2 SPHKAP",0.0981346484578191,7.66735057046621,15.6378848401989,9.37071779534702e-05,0.0178754319593295,0.00821980991051379,"gpath_3neocort"
"4752","KCNQ3","Inh ENOX2 SPHKAP",0.0327093674927878,9.77363784015816,1.8769110567507,0.171607433306314,0.522002084688595,0.490622488936191,"gpath_3neocort"
"4753","LRRC6","Inh ENOX2 SPHKAP",-0.0986561378062788,6.36078964471566,7.13511117117849,0.00792970989181688,0.135251588714884,0.105761459561832,"gpath_3neocort"
"4754","PHF20L1","Inh ENOX2 SPHKAP",-0.0267528133645477,7.55894094169961,0.833579472680347,0.361899206419187,0.708243731197599,0.686613463104014,"gpath_3neocort"
"4755","NDRG1","Inh ENOX2 SPHKAP",0.0505318514854359,4.73650465535933,0.602131434329866,0.438315988521016,0.759350704159314,0.744564843630137,"gpath_3neocort"
"4756","ST3GAL1","Inh ENOX2 SPHKAP",-0.154229847817115,5.61604141071205,6.89437439450741,0.00904532299215883,0.142992459898771,0.113615616139324,"gpath_3neocort"
"4757","ZFAT","Inh ENOX2 SPHKAP",0.0193266635534692,5.01128191876279,0.0934056064767206,0.760082186765586,0.935051840478786,0.929318018977699,"gpath_3neocort"
"4758","KHDRBS3","Inh ENOX2 SPHKAP",0.010165550638143,7.86741266369441,0.143585115357165,0.70498379551126,0.910664575026827,0.903995017635129,"gpath_3neocort"
"4759","LINC02055","Inh ENOX2 SPHKAP",-0.133030012359034,3.58176470011218,0.858152462790368,0.35492624455816,0.703550807579933,0.680647238475597,"gpath_3neocort"
"4760","AC046195.1","Inh ENOX2 SPHKAP",-0.353895067179251,4.00275695931335,10.8434045841521,0.0010978137266708,0.0556398272376376,0.0352744417935552,"gpath_3neocort"
"4761","FAM135B","Inh ENOX2 SPHKAP",0.0808985429568993,7.61402481036466,5.04197777200393,0.0253950001574179,0.229942570647406,0.193000102956354,"gpath_3neocort"
"4762","KCNK9","Inh ENOX2 SPHKAP",0.142315925416541,4.22662006005317,3.74801630716361,0.0537151976466465,0.314728396319521,0.281122237929051,"gpath_3neocort"
"4763","TRAPPC9","Inh ENOX2 SPHKAP",-0.0821662791627788,7.37460330776504,5.65517763824373,0.0179669951397811,0.195240638974021,0.162549564789734,"gpath_3neocort"
"4764","AGO2","Inh ENOX2 SPHKAP",0.00620647612579391,6.13012124318414,0.0262303780686957,0.871437064449069,0.976081680883947,0.972849274276761,"gpath_3neocort"
"4765","PTK2","Inh ENOX2 SPHKAP",0.0174942073299161,8.29305019879028,0.651987726612175,0.419978546911406,0.744985774654165,0.731077156289176,"gpath_3neocort"
"4766","DENND3","Inh ENOX2 SPHKAP",-0.0812544200654148,4.25599757302898,1.11491976721591,0.291779451194305,0.649154282780476,0.624412994485361,"gpath_3neocort"
"4767","SLC45A4","Inh ENOX2 SPHKAP",-0.019170934708302,5.53416625666344,0.17673554225311,0.674464605330773,0.894748370810399,0.889061921061893,"gpath_3neocort"
"4768","TSNARE1","Inh ENOX2 SPHKAP",0.0149969279686698,5.8246189593451,0.179609155907759,0.709081621223962,0.912970047435482,0.905876394253159,"gpath_3neocort"
"4769","ADGRB1","Inh ENOX2 SPHKAP",0.128856565141159,6.21048189561794,11.0984809945863,0.000960887876249967,0.0516968294968076,0.032784069714379,"gpath_3neocort"
"4770","ARC","Inh ENOX2 SPHKAP",1.20621275025424,3.36871199104397,45.3735361506232,7.17925134812106e-11,6.99115496280029e-07,6.86871954698927e-07,"gpath_3neocort"
"4771","LY6E-DT","Inh ENOX2 SPHKAP",-0.0727693034474671,5.2856187354042,1.93547841412378,0.165087894056029,0.514275723710047,0.48170710000298,"gpath_3neocort"
"4772","LY6E","Inh ENOX2 SPHKAP",-0.0387323356300333,4.72692234602105,0.319728901159962,0.572150894774093,0.845326168242279,0.832461390266196,"gpath_3neocort"
"4773","LY6H","Inh ENOX2 SPHKAP",-0.0290550929770224,6.77703842037701,0.424134484714905,0.515329777149825,0.809933358097798,0.797626271434009,"gpath_3neocort"
"4774","GLI4","Inh ENOX2 SPHKAP",0.0474025731834033,4.55473324246914,0.588622195938383,0.443495316389238,0.762896553788801,0.748591369967484,"gpath_3neocort"
"4775","TOP1MT","Inh ENOX2 SPHKAP",-0.0957023309497776,4.77408223421481,2.36413665054276,0.125100974312355,0.454904140348659,0.42283369399903,"gpath_3neocort"
"4776","RHPN1","Inh ENOX2 SPHKAP",-0.16927133680467,4.65841350782036,7.3048966472066,0.00722879844988973,0.129878301300786,0.100781903893654,"gpath_3neocort"
"4777","ZC3H3","Inh ENOX2 SPHKAP",-0.0810513143419653,5.06953836169961,2.31001153130675,0.180238101632657,0.531856312710162,0.50201522651908,"gpath_3neocort"
"4778","EEF1D","Inh ENOX2 SPHKAP",0.0339003416129415,5.16423282394478,0.385977299465827,0.534846012972991,0.823285157241958,0.810564681128951,"gpath_3neocort"
"4779","ZNF623","Inh ENOX2 SPHKAP",0.0974924495820161,4.71349506054135,2.74583900675412,0.0984484772512582,0.410047592588859,0.376879237378721,"gpath_3neocort"
"4780","PUF60","Inh ENOX2 SPHKAP",-0.0034285999641063,4.36293951097005,0.00239612158691975,0.96098829491521,0.995700592042286,0.995018413074647,"gpath_3neocort"
"4781","NRBP2","Inh ENOX2 SPHKAP",-0.214823276775642,5.08451430754571,14.8609486448881,0.000138857024835455,0.0206338298011883,0.0103705102411417,"gpath_3neocort"
"4782","PLEC","Inh ENOX2 SPHKAP",0.00863230153500498,6.08902123207368,0.0595771424305477,0.87503005387676,0.976948901017904,0.973914502070993,"gpath_3neocort"
"4783","GRINA","Inh ENOX2 SPHKAP",-0.0688775707147535,5.63216988600715,1.45071196491017,0.229268004887721,0.588843375206122,0.561035628387426,"gpath_3neocort"
"4784","CYC1","Inh ENOX2 SPHKAP",-0.110183470011401,4.49314753410889,1.53889101244903,0.215655134913379,0.572064751780574,0.54538911577272,"gpath_3neocort"
"4785","MAF1","Inh ENOX2 SPHKAP",0.0753380400471558,4.33139719474514,0.961699586930786,0.32747004909777,0.678508935554686,0.657058662545326,"gpath_3neocort"
"4786","WDR97","Inh ENOX2 SPHKAP",-0.034755267600598,3.89324506395473,0.109137308197826,0.741335920915551,0.928027921053559,0.921080061955336,"gpath_3neocort"
"4787","MROH1","Inh ENOX2 SPHKAP",-0.0298731462263846,6.75817938901892,0.712898773040018,0.399088549166656,0.733130407806998,0.715579364858893,"gpath_3neocort"
"4788","SCX","Inh ENOX2 SPHKAP",0.0280883023416539,4.51043666946886,0.171571544752359,0.67898521774122,0.896981420954845,0.891228859995622,"gpath_3neocort"
"4789","HSF1","Inh ENOX2 SPHKAP",-0.0162971118061889,5.14107238941233,0.105707978262115,0.745288385171074,0.929268051996626,0.92287808370028,"gpath_3neocort"
"4790","SCRT1","Inh ENOX2 SPHKAP",-0.0518434103100608,4.8184131867862,0.752231536908739,0.386394373092037,0.726388849781961,0.706414272021839,"gpath_3neocort"
"4791","ADCK5","Inh ENOX2 SPHKAP",-0.120942878828107,4.4940139903274,3.12404883374727,0.0780594908495633,0.372615389533482,0.337028879096082,"gpath_3neocort"
"4792","VPS28","Inh ENOX2 SPHKAP",-0.0198771401673898,5.33488877726864,0.120223832445328,0.729010572440217,0.922273799372764,0.915007372612097,"gpath_3neocort"
"4793","CYHR1","Inh ENOX2 SPHKAP",-0.0974078366437616,5.50561099090883,3.69638365446811,0.0553821840900535,0.318171185696015,0.285538003609223,"gpath_3neocort"
"4794","KIFC2","Inh ENOX2 SPHKAP",0.0138773382006392,6.37085329865261,0.139233045675148,0.709281768019064,0.913018619559768,0.905911273430538,"gpath_3neocort"
"4795","ARHGAP39","Inh ENOX2 SPHKAP",0.110845744445036,4.78198536857143,4.11547693623302,0.0432868885757354,0.286045634981411,0.252212933667858,"gpath_3neocort"
"4796","ZNF251","Inh ENOX2 SPHKAP",-0.0368228234893316,6.45797089592191,1.35584413990198,0.700077635066289,0.908105504900868,0.901234873754785,"gpath_3neocort"
"4797","RPL8","Inh ENOX2 SPHKAP",-0.0293548182275971,5.50304527888726,0.184861908599754,0.667505599902902,0.890181226045559,0.885172964256425,"gpath_3neocort"
"4798","ZNF250","Inh ENOX2 SPHKAP",-0.0328539149403409,4.86979998094983,0.339456487722486,0.560536906158145,0.838480551792322,0.825713916669196,"gpath_3neocort"
"4799","C8orf33","Inh ENOX2 SPHKAP",-0.0127047409500997,4.14237917984262,0.0266968850906142,0.870308935647712,0.975603593339176,0.972391974094717,"gpath_3neocort"
"4800","WASHC1","Inh ENOX2 SPHKAP",0.00183004259685608,6.49007405706593,0.00349313852446059,0.952905650806912,0.994776274703702,0.993523266382469,"gpath_3neocort"
"4801","CBWD1","Inh ENOX2 SPHKAP",-0.0114222578491823,4.44913777713155,0.0233945605222593,0.878528012253952,0.978266576276527,0.975072871441715,"gpath_3neocort"
"4802","SMARCA2","Inh ENOX2 SPHKAP",0.0345137392256044,8.03024438832906,1.55610053950761,0.213112518421772,0.569977946825382,0.542595911775223,"gpath_3neocort"
"4803","VLDLR-AS1","Inh ENOX2 SPHKAP",-0.0651913801057359,5.30011171932519,1.10722115280214,0.293448774394861,0.650786646562777,0.625961180089994,"gpath_3neocort"
"4804","PUM3","Inh ENOX2 SPHKAP",-0.0337077029321884,6.58829380785385,1.08349684741269,0.298670772928447,0.656804197150862,0.630836242915018,"gpath_3neocort"
"4805","RFX3","Inh ENOX2 SPHKAP",0.104540408222812,8.15137168696086,13.8925710026802,0.000227318533734783,0.0251548622898786,0.014082747629548,"gpath_3neocort"
"4806","RFX3-AS1","Inh ENOX2 SPHKAP",-0.0535312283483107,5.45395773189238,0.602980579117497,0.437993547589939,0.759064097958859,0.744330269488236,"gpath_3neocort"
"4807","GLIS3","Inh ENOX2 SPHKAP",0.00642998572224274,6.9662569953511,0.03108000763477,0.860169037087463,0.971842687824892,0.969299373789611,"gpath_3neocort"
"4808","SLC1A1","Inh ENOX2 SPHKAP",-0.0865250452042287,5.58413633680584,3.51863547949288,0.0615559318460942,0.332460979756406,0.300598021859321,"gpath_3neocort"
"4809","SPATA6L","Inh ENOX2 SPHKAP",-0.0168002456085246,6.11997151188316,0.0855478925070294,0.770097200691399,0.939044144794996,0.933971566781899,"gpath_3neocort"
"4810","CDC37L1","Inh ENOX2 SPHKAP",-0.0109985144671335,5.19613678927201,0.0468329663774348,0.971638615736064,0.996610157998504,0.996603255155717,"gpath_3neocort"
"4811","AK3","Inh ENOX2 SPHKAP",0.0654705281207315,6.09457012549508,2.86565852117232,0.0914227392356294,0.397595324677091,0.363886398954506,"gpath_3neocort"
"4812","RCL1","Inh ENOX2 SPHKAP",-0.063486447482597,5.54954304461339,2.24374147873525,0.135102091091045,0.46953039366331,0.438418819906512,"gpath_3neocort"
"4813","JAK2","Inh ENOX2 SPHKAP",-0.022422703974907,6.79776917931614,0.51383410310492,0.536063525004805,0.823621628574317,0.811302236438061,"gpath_3neocort"
"4814","PLGRKT","Inh ENOX2 SPHKAP",-0.0838438207582878,4.79214444816697,1.57057957485918,0.211000959041968,0.567918004187586,0.540150906024115,"gpath_3neocort"
"4815","RIC1","Inh ENOX2 SPHKAP",-0.0121592013089616,6.15126880442366,0.108432785228449,0.742142238726714,0.928670714506067,0.92138981883724,"gpath_3neocort"
"4816","ERMP1","Inh ENOX2 SPHKAP",-0.00924129085481691,5.61738005696794,0.0447152444043039,0.866120573398022,0.973907575702409,0.971195983333387,"gpath_3neocort"
"4817","KIAA2026","Inh ENOX2 SPHKAP",0.0455913165672987,7.12804218323395,2.9249724040201,0.088148939718938,0.390798959620442,0.35773537805039,"gpath_3neocort"
"4818","RANBP6","Inh ENOX2 SPHKAP",-0.0343334727728261,4.47142880952805,0.243884367345431,0.621739742102572,0.871025983109602,0.860782360746359,"gpath_3neocort"
"4819","UHRF2","Inh ENOX2 SPHKAP",0.0843669005284049,6.27994935110473,6.0798805370573,0.0141759452603026,0.174520044178036,0.143414274616451,"gpath_3neocort"
"4820","GLDC","Inh ENOX2 SPHKAP",-0.101202536112413,4.1359352500184,1.07383218201314,0.300832386451274,0.658168002530332,0.632990138215962,"gpath_3neocort"
"4821","KDM4C","Inh ENOX2 SPHKAP",-0.0338079192738023,7.78505996759428,1.91364105501089,0.172305750237786,0.52298180255862,0.491594782195869,"gpath_3neocort"
"4822","DMAC1","Inh ENOX2 SPHKAP",-0.132691831627657,4.38725109173668,3.23664507361451,0.0729120815458509,0.359548479862578,0.326298032713498,"gpath_3neocort"
"4823","PTPRD","Inh ENOX2 SPHKAP",0.0769916675756251,10.0206707299729,3.30861231487905,0.0698145438771783,0.353526253002525,0.319408213965579,"gpath_3neocort"
"4824","LURAP1L-AS1","Inh ENOX2 SPHKAP",0.0780336276497827,4.9235335735919,0.818577254868336,0.366249726078746,0.711865305342764,0.690687246368549,"gpath_3neocort"
"4825","LURAP1L","Inh ENOX2 SPHKAP",-0.0128785436875162,5.8732366470797,0.0883559805575712,0.766462781518503,0.936606169711028,0.932242699630461,"gpath_3neocort"
"4826","MPDZ","Inh ENOX2 SPHKAP",-0.00634033121995503,8.19293165957794,0.077201667743781,0.781298269378697,0.94463015286981,0.93877587542314,"gpath_3neocort"
"4827","ZDHHC21","Inh ENOX2 SPHKAP",0.0174759886572996,7.36946132428794,0.423087821891853,0.515848224123334,0.810186041624116,0.797868786160135,"gpath_3neocort"
"4828","FREM1","Inh ENOX2 SPHKAP",-0.0250951505253886,8.10624725265154,0.70984784130774,0.400098261279824,0.733784805321387,0.71631032337105,"gpath_3neocort"
"4829","TTC39B","Inh ENOX2 SPHKAP",-0.0253793066105426,6.3699135551495,0.479761662166853,0.489012414237492,0.794372092715631,0.779849790534476,"gpath_3neocort"
"4830","SNAPC3","Inh ENOX2 SPHKAP",0.0682173249396019,5.98173032819365,3.81993528325942,0.0514816705476222,0.308815453547989,0.275255400516218,"gpath_3neocort"
"4831","PSIP1","Inh ENOX2 SPHKAP",0.0917677127831473,7.1230694581554,11.7086982978446,0.000699485690711281,0.0439263228631317,0.0272107914456869,"gpath_3neocort"
"4832","CCDC171","Inh ENOX2 SPHKAP",0.0159582331554705,6.71255090823344,0.180003753581853,0.671643618955604,0.892619175128322,0.887365822465486,"gpath_3neocort"
"4833","CNTLN","Inh ENOX2 SPHKAP",0.103578719730956,4.20997014207139,1.41514109788883,0.235051208283999,0.595145259040453,0.567309319908711,"gpath_3neocort"
"4834","SH3GL2","Inh ENOX2 SPHKAP",-0.0208647754453982,7.24433911379968,0.407414105905683,0.523723071526559,0.814829089395371,0.802887458190026,"gpath_3neocort"
"4835","ADAMTSL1","Inh ENOX2 SPHKAP",-0.048914478847034,5.79455193016313,0.483147480537511,0.487484190533362,0.793567543867247,0.779030872491911,"gpath_3neocort"
"4836","RRAGA","Inh ENOX2 SPHKAP",0.0724588073726754,4.82825107618262,1.02985475034017,0.310928601032856,0.66620805586772,0.642222287547142,"gpath_3neocort"
"4837","HAUS6","Inh ENOX2 SPHKAP",0.0644198479892851,4.46633352402727,0.990238108546859,0.320405788025186,0.671996643316917,0.650782161243488,"gpath_3neocort"
"4838","DENND4C","Inh ENOX2 SPHKAP",0.00516169838470029,6.82732773530899,0.0346148213301058,0.861577372276456,0.97227445115626,0.969745501865279,"gpath_3neocort"
"4839","RPS6","Inh ENOX2 SPHKAP",-0.21353011288645,5.30360660277747,7.69507907479547,0.00584898759282965,0.12267786548217,0.0902940439821897,"gpath_3neocort"
"4840","ACER2","Inh ENOX2 SPHKAP",-0.120782351023871,5.10232627988604,4.35198886303053,0.0377254048554233,0.273240750980963,0.235666758322227,"gpath_3neocort"
"4841","SLC24A2","Inh ENOX2 SPHKAP",0.0264091103830761,10.2614750786299,1.81823184578979,0.178439100030154,0.52976827929684,0.499667455356094,"gpath_3neocort"
"4842","MLLT3","Inh ENOX2 SPHKAP",0.0330791124720284,8.41147573081839,1.69171213528035,0.194273628208098,0.547564860055125,0.520182960085367,"gpath_3neocort"
"4843","FOCAD","Inh ENOX2 SPHKAP",-0.039211778344047,8.05451362385174,2.04096557867886,0.154048509099345,0.497886761564397,0.466135517660706,"gpath_3neocort"
"4844","KLHL9","Inh ENOX2 SPHKAP",0.0831143591066621,5.01817727522131,2.3243342399945,0.128312606968782,0.458703438569015,0.427850872654126,"gpath_3neocort"
"4845","AL391117.1","Inh ENOX2 SPHKAP",0.0728029217029249,4.2984074787127,0.480713119155025,0.488582159203351,0.794027547784085,0.779699254113115,"gpath_3neocort"
"4846","AL445623.2","Inh ENOX2 SPHKAP",-0.0184329151473757,7.66005355735758,0.317799220789079,0.573312189882158,0.845326168242279,0.833186972338372,"gpath_3neocort"
"4847","ELAVL2","Inh ENOX2 SPHKAP",-0.05876137390714,8.88007816011336,6.62582116193665,0.0104823315780906,0.152353649115591,0.12279765422221,"gpath_3neocort"
"4848","TUSC1","Inh ENOX2 SPHKAP",-0.202608815214537,3.93591730625681,3.76767819821546,0.0530945180747191,0.313924964791509,0.27940493967541,"gpath_3neocort"
"4849","CAAP1","Inh ENOX2 SPHKAP",-0.0148883749458861,5.41597376142051,0.108294829268792,0.742300467391381,0.928670714506067,0.921422606502688,"gpath_3neocort"
"4850","PLAA","Inh ENOX2 SPHKAP",-0.0103474919612794,5.34948513144693,0.0568154357222824,0.811748396294087,0.955148125073927,0.951303937902015,"gpath_3neocort"
"4851","IFT74","Inh ENOX2 SPHKAP",0.0161328623469609,5.26703567460468,0.103248270561086,0.748167186661731,0.93023558931158,0.924116418858746,"gpath_3neocort"
"4852","MOB3B","Inh ENOX2 SPHKAP",0.0116672427519769,5.72417347875936,0.0445216693983088,0.833014930355506,0.963467839971871,0.959763958019909,"gpath_3neocort"
"4853","C9orf72","Inh ENOX2 SPHKAP",0.0536356062989651,5.89408058578477,1.94829590325279,0.195523094942995,0.549028745482354,0.521753333725452,"gpath_3neocort"
"4854","LINGO2","Inh ENOX2 SPHKAP",0.155703085141109,5.44546339507681,2.49956113544015,0.114826129537136,0.437471380842187,0.40558596872185,"gpath_3neocort"
"4855","ACO1","Inh ENOX2 SPHKAP",-0.025646447392828,5.83398282111114,0.433493870726221,0.510733873967323,0.80770894481556,0.79449662122723,"gpath_3neocort"
"4856","TOPORS","Inh ENOX2 SPHKAP",-0.0375364280244537,4.98103833111445,0.479827801680149,0.636003430471665,0.877252323786555,0.868486021885607,"gpath_3neocort"
"4857","NDUFB6","Inh ENOX2 SPHKAP",-0.0213107065674718,5.25685596752756,0.191064732245175,0.662314880652849,0.887563501355083,0.88246973885387,"gpath_3neocort"
"4858","APTX","Inh ENOX2 SPHKAP",-0.0100568025307356,5.58849142205275,0.0614770633756424,0.804329054428977,0.952559922311815,0.948483686620662,"gpath_3neocort"
"4859","DNAJA1","Inh ENOX2 SPHKAP",0.00660126845029104,5.77503570943946,0.0108125748873701,0.917244934417775,0.98949054739784,0.985926237874773,"gpath_3neocort"
"4860","SMU1","Inh ENOX2 SPHKAP",-0.0259460820446173,5.26951871570842,0.31815616453945,0.573097028732563,0.845326168242279,0.83310439897974,"gpath_3neocort"
"4861","B4GALT1","Inh ENOX2 SPHKAP",-0.00501802588463636,4.51468837350703,0.00564746935246871,0.940140714264552,0.993518947956843,0.990970727849902,"gpath_3neocort"
"4862","BAG1","Inh ENOX2 SPHKAP",-0.0455657165879972,3.98925308132415,0.255120332677829,0.613826229642324,0.864666544807891,0.856231009732132,"gpath_3neocort"
"4863","CHMP5","Inh ENOX2 SPHKAP",0.0479985927816767,5.10517229582005,0.864274093565479,0.353217928081273,0.701680168024365,0.679400292121894,"gpath_3neocort"
"4864","NFX1","Inh ENOX2 SPHKAP",-0.0264484826685264,6.88826249407083,0.694844969776785,0.405118035278252,0.736614998434248,0.719892165455059,"gpath_3neocort"
"4865","ANKRD18B","Inh ENOX2 SPHKAP",0.0245223655080005,4.82299865731242,0.0993690682670566,0.752785286907012,0.932162669818478,0.926132012719853,"gpath_3neocort"
"4866","PRSS3","Inh ENOX2 SPHKAP",0.0315907721997087,4.23405032733694,0.137595364922111,0.71091890602638,0.913494928399883,0.906540859679082,"gpath_3neocort"
"4867","UBE2R2","Inh ENOX2 SPHKAP",0.00811872340517153,6.98066034513983,0.0901241402297021,0.764206476012482,0.936302600649689,0.931213641688952,"gpath_3neocort"
"4868","UBAP2","Inh ENOX2 SPHKAP",-0.0118359214173569,6.47429978167555,0.126704484831168,0.72209882171074,0.918949075512178,0.911675847439041,"gpath_3neocort"
"4869","DCAF12","Inh ENOX2 SPHKAP",-0.0125373203228123,4.54275526038881,0.0430142532389437,0.994595060264655,0.999137047031017,0.999334672986882,"gpath_3neocort"
"4870","UBAP1","Inh ENOX2 SPHKAP",0.0344229462429123,6.53820819240369,1.53103596984034,0.216827706542244,0.573301169239307,0.546620542510605,"gpath_3neocort"
"4871","C9orf24","Inh ENOX2 SPHKAP",0.0342701971368474,5.04297938783534,0.27555115910849,0.599980927468378,0.858451551027953,0.848519146937364,"gpath_3neocort"
"4872","FAM219A","Inh ENOX2 SPHKAP",0.00970477249778647,6.27429670952079,0.0938993096238638,0.925711122132558,0.991335444642429,0.98781690576798,"gpath_3neocort"
"4873","ENHO","Inh ENOX2 SPHKAP",0.135954936531265,3.97856809842127,2.34944474187618,0.12627588435589,0.456270876775142,0.424796970877248,"gpath_3neocort"
"4874","CNTFR","Inh ENOX2 SPHKAP",0.033598935162556,4.46618004238875,0.317229005904282,0.5736562389117,0.845461937651583,0.833375539520695,"gpath_3neocort"
"4875","DCTN3","Inh ENOX2 SPHKAP",-0.0922089908400352,4.45085393741504,1.10293335074824,0.294383829257229,0.651286674941008,0.626885656055658,"gpath_3neocort"
"4876","IL11RA","Inh ENOX2 SPHKAP",0.0019787512424889,4.37919975331429,0.000586096715820797,0.980700034583122,0.997825265393623,0.997915368014525,"gpath_3neocort"
"4877","AL162231.1","Inh ENOX2 SPHKAP",0.016598636391588,3.57159348573022,0.0220890555830871,0.881940278636784,0.978839119371439,0.976058812619092,"gpath_3neocort"
"4878","PHF24","Inh ENOX2 SPHKAP",0.0849222099995344,4.96166193587621,2.45867399224925,0.146622555425091,0.48548468028886,0.455469585256161,"gpath_3neocort"
"4879","DNAJB5","Inh ENOX2 SPHKAP",0.300678608966422,3.55222311017051,5.60075530587924,0.0185237604538965,0.198007002524747,0.16498420252003,"gpath_3neocort"
"4880","VCP","Inh ENOX2 SPHKAP",-0.0157312769266618,5.93402499400288,0.14877137528703,0.699958220032934,0.908105504900868,0.90116931595383,"gpath_3neocort"
"4881","RUSC2","Inh ENOX2 SPHKAP",0.0654276240525821,6.74257594644055,5.16344898158724,0.023703347491982,0.222216449724775,0.186433716739479,"gpath_3neocort"
"4882","CCDC107","Inh ENOX2 SPHKAP",-0.147577174962497,3.9936607575498,2.41093116606692,0.121439301006897,0.448285031541001,0.416837987424787,"gpath_3neocort"
"4883","TLN1","Inh ENOX2 SPHKAP",-0.00975470034036166,4.31342365486178,0.0200163207056132,0.91303385224082,0.988012407280931,0.984687961192278,"gpath_3neocort"
"4884","CREB3","Inh ENOX2 SPHKAP",0.0311459507647928,3.87313547459303,0.122446386027366,0.726617110169337,0.921207839972531,0.913888171271543,"gpath_3neocort"
"4885","GBA2","Inh ENOX2 SPHKAP",-0.0216718980070602,4.90558476666866,0.133638881455507,0.714920361624781,0.91560916499627,0.908279685342835,"gpath_3neocort"
"4886","RGP1","Inh ENOX2 SPHKAP",-0.172506142192926,4.80653124742242,7.5080030839579,0.00647321081348651,0.12419581335652,0.095359211536583,"gpath_3neocort"
"4887","AL133410.1","Inh ENOX2 SPHKAP",-0.00462767345637314,4.94736996279115,0.00985005824271441,0.921001434963385,0.990636355721171,0.986710559943647,"gpath_3neocort"
"4888","TMEM8B","Inh ENOX2 SPHKAP",-0.131949710172486,4.85529547952774,5.99147668170537,0.0148903365494656,0.178135254691273,0.147198943566541,"gpath_3neocort"
"4889","RECK","Inh ENOX2 SPHKAP",-0.0751556241044352,5.87822213602588,3.84938351551664,0.050595800527583,0.307554248150814,0.272824821797654,"gpath_3neocort"
"4890","CLTA","Inh ENOX2 SPHKAP",-0.0725438361855301,6.17753115581231,3.23112577706137,0.0731556743387019,0.359974712839959,0.326773991368224,"gpath_3neocort"
"4891","GNE","Inh ENOX2 SPHKAP",0.0243044100480056,5.08856333268109,0.239583767222056,0.624828752765812,0.872823787361117,0.862293902144653,"gpath_3neocort"
"4892","RNF38","Inh ENOX2 SPHKAP",-0.0354122855973856,6.86970840618405,1.79495553126899,0.212913656310506,0.569977946825382,0.542461633503451,"gpath_3neocort"
"4893","EBLN3P","Inh ENOX2 SPHKAP",-0.0614212048861055,4.88670226252721,1.02904878630204,0.311117717561721,0.66620805586772,0.642394764360475,"gpath_3neocort"
"4894","ZCCHC7","Inh ENOX2 SPHKAP",0.00819564051176227,8.34184719996115,0.120544113551661,0.728664141388602,0.922122340330371,0.914821223777964,"gpath_3neocort"
"4895","AL138752.2","Inh ENOX2 SPHKAP",-0.00283260401372437,5.25554001180216,0.00274600564703435,0.958239486812246,0.995700592042286,0.994526422734845,"gpath_3neocort"
"4896","TRMT10B","Inh ENOX2 SPHKAP",-0.166373308760237,5.09156688512026,7.24552829691852,0.00746634361260269,0.132195007453682,0.102565787204496,"gpath_3neocort"
"4897","DCAF10","Inh ENOX2 SPHKAP",-0.0078293192004005,6.94957621621506,0.0709615096340682,0.79010659036319,0.948347180002838,0.942554691066429,"gpath_3neocort"
"4898","FAM95C","Inh ENOX2 SPHKAP",-0.0294123781000014,4.40845244239819,0.169384512363791,0.680923814973019,0.898334703954847,0.892201126024913,"gpath_3neocort"
"4899","ANKRD18A","Inh ENOX2 SPHKAP",0.097040591384581,4.99711406566501,2.87069370593544,0.0911397406851437,0.396906878674105,0.363477690838845,"gpath_3neocort"
"4900","CNTNAP3","Inh ENOX2 SPHKAP",-0.028401263050444,6.87009763355214,0.769907833918577,0.380877346977524,0.722223153795456,0.701925149344658,"gpath_3neocort"
"4901","GLIDR","Inh ENOX2 SPHKAP",-0.0967200145882618,4.74599779387714,1.68758319621353,0.194817443798407,0.548304123615286,0.520846556553955,"gpath_3neocort"
"4902","FAM95B1","Inh ENOX2 SPHKAP",-0.0729597602112453,4.43313157583003,1.08182486348166,0.299043293695939,0.657058572655923,0.631219241079563,"gpath_3neocort"
"4903","BMS1P14","Inh ENOX2 SPHKAP",0.150713735702327,4.95643362777245,4.33815775773924,0.0380289385022809,0.273876430580498,0.236616161144053,"gpath_3neocort"
"4904","AL353626.1","Inh ENOX2 SPHKAP",-0.267731329055819,4.01171590245908,5.68327868438917,0.0176863353096188,0.194236111072003,0.161262724946635,"gpath_3neocort"
"4905","CBWD6","Inh ENOX2 SPHKAP",0.076156145797339,4.80038727950531,1.41777988577747,0.23461616017622,0.594679149493799,0.566888946403711,"gpath_3neocort"
"4906","CNTNAP3B","Inh ENOX2 SPHKAP",-0.0997125575559908,7.8087264201549,4.04842939212354,0.0450163928360122,0.291391963447052,0.257371009251776,"gpath_3neocort"
"4907","AL391987.2","Inh ENOX2 SPHKAP",0.0850106306325249,4.74619137073212,1.73064427619434,0.189232496558704,0.54265657073243,0.513816798732049,"gpath_3neocort"
"4908","AL512625.3","Inh ENOX2 SPHKAP",-0.143853397170174,4.23529073484947,2.07161518200062,0.151000636243672,0.492611120851215,0.461691612772814,"gpath_3neocort"
"4909","CBWD5","Inh ENOX2 SPHKAP",0.0754679753266514,6.23631913966937,3.45191203470033,0.064059926202554,0.338309213257707,0.306373398289297,"gpath_3neocort"
"4910","AL136317.2","Inh ENOX2 SPHKAP",-0.0231111237711475,4.8665097363108,0.153765701756388,0.695212906863693,0.906070411392328,0.898911804413703,"gpath_3neocort"
"4911","ZNF658","Inh ENOX2 SPHKAP",-0.0843987874144458,4.78607047449882,1.90117676050628,0.168870941199855,0.518440590239748,0.486805951472081,"gpath_3neocort"
"4912","ANKRD20A1","Inh ENOX2 SPHKAP",0.0353727681155072,3.57496234186153,0.0954349879604863,0.757571107345329,0.934070145831043,0.92810591741342,"gpath_3neocort"
"4913","AL161457.2","Inh ENOX2 SPHKAP",0.0691917871681212,4.46234100803446,1.210443159659,0.27203804106278,0.630548689292513,0.605711139388451,"gpath_3neocort"
"4914","PIP5K1B","Inh ENOX2 SPHKAP",-0.0378132695840127,7.1446705530987,1.18888395414697,0.276342132243366,0.635281253780055,0.609813092374223,"gpath_3neocort"
"4915","FAM189A2","Inh ENOX2 SPHKAP",-0.346065396285374,4.44027180558711,12.8159890007474,0.000394717290000522,0.0339101879449048,0.0195420004746806,"gpath_3neocort"
"4916","APBA1","Inh ENOX2 SPHKAP",0.0329813293310245,7.66168488715476,1.67053696641278,0.197081592131966,0.551710949392944,0.52372755128242,"gpath_3neocort"
"4917","PTAR1","Inh ENOX2 SPHKAP",-0.017183658318381,4.87535101397525,0.09888200580875,0.994323091446102,0.999137047031017,0.999322139414447,"gpath_3neocort"
"4918","MAMDC2-AS1","Inh ENOX2 SPHKAP",0.140837275380803,4.75046050756928,4.00426422618843,0.0461954737617821,0.294798404048366,0.260791616453441,"gpath_3neocort"
"4919","MAMDC2","Inh ENOX2 SPHKAP",-0.0778392059618216,5.07179499442154,0.774260323364687,0.379536045969227,0.721440002451832,0.700838981026036,"gpath_3neocort"
"4920","SMC5-AS1","Inh ENOX2 SPHKAP",0.105693422292261,4.56224133646378,2.71805409674935,0.100160759262057,0.412621271547029,0.379933421961463,"gpath_3neocort"
"4921","SMC5","Inh ENOX2 SPHKAP",0.059106519636822,6.70599470524734,3.5827042528508,0.0592498914035657,0.326420132171676,0.295261040382898,"gpath_3neocort"
"4922","KLF9","Inh ENOX2 SPHKAP",0.0551308856537501,5.26698658255761,1.0443179248018,0.307560223726663,0.664526616075048,0.639225615374071,"gpath_3neocort"
"4923","TRPM3","Inh ENOX2 SPHKAP",0.129896576522943,9.14944579992053,6.38523679422398,0.0119693421493672,0.16076890186281,0.131356806069698,"gpath_3neocort"
"4924","CEMIP2","Inh ENOX2 SPHKAP",-0.0103608733091572,6.21797969594086,0.0588867295237125,0.808413443378281,0.954262850735726,0.949998837791789,"gpath_3neocort"
"4925","ABHD17B","Inh ENOX2 SPHKAP",0.096708888840777,5.41580141830141,4.79922614883962,0.0291643872679596,0.245302460871195,0.206925055778864,"gpath_3neocort"
"4926","C9orf85","Inh ENOX2 SPHKAP",-0.0127464006809232,4.96679813857733,0.0548216796017968,0.815019761042366,0.957146940789986,0.952548437031536,"gpath_3neocort"
"4927","GDA","Inh ENOX2 SPHKAP",0.00409169382134322,5.81717770783407,0.00539180416735931,0.941508845807621,0.993518947956843,0.991252965974576,"gpath_3neocort"
"4928","ZFAND5","Inh ENOX2 SPHKAP",0.0123582079807598,6.26572693981199,0.094835366662435,0.758309987762258,0.934500463278774,0.928444662105478,"gpath_3neocort"
"4929","RORB","Inh ENOX2 SPHKAP",-0.142506289341239,3.75771537882928,1.62964166729697,0.202641000235054,0.556754766278031,0.530313337392095,"gpath_3neocort"
"4930","CARNMT1","Inh ENOX2 SPHKAP",0.0411991033648519,5.50199253402272,0.845281825912716,0.358555154648646,0.705523532709841,0.683698835072065,"gpath_3neocort"
"4931","NMRK1","Inh ENOX2 SPHKAP",-0.0413924596166909,5.14107620208853,0.469290133127263,0.493789865143922,0.796248150379289,0.783039790152123,"gpath_3neocort"
"4932","OSTF1","Inh ENOX2 SPHKAP",-0.0264079957583343,4.81111397914679,0.163706541167085,0.686026097576926,0.900825161273175,0.894622410200811,"gpath_3neocort"
"4933","PCSK5","Inh ENOX2 SPHKAP",-0.0371516113609416,6.54365273567006,0.426680220717908,0.514072584199437,0.809351298906063,0.796852939345089,"gpath_3neocort"
"4934","RFK","Inh ENOX2 SPHKAP",0.00515654206077921,4.75140678271156,0.00704497543348787,0.933158996801203,0.992871567460889,0.98961922422823,"gpath_3neocort"
"4935","PRUNE2","Inh ENOX2 SPHKAP",-0.0533121969234997,6.46024677321652,2.53649695871503,0.112188867249976,0.431524338400018,0.401127206127588,"gpath_3neocort"
"4936","VPS13A","Inh ENOX2 SPHKAP",0.057336703807745,7.12138787483092,4.53017254566433,0.0340351207831024,0.264018040389679,0.223972361888234,"gpath_3neocort"
"4937","GNAQ","Inh ENOX2 SPHKAP",-0.0279049929411392,8.19471225403506,1.77918153538187,0.183160241262516,0.535341893612199,0.50600202460065,"gpath_3neocort"
"4938","CEP78","Inh ENOX2 SPHKAP",0.11867323306254,5.35228781855247,7.04057077725215,0.0083499093312331,0.137994785997223,0.108690295996834,"gpath_3neocort"
"4939","TLE4","Inh ENOX2 SPHKAP",-0.052027659937738,5.7143704978239,1.00445433986753,0.316961851184102,0.669538938575007,0.647485285892994,"gpath_3neocort"
"4940","TLE1","Inh ENOX2 SPHKAP",-0.147188411297388,5.40903796887135,7.07898320024683,0.00817648403206546,0.137044064551211,0.107526846068342,"gpath_3neocort"
"4941","AL591368.1","Inh ENOX2 SPHKAP",-0.0064006452545662,4.05779537368983,0.00394631494068925,0.949947718028453,0.994776274703702,0.992912769180182,"gpath_3neocort"
"4942","FRMD3","Inh ENOX2 SPHKAP",-0.00810615353006608,7.94359507174994,0.103606248945598,0.747745877308741,0.930074000923812,0.923949340041983,"gpath_3neocort"
"4943","UBQLN1","Inh ENOX2 SPHKAP",0.010245765437912,6.43699564674443,0.0955258301951719,0.75745938948373,0.934070145831043,0.92805412731486,"gpath_3neocort"
"4944","GKAP1","Inh ENOX2 SPHKAP",0.0511353342898297,5.79396517988028,1.73946221040102,0.1881120688865,0.541322496104237,0.512366203687166,"gpath_3neocort"
"4945","KIF27","Inh ENOX2 SPHKAP",0.077855191957493,5.5611162592883,3.52107091483554,0.0624947826889101,0.335117948141303,0.302691427106624,"gpath_3neocort"
"4946","HNRNPK","Inh ENOX2 SPHKAP",0.00860451999641204,6.42299923987626,0.0516792716477797,0.82030588469525,0.958696871826801,0.954748381063705,"gpath_3neocort"
"4947","RMI1","Inh ENOX2 SPHKAP",-0.0573289363140626,4.74741900788034,0.929248712973373,0.335756821897456,0.686267070027266,0.664388019098062,"gpath_3neocort"
"4948","NTRK2","Inh ENOX2 SPHKAP",0.0305485482370033,9.94869480183397,2.77346190467101,0.0967779257331289,0.406742961065692,0.373817251306567,"gpath_3neocort"
"4949","AGTPBP1","Inh ENOX2 SPHKAP",0.0336345553551224,7.64986475300389,2.30027040430675,0.130298956145708,0.461063524463921,0.430877277573523,"gpath_3neocort"
"4950","NAA35","Inh ENOX2 SPHKAP",-0.026721642932355,6.25723896365659,0.560581283111208,0.454553957139472,0.770486759725705,0.756410656366503,"gpath_3neocort"
"4951","GOLM1","Inh ENOX2 SPHKAP",-0.0308652913187938,6.20700591526753,0.715736153133869,0.641134800366086,0.880070597792245,0.871321238091947,"gpath_3neocort"
"4952","C9orf153","Inh ENOX2 SPHKAP",0.13895627583537,4.18198781187748,1.66271749807333,0.198130551366777,0.551886530094301,0.524885284976048,"gpath_3neocort"
"4953","ISCA1","Inh ENOX2 SPHKAP",0.0145536995405198,5.20262125524143,0.0810288021092555,0.77608473230323,0.943982101414302,0.936537115195754,"gpath_3neocort"
"4954","TUT7","Inh ENOX2 SPHKAP",0.0914940228498058,5.63088073840692,4.44006695960256,0.0358513321928888,0.270348089325986,0.229969770622611,"gpath_3neocort"
"4955","GAS1RR","Inh ENOX2 SPHKAP",-0.194387231934545,4.46634346911099,6.20129827351096,0.0132520808945076,0.168251321708886,0.13828792563129,"gpath_3neocort"
"4956","DAPK1","Inh ENOX2 SPHKAP",-0.010510283672275,9.28611275420528,0.196479974615844,0.65786470174682,0.886317117013643,0.880335493732257,"gpath_3neocort"
"4957","CTSL","Inh ENOX2 SPHKAP",-0.103951013804327,4.64304177901761,2.35946551577329,0.125473196247849,0.455401141059378,0.42343894213649,"gpath_3neocort"
"4958","SPIN1","Inh ENOX2 SPHKAP",-0.0184219509225491,7.66882493677907,0.658414250643899,0.642310754922229,0.880588783814257,0.871922124882472,"gpath_3neocort"
"4959","SHC3","Inh ENOX2 SPHKAP",-0.161939391403368,6.97185878211375,5.62938090258018,0.0182287097344562,0.196579374744335,0.163738495788005,"gpath_3neocort"
"4960","SECISBP2","Inh ENOX2 SPHKAP",-0.0472100332332088,6.11465990746511,1.6272175664469,0.202976308663159,0.557254946084535,0.530687785784854,"gpath_3neocort"
"4961","SEMA4D","Inh ENOX2 SPHKAP",-0.0361117580519631,5.55244605269654,0.802749841225595,0.370918858281237,0.715647237647898,0.694457241834466,"gpath_3neocort"
"4962","DIRAS2","Inh ENOX2 SPHKAP",0.0482563414297142,5.70977182599146,1.00872255175702,0.315937375298816,0.66838978072124,0.646585310022457,"gpath_3neocort"
"4963","AL158071.4","Inh ENOX2 SPHKAP",0.264358594934318,4.40550877319311,13.5073253607591,0.00027681077548238,0.027228114461085,0.0158437336414212,"gpath_3neocort"
"4964","AUH","Inh ENOX2 SPHKAP",0.0121212614364901,7.01230699867674,0.197903925457502,0.6567067239268,0.886317117013643,0.879697836257997,"gpath_3neocort"
"4965","NFIL3","Inh ENOX2 SPHKAP",0.14268401055733,4.09874379142418,2.42419624279434,0.120423134071829,0.446905670576017,0.415079247540265,"gpath_3neocort"
"4966","ROR2","Inh ENOX2 SPHKAP",-0.191885040422454,3.75106968515707,2.22786725096333,0.136486401648962,0.472486519465905,0.440565325664417,"gpath_3neocort"
"4967","SPTLC1","Inh ENOX2 SPHKAP",0.00540823868531482,5.56472627816269,0.0178824215484687,0.893700574534382,0.98246587773482,0.979468601500836,"gpath_3neocort"
"4968","IARS","Inh ENOX2 SPHKAP",-0.0561757388810085,6.27568059107386,2.6967327050566,0.101496873568698,0.413893029653258,0.38231481363665,"gpath_3neocort"
"4969","NOL8","Inh ENOX2 SPHKAP",0.122094426272424,4.71322237327094,3.96346288002388,0.0473138359767832,0.298214973942987,0.263828243135136,"gpath_3neocort"
"4970","CENPP","Inh ENOX2 SPHKAP",0.0385591026272846,6.7195191398718,0.672687307870176,0.412702183745539,0.74080992909015,0.725399674383627,"gpath_3neocort"
"4971","IPPK","Inh ENOX2 SPHKAP",0.00774269172433335,5.10691509760566,0.0245567415200136,0.875571472340695,0.976948901017904,0.974086168515208,"gpath_3neocort"
"4972","BICD2","Inh ENOX2 SPHKAP",0.000148269276895529,4.83393136253967,5.43439805914906e-05,0.994122586943065,0.999137047031017,0.999322139414447,"gpath_3neocort"
"4973","ZNF484","Inh ENOX2 SPHKAP",-0.0311468246897026,4.95247122070181,0.326896404637175,0.567877564529714,0.843019287868637,0.829822512863607,"gpath_3neocort"
"4974","FGD3","Inh ENOX2 SPHKAP",-0.131835287812553,4.83262053655633,3.66316103090988,0.0564838703396,0.320722990884563,0.288429563542874,"gpath_3neocort"
"4975","CARD19","Inh ENOX2 SPHKAP",-0.0587168470545569,4.06687117827542,0.445987235061698,0.504708711785413,0.80219023236465,0.79008005767325,"gpath_3neocort"
"4976","WNK2","Inh ENOX2 SPHKAP",0.0510248813145831,7.15744787708879,3.81234306820684,0.0517127238776425,0.309666286496011,0.275880251004145,"gpath_3neocort"
"4977","C9orf129","Inh ENOX2 SPHKAP",-0.0972443648771771,5.44402423631574,4.41067308675181,0.0364656227718385,0.27089218172312,0.231762998443701,"gpath_3neocort"
"4978","FAM120AOS","Inh ENOX2 SPHKAP",-0.0995579752439863,4.36531766165619,2.28766136775799,0.131353496339933,0.462550850093167,0.432452884338066,"gpath_3neocort"
"4979","FAM120A","Inh ENOX2 SPHKAP",0.00514313593533562,6.53782157529693,0.027939005144009,0.884905469289755,0.979658385812387,0.977001495766831,"gpath_3neocort"
"4980","PHF2","Inh ENOX2 SPHKAP",0.0445545474137121,5.15370780614933,0.995448660592093,0.319137814857747,0.671228787249916,0.649656096702398,"gpath_3neocort"
"4981","PTPDC1","Inh ENOX2 SPHKAP",-0.0641238853868455,4.77293443567241,0.933971507293179,0.334533483253574,0.685251800572844,0.663316940587205,"gpath_3neocort"
"4982","AL158152.2","Inh ENOX2 SPHKAP",-0.0203703354718636,4.69934488484952,0.106620124563773,0.744230246500772,0.929084265444896,0.92239269556308,"gpath_3neocort"
"4983","ZNF169","Inh ENOX2 SPHKAP",-0.0700080883282904,4.71690725304595,1.35307104237814,0.245573724014453,0.603583272199076,0.57858966391843,"gpath_3neocort"
"4984","MFSD14B","Inh ENOX2 SPHKAP",0.00418509799124672,5.03083835082073,0.00594813036825593,0.938571060528822,0.993518947956843,0.990707564254093,"gpath_3neocort"
"4985","C9orf3","Inh ENOX2 SPHKAP",0.000778062824941139,8.13361081899239,0.00119023629934035,0.972499244338251,0.996839000079898,0.996703780877916,"gpath_3neocort"
"4986","FANCC","Inh ENOX2 SPHKAP",0.302171180783553,4.24876682636528,12.8038931338654,0.000397181752604913,0.0339101879449048,0.0196335937247336,"gpath_3neocort"
"4987","LINC00476","Inh ENOX2 SPHKAP",0.00624241028073099,6.50655832636516,0.0231049751222074,0.879276337406429,0.978345111313283,0.975248273449856,"gpath_3neocort"
"4988","ERCC6L2","Inh ENOX2 SPHKAP",0.0827704503482926,6.71374641709644,6.3418397116797,0.012259943701375,0.162284709338088,0.132986589741877,"gpath_3neocort"
"4989","HABP4","Inh ENOX2 SPHKAP",-0.0306535042156529,5.86857654515639,0.617713325045938,0.43245646832077,0.755091897933245,0.740346911294531,"gpath_3neocort"
"4990","CDC14B","Inh ENOX2 SPHKAP",-0.155296074508784,6.1369794842873,9.18860170409828,0.00262591338766632,0.0835658319251458,0.0579181228620715,"gpath_3neocort"
"4991","AL589843.1","Inh ENOX2 SPHKAP",-0.058270181338269,4.83606312309916,0.706731941458575,0.401133312840416,0.734067422065013,0.717117644389044,"gpath_3neocort"
"4992","ZNF510","Inh ENOX2 SPHKAP",-0.00539191132167295,4.917022854386,0.00984461492562377,0.924085073672224,0.990935984755782,0.987515324366074,"gpath_3neocort"
"4993","ZNF782","Inh ENOX2 SPHKAP",0.0839062432497102,6.41620685652546,5.27181054294573,0.0222933806927949,0.216167843801549,0.180813085707805,"gpath_3neocort"
"4994","MFSD14C","Inh ENOX2 SPHKAP",-0.0243156304299281,7.0138868026828,0.897455862237655,0.344150861670226,0.692712089901748,0.671429022766987,"gpath_3neocort"
"4995","AL590705.1","Inh ENOX2 SPHKAP",-0.00046585250461901,5.52175910846031,6.66665857212888e-05,0.993490259111443,0.998951897108485,0.9992530931931,"gpath_3neocort"
"4996","CCDC180","Inh ENOX2 SPHKAP",-0.00469652750232681,5.79151966653958,0.0135885067273726,0.924948698360228,0.991160175073745,0.987733653485352,"gpath_3neocort"
"4997","TDRD7","Inh ENOX2 SPHKAP",0.00850651174488727,4.78869834403347,0.0207285615872251,0.962106025647681,0.995700592042286,0.995252007825313,"gpath_3neocort"
"4998","TMOD1","Inh ENOX2 SPHKAP",-0.017456147076487,4.66303574350113,0.0629673056757348,0.802020574064565,0.952551397154178,0.94758598958097,"gpath_3neocort"
"4999","TSTD2","Inh ENOX2 SPHKAP",0.0209059897393006,5.33494192433388,0.203568754225191,0.734384813966384,0.925393286543044,0.917835517811349,"gpath_3neocort"
"5000","NCBP1","Inh ENOX2 SPHKAP",0.0490901241319405,4.80733854149807,0.731098486135567,0.393141317224335,0.72999619626655,0.71130181168047,"gpath_3neocort"
"5001","XPA","Inh ENOX2 SPHKAP",-0.0038501418446513,5.95297714856091,0.0121567744497017,0.912271285396871,0.98778742870664,0.984517986940798,"gpath_3neocort"
"5002","ANP32B","Inh ENOX2 SPHKAP",0.0660617861336791,4.47046371990696,1.14840002044422,0.284659374873067,0.640556855832835,0.617649735965841,"gpath_3neocort"
"5003","NANS","Inh ENOX2 SPHKAP",-0.265488897093301,4.12426025861868,8.35643147721982,0.00409524750750494,0.102911267261934,0.0738373118400784,"gpath_3neocort"
"5004","TRIM14","Inh ENOX2 SPHKAP",0.0360696893171287,6.17329944710061,0.626736280538852,0.429117820012986,0.752303913021724,0.738227616414853,"gpath_3neocort"
"5005","CORO2A","Inh ENOX2 SPHKAP",-0.095740160358268,4.88886718876929,2.87384126524837,0.0909633199791019,0.396864162166888,0.363101691345662,"gpath_3neocort"
"5006","GABBR2","Inh ENOX2 SPHKAP",-0.00850472338566572,8.63534506347876,0.217084166812815,0.641574885950455,0.880199526540649,0.871517652313248,"gpath_3neocort"
"5007","ANKS6","Inh ENOX2 SPHKAP",-0.0188668974413949,5.66800569198637,0.207006309512915,0.649420110867301,0.882880312297119,0.875671344023602,"gpath_3neocort"
"5008","SEC61B","Inh ENOX2 SPHKAP",-0.0504546110148327,4.28817356078655,0.363080497517974,0.547209938434333,0.830408349769914,0.817686977115047,"gpath_3neocort"
"5009","AL359710.1","Inh ENOX2 SPHKAP",0.105334740331429,5.04637108125366,2.39657752295201,0.122549619965983,0.450504427046823,0.41866251886796,"gpath_3neocort"
"5010","STX17","Inh ENOX2 SPHKAP",0.0447446952555246,4.93028111663375,0.745273006604139,0.38859750539083,0.727649032330622,0.708005853248564,"gpath_3neocort"
"5011","ERP44","Inh ENOX2 SPHKAP",-0.0147686337635177,6.33718990551263,0.190535903748273,0.739846482232721,0.92735552117161,0.920427368586413,"gpath_3neocort"
"5012","INVS","Inh ENOX2 SPHKAP",-0.00195591297770278,7.22424522504162,0.00387347048982931,0.950411220071444,0.994776274703702,0.992958612359449,"gpath_3neocort"
"5013","TEX10","Inh ENOX2 SPHKAP",-0.0754452669508187,4.95206522859729,1.93942327889025,0.164659099974433,0.513597154244405,0.481045297783505,"gpath_3neocort"
"5014","MSANTD3-TMEFF1","Inh ENOX2 SPHKAP",0.104480457025658,4.23522702143855,1.9408308285991,0.164506413352586,0.513423100399372,0.480836293662625,"gpath_3neocort"
"5015","CAVIN4","Inh ENOX2 SPHKAP",-0.0827055350611065,4.27904952827966,1.19434466409437,0.275243892400305,0.634506358585918,0.608643594018643,"gpath_3neocort"
"5016","PLPPR1","Inh ENOX2 SPHKAP",0.0560199147553766,7.72358003322402,2.15861977865929,0.142714836454554,0.481217824582564,0.449930956030768,"gpath_3neocort"
"5017","MRPL50","Inh ENOX2 SPHKAP",0.0211941375313822,4.21348070595278,0.0762606808790955,0.782601358793253,0.945758780486392,0.939302200178326,"gpath_3neocort"
"5018","ZNF189","Inh ENOX2 SPHKAP",-0.00608373038458767,4.57637038858643,0.00953993441902306,0.922250969312731,0.990636355721171,0.987028861425739,"gpath_3neocort"
"5019","TMEM246","Inh ENOX2 SPHKAP",-0.0470567859344081,5.73760558410297,1.03218016462896,0.3103837919707,0.66620805586772,0.641736980494687,"gpath_3neocort"
"5020","RNF20","Inh ENOX2 SPHKAP",0.0471587400169986,5.07077551581668,0.849758079824476,0.852942880518273,0.970401727505604,0.967039787195651,"gpath_3neocort"
"5021","GRIN3A","Inh ENOX2 SPHKAP",-0.0254517993027638,8.93186559654836,0.520823676055746,0.470996304371467,0.780957264084683,0.767715778412265,"gpath_3neocort"
"5022","SMC2","Inh ENOX2 SPHKAP",0.00160561960794964,4.42741377157167,0.000722587004454907,0.97857074602914,0.997825265393623,0.997706777737516,"gpath_3neocort"
"5023","ABCA1","Inh ENOX2 SPHKAP",0.0411246337516683,4.57021882371429,0.275178412494067,0.600227585176973,0.858451551027953,0.848636023444487,"gpath_3neocort"
"5024","SLC44A1","Inh ENOX2 SPHKAP",-0.0181683402839466,7.00808444318773,0.396678177513864,0.776675075391747,0.944345347005223,0.936886302158326,"gpath_3neocort"
"5025","FSD1L","Inh ENOX2 SPHKAP",0.029700607738524,6.52636904249106,1.0144481281647,0.314569913997156,0.66752709141519,0.645441048275363,"gpath_3neocort"
"5026","FKTN","Inh ENOX2 SPHKAP",-0.0987929859581248,6.21296425270035,6.64479943322079,0.0103734527194903,0.151630252178138,0.122187692351149,"gpath_3neocort"
"5027","TMEM38B","Inh ENOX2 SPHKAP",-0.00904184176731543,4.9384918822259,0.0262381254184695,0.871418245745202,0.976081680883947,0.972842542343732,"gpath_3neocort"
"5028","LINC01505","Inh ENOX2 SPHKAP",0.0225323475777088,6.10833838975777,0.143856300898873,0.704718459656019,0.910520605056487,0.903807313695497,"gpath_3neocort"
"5029","ZNF462","Inh ENOX2 SPHKAP",0.0281596311916316,7.08826144753588,1.08269100306836,0.298850241596749,0.656930847103644,0.630996336482339,"gpath_3neocort"
"5030","RAD23B","Inh ENOX2 SPHKAP",0.0471225987728585,6.12666852492464,2.14240192502779,0.144219488268042,0.482787132027485,0.452093471875762,"gpath_3neocort"
"5031","ELP1","Inh ENOX2 SPHKAP",0.0470472101348665,6.12891673710118,1.89645734655479,0.169399197717318,0.518908269069281,0.487706510813168,"gpath_3neocort"
"5032","FAM206A","Inh ENOX2 SPHKAP",0.0482661874260019,4.70381544037633,0.720892318781464,0.573270387363205,0.845326168242279,0.833186972338372,"gpath_3neocort"
"5033","CTNNAL1","Inh ENOX2 SPHKAP",0.120719831185411,5.69424285657319,4.49692412565815,0.0346937703091057,0.265812694941048,0.226018268137792,"gpath_3neocort"
"5034","TMEM245","Inh ENOX2 SPHKAP",-0.0370698785100768,6.68193965252335,1.63253474752374,0.202241677669788,0.556754766278031,0.529831980301174,"gpath_3neocort"
"5035","FRRS1L","Inh ENOX2 SPHKAP",0.0132354958816995,7.87406773413413,0.397908560597,0.528603471347417,0.818108805464264,0.806225090343193,"gpath_3neocort"
"5036","EPB41L4B","Inh ENOX2 SPHKAP",0.000853484782555245,6.43358082233529,0.000621509115853753,0.980125643872457,0.997825265393623,0.997915368014525,"gpath_3neocort"
"5037","PALM2","Inh ENOX2 SPHKAP",-0.016708058464607,7.29999029154912,0.202555509260123,0.65295843737918,0.88472370435487,0.877656905256843,"gpath_3neocort"
"5038","PALM2-AKAP2","Inh ENOX2 SPHKAP",-0.0519020225625962,6.83839769182799,2.64412684431791,0.104877959290735,0.418620703036329,0.388505269180415,"gpath_3neocort"
"5039","TXN","Inh ENOX2 SPHKAP",0.0289084547307397,4.58456972961759,0.154918544035904,0.69413021409067,0.905685825651283,0.898509880430262,"gpath_3neocort"
"5040","SVEP1","Inh ENOX2 SPHKAP",-0.0193660660286564,4.58502556937692,0.04571046244415,0.830833661230047,0.962916920097718,0.958945418309777,"gpath_3neocort"
"5041","LPAR1","Inh ENOX2 SPHKAP",-0.191757481930021,4.82400056512157,5.46517538488184,0.0199901111010303,0.204663911540515,0.171311752085727,"gpath_3neocort"
"5042","ECPAS","Inh ENOX2 SPHKAP",-0.0315790726280485,6.92496860979061,1.31207249551791,0.252841236450563,0.610959791701137,0.586586903377335,"gpath_3neocort"
"5043","ZNF483","Inh ENOX2 SPHKAP",-0.0200906552128809,7.95033591211785,0.660514974328747,0.416958096168951,0.742971260840483,0.728767189789176,"gpath_3neocort"
"5044","PTGR1","Inh ENOX2 SPHKAP",-0.0734018126092427,5.25964158212751,1.43162969638711,0.232348741625154,0.591532561031567,0.564455938141377,"gpath_3neocort"
"5045","UGCG","Inh ENOX2 SPHKAP",-0.0919865962276154,5.57578775018105,4.13101588997836,0.0428961747480919,0.284372339166754,0.251170857172381,"gpath_3neocort"
"5046","SUSD1","Inh ENOX2 SPHKAP",-0.0537198153528425,5.4636733363644,1.02601231865441,0.311831565135782,0.66620805586772,0.642882507794482,"gpath_3neocort"
"5047","PTBP3","Inh ENOX2 SPHKAP",0.0302661327193458,5.10188220938535,0.328332995914454,0.567028545653997,0.842533094772827,0.829356647619379,"gpath_3neocort"
"5048","HSDL2","Inh ENOX2 SPHKAP",-0.165359425509264,4.22451431216059,4.14680993550453,0.0425028633182946,0.284372339166754,0.250036890951271,"gpath_3neocort"
"5049","KIAA1958","Inh ENOX2 SPHKAP",0.113461857950313,5.6582111340923,4.41298986325335,0.0364168058411675,0.27089218172312,0.231571172030879,"gpath_3neocort"
"5050","INIP","Inh ENOX2 SPHKAP",-0.0810011301163103,4.77013258814912,1.95574344130663,0.16289867473227,0.51006665419384,0.478557111410412,"gpath_3neocort"
"5051","SNX30","Inh ENOX2 SPHKAP",-0.0847949736661796,4.95517897891848,2.59233986676054,0.108327866611799,0.426340507208765,0.394585134156145,"gpath_3neocort"
"5052","ZNF883","Inh ENOX2 SPHKAP",-0.0434577567441756,4.86251966298737,0.528588324150966,0.467711101913992,0.778559095801445,0.765434037865764,"gpath_3neocort"
"5053","FKBP15","Inh ENOX2 SPHKAP",-0.0166613978831347,5.41812535024324,0.133521924327088,0.742647118122781,0.928690141752682,0.921629280486675,"gpath_3neocort"
"5054","SLC31A1","Inh ENOX2 SPHKAP",-0.0613489251463023,4.35672781023952,0.754704474863823,0.385615715645605,0.726049079458024,0.705788728354442,"gpath_3neocort"
"5055","CDC26","Inh ENOX2 SPHKAP",-0.0478281026835956,4.11093563397777,0.345346450270751,0.557157051719662,0.836996892003553,0.823572401325018,"gpath_3neocort"
"5056","PRPF4","Inh ENOX2 SPHKAP",-0.130940603268042,4.21329978675751,3.01824038415533,0.0832561581463844,0.382608998598156,0.347947025715433,"gpath_3neocort"
"5057","WDR31","Inh ENOX2 SPHKAP",-0.126511138668264,4.37714246111882,2.5858160653068,0.108771264697463,0.426765487411064,0.395501546073251,"gpath_3neocort"
"5058","ALAD","Inh ENOX2 SPHKAP",-0.0286692577964672,4.59648484133586,0.231433350096142,0.630778585322774,0.875304445396154,0.865713894081957,"gpath_3neocort"
"5059","ZNF618","Inh ENOX2 SPHKAP",-0.00106093494906276,6.07958271336732,0.000644931930487826,0.979754684203179,0.997825265393623,0.997888191785471,"gpath_3neocort"
"5060","AKNA","Inh ENOX2 SPHKAP",-0.0602545358365186,4.7851276347176,1.08430887822072,0.299488796204089,0.657147791220237,0.631587440119612,"gpath_3neocort"
"5061","ATP6V1G1","Inh ENOX2 SPHKAP",-0.0617275121861865,5.61165224075268,1.08136590122439,0.299145656084717,0.657096547146282,0.631322113603163,"gpath_3neocort"
"5062","TMEM268","Inh ENOX2 SPHKAP",-0.0316375510492151,4.86187760284904,0.325465724033112,0.568725555182818,0.843021713136024,0.830361881103692,"gpath_3neocort"
"5063","PAPPA","Inh ENOX2 SPHKAP",-0.135527036566536,4.50785135360256,2.11524534242578,0.146779356788243,0.485830706259964,0.455708521115191,"gpath_3neocort"
"5064","AL137024.1","Inh ENOX2 SPHKAP",0.0353588673787648,5.13404845314661,0.232714307114852,0.629835005488273,0.875190251633105,0.865231129319779,"gpath_3neocort"
"5065","ASTN2","Inh ENOX2 SPHKAP",0.0225538686464567,11.1974508761759,1.5700403364879,0.211079151387261,0.567971477261438,0.540222838754363,"gpath_3neocort"
"5066","BRINP1","Inh ENOX2 SPHKAP",0.0579379780947497,7.68003009537832,4.37805196983823,0.0371603421605426,0.272285486801628,0.233991005681174,"gpath_3neocort"
"5067","CDK5RAP2","Inh ENOX2 SPHKAP",0.00398706914577119,6.08063728398384,0.0094910922089357,0.92244962068137,0.990636355721171,0.987086724189465,"gpath_3neocort"
"5068","MEGF9","Inh ENOX2 SPHKAP",-0.0207382542747518,6.22068831113751,0.327933292005266,0.640661126029423,0.879813572877524,0.871083472811148,"gpath_3neocort"
"5069","FBXW2","Inh ENOX2 SPHKAP",-0.151779246875272,5.18397621296783,7.67268425644912,0.0059203383794922,0.122839651633534,0.0909024717918173,"gpath_3neocort"
"5070","PSMD5","Inh ENOX2 SPHKAP",-0.0252384384548101,5.44129995215936,0.302874293561274,0.582454575462904,0.849829949917067,0.838572783232395,"gpath_3neocort"
"5071","CNTRL","Inh ENOX2 SPHKAP",0.0487011455190651,6.33357571793518,1.92607733441743,0.166114939131111,0.516483804999604,0.483253212787957,"gpath_3neocort"
"5072","RAB14","Inh ENOX2 SPHKAP",-0.0153590017703966,5.99022675755388,0.145661804800767,0.702959155723026,0.908977752257393,0.902725766213706,"gpath_3neocort"
"5073","GSN","Inh ENOX2 SPHKAP",0.033258866194416,4.85982136281931,0.307732288395652,0.579447004952159,0.84788203369258,0.836675756777618,"gpath_3neocort"
"5074","DAB2IP","Inh ENOX2 SPHKAP",0.0523051096451126,6.01652742591832,1.85048757862962,0.174645624293855,0.525171197091898,0.494661566455291,"gpath_3neocort"
"5075","TTLL11","Inh ENOX2 SPHKAP",-0.0171364274924268,7.31519811657564,0.41687669654362,0.518943713331738,0.812586248661274,0.799764701266064,"gpath_3neocort"
"5076","NDUFA8","Inh ENOX2 SPHKAP",-0.0860722700199513,5.0715646845467,1.71252832466802,0.191558935640029,0.54568240803677,0.516562645157609,"gpath_3neocort"
"5077","LHX6","Inh ENOX2 SPHKAP",-0.0237036719982461,7.32175900699617,0.665190526328106,0.415315673790302,0.741673213161555,0.727432523112191,"gpath_3neocort"
"5078","RBM18","Inh ENOX2 SPHKAP",-0.00203547206090228,5.12338378054026,0.00142347814856617,0.96992632486065,0.995943372722374,0.996365462660591,"gpath_3neocort"
"5079","MRRF","Inh ENOX2 SPHKAP",-0.0801859429069208,5.14717169928644,2.47987425323373,0.116259795766238,0.440941248472089,0.408097370306775,"gpath_3neocort"
"5080","PDCL","Inh ENOX2 SPHKAP",0.0410620793943914,4.74356623972104,0.424445076931393,0.51517610583668,0.809933358097798,0.797542352639582,"gpath_3neocort"
"5081","RC3H2","Inh ENOX2 SPHKAP",-0.0101335731985684,6.02154290154199,0.0857754522355197,0.890814468181743,0.981581153911649,0.978497380423796,"gpath_3neocort"
"5082","ZBTB26","Inh ENOX2 SPHKAP",-0.067451413819236,4.50397115020189,1.07352935143623,0.300900443987652,0.658169030447384,0.633036551340286,"gpath_3neocort"
"5083","RABGAP1","Inh ENOX2 SPHKAP",-0.0145353928783024,7.63682531623734,0.446081043180633,0.505282106449516,0.802205677317532,0.790433056760419,"gpath_3neocort"
"5084","STRBP","Inh ENOX2 SPHKAP",-0.105718828482714,8.19950015541464,24.7990038491453,1.02293341023488e-06,0.000996132554886729,0.000471774779659276,"gpath_3neocort"
"5085","DENND1A","Inh ENOX2 SPHKAP",-0.0167958524149739,7.62947049741666,0.463261716066812,0.496575897286469,0.798555437376563,0.784982659862755,"gpath_3neocort"
"5086","PSMB7","Inh ENOX2 SPHKAP",-0.0312923756630467,5.59614041457886,0.47235935717519,0.492381511879287,0.795973859075695,0.782090915252983,"gpath_3neocort"
"5087","NR6A1","Inh ENOX2 SPHKAP",0.00489154713849731,7.23497852722114,0.0218239910011372,0.882645579509938,0.979252640539193,0.97621301648774,"gpath_3neocort"
"5088","RPL35","Inh ENOX2 SPHKAP",-0.0843673605498653,5.01549562828763,1.13422159189131,0.28764725976975,0.644674111769349,0.620539192490378,"gpath_3neocort"
"5089","ARPC5L","Inh ENOX2 SPHKAP",-0.0100587854331116,4.40297588628572,0.0162065195717562,0.898775877446284,0.984729916130954,0.980864211111298,"gpath_3neocort"
"5090","GOLGA1","Inh ENOX2 SPHKAP",-0.114113474003815,5.12938993450275,4.62249175136402,0.0322742086541978,0.256772362474106,0.218148826371901,"gpath_3neocort"
"5091","SCAI","Inh ENOX2 SPHKAP",0.0293562171503662,7.51643466410595,1.26002285977403,0.262454408835699,0.621959067374577,0.596190123920922,"gpath_3neocort"
"5092","PPP6C","Inh ENOX2 SPHKAP",-0.00731647825755896,5.53663511123724,0.0346716405052384,0.852398627946747,0.970401727505604,0.966890871986095,"gpath_3neocort"
"5093","RABEPK","Inh ENOX2 SPHKAP",-0.172252377684351,5.29361104505553,9.65086938483134,0.00205514807456875,0.0746754923513079,0.0503171602963674,"gpath_3neocort"
"5094","HSPA5","Inh ENOX2 SPHKAP",-0.113196616875535,4.99432276242321,2.55218349771332,0.111089161153578,0.429109976720961,0.399204876302865,"gpath_3neocort"
"5095","GAPVD1","Inh ENOX2 SPHKAP",-0.0459968385137645,6.63773664708518,2.45744322441651,0.125717153116867,0.455401141059378,0.423827616487571,"gpath_3neocort"
"5096","MAPKAP1","Inh ENOX2 SPHKAP",-0.0232995050306826,6.6385481358181,0.551824897412191,0.458096036747518,0.773146768073419,0.759006421427549,"gpath_3neocort"
"5097","MVB12B","Inh ENOX2 SPHKAP",-0.0567557675074454,6.46883138735215,2.9801717209794,0.0852166262251293,0.386184312630241,0.351983974787885,"gpath_3neocort"
"5098","ZBTB43","Inh ENOX2 SPHKAP",0.0114485413043984,5.65562447273026,0.0679936604022717,0.794441692557295,0.950809763991382,0.944547568397569,"gpath_3neocort"
"5099","ZBTB34","Inh ENOX2 SPHKAP",0.159790538784176,4.15002545854618,4.07163383387091,0.0444097033130897,0.288692717531954,0.255546584862503,"gpath_3neocort"
"5100","RALGPS1","Inh ENOX2 SPHKAP",-0.0443542661798992,7.85432991569627,3.5059199297609,0.0620249164798149,0.333377658517598,0.301562930873803,"gpath_3neocort"
"5101","GARNL3","Inh ENOX2 SPHKAP",-0.0559878865453783,8.53795208761096,6.84139636736316,0.00931180459104797,0.144853599213459,0.115509858181577,"gpath_3neocort"
"5102","RPL12","Inh ENOX2 SPHKAP",-0.0672747740664998,4.01529959619338,0.454030649554211,0.500893882903688,0.800833275668438,0.787775030244907,"gpath_3neocort"
"5103","LRSAM1","Inh ENOX2 SPHKAP",-0.0785227685858951,6.10004133211238,4.76178566196324,0.0297959333693346,0.247782065884355,0.209340835254142,"gpath_3neocort"
"5104","STXBP1","Inh ENOX2 SPHKAP",-0.00116784890800454,8.05260766733252,0.00274856009838153,0.958220085457972,0.995700592042286,0.99451842284054,"gpath_3neocort"
"5105","SH2D3C","Inh ENOX2 SPHKAP",0.0279523036803946,5.09913683646745,0.260498810983084,0.610115386822031,0.863252496019995,0.854126822894353,"gpath_3neocort"
"5106","CDK9","Inh ENOX2 SPHKAP",-0.0235397505151185,4.61436378466339,0.141568957196182,0.706965508752541,0.911362208661933,0.904933589606751,"gpath_3neocort"
"5107","FPGS","Inh ENOX2 SPHKAP",-0.0166599174406837,4.50477723386075,0.0705395432505101,0.790716956229888,0.948347180002838,0.942850377615199,"gpath_3neocort"
"5108","DPM2","Inh ENOX2 SPHKAP",0.0228807154313833,4.16544172427566,0.0848598596845306,0.93702701428827,0.993269159402148,0.990496842965193,"gpath_3neocort"
"5109","FAM102A","Inh ENOX2 SPHKAP",-0.0906276938366247,4.71925474419041,2.33565151007995,0.127390149936337,0.457758405933599,0.426453759267533,"gpath_3neocort"
"5110","SLC25A25","Inh ENOX2 SPHKAP",-0.08715568950297,4.67020654651088,1.69926470730247,0.193283495021548,0.54633903802748,0.51889539540699,"gpath_3neocort"
"5111","PTGES2","Inh ENOX2 SPHKAP",0.0213455252785077,4.45427120366195,0.0788319212045593,0.779060775713404,0.944495130113347,0.937901137101653,"gpath_3neocort"
"5112","C9orf16","Inh ENOX2 SPHKAP",0.0947931592896871,4.78462932636492,1.44135007182073,0.230773219445139,0.590674359921662,0.562600930965549,"gpath_3neocort"
"5113","CIZ1","Inh ENOX2 SPHKAP",0.000771648185930545,5.3664919145592,0.000256427052000246,0.987233326869005,0.998787131252989,0.998478912585882,"gpath_3neocort"
"5114","DNM1","Inh ENOX2 SPHKAP",0.00571689687087617,8.3390831627362,0.0582381475185501,0.809450942647808,0.954456730603235,0.950375020614889,"gpath_3neocort"
"5115","GOLGA2","Inh ENOX2 SPHKAP",0.015882719126393,5.35234788469125,0.105018885635014,0.746091122281429,0.929440366992011,0.923279924393603,"gpath_3neocort"
"5116","TRUB2","Inh ENOX2 SPHKAP",-0.0196456963567061,4.39466780943054,0.0925582926109732,0.761139447551379,0.93532933410002,0.92975104096138,"gpath_3neocort"
"5117","COQ4","Inh ENOX2 SPHKAP",-0.0942607227640393,5.62164521091905,3.72517489085116,0.0544459579002201,0.316486384759661,0.283081408251357,"gpath_3neocort"
"5118","SLC27A4","Inh ENOX2 SPHKAP",-0.0474902111810352,5.41440114458142,1.19410700097251,0.275291575788201,0.634506358585918,0.60867776687702,"gpath_3neocort"
"5119","URM1","Inh ENOX2 SPHKAP",-0.0256994216281574,4.49117038814137,0.150236969474404,0.698556315384164,0.907293841048804,0.900493654848028,"gpath_3neocort"
"5120","CERCAM","Inh ENOX2 SPHKAP",-0.0862648985880798,4.43549140984572,1.35025945064417,0.246063848852973,0.604330330423772,0.579053461398014,"gpath_3neocort"
"5121","ODF2","Inh ENOX2 SPHKAP",-0.0838274777049741,5.14508531384526,2.79962370892447,0.0952243125159234,0.404225961325223,0.371033582812249,"gpath_3neocort"
"5122","GLE1","Inh ENOX2 SPHKAP",0.0124641896382131,5.08222496017693,0.0592394155748979,0.883753498860085,0.979658385812387,0.9765343225453,"gpath_3neocort"
"5123","SPTAN1","Inh ENOX2 SPHKAP",-0.0173052202089744,8.1856831229725,0.7793647290338,0.377971527474664,0.719936024496094,0.699700229738258,"gpath_3neocort"
"5124","SET","Inh ENOX2 SPHKAP",-0.0097567231666357,5.63677322940322,0.0325246670852627,0.856990532459701,0.971235029632888,0.968339559967257,"gpath_3neocort"
"5125","ZER1","Inh ENOX2 SPHKAP",0.0135854973104811,7.32291885726132,0.228693876148003,0.632807387356369,0.876011713030152,0.866577509171506,"gpath_3neocort"
"5126","TBC1D13","Inh ENOX2 SPHKAP",0.147214850847294,4.6942123263899,6.25223243855227,0.0128832679963676,0.167723614637203,0.136344113860653,"gpath_3neocort"
"5127","SPOUT1","Inh ENOX2 SPHKAP",0.0927051693635258,4.08659076260422,1.47802964480042,0.224943105615152,0.58288876063873,0.555990793143449,"gpath_3neocort"
"5128","KYAT1","Inh ENOX2 SPHKAP",-0.0450619332113917,6.16979073550219,1.42607051408968,0.233255655525405,0.593066207181825,0.565427887115449,"gpath_3neocort"
"5129","LRRC8A","Inh ENOX2 SPHKAP",0.0757060252169439,5.0447867337972,2.35757598653884,0.125624115353321,0.455401141059378,0.423742113744661,"gpath_3neocort"
"5130","NUP188","Inh ENOX2 SPHKAP",-0.0716213572946641,4.69731360874675,1.65409096315499,0.199295412306113,0.553101325719946,0.526167319794766,"gpath_3neocort"
"5131","SH3GLB2","Inh ENOX2 SPHKAP",-0.0252168016087208,5.1963149875064,0.249270085274007,0.61791876059448,0.867689918599335,0.858686626905946,"gpath_3neocort"
"5132","MIGA2","Inh ENOX2 SPHKAP",-0.0693946759929142,5.05052202858431,1.61584791829939,0.204557772165372,0.560428179154327,0.532482480137353,"gpath_3neocort"
"5133","PTPA","Inh ENOX2 SPHKAP",-0.0204285423942532,5.77025434616378,0.307949437608975,0.579313295154937,0.84788203369258,0.836629610185308,"gpath_3neocort"
"5134","LINC01503","Inh ENOX2 SPHKAP",-0.097835746260271,4.85474488630823,2.71265583209977,0.100497209210466,0.412672634080867,0.380544043333018,"gpath_3neocort"
"5135","TOR1B","Inh ENOX2 SPHKAP",-0.0196705188741325,5.0076994754211,0.127390260388606,0.721379176279133,0.918393308747052,0.911263869840967,"gpath_3neocort"
"5136","C9orf78","Inh ENOX2 SPHKAP",-0.0213862914888049,4.6940480954314,0.101738700419618,0.749952741798695,0.93115386964627,0.924895869620871,"gpath_3neocort"
"5137","USP20","Inh ENOX2 SPHKAP",-0.0467164594619886,5.63127589301596,1.33092046417247,0.249467806406603,0.607474960647745,0.582755899542947,"gpath_3neocort"
"5138","FNBP1","Inh ENOX2 SPHKAP",0.00911898642948956,7.6327933081237,0.145924012604143,0.800423942695585,0.952177907887809,0.946888799177558,"gpath_3neocort"
"5139","GPR107","Inh ENOX2 SPHKAP",-0.0612137290500683,5.93783337976453,2.35390896635083,0.125917583395694,0.455492357766446,0.424117727381403,"gpath_3neocort"
"5140","NCS1","Inh ENOX2 SPHKAP",-0.00964146371510504,6.43400356629881,0.0687539870553072,0.793321606763278,0.949995795211608,0.943988564328209,"gpath_3neocort"
"5141","HMCN2","Inh ENOX2 SPHKAP",-0.043940551520027,3.71004115665991,0.175639742195944,0.675417325503038,0.894792301984542,0.88949479699874,"gpath_3neocort"
"5142","ASS1","Inh ENOX2 SPHKAP",-0.0229682623254854,4.7626381902118,0.163226457803871,0.686462204330957,0.901155155806802,0.894884025537103,"gpath_3neocort"
"5143","FUBP3","Inh ENOX2 SPHKAP",-0.073869499339032,6.29780783523945,4.91401309592082,0.027313988113303,0.237551136655977,0.200046500611366,"gpath_3neocort"
"5144","ABL1","Inh ENOX2 SPHKAP",-0.00673734105674119,6.51678804690436,0.0428309550617054,0.83617023014754,0.964374500911426,0.96098900368433,"gpath_3neocort"
"5145","NUP214","Inh ENOX2 SPHKAP",0.0280407378575988,6.12748808218071,0.680226030757886,0.559482911616714,0.837933650157422,0.825096569968077,"gpath_3neocort"
"5146","PLPP7","Inh ENOX2 SPHKAP",0.0635217200018742,4.91655097371235,1.22379601218217,0.269414478218898,0.628849038565588,0.603171853693138,"gpath_3neocort"
"5147","PRRC2B","Inh ENOX2 SPHKAP",-0.0153199447682285,7.25197460227088,0.372759597878783,0.541919805540196,0.827990165542659,0.814680753695025,"gpath_3neocort"
"5148","POMT1","Inh ENOX2 SPHKAP",-0.0681309746488621,5.4117371124331,1.77713096975375,0.183412137956193,0.53555244360342,0.506321594513574,"gpath_3neocort"
"5149","UCK1","Inh ENOX2 SPHKAP",0.15524270774727,4.25883617793858,4.88156685337437,0.0278242386502715,0.239568908909234,0.201845166281257,"gpath_3neocort"
"5150","RAPGEF1","Inh ENOX2 SPHKAP",-0.0626534221989451,6.99242718502992,4.26265456431204,0.0397318933437091,0.278915457457457,0.241907154714812,"gpath_3neocort"
"5151","MED27","Inh ENOX2 SPHKAP",0.0267353323167702,6.22934172358983,0.664328103032789,0.743234633415,0.928816093994719,0.921922198844447,"gpath_3neocort"
"5152","SETX","Inh ENOX2 SPHKAP",-0.0023174995257423,6.67917785903116,0.00593042721218714,0.9386623613847,0.993518947956843,0.990717297803001,"gpath_3neocort"
"5153","TTF1","Inh ENOX2 SPHKAP",-0.0394622691438724,5.26683326471492,0.565272810551733,0.452673892604147,0.769597238929851,0.75512378977991,"gpath_3neocort"
"5154","DDX31","Inh ENOX2 SPHKAP",-0.104365991511157,4.56106055467685,2.44165370598592,0.11910019185636,0.445161909595969,0.412863807064166,"gpath_3neocort"
"5155","GTF3C4","Inh ENOX2 SPHKAP",0.111326980889743,4.52371198341846,3.09702405147353,0.0793525124282036,0.374568476018345,0.339563233326695,"gpath_3neocort"
"5156","AK8","Inh ENOX2 SPHKAP",-0.103337821660553,4.12119028900594,1.25225011490766,0.26392865864553,0.623071359898681,0.597691943086581,"gpath_3neocort"
"5157","TSC1","Inh ENOX2 SPHKAP",-0.0297110675052844,6.72374615583248,1.02558624189379,0.311931903387132,0.66620805586772,0.642991773758173,"gpath_3neocort"
"5158","GTF3C5","Inh ENOX2 SPHKAP",0.107592981175419,4.47149016729636,2.93447219409797,0.0876365694147566,0.389998735988984,0.356843868246304,"gpath_3neocort"
"5159","RALGDS","Inh ENOX2 SPHKAP",0.0378723045890457,5.44571913829751,0.70486739320074,0.401754550626232,0.734432377959028,0.717550570355811,"gpath_3neocort"
"5160","MED22","Inh ENOX2 SPHKAP",0.00860736783125168,3.74237642108931,0.00797321873240303,0.948684436091051,0.994776274703702,0.992684682744519,"gpath_3neocort"
"5161","RPL7A","Inh ENOX2 SPHKAP",-0.120283266840495,5.14297060070572,2.21493190841243,0.137626226133398,0.473403104940669,0.442145377202796,"gpath_3neocort"
"5162","SURF4","Inh ENOX2 SPHKAP",-0.076981049956212,4.87567569996663,2.00046311422711,0.15818425008302,0.503562676465659,0.472058849356065,"gpath_3neocort"
"5163","REXO4","Inh ENOX2 SPHKAP",0.205081443371033,4.43436361727845,11.3290546711088,0.000852089239624259,0.048106485094445,0.0305540514922081,"gpath_3neocort"
"5164","ADAMTS13","Inh ENOX2 SPHKAP",-0.0559389530409367,4.67183748327392,0.910830020407821,0.340585665275739,0.69081924775154,0.668416647667271,"gpath_3neocort"
"5165","SLC2A6","Inh ENOX2 SPHKAP",-0.0975788929188906,4.39986406623192,1.69761138832157,0.193499735995816,0.54633903802748,0.519139462982982,"gpath_3neocort"
"5166","VAV2","Inh ENOX2 SPHKAP",-0.0686682191709781,6.76828900194396,4.49989517567755,0.0346343727896977,0.265775825237254,0.225868134347134,"gpath_3neocort"
"5167","BRD3OS","Inh ENOX2 SPHKAP",-0.0186419556615346,4.49770237184906,0.091041129952071,0.763045824532323,0.935954180538576,0.930698045004114,"gpath_3neocort"
"5168","BRD3","Inh ENOX2 SPHKAP",-0.0194628500152493,5.33082373617458,0.174974502604954,0.717215863829058,0.916567989759496,0.909241965513387,"gpath_3neocort"
"5169","WDR5","Inh ENOX2 SPHKAP",0.0212432630921412,5.41992442015125,0.259801778106076,0.610593562418804,0.86331057206797,0.854390919305638,"gpath_3neocort"
"5170","RXRA","Inh ENOX2 SPHKAP",0.00407328802803507,5.32778695085345,0.00656007214965364,0.935495101349365,0.993269159402148,0.990296605727138,"gpath_3neocort"
"5171","OLFM1","Inh ENOX2 SPHKAP",-0.0485739182062753,5.43507367698498,0.909551904546004,0.340924213325857,0.690942606270729,0.668721008812489,"gpath_3neocort"
"5172","PPP1R26-AS1","Inh ENOX2 SPHKAP",0.0959637573333402,4.74534997050271,1.74539421843468,0.187362694015986,0.540603826467457,0.511386513303351,"gpath_3neocort"
"5173","KCNT1","Inh ENOX2 SPHKAP",-0.0412167850348222,7.13021043377809,1.96196402257488,0.16223335894946,0.509129374621282,0.477549644858784,"gpath_3neocort"
"5174","CAMSAP1","Inh ENOX2 SPHKAP",-0.0579523211493672,6.11701710715187,3.29882033805214,0.0772566177492835,0.370271849007957,0.335550243005388,"gpath_3neocort"
"5175","UBAC1","Inh ENOX2 SPHKAP",-0.0799244984756531,5.24737935971876,2.46831852745078,0.117110560794004,0.442367199771922,0.40969597983421,"gpath_3neocort"
"5176","NACC2","Inh ENOX2 SPHKAP",-0.00607320210401604,5.0428162880504,0.0144401251090829,0.904423176408746,0.985974882947517,0.982512898561419,"gpath_3neocort"
"5177","GPSM1","Inh ENOX2 SPHKAP",0.0081482912537649,5.09709053108109,0.0277837135662778,0.867719358445196,0.974773868676512,0.971708062907964,"gpath_3neocort"
"5178","SNAPC4","Inh ENOX2 SPHKAP",0.0411951186784976,4.53260768684796,0.375256885945509,0.540570219739933,0.827294169389826,0.813828893737713,"gpath_3neocort"
"5179","ENTR1","Inh ENOX2 SPHKAP",-0.0162472158009571,4.73697947143848,0.0706930636558062,0.790494666381623,0.948347180002838,0.94270115499675,"gpath_3neocort"
"5180","PMPCA","Inh ENOX2 SPHKAP",0.123054492964043,4.64414251038995,4.13784881755802,0.0427255478114275,0.284372339166754,0.250700867354811,"gpath_3neocort"
"5181","INPP5E","Inh ENOX2 SPHKAP",0.0987237412594219,4.37940937258115,2.22383704107432,0.136840389085844,0.47264491535137,0.441052393710438,"gpath_3neocort"
"5182","SEC16A","Inh ENOX2 SPHKAP",-0.0153976829175223,5.25284681988423,0.11678674169708,0.732761280519027,0.924685477503285,0.916956056474903,"gpath_3neocort"
"5183","EGFL7","Inh ENOX2 SPHKAP",-0.0184693302568223,4.80853469878809,0.0779643009118619,0.780248430192392,0.944495130113347,0.938350258233074,"gpath_3neocort"
"5184","AGPAT2","Inh ENOX2 SPHKAP",-0.0907678552069511,3.81978094559288,0.843587304329596,0.359036730348098,0.706037899864656,0.684063124513359,"gpath_3neocort"
"5185","FAM69B","Inh ENOX2 SPHKAP",0.036468544625683,4.81157928389842,0.426281843712135,0.624004485142826,0.872265342788525,0.861901960103114,"gpath_3neocort"
"5186","SNHG7","Inh ENOX2 SPHKAP",-0.073550663316763,4.68950341093367,1.01090750975405,0.315414614603124,0.668340060481653,0.646167123310372,"gpath_3neocort"
"5187","RABL6","Inh ENOX2 SPHKAP",0.0552146623244588,6.51657609124236,2.73952722323602,0.0988346132291034,0.411078691775457,0.377478829383927,"gpath_3neocort"
"5188","AJM1","Inh ENOX2 SPHKAP",0.0073977908268788,4.53916087928133,0.013478283201912,0.90764634219916,0.986810337267571,0.983264832104684,"gpath_3neocort"
"5189","PHPT1","Inh ENOX2 SPHKAP",-0.0170467290825739,4.52638319992928,0.0405895819894393,0.840455059676848,0.96581913749506,0.962473687117511,"gpath_3neocort"
"5190","EDF1","Inh ENOX2 SPHKAP",-0.168025076549231,5.12158327158624,5.30088512148478,0.0219301364555055,0.215061096479066,0.179348308006436,"gpath_3neocort"
"5191","FBXW5","Inh ENOX2 SPHKAP",-0.0746590543274279,4.70740605438691,1.38125569294675,0.240725929594762,0.601020356464349,0.573428970106419,"gpath_3neocort"
"5192","PAXX","Inh ENOX2 SPHKAP",0.0685395139853335,4.2937776607709,0.85136623024898,0.35683331052688,0.704728946894412,0.682295446562456,"gpath_3neocort"
"5193","ABCA2","Inh ENOX2 SPHKAP",-0.00397731541721713,5.58444301529083,0.00902182924202354,0.924385139199171,0.990935984755782,0.987584212154551,"gpath_3neocort"
"5194","AL807752.6","Inh ENOX2 SPHKAP",-0.00452448898678519,4.04870115849019,0.00294143319557726,0.956780431542058,0.995700592042286,0.994193238073468,"gpath_3neocort"
"5195","UAP1L1","Inh ENOX2 SPHKAP",-0.138528728477605,3.94297865928818,2.15918859222644,0.142662386231396,0.481207591659624,0.449897305653281,"gpath_3neocort"
"5196","MAN1B1","Inh ENOX2 SPHKAP",-0.0478683681910668,4.72223710695829,0.610886772879339,0.435008744257047,0.757531321812434,0.742194557856941,"gpath_3neocort"
"5197","DPP7","Inh ENOX2 SPHKAP",0.0189579469711139,5.74381269265243,0.15147496845253,0.69737823284955,0.906880198724163,0.899849302785402,"gpath_3neocort"
"5198","GRIN1","Inh ENOX2 SPHKAP",0.060091934050237,9.17172237325825,5.98855633540862,0.0149145618064882,0.178206138492739,0.147327960546543,"gpath_3neocort"
"5199","SSNA1","Inh ENOX2 SPHKAP",-0.0526541881979263,4.1678934136111,0.360207558748224,0.548798662308376,0.831216771051099,0.818595973458078,"gpath_3neocort"
"5200","RNF208","Inh ENOX2 SPHKAP",0.145157738634319,5.14606409549215,7.71673499296083,0.00578082953562903,0.121584704142453,0.0896485867615522,"gpath_3neocort"
"5201","TUBB4B","Inh ENOX2 SPHKAP",-0.0964614021379393,5.71383875985534,1.9874418585069,0.159540674314569,0.505393997937379,0.473952022994318,"gpath_3neocort"
"5202","NELFB","Inh ENOX2 SPHKAP",0.0977821757866225,4.60879371513313,2.50167989591782,0.120589090864624,0.447187940068884,0.415421993365792,"gpath_3neocort"
"5203","EXD3","Inh ENOX2 SPHKAP",-0.0680897072180857,6.35196011223759,3.71018033946009,0.0549314252038368,0.316971947122947,0.284476665146773,"gpath_3neocort"
"5204","NOXA1","Inh ENOX2 SPHKAP",-0.173807179983987,5.36340541076818,8.536194192981,0.00371901981443648,0.098680694694775,0.0699157212337672,"gpath_3neocort"
"5205","NSMF","Inh ENOX2 SPHKAP",-0.0307601440485003,5.15153706752107,0.375248225299244,0.583588633873935,0.850178807252576,0.839236019592347,"gpath_3neocort"
"5206","PNPLA7","Inh ENOX2 SPHKAP",0.00361529892000436,6.36102561672161,0.00766575649319752,0.930283479404051,0.992451853904102,0.988992022204034,"gpath_3neocort"
"5207","MRPL41","Inh ENOX2 SPHKAP",-0.0288010578754192,7.34913776627765,0.226611645864197,0.634359461827867,0.87659889871999,0.867511015897418,"gpath_3neocort"
"5208","DPH7","Inh ENOX2 SPHKAP",-0.0525541581055909,4.9925665559505,0.908547271269661,0.341190640192855,0.69103877999127,0.668950297047649,"gpath_3neocort"
"5209","ZMYND19","Inh ENOX2 SPHKAP",0.0508543498375871,3.7875015669031,0.304639525964803,0.581358107030242,0.849147329572596,0.837906263210443,"gpath_3neocort"
"5210","ARRDC1","Inh ENOX2 SPHKAP",-0.0612365487131206,4.33826859405547,0.598536506128401,0.439685118482481,0.76077712931457,0.745577888105301,"gpath_3neocort"
"5211","EHMT1","Inh ENOX2 SPHKAP",0.0158697192662429,7.25617508564676,0.375857526135664,0.589794087943434,0.852390391727358,0.842898868321438,"gpath_3neocort"
"5212","CACNA1B","Inh ENOX2 SPHKAP",0.0181377840638168,9.48646762472516,0.828651993167455,0.363320189282916,0.709446962750558,0.688086423827478,"gpath_3neocort"
"5213","RIC8A","Inh ENOX2 SPHKAP",-0.0470139277991077,4.25069812852473,0.371777354508159,0.542452332074858,0.828524946732333,0.815075941899279,"gpath_3neocort"
"5214","SIRT3","Inh ENOX2 SPHKAP",-0.0322730638201623,4.62595700756359,0.270691027795569,0.603213877548546,0.859414299863605,0.850203359736706,"gpath_3neocort"
"5215","PSMD13","Inh ENOX2 SPHKAP",-0.0553168067716422,5.06499687459962,1.09798513634597,0.295467663430949,0.652440840474055,0.62795154637626,"gpath_3neocort"
"5216","B4GALNT4","Inh ENOX2 SPHKAP",0.0199014920953159,5.98218449373283,0.273007869044526,0.60166814838467,0.858992566768831,0.849440167765007,"gpath_3neocort"
"5217","PTDSS2","Inh ENOX2 SPHKAP",-0.0207489798270507,5.62705635448479,0.267205611554809,0.605555163665013,0.859856544731685,0.851445227191933,"gpath_3neocort"
"5218","RNH1","Inh ENOX2 SPHKAP",-0.181406920696656,4.73744285502047,6.3744793071208,0.0120407084877124,0.161063052809379,0.131750837323497,"gpath_3neocort"
"5219","HRAS","Inh ENOX2 SPHKAP",-0.124357473329697,4.59520912009521,2.8057584416778,0.0948639644967576,0.403223608149029,0.370344639112665,"gpath_3neocort"
"5220","PHRF1","Inh ENOX2 SPHKAP",-0.0372983260566157,4.6312765415457,0.41175063437695,0.521523154201189,0.814660326533714,0.801497950166106,"gpath_3neocort"
"5221","DEAF1","Inh ENOX2 SPHKAP",0.0639972509924569,6.33489851429556,3.72468592454377,0.054461716522437,0.316486384759661,0.283106000777486,"gpath_3neocort"
"5222","AC131934.1","Inh ENOX2 SPHKAP",-0.199155758235899,3.5897561352475,3.0817822394531,0.080091975616542,0.37598953328892,0.341200114232349,"gpath_3neocort"
"5223","EPS8L2","Inh ENOX2 SPHKAP",-0.135249516972275,4.68925048648309,3.8201618756227,0.0514747915621825,0.308815453547989,0.275235647728361,"gpath_3neocort"
"5224","TALDO1","Inh ENOX2 SPHKAP",0.054341805287814,4.69156226262608,0.854862861345513,0.355848934041684,0.704576510340379,0.681464514191467,"gpath_3neocort"
"5225","GATD1","Inh ENOX2 SPHKAP",0.0075051904880604,4.53545262426856,0.0143562385867457,0.933130285089804,0.992871567460889,0.98961922422823,"gpath_3neocort"
"5226","AP006621.3","Inh ENOX2 SPHKAP",-0.0508457612278489,4.72862715633444,0.670570034252235,0.413437822233797,0.740992576296177,0.726019844758579,"gpath_3neocort"
"5227","CEND1","Inh ENOX2 SPHKAP",-0.0945899082781769,6.02740396072745,3.07336767570832,0.0805034053431551,0.376895269822906,0.342105825111374,"gpath_3neocort"
"5228","SLC25A22","Inh ENOX2 SPHKAP",0.0891705119697493,4.47744742426788,2.03865359845758,0.154281243064843,0.498140167428859,0.466470784742955,"gpath_3neocort"
"5229","PIDD1","Inh ENOX2 SPHKAP",-0.0384592310827213,4.55058839390514,0.357244427939378,0.550446320212145,0.832666122280624,0.819577999929261,"gpath_3neocort"
"5230","RPLP2","Inh ENOX2 SPHKAP",-0.095921694762364,5.00846463429037,1.49432243332407,0.222410418637297,0.580528481548762,0.553185149350469,"gpath_3neocort"
"5231","PNPLA2","Inh ENOX2 SPHKAP",0.011456671019772,4.10637677001894,0.0196883525409616,0.888495687211374,0.980498688706916,0.977917714078041,"gpath_3neocort"
"5232","POLR2L","Inh ENOX2 SPHKAP",-0.2349174837843,3.82922300607996,3.99320781956337,0.0464957356983602,0.295738389438688,0.261633046316965,"gpath_3neocort"
"5233","CHID1","Inh ENOX2 SPHKAP",-0.0950516542128685,4.53646976397582,2.31515103798561,0.129066609063185,0.45973237758398,0.42895825059972,"gpath_3neocort"
"5234","AP2A2","Inh ENOX2 SPHKAP",-0.0526629371708162,6.63012894729856,3.45778976222291,0.0638350260201164,0.338309213257707,0.305917138836757,"gpath_3neocort"
"5235","TOLLIP","Inh ENOX2 SPHKAP",0.0667967982223,5.79142254192112,2.57306096179953,0.109643977925741,0.427094112662848,0.396776657727666,"gpath_3neocort"
"5236","BRSK2","Inh ENOX2 SPHKAP",0.0291708537066892,5.91698342668587,0.669676635493572,0.413748812695719,0.741049464416206,0.72626196865092,"gpath_3neocort"
"5237","MOB2","Inh ENOX2 SPHKAP",0.0120212796538234,4.85197205081835,0.0402760616723599,0.841064145187395,0.966118201568113,0.962721598387811,"gpath_3neocort"
"5238","DUSP8","Inh ENOX2 SPHKAP",0.0354053707467495,5.65594753989546,0.578330837171582,0.447504745799258,0.76479487795598,0.751423596808838,"gpath_3neocort"
"5239","KRTAP5-AS1","Inh ENOX2 SPHKAP",0.0153286111707312,5.62856346496352,0.105894928525335,0.745071102541979,0.929268051996626,0.922767386024309,"gpath_3neocort"
"5240","MRPL23","Inh ENOX2 SPHKAP",-0.186769418611408,4.24290712090053,5.81719774034863,0.0164099498721742,0.185633509386508,0.154761689616851,"gpath_3neocort"
"5241","CD81-AS1","Inh ENOX2 SPHKAP",-0.0559035707144568,4.58556970229638,0.550286945452717,0.458722664242124,0.773146768073419,0.759430070231646,"gpath_3neocort"
"5242","CD81","Inh ENOX2 SPHKAP",-0.099909261544376,5.82592704213888,3.13938867008157,0.0773356959540291,0.370271849007957,0.335730728902342,"gpath_3neocort"
"5243","KCNQ1","Inh ENOX2 SPHKAP",-0.201742899642367,3.98350316200814,4.01937379120188,0.0457884552998598,0.292961877601862,0.259549801293424,"gpath_3neocort"
"5244","KCNQ1OT1","Inh ENOX2 SPHKAP",-0.129752388343624,7.26319793570404,6.6483244214029,0.0103533584682296,0.151630252178138,0.122078279362041,"gpath_3neocort"
"5245","NAP1L4","Inh ENOX2 SPHKAP",-0.0612860516396017,6.92039558931009,5.30204066021915,0.021915827641071,0.215061096479066,0.17931649142521,"gpath_3neocort"
"5246","CARS","Inh ENOX2 SPHKAP",-0.0683589717748969,5.75595811068959,2.60420052764975,0.107526840351983,0.424957942917049,0.393173934439432,"gpath_3neocort"
"5247","OSBPL5","Inh ENOX2 SPHKAP",-0.0995369596948435,5.60366317041016,5.36324250502032,0.0211716940596551,0.212109009005063,0.176217676497892,"gpath_3neocort"
"5248","ZNF195","Inh ENOX2 SPHKAP",0.111741777835391,5.24307821374505,6.27775127516154,0.0127024905905886,0.166036044793492,0.135384085281052,"gpath_3neocort"
"5249","AC127526.1","Inh ENOX2 SPHKAP",-0.114863770618013,4.6243182915435,3.24683449643422,0.0724646671643922,0.358385438723642,0.325272299245433,"gpath_3neocort"
"5250","NUP98","Inh ENOX2 SPHKAP",-0.045769504647634,6.05810241042017,1.71732634848302,0.190939533118392,0.545269552348065,0.515961318197402,"gpath_3neocort"
"5251","PGAP2","Inh ENOX2 SPHKAP",-0.10208795930079,5.29458619289412,3.66957599199778,0.0562693395861564,0.320251799468142,0.28785306756019,"gpath_3neocort"
"5252","STIM1","Inh ENOX2 SPHKAP",-0.0150175608295368,5.81393748265039,0.143405394568769,0.705159797542896,0.910664575026827,0.904052925735877,"gpath_3neocort"
"5253","RRM1","Inh ENOX2 SPHKAP",-0.0173852006510405,4.35781716547967,0.0571478710227759,0.81120886694662,0.95485941572902,0.951119993336874,"gpath_3neocort"
"5254","APBB1","Inh ENOX2 SPHKAP",-0.0198045077793995,6.41676861125878,0.327533512253656,0.567500731685525,0.842941141725692,0.829608373707196,"gpath_3neocort"
"5255","TRIM3","Inh ENOX2 SPHKAP",-0.0128892618870213,4.63298623273696,0.0450147521462992,0.832106542579795,0.963230100750965,0.95936510257611,"gpath_3neocort"
"5256","ARFIP2","Inh ENOX2 SPHKAP",-0.0556231295237861,4.05259464098555,0.45130365919004,0.502181704979635,0.801416821221188,0.7886488081425,"gpath_3neocort"
"5257","AC084337.2","Inh ENOX2 SPHKAP",0.00338786172960975,5.07178840349526,0.00369035504094651,0.951596066017083,0.994776274703702,0.993298612360666,"gpath_3neocort"
"5258","DNHD1","Inh ENOX2 SPHKAP",0.0503378574921462,5.22548427137562,0.738476693919611,0.39076668066072,0.728112007921263,0.709701024960416,"gpath_3neocort"
"5259","ILK","Inh ENOX2 SPHKAP",-0.0952971889912459,4.96806732853498,2.55467163325117,0.110915827565424,0.428610447949245,0.398883617249133,"gpath_3neocort"
"5260","TPP1","Inh ENOX2 SPHKAP",-0.103578321752155,4.64102135335664,2.56873188188934,0.109941931243413,0.427220481423924,0.397239592829086,"gpath_3neocort"
"5261","AC087280.2","Inh ENOX2 SPHKAP",-0.0788355276257058,5.48737191680648,1.4083954239029,0.23616780669482,0.596421706844957,0.568610466596201,"gpath_3neocort"
"5262","EIF3F","Inh ENOX2 SPHKAP",-0.0437435180744664,5.07008050940246,0.79923165377241,0.586004857277619,0.851005482030775,0.840607481022416,"gpath_3neocort"
"5263","TUB","Inh ENOX2 SPHKAP",0.0796559091473044,6.11007565181993,4.3493244858128,0.0377836775475212,0.273240750980963,0.23583573524811,"gpath_3neocort"
"5264","RIC3","Inh ENOX2 SPHKAP",-0.0958657763155126,6.60791868419057,7.53756215046041,0.00637020777038304,0.12419581335652,0.0946054010987051,"gpath_3neocort"
"5265","TRIM66","Inh ENOX2 SPHKAP",-0.0473080114028841,5.42194033688468,1.01831715428192,0.313650252553829,0.666629813047172,0.644528779170546,"gpath_3neocort"
"5266","RPL27A","Inh ENOX2 SPHKAP",-0.0586182033596956,5.22958464051045,0.582831958576584,0.445744249806819,0.763125440333826,0.750239163854157,"gpath_3neocort"
"5267","ST5","Inh ENOX2 SPHKAP",-0.108598821708509,7.14014452961848,9.93923746831607,0.00176483874426844,0.0693142480727065,0.0460844135028391,"gpath_3neocort"
"5268","AKIP1","Inh ENOX2 SPHKAP",-0.0796473733764698,4.66300991209973,1.66955811954774,0.197212543137073,0.551855099157707,0.523891012456431,"gpath_3neocort"
"5269","TMEM9B","Inh ENOX2 SPHKAP",-0.0778277456827094,4.48060634722626,1.16923249870948,0.280340436922099,0.638594087367346,0.613407703162295,"gpath_3neocort"
"5270","NRIP3","Inh ENOX2 SPHKAP",-0.107313344278671,6.89504503484845,6.60756763089862,0.0105881641206096,0.152618738670169,0.123423374780452,"gpath_3neocort"
"5271","AC079296.1","Inh ENOX2 SPHKAP",-0.0106895318479274,6.2334325534702,0.0665783726909884,0.796544597956253,0.951515124496809,0.945479433463868,"gpath_3neocort"
"5272","SCUBE2","Inh ENOX2 SPHKAP",-0.00506721075013255,5.11341993829888,0.00919521806385872,0.923664193271888,0.990817571500511,0.987381417819238,"gpath_3neocort"
"5273","DENND5A","Inh ENOX2 SPHKAP",-0.00816865136342869,6.81066897758155,0.0707341708883781,0.790435189050636,0.948347180002838,0.94269221687569,"gpath_3neocort"
"5274","TMEM41B","Inh ENOX2 SPHKAP",0.0166622125521425,6.34886428361437,0.207393591525449,0.649114405420957,0.882880312297119,0.875520443559167,"gpath_3neocort"
"5275","IPO7","Inh ENOX2 SPHKAP",0.0676573755532953,6.21593917266044,4.26203945422712,0.0397460925358447,0.278915457457457,0.241949808804199,"gpath_3neocort"
"5276","SWAP70","Inh ENOX2 SPHKAP",-0.0234973457526925,4.67191819657413,0.143128206659635,0.705431497397194,0.910710847362306,0.904164716244077,"gpath_3neocort"
"5277","SBF2-AS1","Inh ENOX2 SPHKAP",0.052766505602424,4.32040992543416,0.501446698487176,0.479359865416772,0.786919482371632,0.773508108904118,"gpath_3neocort"
"5278","SBF2","Inh ENOX2 SPHKAP",-0.00111371367659218,8.74694339904542,0.00311660188292753,0.955513433909147,0.995337913222174,0.993997755838078,"gpath_3neocort"
"5279","AC011092.2","Inh ENOX2 SPHKAP",-0.222389298791088,3.91305695045877,3.87448606849383,0.0498534398077777,0.305520954592914,0.270905115507702,"gpath_3neocort"
"5280","MTRNR2L8","Inh ENOX2 SPHKAP",0.173497871685087,4.79089102109,1.21033867896382,0.272058695514921,0.630548689292513,0.605723943412247,"gpath_3neocort"
"5281","CTR9","Inh ENOX2 SPHKAP",-0.0752021044729403,4.87072028013854,1.67408707455192,0.242094098601156,0.601287119302422,0.574816548234933,"gpath_3neocort"
"5282","EIF4G2","Inh ENOX2 SPHKAP",-0.0549275660584841,5.99570961795384,1.42472913996334,0.233475126860477,0.593469273131643,0.565690159677621,"gpath_3neocort"
"5283","ZBED5","Inh ENOX2 SPHKAP",0.0858710601034897,5.98720939450402,4.4732064004248,0.035171792654307,0.267572402736661,0.227675627022368,"gpath_3neocort"
"5284","GALNT18","Inh ENOX2 SPHKAP",-0.142633870413232,4.74054655263222,2.85783157359702,0.0918645514724614,0.398297863864127,0.364785278500118,"gpath_3neocort"
"5285","USP47","Inh ENOX2 SPHKAP",0.02221314243991,7.55295174952582,0.756356955581948,0.385096643661917,0.725211973695562,0.705321528826069,"gpath_3neocort"
"5286","DKK3","Inh ENOX2 SPHKAP",-0.0208690104838856,6.82651111426144,0.432924217462925,0.591618921062071,0.852390391727358,0.843811500064407,"gpath_3neocort"
"5287","MICAL2","Inh ENOX2 SPHKAP",-0.0118152681015503,7.48504099645905,0.131064344594466,0.717560363848082,0.916887918009792,0.90936997708297,"gpath_3neocort"
"5288","PARVA","Inh ENOX2 SPHKAP",-0.0654017263312037,6.09660328780422,2.39803685492692,0.122436219487369,0.450428373769548,0.41850663994184,"gpath_3neocort"
"5289","TEAD1","Inh ENOX2 SPHKAP",0.0300346297988191,6.73646749549812,0.640148192850013,0.424226802345467,0.747578827585986,0.734414070446635,"gpath_3neocort"
"5290","ARNTL","Inh ENOX2 SPHKAP",-0.0245257822172525,5.75737935018939,0.30401016950124,0.581748553263705,0.849590193713551,0.838159087383905,"gpath_3neocort"
"5291","BTBD10","Inh ENOX2 SPHKAP",0.0243809031824825,6.56054088399809,0.653449504243143,0.419458454288798,0.744701263056393,0.730684919291366,"gpath_3neocort"
"5292","FAR1","Inh ENOX2 SPHKAP",-0.0127609109232816,6.6233934940332,0.192690939151442,0.660970660928523,0.886452595527057,0.881775055508048,"gpath_3neocort"
"5293","SPON1","Inh ENOX2 SPHKAP",0.0489365887504089,6.98866509158977,0.724981150795101,0.395125938495842,0.731155331487715,0.712655945497335,"gpath_3neocort"
"5294","RRAS2","Inh ENOX2 SPHKAP",0.0916536117401031,5.79892238218127,4.13633866695924,0.0427631963762147,0.284372339166754,0.250810975066485,"gpath_3neocort"
"5295","COPB1","Inh ENOX2 SPHKAP",-0.025527677946214,5.61414944871678,0.412219415686352,0.656705877456094,0.886317117013643,0.879697836257997,"gpath_3neocort"
"5296","PSMA1","Inh ENOX2 SPHKAP",-0.0255429473112333,6.07451823371974,0.375629794453965,0.540369222748915,0.827116550004549,0.813727697624235,"gpath_3neocort"
"5297","PDE3B","Inh ENOX2 SPHKAP",-0.0428936468825637,8.00158115068743,1.91730538876185,0.167079877462795,0.518007871580616,0.484464935712782,"gpath_3neocort"
"5298","CYP2R1","Inh ENOX2 SPHKAP",-0.111965252384432,4.84603358915685,3.28122869797032,0.070976134195549,0.355355600307908,0.321957306502167,"gpath_3neocort"
"5299","AC087379.2","Inh ENOX2 SPHKAP",0.128514155336011,4.28979992032131,1.4374612409348,0.231401981778988,0.590782864882049,0.563317069290573,"gpath_3neocort"
"5300","SOX6","Inh ENOX2 SPHKAP",0.049110467328054,10.2062669387387,4.59070050453149,0.0328695511971701,0.259177076565216,0.220095616863769,"gpath_3neocort"
"5301","C11orf58","Inh ENOX2 SPHKAP",0.00449277360644407,7.69504734291921,0.0247488869683426,0.875089621101595,0.976948901017904,0.973920809107828,"gpath_3neocort"
"5302","PLEKHA7","Inh ENOX2 SPHKAP",-0.130580781078536,5.215711263459,3.14185036412854,0.0772202203974488,0.370271849007957,0.335484477377682,"gpath_3neocort"
"5303","RPS13","Inh ENOX2 SPHKAP",-0.13158868273142,4.85449656425422,1.77387317662779,0.183813163250672,0.536158918046073,0.506916768411319,"gpath_3neocort"
"5304","PIK3C2A","Inh ENOX2 SPHKAP",-0.0401878439028756,6.6154636834514,1.54337331734234,0.214989427672827,0.571317325149223,0.544591352177001,"gpath_3neocort"
"5305","NUCB2","Inh ENOX2 SPHKAP",0.0776250503676861,6.01679488359518,4.1109570487706,0.0434012421020909,0.286045634981411,0.252578427462895,"gpath_3neocort"
"5306","NCR3LG1","Inh ENOX2 SPHKAP",0.00115695662179489,5.1235804803327,0.00058665098153551,0.980690912637912,0.997825265393623,0.997915368014525,"gpath_3neocort"
"5307","AC124798.1","Inh ENOX2 SPHKAP",-0.0844839789285547,4.34896339108333,1.2706920629734,0.260447439338726,0.619803803587612,0.594174579312485,"gpath_3neocort"
"5308","ABCC8","Inh ENOX2 SPHKAP",-0.0701915454175158,5.93434335766422,2.7760155710607,0.0966250620195869,0.406742961065692,0.373600983519787,"gpath_3neocort"
"5309","KCNC1","Inh ENOX2 SPHKAP",0.0212483252453068,7.37592868021125,0.58740460078383,0.573797859828295,0.845461937651583,0.833442097777866,"gpath_3neocort"
"5310","SERGEF","Inh ENOX2 SPHKAP",-0.0344097524029362,7.07025527775536,1.31500084123074,0.25231344593433,0.61089714980321,0.585943161161252,"gpath_3neocort"
"5311","HPS5","Inh ENOX2 SPHKAP",-0.121883312163207,5.07704772566886,5.38141108011674,0.0209558858719491,0.210814479980413,0.175388517089106,"gpath_3neocort"
"5312","GTF2H1","Inh ENOX2 SPHKAP",-0.0597935045653757,5.55308542898056,2.10229931702997,0.148017773714077,0.487782429924766,0.457268179390443,"gpath_3neocort"
"5313","LDHA","Inh ENOX2 SPHKAP",-0.125142904136415,5.41161278072577,3.16271338180754,0.0762490046948046,0.368492708544917,0.333433434715618,"gpath_3neocort"
"5314","TSG101","Inh ENOX2 SPHKAP",0.000316775849119128,5.94412366684215,8.13760613793031e-05,0.992807881063538,0.998951897108485,0.999193584560602,"gpath_3neocort"
"5315","UEVLD","Inh ENOX2 SPHKAP",-0.00616667152730279,4.52931978396914,0.00848032358226467,0.926682890632672,0.991428242913786,0.987952641019245,"gpath_3neocort"
"5316","PTPN5","Inh ENOX2 SPHKAP",-0.101023219188604,6.32037961429093,9.4702295117047,0.00226137895189006,0.0781607934881385,0.053250605888801,"gpath_3neocort"
"5317","ZDHHC13","Inh ENOX2 SPHKAP",0.0903932325384834,5.96102376607744,6.18370364258611,0.0133820043098255,0.16880046369052,0.139022809252988,"gpath_3neocort"
"5318","NAV2","Inh ENOX2 SPHKAP",-0.0401597046985888,10.3587051818239,3.13000467216472,0.0777776045715623,0.371551803833677,0.336600456408673,"gpath_3neocort"
"5319","PRMT3","Inh ENOX2 SPHKAP",-0.0388576406844227,6.12733597944333,0.875409951684137,0.350139078861941,0.698413426865544,0.676605189293816,"gpath_3neocort"
"5320","NELL1","Inh ENOX2 SPHKAP",0.0114379271609312,8.90871356667513,0.0913879726861513,0.762608482205221,0.935802325349804,0.930463690858536,"gpath_3neocort"
"5321","ANO5","Inh ENOX2 SPHKAP",0.0407730955032442,7.59094607531052,2.0258794099286,0.155574391253909,0.500324776099923,0.468345877769988,"gpath_3neocort"
"5322","GAS2","Inh ENOX2 SPHKAP",0.014665779887944,6.81406129548842,0.138296820178128,0.71021633237306,0.913365480509959,0.906259766116001,"gpath_3neocort"
"5323","SVIP","Inh ENOX2 SPHKAP",0.0851422047267533,4.9110559052285,2.39078182293932,0.123001143386638,0.450803588369998,0.419362034028689,"gpath_3neocort"
"5324","AC006299.1","Inh ENOX2 SPHKAP",-0.0801505359657037,4.46687829288716,1.05618964445541,0.304830803907941,0.66190962049223,0.636694235320398,"gpath_3neocort"
"5325","LUZP2","Inh ENOX2 SPHKAP",0.0496602835353807,4.77556063005337,0.25843721754204,0.611532018041241,0.863698360056991,0.854911507230494,"gpath_3neocort"
"5326","BBOX1-AS1","Inh ENOX2 SPHKAP",-0.030170404040348,4.1578810393206,0.076595934398841,0.782136108263151,0.945319774390787,0.939066278937901,"gpath_3neocort"
"5327","CCDC34","Inh ENOX2 SPHKAP",0.034066866781891,4.3809543164114,0.222199951125061,0.637677032421698,0.878192468069933,0.869425668294859,"gpath_3neocort"
"5328","LGR4","Inh ENOX2 SPHKAP",-0.163246926914885,5.23005330112018,8.9207323273308,0.00302832797947334,0.087767434119379,0.0625975048061709,"gpath_3neocort"
"5329","LIN7C","Inh ENOX2 SPHKAP",0.0999512379642302,5.48604307685609,3.90069399258565,0.0490907132195672,0.303906780249298,0.268949246195406,"gpath_3neocort"
"5330","BDNF-AS","Inh ENOX2 SPHKAP",-0.116936941388129,5.51892714329006,3.80865334976176,0.0518254105463718,0.309997449570374,0.276186111462678,"gpath_3neocort"
"5331","METTL15","Inh ENOX2 SPHKAP",-0.0342864158717524,6.79862260879706,1.21250903275587,0.271630049421331,0.630548689292513,0.605369159721546,"gpath_3neocort"
"5332","ARL14EP","Inh ENOX2 SPHKAP",0.10993357116955,5.10270831147098,5.13217873597252,0.0241272750630672,0.224618933617733,0.188068250813939,"gpath_3neocort"
"5333","MPPED2","Inh ENOX2 SPHKAP",0.0297738760929656,6.26995380331248,0.288957939406686,0.59124765380891,0.852390391727358,0.843640137928496,"gpath_3neocort"
"5334","DCDC1","Inh ENOX2 SPHKAP",0.0897669793840868,4.1143900744298,0.832496547857401,0.362210838548292,0.708701857702083,0.686915151436583,"gpath_3neocort"
"5335","DNAJC24","Inh ENOX2 SPHKAP",0.0133992688692839,5.08362303619028,0.0642722042207244,0.800022938845675,0.952177907887809,0.946774937749005,"gpath_3neocort"
"5336","IMMP1L","Inh ENOX2 SPHKAP",0.0252768217673459,5.99834456799653,0.419673794003035,0.633020407268075,0.876073817813307,0.866695462029407,"gpath_3neocort"
"5337","ELP4","Inh ENOX2 SPHKAP",-0.00530817347781191,6.94325304764009,0.0211663025041296,0.88441473461637,0.979658385812387,0.976811385638788,"gpath_3neocort"
"5338","EIF3M","Inh ENOX2 SPHKAP",-0.029336627159494,5.44830373281266,0.441300428474415,0.693232465358185,0.905522330362443,0.898030526922941,"gpath_3neocort"
"5339","QSER1","Inh ENOX2 SPHKAP",0.0103299673716919,6.50416679356338,0.10342441081446,0.747959784371759,0.930102462037057,0.924030273460105,"gpath_3neocort"
"5340","TCP11L1","Inh ENOX2 SPHKAP",0.000932128743068265,5.74214451188034,0.000486719961778466,0.982411909962612,0.998198786643165,0.997958873458634,"gpath_3neocort"
"5341","CSTF3","Inh ENOX2 SPHKAP",0.0480064624571818,6.36714260137524,2.20035247238734,0.138923784393759,0.47478271691879,0.444099327300071,"gpath_3neocort"
"5342","HIPK3","Inh ENOX2 SPHKAP",-0.00275961330942567,5.94655003699691,0.00622459249788845,0.937162603008298,0.993269159402148,0.990517514544442,"gpath_3neocort"
"5343","KIAA1549L","Inh ENOX2 SPHKAP",-0.00135078324387643,8.28169307834906,0.00369889641757543,0.951540151770122,0.994776274703702,0.993258788199381,"gpath_3neocort"
"5344","FBXO3","Inh ENOX2 SPHKAP",0.0577268165464761,6.0401437254364,2.91456082995552,0.0887142347146047,0.391613425952321,0.358891630441898,"gpath_3neocort"
"5345","CAPRIN1","Inh ENOX2 SPHKAP",-0.0295770638921654,5.80108635693706,0.58855277060698,0.445072492251197,0.762971304613294,0.749830609097305,"gpath_3neocort"
"5346","NAT10","Inh ENOX2 SPHKAP",-0.0118246244108106,5.5716744846763,0.0864124498843888,0.768971412666014,0.938376109530858,0.933375449346907,"gpath_3neocort"
"5347","ABTB2","Inh ENOX2 SPHKAP",-0.0625760496047625,4.91459805278436,0.713952093888901,0.398740809777731,0.733044743367103,0.715346925747096,"gpath_3neocort"
"5348","APIP","Inh ENOX2 SPHKAP",-0.0813070168003628,5.3522383497202,2.89643280142867,0.0897079369091844,0.394035132892033,0.360768806828178,"gpath_3neocort"
"5349","PDHX","Inh ENOX2 SPHKAP",0.0341310986279334,6.5722880694837,1.07990102134189,0.446113921030432,0.763221602774832,0.750428505061656,"gpath_3neocort"
"5350","SLC1A2","Inh ENOX2 SPHKAP",-0.0312501400659805,7.13347934826053,1.02369103643666,0.312378723701981,0.66620805586772,0.643429120091927,"gpath_3neocort"
"5351","TRIM44","Inh ENOX2 SPHKAP",-0.0428614566920729,7.37277052562657,3.24741246791945,0.072439377428449,0.358385438723642,0.325210990337446,"gpath_3neocort"
"5352","COMMD9","Inh ENOX2 SPHKAP",-0.0393668539258772,4.35593347221608,0.338959474277896,0.560823903681789,0.838781012755837,0.825876279507065,"gpath_3neocort"
"5353","TRAF6","Inh ENOX2 SPHKAP",0.0255616721432074,4.83892966036828,0.175798250220604,0.675279298169698,0.894792301984542,0.889438702024438,"gpath_3neocort"
"5354","C11orf74","Inh ENOX2 SPHKAP",0.0017196442033479,4.76435370594258,0.000799991537609224,0.977452465703288,0.99773921499147,0.997456807778358,"gpath_3neocort"
"5355","LRRC4C","Inh ENOX2 SPHKAP",0.10981265027391,9.40377464514075,6.13098880607748,0.0137792042505659,0.171899539452692,0.141402311601176,"gpath_3neocort"
"5356","API5","Inh ENOX2 SPHKAP",0.0166143014590716,5.78536783771811,0.184261823973818,0.668013221324473,0.890257663782362,0.885462936619903,"gpath_3neocort"
"5357","TTC17","Inh ENOX2 SPHKAP",0.0368142322654672,7.98527691017299,3.4552772318033,0.0639310595773459,0.338309213257707,0.306082263213192,"gpath_3neocort"
"5358","AC068205.1","Inh ENOX2 SPHKAP",0.19015794187349,4.37935256998281,4.08119317975585,0.0441622912675953,0.287853006936977,0.254798046713276,"gpath_3neocort"
"5359","HSD17B12","Inh ENOX2 SPHKAP",-0.0482097548377066,6.65447251503092,0.802037244438826,0.371131028508969,0.715687147079744,0.69459819721928,"gpath_3neocort"
"5360","ALKBH3","Inh ENOX2 SPHKAP",-0.156093349852672,5.18270830223458,9.15901421527245,0.00266754022985891,0.0846140285288797,0.0583887649256215,"gpath_3neocort"
"5361","C11orf96","Inh ENOX2 SPHKAP",0.501231676484172,4.01424625419009,12.7962548375058,0.000398907729519482,0.0339101879449048,0.0196867425192558,"gpath_3neocort"
"5362","EXT2","Inh ENOX2 SPHKAP",-0.0156663080639669,6.20923942015821,0.173960161356763,0.676884409294917,0.895219391241871,0.890121146604494,"gpath_3neocort"
"5363","TP53I11","Inh ENOX2 SPHKAP",0.177369937824367,3.67102721746099,2.64046518530701,0.105117871263265,0.418932854469153,0.388943254460094,"gpath_3neocort"
"5364","PRDM11","Inh ENOX2 SPHKAP",-0.0103282191965168,4.64120622309173,0.0320800196356765,0.857960932482345,0.971265236051276,0.968624680655149,"gpath_3neocort"
"5365","SYT13","Inh ENOX2 SPHKAP",-0.0278560643684809,5.87263496057041,0.473853756203412,0.491698225347872,0.795903809580715,0.781782807759554,"gpath_3neocort"
"5366","AC103855.3","Inh ENOX2 SPHKAP",0.282696203570726,4.85923201109961,14.2970497931838,0.000184950795369063,0.0222197291041148,0.0123960588504822,"gpath_3neocort"
"5367","CHST1","Inh ENOX2 SPHKAP",0.0500197284362318,4.23672467255382,0.443398719515592,0.505946985851369,0.80295171907116,0.790884055696684,"gpath_3neocort"
"5368","CRY2","Inh ENOX2 SPHKAP",-0.0120159030225529,6.05508592274175,0.102713728400944,0.748797799200016,0.930669172764487,0.924366275707831,"gpath_3neocort"
"5369","MAPK8IP1","Inh ENOX2 SPHKAP",0.0243191013177187,5.31966386228275,0.262062766436302,0.609045417356106,0.862089316756531,0.853417494093448,"gpath_3neocort"
"5370","PHF21A","Inh ENOX2 SPHKAP",0.0296391464359173,7.71794559892824,1.50537772169025,0.22071139256071,0.578387389869806,0.551175455940233,"gpath_3neocort"
"5371","DGKZ","Inh ENOX2 SPHKAP",-0.0144988463218501,6.5168720044464,0.1646895395924,0.685135460977007,0.900506022269414,0.894196427601818,"gpath_3neocort"
"5372","AMBRA1","Inh ENOX2 SPHKAP",-0.00543667784211149,7.28392037254209,0.0488785306574128,0.927039711785458,0.991535486403786,0.988088162030502,"gpath_3neocort"
"5373","ATG13","Inh ENOX2 SPHKAP",0.0172935538722675,5.60030835285995,0.166521950128371,0.683483454848171,0.899184258755943,0.893475529492886,"gpath_3neocort"
"5374","ARHGAP1","Inh ENOX2 SPHKAP",-0.0397687770123307,5.13867807235927,0.588223503161887,0.443649604830793,0.762971304613294,0.748764362522214,"gpath_3neocort"
"5375","CKAP5","Inh ENOX2 SPHKAP",0.0229671598113001,6.51624198337556,0.603820346070754,0.505308720701971,0.802205677317532,0.790433056760419,"gpath_3neocort"
"5376","LRP4","Inh ENOX2 SPHKAP",-0.207941101269606,5.17263557428774,5.2267989093078,0.0228681417753271,0.217448399141005,0.183109676765597,"gpath_3neocort"
"5377","C11orf49","Inh ENOX2 SPHKAP",0.0182867399935392,7.17210991970255,0.492847859460397,0.92326049981575,0.990711928066752,0.987267444732124,"gpath_3neocort"
"5378","ARFGAP2","Inh ENOX2 SPHKAP",0.021740826600364,5.12425651030518,0.207791946055693,0.706188107081996,0.910845760572992,0.904475027804028,"gpath_3neocort"
"5379","NR1H3","Inh ENOX2 SPHKAP",-0.141018828954799,4.47328612527058,4.40497349038177,0.0365860125400673,0.27089218172312,0.232140498758665,"gpath_3neocort"
"5380","MADD","Inh ENOX2 SPHKAP",-0.000582020918757063,6.05797066698607,0.000312984902894869,0.985895639226228,0.9984270842391,0.998311917346934,"gpath_3neocort"
"5381","PSMC3","Inh ENOX2 SPHKAP",-0.155897860334999,3.90524007388829,2.37654563227796,0.124118126095769,0.453531824360448,0.421223889595321,"gpath_3neocort"
"5382","CELF1","Inh ENOX2 SPHKAP",-0.0284464144490485,7.80342423812925,1.2052757947524,0.273061926348989,0.63115999021753,0.60667302320704,"gpath_3neocort"
"5383","NDUFS3","Inh ENOX2 SPHKAP",0.0332481627300575,4.59739428345883,0.19948538497224,0.655426494210708,0.885848338339017,0.878973204446022,"gpath_3neocort"
"5384","C1QTNF4","Inh ENOX2 SPHKAP",-0.266190419212061,5.08615935132684,11.3233281633919,0.000854633592250871,0.048106485094445,0.0306011359929994,"gpath_3neocort"
"5385","MTCH2","Inh ENOX2 SPHKAP",-0.00470011625386571,5.5950388272997,0.0126254260874734,0.910603268257137,0.98778742870664,0.984075445041141,"gpath_3neocort"
"5386","FNBP4","Inh ENOX2 SPHKAP",-0.0316686009741078,7.04694597288769,1.30377889789118,0.254343444915058,0.612852771830725,0.588047134299205,"gpath_3neocort"
"5387","NUP160","Inh ENOX2 SPHKAP",-0.031345522400869,6.62106668716865,1.03880452036193,0.416561024050598,0.742399570315652,0.728415976145953,"gpath_3neocort"
"5388","PTPRJ","Inh ENOX2 SPHKAP",-0.0590127401259518,7.6288512679825,5.11550892752886,0.0243564891047895,0.225674111229725,0.189018625384187,"gpath_3neocort"
"5389","SSRP1","Inh ENOX2 SPHKAP",-0.01651043648232,4.66833404261379,0.0913108301291742,0.980930188330155,0.997837477693413,0.997919719799232,"gpath_3neocort"
"5390","SERPING1","Inh ENOX2 SPHKAP",-0.0606702455428957,5.03878770506068,1.32163145336408,0.251123388335587,0.609379405834025,0.584705489301614,"gpath_3neocort"
"5391","YPEL4","Inh ENOX2 SPHKAP",-0.156723088910061,4.61607194381251,5.87970527907061,0.0158472464369386,0.182844177491598,0.152062456791252,"gpath_3neocort"
"5392","ZDHHC5","Inh ENOX2 SPHKAP",-0.0696578429527716,4.90947175052989,1.61203280106449,0.205091700577748,0.56147961209618,0.533108335729438,"gpath_3neocort"
"5393","MED19","Inh ENOX2 SPHKAP",-0.042795758771578,4.40133182287199,0.343490636243874,0.558217772328397,0.837028525953076,0.824230705209507,"gpath_3neocort"
"5394","CTNND1","Inh ENOX2 SPHKAP",-0.0123037613011391,4.95225117265958,0.0556777392134761,0.813607566515558,0.95664217371752,0.952046778801708,"gpath_3neocort"
"5395","LPXN","Inh ENOX2 SPHKAP",0.0156404674691129,4.34792134444711,0.0459215413531292,0.830449473922467,0.962916920097718,0.958759245488688,"gpath_3neocort"
"5396","GLYATL2","Inh ENOX2 SPHKAP",-0.0276698739690068,5.49869750516833,0.286643309660765,0.59273655428637,0.853113185521477,0.844456143062504,"gpath_3neocort"
"5397","DTX4","Inh ENOX2 SPHKAP",0.00168093295534702,4.91867466052743,0.000986497727433807,0.974962505572835,0.997170280740144,0.997145336486171,"gpath_3neocort"
"5398","OSBP","Inh ENOX2 SPHKAP",0.0123629870844989,5.40534861086893,0.0800775188231205,0.9463962222316,0.994604620342253,0.992258476569891,"gpath_3neocort"
"5399","PATL1","Inh ENOX2 SPHKAP",0.0331806993284303,4.46258980716328,0.231381705209059,0.630816695441523,0.875304445396154,0.865733251373005,"gpath_3neocort"
"5400","STX3","Inh ENOX2 SPHKAP",-0.0693481976166323,5.52324479054548,2.3724198520638,0.124443947930101,0.454021369280907,0.421747348024318,"gpath_3neocort"
"5401","MRPL16","Inh ENOX2 SPHKAP",-0.138771787234096,4.26188738705638,3.07456704379121,0.0804446226909181,0.376801219703781,0.341942829562083,"gpath_3neocort"
"5402","PRPF19","Inh ENOX2 SPHKAP",-0.0101600117202597,5.82632818575872,0.0698412928495294,0.791731270111066,0.948908197949731,0.943300825676448,"gpath_3neocort"
"5403","TMEM109","Inh ENOX2 SPHKAP",0.0371890657977431,3.88983893173134,0.183986832504194,0.670987785435921,0.892619175128322,0.887029815451899,"gpath_3neocort"
"5404","TMEM132A","Inh ENOX2 SPHKAP",-0.0474095717116962,5.22319032891041,0.713358215324063,0.398936816509636,0.733117007377914,0.715466716850836,"gpath_3neocort"
"5405","VPS37C","Inh ENOX2 SPHKAP",-0.00914839288082773,4.66270540350953,0.0226105232863043,0.88056523952734,0.978345111313283,0.975698516305608,"gpath_3neocort"
"5406","DDB1","Inh ENOX2 SPHKAP",-0.0415281953820016,5.8662505326315,1.10809718224547,0.293258204885189,0.650660378029613,0.625763536974834,"gpath_3neocort"
"5407","CPSF7","Inh ENOX2 SPHKAP",0.0154561119863967,5.61263346171178,0.16193926211465,0.687635185165351,0.90196544088634,0.895455437597828,"gpath_3neocort"
"5408","AP003108.2","Inh ENOX2 SPHKAP",-0.0274640174046993,5.62055946194973,0.333917510627493,0.563751399659694,0.840155822992941,0.827513992201349,"gpath_3neocort"
"5409","SYT7","Inh ENOX2 SPHKAP",0.125048745233243,6.41750108678854,12.4062968242739,0.000487504988232436,0.0370884654328708,0.0221098141266868,"gpath_3neocort"
"5410","DAGLA","Inh ENOX2 SPHKAP",-0.055644249533792,4.67707081820513,0.853423569450894,0.356253672810643,0.704576510340379,0.681841828896599,"gpath_3neocort"
"5411","TMEM258","Inh ENOX2 SPHKAP",-0.0915470679407909,4.01319122573646,0.971274228773586,0.32507719237638,0.675693044697515,0.654841344488846,"gpath_3neocort"
"5412","FADS2","Inh ENOX2 SPHKAP",-0.225949565459299,4.42853049380172,9.00674017102171,0.00289268059584268,0.0861434973771131,0.0609665210928753,"gpath_3neocort"
"5413","FADS1","Inh ENOX2 SPHKAP",-0.139418369605148,5.51441046338892,8.16439105516686,0.00454039400314452,0.109564801398631,0.0782374139910152,"gpath_3neocort"
"5414","FADS3","Inh ENOX2 SPHKAP",-0.0433699841262861,4.73203563924449,0.467095803729126,0.494800918403901,0.797215642524353,0.783785482720669,"gpath_3neocort"
"5415","FTH1","Inh ENOX2 SPHKAP",-0.0805295536836052,7.20182215682536,1.86346575351832,0.17314568927971,0.523468712265079,0.492641208760839,"gpath_3neocort"
"5416","ASRGL1","Inh ENOX2 SPHKAP",-0.046756098648244,5.17339972488863,0.901607725092117,0.343038702747737,0.691917379643772,0.670452174974587,"gpath_3neocort"
"5417","B3GAT3","Inh ENOX2 SPHKAP",-0.0828710010889409,5.26528077710491,2.60983636088212,0.107148507184486,0.42418963760948,0.392540576456769,"gpath_3neocort"
"5418","GANAB","Inh ENOX2 SPHKAP",0.017699164034747,5.05983625517484,0.12013590399118,0.920914643111094,0.990636355721171,0.986709949686402,"gpath_3neocort"
"5419","UQCC3","Inh ENOX2 SPHKAP",-0.0397999499908901,3.69869638041033,0.127576385803025,0.721184235322848,0.918385260046279,0.911196486037651,"gpath_3neocort"
"5420","GNG3","Inh ENOX2 SPHKAP",-0.0589768220372428,5.46920008874472,0.515177713392935,0.473408582392486,0.782449241322735,0.769307001912444,"gpath_3neocort"
"5421","TTC9C","Inh ENOX2 SPHKAP",-0.0529333850087338,4.93665400763948,0.925144031671353,0.425153736056734,0.748842376507196,0.735172013703005,"gpath_3neocort"
"5422","TAF6L","Inh ENOX2 SPHKAP",-0.124072471451591,4.07436165139965,2.33589509432176,0.127370377326718,0.457758405933599,0.426452064989415,"gpath_3neocort"
"5423","TMEM223","Inh ENOX2 SPHKAP",-0.180671058110051,4.5134224249299,8.66945933006381,0.00346306692470831,0.0942240212545903,0.0672999368189122,"gpath_3neocort"
"5424","NXF1","Inh ENOX2 SPHKAP",-0.0278113658499208,4.35770004349722,0.145372610412588,0.703240106779408,0.909040855827976,0.902941359498269,"gpath_3neocort"
"5425","STX5","Inh ENOX2 SPHKAP",0.087123848838146,5.03635170715776,2.98007632892469,0.0852216012629743,0.386184312630241,0.351996574500945,"gpath_3neocort"
"5426","WDR74","Inh ENOX2 SPHKAP",0.145400278655155,3.66597623187912,2.18176787981806,0.140597824221696,0.477385499397098,0.446859273064498,"gpath_3neocort"
"5427","SLC3A2","Inh ENOX2 SPHKAP",-0.0274495662445671,5.34154205858163,0.332879689161576,0.564357644332418,0.840451864277272,0.827886163706188,"gpath_3neocort"
"5428","ATL3","Inh ENOX2 SPHKAP",0.00442795520683247,4.54814121099732,0.00554046188272256,0.940709469328506,0.993518947956843,0.991073520715035,"gpath_3neocort"
"5429","RTN3","Inh ENOX2 SPHKAP",-0.00939199989605505,9.13183469444375,0.360420531433125,0.54868059374713,0.831216771051099,0.81847444057614,"gpath_3neocort"
"5430","MARK2","Inh ENOX2 SPHKAP",0.0643197877373126,5.97473810313458,3.31866144866432,0.0693934112209838,0.352505497376077,0.318601010970451,"gpath_3neocort"
"5431","OTUB1","Inh ENOX2 SPHKAP",-0.0786064252663491,5.22386339097368,2.51997670491725,0.113360053684854,0.434127975957069,0.403121208602234,"gpath_3neocort"
"5432","MACROD1","Inh ENOX2 SPHKAP",0.0494969183040324,5.50997463221283,1.15065788100313,0.284187217657163,0.640556855832835,0.617146084860216,"gpath_3neocort"
"5433","AP000721.2","Inh ENOX2 SPHKAP",-0.182256649246535,4.31241138543688,6.02843937820377,0.0145872141440129,0.175964444822338,0.145664403881561,"gpath_3neocort"
"5434","STIP1","Inh ENOX2 SPHKAP",-0.0050778054118614,5.27666932295818,0.00624687676439831,0.937050457721925,0.993269159402148,0.990496842965193,"gpath_3neocort"
"5435","VEGFB","Inh ENOX2 SPHKAP",-0.142348121080039,4.4934107193114,3.23440883098073,0.0730106720589228,0.359806641958396,0.326491406173769,"gpath_3neocort"
"5436","FKBP2","Inh ENOX2 SPHKAP",-0.041120943500009,4.38394493883174,0.258133989022887,0.611740982279928,0.863728242053347,0.855009308089631,"gpath_3neocort"
"5437","BAD","Inh ENOX2 SPHKAP",0.0392931262739056,4.30309519230967,0.298238185595876,0.585354240767503,0.850666039752185,0.840224565234205,"gpath_3neocort"
"5438","ESRRA","Inh ENOX2 SPHKAP",-0.068252428850666,4.660925788025,1.17099498827842,0.279978865461668,0.638594087367346,0.613069434349486,"gpath_3neocort"
"5439","TRMT112","Inh ENOX2 SPHKAP",0.0153774644100354,4.7277484212503,0.0422751336062278,0.83722168205758,0.96449364011318,0.961328222543282,"gpath_3neocort"
"5440","PRDX5","Inh ENOX2 SPHKAP",-0.126451398266737,4.58176473454652,1.78919096674233,0.181936419845399,0.533934219897856,0.504440289153253,"gpath_3neocort"
"5441","RPS6KA4","Inh ENOX2 SPHKAP",0.046389321369947,4.33995063421314,0.469737252829592,0.493584277652261,0.796248150379289,0.782878389005747,"gpath_3neocort"
"5442","NRXN2","Inh ENOX2 SPHKAP",0.0369589809876719,7.40148334769193,1.99963471534661,0.158270150896533,0.503671480206024,0.472152915746696,"gpath_3neocort"
"5443","RASGRP2","Inh ENOX2 SPHKAP",-0.0697214748294352,4.68908566080966,1.26199622302757,0.291226949673134,0.6483694640871,0.623917088056817,"gpath_3neocort"
"5444","SF1","Inh ENOX2 SPHKAP",-0.0463376566070774,6.32581871023312,1.48554038385238,0.223771288278804,0.582353383724906,0.554741779389501,"gpath_3neocort"
"5445","MAP4K2","Inh ENOX2 SPHKAP",-0.136171819930898,4.62804261797694,4.3667731755114,0.0374037712833504,0.273240750980963,0.234795946408484,"gpath_3neocort"
"5446","PPP2R5B","Inh ENOX2 SPHKAP",-0.0237709476249107,5.56203914542489,0.264160062428977,0.607616876437761,0.860775842704527,0.852532200476035,"gpath_3neocort"
"5447","SAC3D1","Inh ENOX2 SPHKAP",0.0821980334888426,3.64936521734427,0.625157414788537,0.429699197987886,0.752998162678789,0.738607747660329,"gpath_3neocort"
"5448","VPS51","Inh ENOX2 SPHKAP",-0.0828319544709844,5.53729466094628,3.35675956641361,0.0678214499058041,0.348703300903467,0.314963868156509,"gpath_3neocort"
"5449","TM7SF2","Inh ENOX2 SPHKAP",-0.235026830430941,4.42727930497934,8.54065036986126,0.0037101561219635,0.098680694694775,0.0698855942330036,"gpath_3neocort"
"5450","FAU","Inh ENOX2 SPHKAP",-0.273000834904532,5.03668538890902,9.55145402838143,0.0021661554958378,0.076985482549155,0.0519027783719328,"gpath_3neocort"
"5451","CAPN1","Inh ENOX2 SPHKAP",-0.203223385984985,4.71082046796623,10.2092132626186,0.00153093659504368,0.0648185241849365,0.0424865295925516,"gpath_3neocort"
"5452","DPF2","Inh ENOX2 SPHKAP",-0.0612984533022489,5.36883574402582,2.02596926158168,0.155565252421225,0.500324776099923,0.468324668938938,"gpath_3neocort"
"5453","NEAT1","Inh ENOX2 SPHKAP",0.0454843012479071,6.33216897291305,0.427422655956031,0.513706946195099,0.809351298906063,0.796622921422789,"gpath_3neocort"
"5454","MALAT1","Inh ENOX2 SPHKAP",0.0207432923231378,14.7150551894376,0.238833778386754,0.625370966124349,0.873023266999105,0.862645857145823,"gpath_3neocort"
"5455","SCYL1","Inh ENOX2 SPHKAP",-0.00264322611416108,4.90399009099082,0.00226756943208949,0.995954415204891,0.99916057852693,0.999484192120354,"gpath_3neocort"
"5456","LTBP3","Inh ENOX2 SPHKAP",0.0118555680866313,5.56259152414559,0.10238811247859,0.764195438816643,0.936302600649689,0.931213641688952,"gpath_3neocort"
"5457","FAM89B","Inh ENOX2 SPHKAP",0.0518110537316547,4.55095098816804,0.542136763026323,0.462066222166068,0.775333429049331,0.761696566505196,"gpath_3neocort"
"5458","EHBP1L1","Inh ENOX2 SPHKAP",0.022128410446396,3.89070903270834,0.0677006677544359,0.794875103698246,0.950809763991382,0.944684147121068,"gpath_3neocort"
"5459","KAT5","Inh ENOX2 SPHKAP",-0.133759294665199,4.28909194265889,3.02300214002723,0.0830144011952032,0.382219498268978,0.347462037781912,"gpath_3neocort"
"5460","RNASEH2C","Inh ENOX2 SPHKAP",0.0813830545372497,4.60507033791575,1.85519950920831,0.174099319749161,0.525171197091898,0.493946544396978,"gpath_3neocort"
"5461","AP001266.2","Inh ENOX2 SPHKAP",-0.188103129653581,3.75059616662617,2.58578988902418,0.108773047828534,0.426765487411064,0.395501546073251,"gpath_3neocort"
"5462","CFL1","Inh ENOX2 SPHKAP",-0.00989170021439573,6.02057410795489,0.0301804216670663,0.86218690685973,0.972544434032209,0.969952297011561,"gpath_3neocort"
"5463","SNX32","Inh ENOX2 SPHKAP",-0.00722600320613126,6.7359181255932,0.0415066209020729,0.838687423154836,0.965268659340715,0.961890373831323,"gpath_3neocort"
"5464","CCDC85B","Inh ENOX2 SPHKAP",-0.164211475934267,5.23614744153251,4.73551592193197,0.0302475880375762,0.248494779029054,0.210976667181174,"gpath_3neocort"
"5465","C11orf68","Inh ENOX2 SPHKAP",0.0460742958570617,4.46568619549635,0.442371835724902,0.506439665332308,0.803079215275364,0.791179026803198,"gpath_3neocort"
"5466","DRAP1","Inh ENOX2 SPHKAP",-0.209041881919041,4.24181410125023,4.95905410167405,0.0266218271146496,0.235675774947689,0.197428514646945,"gpath_3neocort"
"5467","BANF1","Inh ENOX2 SPHKAP",-0.0923929506815697,4.59540725969366,1.15233718251041,0.28383669240417,0.64050273604442,0.616750130595751,"gpath_3neocort"
"5468","SF3B2","Inh ENOX2 SPHKAP",0.0556924908604225,5.54664537071365,1.40919732004006,0.236034733334447,0.596240268018377,0.568480453813082,"gpath_3neocort"
"5469","PACS1","Inh ENOX2 SPHKAP",-0.018274594239569,7.42087212896259,0.48700203703357,0.922223615762331,0.990636355721171,0.987025043818021,"gpath_3neocort"
"5470","KLC2","Inh ENOX2 SPHKAP",-0.054572228543138,5.28620998387152,1.24181030557733,0.265925051868734,0.624911348096389,0.599511999103493,"gpath_3neocort"
"5471","CNIH2","Inh ENOX2 SPHKAP",0.00654668185673843,4.64733921183806,0.0090557368889507,0.924243605878577,0.990935984755782,0.987552633526989,"gpath_3neocort"
"5472","TMEM151A","Inh ENOX2 SPHKAP",-0.122267896637096,4.62890562581309,3.01536558179178,0.0834024831438764,0.382920028691687,0.348309303935912,"gpath_3neocort"
"5473","B4GAT1","Inh ENOX2 SPHKAP",-0.0775313295399881,5.80730454725364,1.89997204590836,0.169005607595753,0.518518149580165,0.487021465581009,"gpath_3neocort"
"5474","PELI3","Inh ENOX2 SPHKAP",-0.139212170225543,4.41455162291416,3.91455238819358,0.0486924075141378,0.302209473787555,0.267862728540121,"gpath_3neocort"
"5475","CTSF","Inh ENOX2 SPHKAP",-0.04141197669096,5.49838373041969,0.684124575704153,0.408761583063372,0.738775110592264,0.722535532668849,"gpath_3neocort"
"5476","CCS","Inh ENOX2 SPHKAP",-0.127626299861485,4.74761817300219,3.31937337017471,0.069363680261755,0.352505497376077,0.31853776309086,"gpath_3neocort"
"5477","RBM14-RBM4","Inh ENOX2 SPHKAP",0.114028158165531,5.29488801811153,4.41436812031942,0.0363877971263763,0.27089218172312,0.231467703287676,"gpath_3neocort"
"5478","RBM4","Inh ENOX2 SPHKAP",0.00601381462192305,5.18599467622844,0.00937058944937823,0.922941948596238,0.990636355721171,0.987196842053706,"gpath_3neocort"
"5479","RBM4B","Inh ENOX2 SPHKAP",-0.0366898152975646,5.03100896111055,0.444724453861114,0.505312140548957,0.802205677317532,0.790433056760419,"gpath_3neocort"
"5480","SPTBN2","Inh ENOX2 SPHKAP",0.0184533744024615,5.32272970398756,0.174058989231739,0.676797855086099,0.895219391241871,0.890103510784867,"gpath_3neocort"
"5481","C11orf80","Inh ENOX2 SPHKAP",0.0055740235750291,7.17230231785904,0.0330266865029357,0.85590312017729,0.970967449241199,0.967994322588199,"gpath_3neocort"
"5482","RCE1","Inh ENOX2 SPHKAP",-0.0982768985173142,3.7589652013771,0.909261310981411,0.341001249305517,0.690942606270729,0.668784144338123,"gpath_3neocort"
"5483","PC","Inh ENOX2 SPHKAP",-0.0309580240545047,4.23007876480105,0.160499005759379,0.688954086656341,0.902423652949259,0.896068956026148,"gpath_3neocort"
"5484","LRFN4","Inh ENOX2 SPHKAP",-0.00275547581071008,4.56068990174045,0.00140100215598089,0.97016458143889,0.995943372722374,0.996375172164603,"gpath_3neocort"
"5485","SYT12","Inh ENOX2 SPHKAP",-0.147865517190597,4.9156574812062,5.54425999576299,0.0191207115045218,0.199782713123426,0.167536973396222,"gpath_3neocort"
"5486","KDM2A","Inh ENOX2 SPHKAP",0.0236305445820491,7.35755748171532,0.856728783992789,0.355325163749738,0.703856070910283,0.681011481241262,"gpath_3neocort"
"5487","GRK2","Inh ENOX2 SPHKAP",-0.0516900002974951,5.48098118549278,1.2621916734494,0.300249162637753,0.657839953893813,0.632435971790382,"gpath_3neocort"
"5488","ANKRD13D","Inh ENOX2 SPHKAP",0.0223312202583027,5.70110418855098,0.264635391398127,0.607294110787032,0.860775842704527,0.852346836126636,"gpath_3neocort"
"5489","RAD9A","Inh ENOX2 SPHKAP",0.0166617279049294,7.22457300161153,0.281155464292858,0.596297814428395,0.855261122519567,0.84638736089777,"gpath_3neocort"
"5490","PPP1CA","Inh ENOX2 SPHKAP",0.0176353505764815,4.41934374048141,0.067273223001054,0.795509204127288,0.951094119541332,0.945038182200744,"gpath_3neocort"
"5491","RPS6KB2","Inh ENOX2 SPHKAP",-0.0280284551234739,4.27192449447575,0.143355561384377,0.705208621922089,0.910664575026827,0.904058193276003,"gpath_3neocort"
"5492","TMEM134","Inh ENOX2 SPHKAP",-0.301558718170056,4.22497685873761,14.5868945814376,0.000159592457708837,0.0210015047725493,0.0113398010185235,"gpath_3neocort"
"5493","GSTP1","Inh ENOX2 SPHKAP",-0.0969187641860303,4.53410774220152,1.20824148816546,0.272473699377993,0.630548689292513,0.606132107592852,"gpath_3neocort"
"5494","NDUFV1","Inh ENOX2 SPHKAP",-0.0854481259721017,5.79184676648843,3.1411578975039,0.0772526844521789,0.370271849007957,0.335550243005388,"gpath_3neocort"
"5495","AP003716.1","Inh ENOX2 SPHKAP",0.106433888663923,3.76594300411142,1.18724302346794,0.276673230105346,0.635584787630541,0.61015247055245,"gpath_3neocort"
"5496","NDUFS8","Inh ENOX2 SPHKAP",-0.0979702692466172,4.79644380470407,2.59051077819798,0.108451981341452,0.426536912077164,0.394796205423254,"gpath_3neocort"
"5497","CHKA","Inh ENOX2 SPHKAP",-0.0829154724040939,5.56256511450855,3.05922517973745,0.0812000680242443,0.378881774039334,0.343652532742576,"gpath_3neocort"
"5498","KMT5B","Inh ENOX2 SPHKAP",-0.0236077174579697,6.64867293565201,0.670515433626936,0.477505994666021,0.785364676142284,0.772102661683797,"gpath_3neocort"
"5499","PPP6R3","Inh ENOX2 SPHKAP",-0.0715389507228483,7.42904015024073,9.06207231077385,0.00280870862112678,0.0856982292316283,0.0600855731716009,"gpath_3neocort"
"5500","TPCN2","Inh ENOX2 SPHKAP",-0.126425336537998,5.24516961290576,5.27088305515222,0.0223050708749881,0.216167843801549,0.180852559865092,"gpath_3neocort"
"5501","ORAOV1","Inh ENOX2 SPHKAP",-0.0695491401267796,5.08461121872396,1.99503286809437,0.158748310670447,0.504274505562355,0.472795669419331,"gpath_3neocort"
"5502","PPFIA1","Inh ENOX2 SPHKAP",0.00779288490993772,6.39624440853685,0.0554673771727586,0.813953521196676,0.956689256079316,0.952214209395636,"gpath_3neocort"
"5503","AP002336.2","Inh ENOX2 SPHKAP",-0.246018563107551,4.19274325613959,6.93731343421476,0.00883510341976958,0.141973988616693,0.112127362725531,"gpath_3neocort"
"5504","AP000487.1","Inh ENOX2 SPHKAP",-0.0583471411591908,4.95626396216403,1.1751901918954,0.385945104861677,0.726388370920567,0.706077675545454,"gpath_3neocort"
"5505","CTTN","Inh ENOX2 SPHKAP",-0.0332368642174065,6.30518692085546,0.929065760967504,0.33580433237625,0.686267070027266,0.664435008759571,"gpath_3neocort"
"5506","SHANK2","Inh ENOX2 SPHKAP",0.0478164813034117,8.13364615634835,2.76021689435229,0.0975750380387625,0.407980128991614,0.375269636924836,"gpath_3neocort"
"5507","NADSYN1","Inh ENOX2 SPHKAP",-0.0963548389858628,4.82468342661045,2.8715781629669,0.0910901292035869,0.396906878674105,0.363383675410936,"gpath_3neocort"
"5508","AP002495.2","Inh ENOX2 SPHKAP",-0.0163475918970293,4.95819351792283,0.070833888480235,0.790290986285034,0.948347180002838,0.942635731617123,"gpath_3neocort"
"5509","RNF121","Inh ENOX2 SPHKAP",-0.150883543707543,4.95049922914817,8.57740786203056,0.00363786147062866,0.0981315650996728,0.0691414014379111,"gpath_3neocort"
"5510","NUMA1","Inh ENOX2 SPHKAP",0.0272706365946951,6.53996128042629,0.824195292207873,0.73914556985022,0.927279625797829,0.920125417254122,"gpath_3neocort"
"5511","LAMTOR1","Inh ENOX2 SPHKAP",0.0144176075229514,4.51534355405753,0.0417134493937997,0.838291570036215,0.965157728701125,0.961717441319296,"gpath_3neocort"
"5512","CLPB","Inh ENOX2 SPHKAP",0.0592308256793432,4.70603029749104,1.06931001338716,0.359260216267332,0.706200697452677,0.68424996538626,"gpath_3neocort"
"5513","PDE2A","Inh ENOX2 SPHKAP",0.0555702392789935,6.62425438073441,2.87811980209951,0.0907241048336711,0.396175485592058,0.362677529636851,"gpath_3neocort"
"5514","ARAP1","Inh ENOX2 SPHKAP",0.0671612707720651,4.38515869714895,0.993162762066816,0.319693265573351,0.671637375772545,0.650159420324246,"gpath_3neocort"
"5515","ATG16L2","Inh ENOX2 SPHKAP",-0.0132800971628805,4.37035777812816,0.0374517502216096,0.936072037926338,0.993269159402148,0.990339317073591,"gpath_3neocort"
"5516","FCHSD2","Inh ENOX2 SPHKAP",-0.0287098234497573,8.05903599701642,1.80813403967168,0.179646228257205,0.531085297743977,0.501221738319341,"gpath_3neocort"
"5517","ARHGEF17","Inh ENOX2 SPHKAP",0.00304002214494158,5.63252032088855,0.00587150881091208,0.960014068700074,0.995700592042286,0.994916958870712,"gpath_3neocort"
"5518","FAM168A","Inh ENOX2 SPHKAP",-0.00402051281905906,7.9109947221256,0.0355585436288279,0.850544776320979,0.969964121518476,0.966127264021061,"gpath_3neocort"
"5519","RAB6A","Inh ENOX2 SPHKAP",-0.00471585717282932,7.40180973863552,0.0473745483797904,0.827829542901675,0.962118428559343,0.957737715908164,"gpath_3neocort"
"5520","MRPL48","Inh ENOX2 SPHKAP",0.0266735866735499,5.211887988427,0.302630642452255,0.582606245531643,0.849829949917067,0.838672754619133,"gpath_3neocort"
"5521","PAAF1","Inh ENOX2 SPHKAP",-0.161604701414458,5.57843695912539,7.93227133314354,0.0051452561924225,0.117340760659977,0.0837066001994474,"gpath_3neocort"
"5522","C2CD3","Inh ENOX2 SPHKAP",0.0498554437999012,5.80987445840377,1.50643900414988,0.220549110679372,0.578117695772738,0.551018769796583,"gpath_3neocort"
"5523","PPME1","Inh ENOX2 SPHKAP",-0.00116460674811027,6.50372024665453,0.00113584245486558,0.973134741174106,0.997086080630386,0.996866365204369,"gpath_3neocort"
"5524","PGM2L1","Inh ENOX2 SPHKAP",-0.0433280005838984,6.72367376141725,1.30183257529077,0.254697575376622,0.613314784623528,0.588367207735474,"gpath_3neocort"
"5525","POLD3","Inh ENOX2 SPHKAP",-0.0853020386040005,5.68896764528866,3.66535357789409,0.0564104487055312,0.32068006391971,0.288219136501563,"gpath_3neocort"
"5526","RNF169","Inh ENOX2 SPHKAP",0.0226127311448587,6.47530287399957,0.409129397574893,0.522850940989015,0.814712541151888,0.802404439941217,"gpath_3neocort"
"5527","XRRA1","Inh ENOX2 SPHKAP",-0.0890648183912692,6.20056207624437,3.25181853893899,0.0722468975084053,0.358218069214283,0.324778152130493,"gpath_3neocort"
"5528","SPCS2","Inh ENOX2 SPHKAP",-0.0610559182815115,6.26248422774609,1.94492936741097,0.164062740930273,0.512722391264119,0.480195770297358,"gpath_3neocort"
"5529","NEU3","Inh ENOX2 SPHKAP",-0.0637244374999807,5.17585288413179,1.47878347233625,0.224825161430262,0.582850578417626,0.555854899732031,"gpath_3neocort"
"5530","AP001972.3","Inh ENOX2 SPHKAP",-0.00770428122000352,4.61298780838516,0.0123214589131719,0.911681493370653,0.98778742870664,0.984454578503283,"gpath_3neocort"
"5531","ARRB1","Inh ENOX2 SPHKAP",-0.0307382955048167,6.69123501602181,0.989685699160606,0.320540604662875,0.671996643316917,0.650925954766695,"gpath_3neocort"
"5532","RPS3","Inh ENOX2 SPHKAP",-0.0214394736572705,6.15279323238217,0.213863287513863,0.644057736327708,0.881448868178843,0.873028628973194,"gpath_3neocort"
"5533","GDPD5","Inh ENOX2 SPHKAP",-0.0130906171483533,4.39646695871939,0.0389444355858285,0.901425796348187,0.985533466494216,0.981654447677501,"gpath_3neocort"
"5534","MAP6","Inh ENOX2 SPHKAP",-0.0354807392487106,6.64312601927,1.06034782728575,0.303882241000064,0.661314668948844,0.635787557399476,"gpath_3neocort"
"5535","UVRAG","Inh ENOX2 SPHKAP",0.0123804132467859,7.66906849504575,0.256679853426652,0.612745224653189,0.864137555316612,0.855600280887502,"gpath_3neocort"
"5536","THAP12","Inh ENOX2 SPHKAP",0.0891744140613552,4.67846193124758,2.43783573156676,0.11938813537942,0.445161909595969,0.413383021466412,"gpath_3neocort"
"5537","GVQW3","Inh ENOX2 SPHKAP",-0.114787751868013,5.16252217790877,4.61803844783995,0.0323569180504066,0.257007885786998,0.218373184773276,"gpath_3neocort"
"5538","EMSY","Inh ENOX2 SPHKAP",-0.00517823329725933,6.74609711303577,0.0310148187131602,0.86031424284006,0.971842687824892,0.969312806174715,"gpath_3neocort"
"5539","ACER3","Inh ENOX2 SPHKAP",-0.0448807538944086,6.17355228480803,1.49418047171672,0.222432337845042,0.580528481548762,0.553215212109586,"gpath_3neocort"
"5540","PAK1","Inh ENOX2 SPHKAP",-0.0493951340675539,6.94834360735881,2.86630780593726,0.0913861929352076,0.397595324677091,0.363863704990615,"gpath_3neocort"
"5541","CLNS1A","Inh ENOX2 SPHKAP",-0.0594998113316114,6.54935962994874,3.36633766432996,0.0674322967524305,0.348358464602211,0.314235907705842,"gpath_3neocort"
"5542","AQP11","Inh ENOX2 SPHKAP",-0.022453491659129,4.40246198551158,0.106091508994742,0.74484285593908,0.929268051996626,0.922625560501178,"gpath_3neocort"
"5543","RSF1","Inh ENOX2 SPHKAP",0.0386915577980823,7.43340343665836,2.97258647835659,0.0856132106436669,0.386477689169805,0.352804939879182,"gpath_3neocort"
"5544","AAMDC","Inh ENOX2 SPHKAP",-0.0230034061739725,5.11363408784628,0.16360494832795,0.686118322156823,0.900825161273175,0.894674869378743,"gpath_3neocort"
"5545","AP002812.2","Inh ENOX2 SPHKAP",0.150573549192522,4.45291472101116,3.94327808079317,0.0478776743262428,0.300214290140987,0.265423963293554,"gpath_3neocort"
"5546","INTS4","Inh ENOX2 SPHKAP",0.00368434973600762,5.70324628589758,0.00714642256701738,0.932680604701356,0.992725295505717,0.989525249102455,"gpath_3neocort"
"5547","NDUFC2-KCTD14","Inh ENOX2 SPHKAP",-0.00476669160700827,3.87987934249621,0.00146815948716499,0.969458210722762,0.995943372722374,0.996338192722254,"gpath_3neocort"
"5548","ALG8","Inh ENOX2 SPHKAP",-0.0340354598742185,4.93450922979267,0.35334958782103,0.552626229558682,0.834854828334229,0.821123871754454,"gpath_3neocort"
"5549","GAB2","Inh ENOX2 SPHKAP",-0.0766547938938116,7.12844715829544,4.8501286933063,0.0283281488573947,0.24155824305894,0.203734566421793,"gpath_3neocort"
"5550","AP003086.2","Inh ENOX2 SPHKAP",-0.195862100266057,4.1091039994618,3.96826103134576,0.0471808433823945,0.297762185909111,0.263468944248723,"gpath_3neocort"
"5551","NARS2","Inh ENOX2 SPHKAP",0.0404944083174805,6.22178394498088,1.12103590622218,0.290461924319059,0.647690585266799,0.623227212669776,"gpath_3neocort"
"5552","TENM4","Inh ENOX2 SPHKAP",-0.00239804461136609,8.59398461604572,0.00635048009423834,0.936531699141342,0.993269159402148,0.990422897241901,"gpath_3neocort"
"5553","PRCP","Inh ENOX2 SPHKAP",-0.0831845705896454,4.72992665196088,1.90752581310883,0.168163263568471,0.518440590239748,0.486050045332789,"gpath_3neocort"
"5554","RAB30","Inh ENOX2 SPHKAP",-0.0166495804577209,6.88638064563815,0.325395974981624,0.568766959879203,0.843021713136024,0.83039523228534,"gpath_3neocort"
"5555","RAB30-AS1","Inh ENOX2 SPHKAP",-0.0112266261951749,5.76723294389112,0.0755830127216409,0.783545170791376,0.945848874819192,0.939675308742225,"gpath_3neocort"
"5556","PCF11","Inh ENOX2 SPHKAP",0.0833234976053071,5.77905771906434,4.61288490991593,0.0324529102265171,0.257350520998228,0.218772773948271,"gpath_3neocort"
"5557","ANKRD42","Inh ENOX2 SPHKAP",-0.014815699726271,5.20571242351626,0.0782286212688185,0.779885859881683,0.944495130113347,0.938226212149178,"gpath_3neocort"
"5558","CCDC90B","Inh ENOX2 SPHKAP",0.0122860543911841,5.15388529386833,0.0641446489769511,0.954496152540562,0.995247935921674,0.99374504018431,"gpath_3neocort"
"5559","AP000446.1","Inh ENOX2 SPHKAP",0.160792519272339,4.79904082308965,5.82875659966731,0.0163043559431853,0.185264665314748,0.154290927009673,"gpath_3neocort"
"5560","DLG2","Inh ENOX2 SPHKAP",0.0516377071923366,12.1141876150719,7.79911041761306,0.00552892180065211,0.119887723524239,0.0872461909905937,"gpath_3neocort"
"5561","AP002370.2","Inh ENOX2 SPHKAP",-0.317475446860329,5.07436696429912,9.45567603760144,0.00227888655549383,0.0781607934881385,0.0534799416826216,"gpath_3neocort"
"5562","AP001825.1","Inh ENOX2 SPHKAP",-0.104624394279524,5.18474772740988,2.66517018037678,0.103510825872478,0.416550998328037,0.386140214115064,"gpath_3neocort"
"5563","TMEM126B","Inh ENOX2 SPHKAP",-0.0303227638513826,4.79581052798875,0.217456065293038,0.64128965069855,0.880070597792245,0.87139396972566,"gpath_3neocort"
"5564","CREBZF","Inh ENOX2 SPHKAP",-0.0176819462752777,5.90921233366567,0.162793312175192,0.686856313810073,0.901203414076258,0.895084081268611,"gpath_3neocort"
"5565","SYTL2","Inh ENOX2 SPHKAP",0.0134285780308798,5.66248053749381,0.0828309038916774,0.773675894253872,0.942110273633138,0.935446844874349,"gpath_3neocort"
"5566","PICALM","Inh ENOX2 SPHKAP",0.00162408552846641,7.44055711909641,0.00397176793704085,0.949786777054315,0.994776274703702,0.992874702416685,"gpath_3neocort"
"5567","EED","Inh ENOX2 SPHKAP",0.0208909495637233,4.97707491338387,0.153888421918977,0.695097431743602,0.906070411392328,0.898853532454448,"gpath_3neocort"
"5568","HIKESHI","Inh ENOX2 SPHKAP",0.0102410649342863,5.0545631893433,0.0313706452935162,0.859523555999288,0.971678707722436,0.969045757406496,"gpath_3neocort"
"5569","AP001831.1","Inh ENOX2 SPHKAP",-0.126161840048632,4.8238365507549,2.59574423728045,0.108097276427833,0.425963235542344,0.394120731681403,"gpath_3neocort"
"5570","ME3","Inh ENOX2 SPHKAP",0.0211088332254205,7.83708055697598,0.686835340280347,0.407835743028622,0.737786450977655,0.721810370737336,"gpath_3neocort"
"5571","PRSS23","Inh ENOX2 SPHKAP",0.0420588988161367,4.5041143822743,0.296171626949554,0.586656216963563,0.851140977471867,0.841086864038064,"gpath_3neocort"
"5572","TMEM135","Inh ENOX2 SPHKAP",-0.0130193846444831,6.91860232141526,0.16380425823186,0.685937422796944,0.900825161273175,0.894570704353823,"gpath_3neocort"
"5573","GRM5","Inh ENOX2 SPHKAP",0.0651194879571737,10.1741368420719,8.68546373504251,0.00343356399548873,0.094186045600195,0.0669884891473977,"gpath_3neocort"
"5574","NAALAD2","Inh ENOX2 SPHKAP",0.00172545776634522,7.49035647339933,0.00366883676926864,0.951737219247583,0.994776274703702,0.993325430385592,"gpath_3neocort"
"5575","CHORDC1","Inh ENOX2 SPHKAP",0.0592522912445169,5.60144276550278,0.810460046317384,0.368634012371809,0.713953463101964,0.692711732663196,"gpath_3neocort"
"5576","FAT3","Inh ENOX2 SPHKAP",-0.00114978249405317,8.52201783851058,0.00152368072355185,0.968886360522984,0.995943372722374,0.996281241181018,"gpath_3neocort"
"5577","SLC36A4","Inh ENOX2 SPHKAP",0.0319350146112447,6.80040375639699,1.26398174137367,0.261707472043747,0.621284096236472,0.595399690309783,"gpath_3neocort"
"5578","SMCO4","Inh ENOX2 SPHKAP",-0.00401764866643613,4.19466248711154,0.00238100918586689,0.96111141521465,0.995700592042286,0.99507024486759,"gpath_3neocort"
"5579","CEP295","Inh ENOX2 SPHKAP",0.0140234277805334,6.56677723469529,0.174137747496305,0.676728898656922,0.895219391241871,0.890049079845744,"gpath_3neocort"
"5580","TAF1D","Inh ENOX2 SPHKAP",0.0029517488720181,7.02932837728939,0.00771576977674842,0.930057009419748,0.992451853904102,0.988990043194991,"gpath_3neocort"
"5581","VSTM5","Inh ENOX2 SPHKAP",-0.0146196805057503,4.61105435559318,0.0509263889162698,0.821597316029429,0.959548412508345,0.95523478203827,"gpath_3neocort"
"5582","GPR83","Inh ENOX2 SPHKAP",0.0350294702103899,4.14543007123639,0.142762551403797,0.705790373616601,0.910811908067647,0.904313780880688,"gpath_3neocort"
"5583","MRE11","Inh ENOX2 SPHKAP",0.0339877085018154,5.16999182918847,0.451280325826864,0.626118264913476,0.873345016334033,0.863061836226106,"gpath_3neocort"
"5584","ANKRD49","Inh ENOX2 SPHKAP",0.160368816413697,4.29894875919823,5.03740941906175,0.0254610264739783,0.229942570647406,0.193297419883391,"gpath_3neocort"
"5585","PIWIL4","Inh ENOX2 SPHKAP",0.0603626012744431,4.91409384212384,1.01028450438945,0.315563555528562,0.668340060481653,0.646250120555088,"gpath_3neocort"
"5586","AP000943.3","Inh ENOX2 SPHKAP",-0.0400949667175751,6.71594212673298,0.760409882670229,0.383827758648088,0.72436331661145,0.704226338998505,"gpath_3neocort"
"5587","AMOTL1","Inh ENOX2 SPHKAP",0.00787746632371727,6.27347035102755,0.0426125018642024,0.836582626363075,0.964409807647727,0.961136020201987,"gpath_3neocort"
"5588","CWC15","Inh ENOX2 SPHKAP",-0.00105071752386353,4.78199330206245,0.000293776755751338,0.986335245828353,0.998496273208611,0.998382013567313,"gpath_3neocort"
"5589","SRSF8","Inh ENOX2 SPHKAP",0.0725365719399158,5.04888675307478,1.88520898783677,0.170665948917829,0.520578738992014,0.489325515860912,"gpath_3neocort"
"5590","ENDOD1","Inh ENOX2 SPHKAP",-0.0357185477366624,5.33180102337159,0.527669138831217,0.468098077030194,0.779070086159635,0.765720238517936,"gpath_3neocort"
"5591","AP000787.1","Inh ENOX2 SPHKAP",-0.0417712062199264,4.80881328720111,0.361032665450264,0.54834150086029,0.831139249461779,0.818257827119673,"gpath_3neocort"
"5592","SESN3","Inh ENOX2 SPHKAP",0.0978540040566132,7.24530094390655,11.1997970531149,0.00091144035522827,0.0501153682428141,0.0317789047011781,"gpath_3neocort"
"5593","FAM76B","Inh ENOX2 SPHKAP",0.0436857755581384,4.61994689577208,0.450710005477258,0.502462806933683,0.801602689043283,0.788867499808584,"gpath_3neocort"
"5594","CEP57","Inh ENOX2 SPHKAP",0.0209324048689994,6.7266120148515,0.498572544309661,0.480621071875549,0.787735901619491,0.774370107168441,"gpath_3neocort"
"5595","MTMR2","Inh ENOX2 SPHKAP",-0.0170331083095868,5.52135062580164,0.143910824967242,0.866398318810533,0.973910519286272,0.971274903158614,"gpath_3neocort"
"5596","MAML2","Inh ENOX2 SPHKAP",-0.0410979706531741,4.18367218471781,0.159184032983714,0.690164273775415,0.903214581108048,0.896652348971125,"gpath_3neocort"
"5597","CCDC82","Inh ENOX2 SPHKAP",0.0427249093633394,6.34414138368602,1.57448971999698,0.21043499754768,0.567649863190945,0.539512535663098,"gpath_3neocort"
"5598","CNTN5","Inh ENOX2 SPHKAP",0.118188713470875,11.1657285577826,9.36758614704302,0.00238784929883641,0.0796331386029757,0.0549220070964551,"gpath_3neocort"
"5599","TRPC6","Inh ENOX2 SPHKAP",0.0704229374020206,8.13587366933589,4.1150773400758,0.0432969855472564,0.286045634981411,0.2522489451242,"gpath_3neocort"
"5600","CEP126","Inh ENOX2 SPHKAP",0.0765396119700268,7.45464610188673,5.43770840528748,0.0203015911890369,0.206181439118267,0.172531824496635,"gpath_3neocort"
"5601","BIRC3","Inh ENOX2 SPHKAP",-0.111543016974634,4.82191469018668,3.06180602807962,0.0810724492365449,0.378773632390973,0.343356366897275,"gpath_3neocort"
"5602","BIRC2","Inh ENOX2 SPHKAP",0.0639075947393116,5.0581467604772,1.68472795143541,0.195194548887101,0.548990103928486,0.521360223172914,"gpath_3neocort"
"5603","DCUN1D5","Inh ENOX2 SPHKAP",-0.0292502339704904,4.63781757147891,0.234512996829023,0.765990941637596,0.936382097623262,0.932008157883682,"gpath_3neocort"
"5604","DYNC2H1","Inh ENOX2 SPHKAP",0.0636563215644885,6.94015798732323,3.35516668134137,0.0678864015973069,0.348703300903467,0.31513091345385,"gpath_3neocort"
"5605","GRIA4","Inh ENOX2 SPHKAP",0.0849637949351472,6.35552015073301,2.51210818889467,0.113922635743403,0.435466798646659,0.404083744342395,"gpath_3neocort"
"5606","MSANTD4","Inh ENOX2 SPHKAP",0.0518450758842185,4.79689946466445,0.871104932394589,0.351324966306591,0.69991868287512,0.677716189931735,"gpath_3neocort"
"5607","KBTBD3","Inh ENOX2 SPHKAP",0.0776463872360197,4.70806342028225,1.96742540176734,0.161651807923596,0.507910857689437,0.476684658002979,"gpath_3neocort"
"5608","AASDHPPT","Inh ENOX2 SPHKAP",0.0370703141169907,5.96259830351467,0.8303321044126,0.362834812839841,0.708893738458235,0.687532854287627,"gpath_3neocort"
"5609","GUCY1A2","Inh ENOX2 SPHKAP",0.103003593154084,7.51398893379364,10.4704409340049,0.00133463622286079,0.06076454582574,0.0391878137261386,"gpath_3neocort"
"5610","AP000766.1","Inh ENOX2 SPHKAP",0.0683748560983566,3.92261779548725,0.58995117164456,0.442981620840351,0.762793897316395,0.748178922289016,"gpath_3neocort"
"5611","CWF19L2","Inh ENOX2 SPHKAP",0.0488110210208695,6.40839187111147,1.52064064836386,0.218391223734748,0.575978131863157,0.54868073324159,"gpath_3neocort"
"5612","ALKBH8","Inh ENOX2 SPHKAP",-0.0559062449904578,5.20747162601466,1.21481233112361,0.271176073775299,0.630548689292513,0.604984320813057,"gpath_3neocort"
"5613","ELMOD1","Inh ENOX2 SPHKAP",-0.0717317784715729,6.97616892304935,7.31470533199237,0.00719030561796339,0.129665177977273,0.100502077793643,"gpath_3neocort"
"5614","RAB39A","Inh ENOX2 SPHKAP",-0.0164137358712286,4.28378052973219,0.0225241340364097,0.880791907053148,0.978345111313283,0.975724822692612,"gpath_3neocort"
"5615","CUL5","Inh ENOX2 SPHKAP",-0.0249352153814802,6.8350065658793,0.943922042043587,0.647172708787381,0.882038885678308,0.874453276869474,"gpath_3neocort"
"5616","ACAT1","Inh ENOX2 SPHKAP",-0.0870739261249742,6.00377095087749,5.25826371307387,0.0224647625721059,0.216167843801549,0.181431995843848,"gpath_3neocort"
"5617","NPAT","Inh ENOX2 SPHKAP",-0.0365108279225195,5.83007089174767,0.877909004682027,0.349453179980005,0.698046167516982,0.676045910754565,"gpath_3neocort"
"5618","ATM","Inh ENOX2 SPHKAP",0.0893184635832444,6.83706742750303,9.08324439891098,0.00277723999580141,0.0856982292316283,0.059651897622591,"gpath_3neocort"
"5619","KDELC2","Inh ENOX2 SPHKAP",0.0739782857473857,4.16044616973612,0.986023390033168,0.321436295571812,0.673005084127781,0.651685809856053,"gpath_3neocort"
"5620","DDX10","Inh ENOX2 SPHKAP",0.0184809106844313,6.59114981486349,0.326263220610945,0.568252559986204,0.843019287868637,0.830010416608362,"gpath_3neocort"
"5621","C11orf87","Inh ENOX2 SPHKAP",-0.0567250750449866,6.32722067927566,2.41612140289027,0.121040572891159,0.447831724473443,0.416171857858879,"gpath_3neocort"
"5622","RDX","Inh ENOX2 SPHKAP",-0.0265781706179183,6.79858850372188,0.817948146931556,0.381273816010821,0.722660603378654,0.70224436429055,"gpath_3neocort"
"5623","ZC3H12C","Inh ENOX2 SPHKAP",0.103079507708716,5.89827978914681,7.15737856764116,0.00783394172643394,0.135251588714884,0.10513613243598,"gpath_3neocort"
"5624","FDX1","Inh ENOX2 SPHKAP",0.0153347118164224,4.98692946426724,0.0800267449341693,0.777436710242719,0.944495130113347,0.937201944402057,"gpath_3neocort"
"5625","ARHGAP20","Inh ENOX2 SPHKAP",0.0279010752132174,7.88531762923317,1.11761535098732,0.291197833034607,0.6483694640871,0.623890605882164,"gpath_3neocort"
"5626","SIK2","Inh ENOX2 SPHKAP",0.0585592914413165,7.09905257400639,2.06134182348078,0.152014537763862,0.494923961465892,0.463145645035323,"gpath_3neocort"
"5627","PPP2R1B","Inh ENOX2 SPHKAP",0.0914822531843601,4.42779529380868,1.74872819755954,0.186943051473162,0.540033057029264,0.510843538611321,"gpath_3neocort"
"5628","CRYAB","Inh ENOX2 SPHKAP",0.140290492102807,5.01322030526117,1.90528966630732,0.168412118747408,0.518440590239748,0.486248113534037,"gpath_3neocort"
"5629","DIXDC1","Inh ENOX2 SPHKAP",0.0612134275703799,7.15571912480559,5.11116245933791,0.024416626584506,0.226016263954296,0.189196832652774,"gpath_3neocort"
"5630","DLAT","Inh ENOX2 SPHKAP",-0.0132239655807469,4.88449941523694,0.0561278811831385,0.913796703039185,0.988398566499565,0.984902135669139,"gpath_3neocort"
"5631","TIMM8B","Inh ENOX2 SPHKAP",-0.121084490441383,4.04683657015893,1.6017762816326,0.206535311888129,0.562921402061108,0.534947025225203,"gpath_3neocort"
"5632","AP002884.3","Inh ENOX2 SPHKAP",-0.161989581449012,4.48126139120688,4.35380212760017,0.0376858009991941,0.273240750980963,0.235578245976141,"gpath_3neocort"
"5633","BCO2","Inh ENOX2 SPHKAP",0.0403539464522307,4.82940442401349,0.424998444251536,0.514902515453321,0.809894388544427,0.797384321723907,"gpath_3neocort"
"5634","PTS","Inh ENOX2 SPHKAP",-0.134723771150769,5.44765751720165,6.0384146023279,0.0145065088613858,0.175964444822338,0.145260560865952,"gpath_3neocort"
"5635","AP002884.1","Inh ENOX2 SPHKAP",-0.0834494247806073,4.11352152053083,0.795041697128351,0.373222957800188,0.717135983239587,0.696125210067279,"gpath_3neocort"
"5636","NCAM1","Inh ENOX2 SPHKAP",0.010117192418319,9.49397172154684,0.367480648538411,0.544793213287698,0.830104257705461,0.816372283388527,"gpath_3neocort"
"5637","ZW10","Inh ENOX2 SPHKAP",-0.104273109402333,4.28635654840512,2.3092020921588,0.129557702140938,0.460358668062951,0.429741178506518,"gpath_3neocort"
"5638","USP28","Inh ENOX2 SPHKAP",0.0434467896679006,5.61705871994275,1.0824341841062,0.32187946584388,0.673353864315295,0.652034599458579,"gpath_3neocort"
"5639","ZBTB16","Inh ENOX2 SPHKAP",0.0144485550603501,7.42023951178036,0.130944303919575,0.717684170256301,0.916890803248471,0.909431825617898,"gpath_3neocort"
"5640","CADM1","Inh ENOX2 SPHKAP",0.0356526397135874,8.78669183284904,2.20130466802095,0.138838620520848,0.47478271691879,0.443987039854801,"gpath_3neocort"
"5641","AP000462.1","Inh ENOX2 SPHKAP",-0.165139939834115,3.88086337378858,2.11708707817582,0.146604132010175,0.48548468028886,0.455433229895533,"gpath_3neocort"
"5642","SIK3","Inh ENOX2 SPHKAP",0.0167993390597961,8.6561800585716,0.494154743410067,0.482570311589883,0.788656397601099,0.775605620903324,"gpath_3neocort"
"5643","PAFAH1B2","Inh ENOX2 SPHKAP",0.0646878367772646,6.01490294797879,2.72441767020368,0.0997657319006875,0.412064423542748,0.379131815787932,"gpath_3neocort"
"5644","SIDT2","Inh ENOX2 SPHKAP",-0.11077996699473,4.68178692678017,3.46269235965167,0.0636480843745786,0.338309213257707,0.305479394077677,"gpath_3neocort"
"5645","PCSK7","Inh ENOX2 SPHKAP",-0.076935947220522,6.17763486087752,4.35581858056975,0.0376418106690235,0.273240750980963,0.235461144339495,"gpath_3neocort"
"5646","RNF214","Inh ENOX2 SPHKAP",-0.0354913106185468,5.16796956555536,0.554580964182703,0.456976481550046,0.772289388908063,0.758162954636906,"gpath_3neocort"
"5647","BACE1","Inh ENOX2 SPHKAP",-0.0481612409325946,6.15125238238648,1.90194886575733,0.168784698050849,0.518440590239748,0.486707877332887,"gpath_3neocort"
"5648","CEP164","Inh ENOX2 SPHKAP",-0.0935576954622554,6.34774147203196,6.22886862163661,0.0130511099497271,0.167846191123169,0.137189266337831,"gpath_3neocort"
"5649","AP000892.1","Inh ENOX2 SPHKAP",-0.0712544255715385,3.78595456103778,0.459951125757747,0.498117197602065,0.799570690907056,0.786099274549535,"gpath_3neocort"
"5650","DSCAML1","Inh ENOX2 SPHKAP",0.0219304790917627,9.3076044671868,0.691931126446259,0.406103635487969,0.737250084133714,0.720585012728635,"gpath_3neocort"
"5651","SCN2B","Inh ENOX2 SPHKAP",-0.16981359993632,5.80302861190664,10.8468244468244,0.00109585250249094,0.0556398272376376,0.0352489766479258,"gpath_3neocort"
"5652","UBE4A","Inh ENOX2 SPHKAP",-0.0121040183734226,6.15919341352846,0.134705180795526,0.898398517454402,0.984621854440005,0.980848275900976,"gpath_3neocort"
"5653","ATP5MG","Inh ENOX2 SPHKAP",-0.0502877711371107,6.15796246645396,1.62996319126288,0.202596575328662,0.556754766278031,0.530234298622731,"gpath_3neocort"
"5654","KMT2A","Inh ENOX2 SPHKAP",0.0322532549706676,8.58886545586477,2.84782425848112,0.0924328369696689,0.39902009088589,0.365950465613164,"gpath_3neocort"
"5655","TMEM25","Inh ENOX2 SPHKAP",0.0203006955386423,5.49428334451877,0.204426832697826,0.651465109134436,0.883807081742984,0.876790117810095,"gpath_3neocort"
"5656","IFT46","Inh ENOX2 SPHKAP",0.0312500219890821,4.50850815475527,0.271861066226901,0.602432214369594,0.859058680221053,0.849867280619016,"gpath_3neocort"
"5657","ARCN1","Inh ENOX2 SPHKAP",-0.0611891391981681,4.99199796193713,1.34391008182514,0.310558884422829,0.66620805586772,0.641897567696712,"gpath_3neocort"
"5658","PHLDB1","Inh ENOX2 SPHKAP",0.120417481326601,4.77719291865839,5.03621383653306,0.0254783357700299,0.229942570647406,0.193330809333468,"gpath_3neocort"
"5659","AP002954.1","Inh ENOX2 SPHKAP",-0.119327173045584,4.16527954080778,1.29794938986021,0.25540593783525,0.614519042672009,0.589162744858479,"gpath_3neocort"
"5660","DDX6","Inh ENOX2 SPHKAP",0.0160881693903054,6.73507517735701,0.291246000168833,0.589783383066139,0.852390391727358,0.842898868321438,"gpath_3neocort"
"5661","BCL9L","Inh ENOX2 SPHKAP",0.137039423083621,4.42201479300764,4.22857571007451,0.0405266911134721,0.280290424760647,0.244150146649588,"gpath_3neocort"
"5662","CCDC84","Inh ENOX2 SPHKAP",0.0290055465740178,6.23805971543962,0.563165778795033,0.453516741218725,0.76995662865787,0.755712436869095,"gpath_3neocort"
"5663","RPS25","Inh ENOX2 SPHKAP",-0.112972668937387,5.59222061936821,1.86709377766936,0.172729050404327,0.523125139198304,0.492099936603852,"gpath_3neocort"
"5664","TRAPPC4","Inh ENOX2 SPHKAP",0.0135641124044012,4.46766144278683,0.038760452669215,0.844043942478659,0.967359888973227,0.964000434510454,"gpath_3neocort"
"5665","HYOU1","Inh ENOX2 SPHKAP",-0.0561929221599861,4.38329896904992,0.499016470474608,0.480425917249263,0.787735901619491,0.774221284673647,"gpath_3neocort"
"5666","VPS11","Inh ENOX2 SPHKAP",0.0346631034024049,4.47218465831791,0.306118784177843,0.664482033555308,0.888570078449307,0.883627192633613,"gpath_3neocort"
"5667","C2CD2L","Inh ENOX2 SPHKAP",-0.0310666562382245,4.72364471820514,0.249348539638347,0.617863482457706,0.867689918599335,0.858678605900107,"gpath_3neocort"
"5668","HINFP","Inh ENOX2 SPHKAP",-0.0721031513518259,4.78236540020212,1.46263815349817,0.227367641819636,0.586836828479493,0.558877159229209,"gpath_3neocort"
"5669","CBL","Inh ENOX2 SPHKAP",0.0232036595229515,5.89844995609208,0.334557485678508,0.563378183879097,0.840155822992941,0.8273052416673,"gpath_3neocort"
"5670","MCAM","Inh ENOX2 SPHKAP",0.0676550377270804,4.03403227260044,0.545468625076738,0.46069468181111,0.774291475919329,0.760742422907403,"gpath_3neocort"
"5671","USP2-AS1","Inh ENOX2 SPHKAP",-0.210844515054482,4.50470550141175,7.2468052443771,0.00746115078918433,0.132195007453682,0.102555922961156,"gpath_3neocort"
"5672","THY1","Inh ENOX2 SPHKAP",-0.0660521474602058,7.12391400291935,2.16763516780149,0.141886084559765,0.479735384632701,0.448817350139476,"gpath_3neocort"
"5673","NECTIN1","Inh ENOX2 SPHKAP",0.108509860110285,4.47911390575006,2.84336913995581,0.0926870631249142,0.399374610933812,0.366425249602082,"gpath_3neocort"
"5674","TMEM136","Inh ENOX2 SPHKAP",0.02019804596944,4.01082928549712,0.0585582192863473,0.80893818205503,0.954404217104297,0.95020498727177,"gpath_3neocort"
"5675","ARHGEF12","Inh ENOX2 SPHKAP",0.0306429545525983,8.08423053437439,1.89910832302573,0.169102233072752,0.518537771457982,0.487208773872623,"gpath_3neocort"
"5676","SC5D","Inh ENOX2 SPHKAP",0.00953166223131675,4.55887554307054,0.0233339618749236,0.878684212931617,0.978266576276527,0.975108876882374,"gpath_3neocort"
"5677","SORL1","Inh ENOX2 SPHKAP",-0.0987624214693975,6.14754549320514,6.96032541372689,0.00872451789095392,0.141128497046693,0.111330303289775,"gpath_3neocort"
"5678","UBASH3B","Inh ENOX2 SPHKAP",-0.010545466388223,7.96264329405989,0.0990764312035114,0.753137658521731,0.932374080687086,0.926320971922663,"gpath_3neocort"
"5679","JHY","Inh ENOX2 SPHKAP",-0.0377320778304712,5.39256787742517,0.670071269645944,0.41361139856587,0.740992576296177,0.726137320270082,"gpath_3neocort"
"5680","HSPA8","Inh ENOX2 SPHKAP",-0.183055383699078,5.4245156133708,4.04042227071071,0.0452277722071441,0.291674202485542,0.257930778532868,"gpath_3neocort"
"5681","CLMP","Inh ENOX2 SPHKAP",0.00767360152975964,7.35554969188149,0.0424906443945752,0.836813148067844,0.964409807647727,0.961206496831028,"gpath_3neocort"
"5682","GRAMD1B","Inh ENOX2 SPHKAP",-0.0736009993906822,6.97600485520576,5.555640952401,0.0189988691191435,0.199580353271003,0.167036738022971,"gpath_3neocort"
"5683","SCN3B","Inh ENOX2 SPHKAP",-0.01034458325035,7.26787465100005,0.118171262905896,0.731243098908762,0.923927063812045,0.916172472046932,"gpath_3neocort"
"5684","VWA5A","Inh ENOX2 SPHKAP",-0.0216256997297372,4.89548535390809,0.143851529221311,0.704723125930452,0.910520605056487,0.903808116112891,"gpath_3neocort"
"5685","TBRG1","Inh ENOX2 SPHKAP",-0.012010276187202,5.67461216687461,0.0782364185908097,0.779875174271601,0.944495130113347,0.938226212149178,"gpath_3neocort"
"5686","SIAE","Inh ENOX2 SPHKAP",-0.0813951202715941,4.20680597428693,1.05663178041457,0.304729761672853,0.66190962049223,0.636572352799813,"gpath_3neocort"
"5687","NRGN","Inh ENOX2 SPHKAP",-0.0792438056276334,6.03546080245619,1.94399114662654,0.16416418333407,0.51287482108026,0.48038211266808,"gpath_3neocort"
"5688","MSANTD2","Inh ENOX2 SPHKAP",-0.0038647182383365,5.23856915390972,0.00680108343495806,0.934323506251909,0.993269159402148,0.98990390201158,"gpath_3neocort"
"5689","PKNOX2","Inh ENOX2 SPHKAP",0.0327481736476954,7.77515408235091,1.3231308668005,0.250855234167327,0.608880426301453,0.584410082214904,"gpath_3neocort"
"5690","FEZ1","Inh ENOX2 SPHKAP",0.00428557128928504,6.12028960874203,0.0121281354358801,0.986056550565345,0.9984270842391,0.998320179202303,"gpath_3neocort"
"5691","EI24","Inh ENOX2 SPHKAP",0.00885694222990692,5.31084066978537,0.032299156492132,0.891300019980156,0.981581153911649,0.978647454262196,"gpath_3neocort"
"5692","HYLS1","Inh ENOX2 SPHKAP",0.0161608509395916,4.52680378241205,0.062853773299083,0.80219541454141,0.952551397154178,0.94760622802451,"gpath_3neocort"
"5693","DDX25","Inh ENOX2 SPHKAP",-0.0906950707503383,5.3277901200847,3.75342951019203,0.0535435490912809,0.314457297970349,0.28064910230808,"gpath_3neocort"
"5694","CDON","Inh ENOX2 SPHKAP",0.0353623956182432,6.29789674898543,1.22763658291928,0.272025412781278,0.630548689292513,0.605703462290101,"gpath_3neocort"
"5695","FAM118B","Inh ENOX2 SPHKAP",-0.00483205655552312,5.04950755488001,0.00784493807523426,0.929475509133841,0.992451853904102,0.988812096381523,"gpath_3neocort"
"5696","SRPRA","Inh ENOX2 SPHKAP",-0.143958016897056,4.36605930472214,3.51771895815351,0.0615896084905069,0.332460979756406,0.300687958922294,"gpath_3neocort"
"5697","FOXRED1","Inh ENOX2 SPHKAP",-0.128621534508909,5.54213410106954,7.79882479990577,0.00552977550687724,0.119887723524239,0.0872473524126267,"gpath_3neocort"
"5698","AP001318.2","Inh ENOX2 SPHKAP",0.103547468037431,4.60842036100815,2.63330529437219,0.10558873487192,0.419964866844465,0.389713929427255,"gpath_3neocort"
"5699","DCPS","Inh ENOX2 SPHKAP",0.00836259002426973,4.2081647265225,0.0119020812777987,0.989826721138705,0.998951897108485,0.998790808820012,"gpath_3neocort"
"5700","KIRREL3","Inh ENOX2 SPHKAP",-0.0587860953928285,8.44458153940134,0.65426884920851,0.41916735639822,0.744501151098574,0.730460928866444,"gpath_3neocort"
"5701","KCNJ5","Inh ENOX2 SPHKAP",-0.0392441744775974,5.39967126250619,0.631247283122546,0.427463301224816,0.750996699397502,0.737033270634893,"gpath_3neocort"
"5702","ARHGAP32","Inh ENOX2 SPHKAP",0.0264531917049473,8.5408550243362,1.45388690453419,0.228760231145255,0.588387732208464,0.560372753745926,"gpath_3neocort"
"5703","NFRKB","Inh ENOX2 SPHKAP",-0.0471010013463492,4.49798372443498,0.562826285240624,0.453652775081651,0.76995662865787,0.755788368357636,"gpath_3neocort"
"5704","PRDM10","Inh ENOX2 SPHKAP",-0.0105340139981474,5.09518980529253,0.0462883667891124,0.82978400147937,0.962916920097718,0.958569817717939,"gpath_3neocort"
"5705","APLP2","Inh ENOX2 SPHKAP",0.00309266108653685,7.20299117323691,0.00933490748219998,0.923088343788654,0.990636355721171,0.987249568847253,"gpath_3neocort"
"5706","ZBTB44","Inh ENOX2 SPHKAP",0.0773749820563138,6.22877390746686,4.32426806191219,0.0383363474411482,0.273876430580498,0.237439084368918,"gpath_3neocort"
"5707","SNX19","Inh ENOX2 SPHKAP",-0.0594534726876967,5.45033000304607,1.53717060815664,0.215911301167612,0.572432412406808,0.545672109873597,"gpath_3neocort"
"5708","NTM","Inh ENOX2 SPHKAP",0.0199304663132916,10.4104230028781,0.713350506989379,0.398939361527295,0.733117007377914,0.715466716850836,"gpath_3neocort"
"5709","OPCML","Inh ENOX2 SPHKAP",0.0591072943462015,11.4172227498215,8.50450395551236,0.00378268199348032,0.0992877553976048,0.0705379429055148,"gpath_3neocort"
"5710","IGSF9B","Inh ENOX2 SPHKAP",0.128247537442858,5.97441537285648,5.1186408666302,0.0243132515481833,0.225488041501152,0.18883376456768,"gpath_3neocort"
"5711","JAM3","Inh ENOX2 SPHKAP",0.0245295687687379,7.2356242658613,0.493283069230257,0.482956453643325,0.788919715780642,0.775870305991992,"gpath_3neocort"
"5712","NCAPD3","Inh ENOX2 SPHKAP",-0.136130333230963,4.97467374280207,6.73376463633532,0.00987838018482821,0.148450102222002,0.119148339612972,"gpath_3neocort"
"5713","VPS26B","Inh ENOX2 SPHKAP",-0.0438978330262788,5.01308231870619,0.74977183102737,0.387171092762151,0.726423659542084,0.706893321234971,"gpath_3neocort"
"5714","ACAD8","Inh ENOX2 SPHKAP",-0.0473303830501964,4.09156216291865,0.351853121314283,0.553468117518022,0.835191388279173,0.821566887837813,"gpath_3neocort"
"5715","GLB1L3","Inh ENOX2 SPHKAP",0.0319041339074251,5.23884225397339,0.399686055671957,0.527684691330329,0.817726531536401,0.805614788049247,"gpath_3neocort"
"5716","B3GAT1","Inh ENOX2 SPHKAP",0.0895606888088376,5.16645792705634,3.35834623890428,0.0677568178942328,0.348703300903467,0.314953361241456,"gpath_3neocort"
"5717","ZMYND11","Inh ENOX2 SPHKAP",0.0345039872767954,7.37335769507754,1.91486733207029,0.167349213561848,0.518110198190241,0.484862625386302,"gpath_3neocort"
"5718","DIP2C","Inh ENOX2 SPHKAP",0.00270791943343654,8.80532200637447,0.0114730592330248,0.914764254808506,0.98867639437572,0.985161281048192,"gpath_3neocort"
"5719","LARP4B","Inh ENOX2 SPHKAP",-0.016850161287508,6.75379202907113,0.397499993785252,0.528815063539699,0.818176213655797,0.806388316566013,"gpath_3neocort"
"5720","GTPBP4","Inh ENOX2 SPHKAP",0.0621739663940668,4.63600804515272,1.10861073157818,0.395931235573259,0.731747650789979,0.713228488972967,"gpath_3neocort"
"5721","IDI2-AS1","Inh ENOX2 SPHKAP",-0.148854003087067,4.33118065563728,3.28122618379025,0.0709762417949149,0.355355600307908,0.321957306502167,"gpath_3neocort"
"5722","IDI1","Inh ENOX2 SPHKAP",-0.098519519717211,5.00934840939848,2.61296637380369,0.1069390234774,0.424011486409986,0.392205606100254,"gpath_3neocort"
"5723","WDR37","Inh ENOX2 SPHKAP",-0.0697938039408784,6.58577316888707,4.23457027319368,0.040385677738351,0.28000473512157,0.243751944805084,"gpath_3neocort"
"5724","ADARB2","Inh ENOX2 SPHKAP",0.14554117563322,5.38417452606847,3.10274546692157,0.0790768457258891,0.374174112574688,0.339032199816235,"gpath_3neocort"
"5725","PFKP","Inh ENOX2 SPHKAP",0.00533648302399298,5.48682000406355,0.0115564064372463,0.914456403210803,0.98867639437572,0.985098470389985,"gpath_3neocort"
"5726","PITRM1","Inh ENOX2 SPHKAP",0.00323269090921958,5.40338595867458,0.00525502015235906,0.942254219931832,0.993518947956843,0.991414870407458,"gpath_3neocort"
"5727","AKR1E2","Inh ENOX2 SPHKAP",-0.164697332234185,4.82352547498335,6.80821773687066,0.00948279811756504,0.145936420934113,0.116673364451874,"gpath_3neocort"
"5728","AKR1C1","Inh ENOX2 SPHKAP",0.065402620046388,3.82372477058577,0.404404562889534,0.525259522801125,0.815915972728882,0.803897741054208,"gpath_3neocort"
"5729","ASB13","Inh ENOX2 SPHKAP",-0.141562645876024,4.67242426003903,5.68250474847678,0.0176940037825444,0.194236111072003,0.161280051348138,"gpath_3neocort"
"5730","FAM208B","Inh ENOX2 SPHKAP",0.00563713690745991,7.23502603909786,0.0540745957433847,0.816261719800716,0.957796918594936,0.953152228564897,"gpath_3neocort"
"5731","GDI2","Inh ENOX2 SPHKAP",0.0352950056728484,5.76198688062667,0.901050775764678,0.343187609743214,0.691917379643772,0.67057626991333,"gpath_3neocort"
"5732","ANKRD16","Inh ENOX2 SPHKAP",0.00772328693909193,5.94505086580922,0.0382471668506882,0.84506678492286,0.967882360574424,0.964395373295692,"gpath_3neocort"
"5733","FBH1","Inh ENOX2 SPHKAP",0.049271527580507,5.33788786164213,1.14574561676766,0.347869120590001,0.697747285960224,0.674740791099307,"gpath_3neocort"
"5734","RBM17","Inh ENOX2 SPHKAP",-0.0297353137645457,5.8189039437437,0.754409841253429,0.385708369804987,0.72608314424144,0.705874921726242,"gpath_3neocort"
"5735","PFKFB3","Inh ENOX2 SPHKAP",-0.0103175078412308,5.80020366793823,0.0596886420300247,0.807139001186722,0.953410916248945,0.94954195339458,"gpath_3neocort"
"5736","PRKCQ","Inh ENOX2 SPHKAP",0.0319669102411954,5.9297525986479,0.342887950346597,0.558563075833135,0.837199820295993,0.824417458946501,"gpath_3neocort"
"5737","SFMBT2","Inh ENOX2 SPHKAP",0.0265950235124654,8.2745333987833,0.831684147494454,0.362444866138798,0.708868811462642,0.687149477672147,"gpath_3neocort"
"5738","KIN","Inh ENOX2 SPHKAP",-0.0391947165674893,5.10135570343002,0.690194383962973,0.40669275661243,0.737250084133714,0.721039514259276,"gpath_3neocort"
"5739","ATP5F1C","Inh ENOX2 SPHKAP",-0.00376440640387225,5.40649774240757,0.00749781723167496,0.931049439779352,0.992579123934825,0.989181936655618,"gpath_3neocort"
"5740","TAF3","Inh ENOX2 SPHKAP",0.0153956653002708,6.57369487650187,0.212575145564443,0.645057072443518,0.881448868178843,0.873450354867297,"gpath_3neocort"
"5741","CELF2","Inh ENOX2 SPHKAP",0.00633091761754933,10.2492996299382,0.138952667280787,0.709561272473846,0.913136998989073,0.906023577516698,"gpath_3neocort"
"5742","USP6NL","Inh ENOX2 SPHKAP",0.0227426289780893,5.13696286695627,0.161580828239107,0.687962778744974,0.901973157583322,0.895576378057317,"gpath_3neocort"
"5743","UPF2","Inh ENOX2 SPHKAP",0.0455269232240419,6.0770085071046,1.83263964294396,0.176732983219303,0.527113725741106,0.497537101749127,"gpath_3neocort"
"5744","DHTKD1","Inh ENOX2 SPHKAP",-0.0385153580894471,5.29366688492995,0.583618676397304,0.445437650865919,0.762971304613294,0.750033417016754,"gpath_3neocort"
"5745","SEC61A2","Inh ENOX2 SPHKAP",-0.0623668739313348,5.63991952379955,2.52806208756687,0.112785167385216,0.433084369084084,0.402200692999041,"gpath_3neocort"
"5746","NUDT5","Inh ENOX2 SPHKAP",-0.0227634075521855,5.64887301080209,0.325758410786099,0.568551873482743,0.843021713136024,0.83022210073373,"gpath_3neocort"
"5747","CDC123","Inh ENOX2 SPHKAP",-0.0514757998063668,5.46718161726389,1.31100261760414,0.253034405590023,0.61102577447271,0.586779485955212,"gpath_3neocort"
"5748","CAMK1D","Inh ENOX2 SPHKAP",-0.0866234326459381,7.70810827076313,6.39405112214192,0.0119111924573849,0.160541254450746,0.1310594441468,"gpath_3neocort"
"5749","CCDC3","Inh ENOX2 SPHKAP",0.0504017203958168,6.82377291335508,1.49916709681616,0.221663943571261,0.579354935627893,0.552427356879026,"gpath_3neocort"
"5750","OPTN","Inh ENOX2 SPHKAP",-0.0160006954012841,6.14555089678724,0.22123198546348,0.638410317503947,0.878600606103109,0.869958806365068,"gpath_3neocort"
"5751","BEND7","Inh ENOX2 SPHKAP",0.102142269902438,5.0946791892663,2.6468367802034,0.104700792254263,0.418201933950784,0.388148031190467,"gpath_3neocort"
"5752","AL157392.5","Inh ENOX2 SPHKAP",0.061969843462022,4.84238920081746,1.23391835058822,0.267446748363433,0.626433379331033,0.601237135200072,"gpath_3neocort"
"5753","FRMD4A","Inh ENOX2 SPHKAP",0.0158665488859902,11.5787677033307,0.513078507290434,0.474310598063373,0.782655873040069,0.769904743915727,"gpath_3neocort"
"5754","HSPA14-1","Inh ENOX2 SPHKAP",0.0152101965064056,4.34606592855332,0.0461569676131046,0.830022059689626,0.962916920097718,0.958648608252128,"gpath_3neocort"
"5755","DCLRE1C","Inh ENOX2 SPHKAP",0.0996459338854596,4.14704795611265,1.50882323607957,0.220185056666782,0.578117695772738,0.550729781841265,"gpath_3neocort"
"5756","RPP38","Inh ENOX2 SPHKAP",-0.120386009418323,4.48058175867809,2.94081988406895,0.0872960138662466,0.389770097675153,0.356237747935999,"gpath_3neocort"
"5757","NMT2","Inh ENOX2 SPHKAP",-0.008462737544994,6.29434551974607,0.0481305700670915,0.826482987612459,0.961952094667183,0.957178603061363,"gpath_3neocort"
"5758","FAM171A1","Inh ENOX2 SPHKAP",0.0128965334420089,6.84041976793271,0.199771547094456,0.904317019826464,0.985974882947517,0.982464023390289,"gpath_3neocort"
"5759","ITGA8","Inh ENOX2 SPHKAP",0.114340284804525,6.92302108442465,3.59446005811093,0.0588368774442728,0.325775073692025,0.294393782257436,"gpath_3neocort"
"5760","MINDY3","Inh ENOX2 SPHKAP",0.00798387808660916,6.13726656966905,0.0515680062087411,0.820496114167618,0.958722241392401,0.954864629718737,"gpath_3neocort"
"5761","RSU1","Inh ENOX2 SPHKAP",-0.015557638853396,6.21578532271358,0.15137375110269,0.69747434294855,0.906880198724163,0.899893050609832,"gpath_3neocort"
"5762","CUBN","Inh ENOX2 SPHKAP",0.247751133247938,4.53206719001791,12.1300418392773,0.00056230214879408,0.0401218919750735,0.0239665219025169,"gpath_3neocort"
"5763","TRDMT1","Inh ENOX2 SPHKAP",-0.0167691497998286,4.87195852693626,0.0887810611253461,0.765918117358122,0.936382097623262,0.931965151166616,"gpath_3neocort"
"5764","HACD1","Inh ENOX2 SPHKAP",-0.123474870796151,4.91328529084932,5.13427824981852,0.024098566122815,0.224566351104279,0.188008488330277,"gpath_3neocort"
"5765","STAM","Inh ENOX2 SPHKAP",0.0146606298190426,5.67263791030521,0.143252942366031,0.705309194138293,0.910673685032975,0.904082852082197,"gpath_3neocort"
"5766","CACNB2","Inh ENOX2 SPHKAP",0.0331098950118786,10.4455752059777,2.9764199474412,0.085412532718836,0.386377275569435,0.352397776574613,"gpath_3neocort"
"5767","AL450384.2","Inh ENOX2 SPHKAP",-0.0548630056788387,5.69110275884577,1.49870481661999,0.221735042625299,0.579354935627893,0.552501963879165,"gpath_3neocort"
"5768","NSUN6","Inh ENOX2 SPHKAP",0.0187165093425649,6.52393240365264,0.303342545619903,0.58216331696443,0.84981357826407,0.838425982355287,"gpath_3neocort"
"5769","ARL5B","Inh ENOX2 SPHKAP",0.130204640790826,4.61365313927144,5.26898452976904,0.0223290200567455,0.216167843801549,0.180949841870621,"gpath_3neocort"
"5770","MALRD1","Inh ENOX2 SPHKAP",-0.0915572410076824,3.90119935429085,0.68904690847375,0.407082680250167,0.737520212144396,0.721275210748175,"gpath_3neocort"
"5771","PLXDC2","Inh ENOX2 SPHKAP",0.1503545574597,5.55940013637463,4.99949740191257,0.0260159311114664,0.233066363535841,0.195353793799885,"gpath_3neocort"
"5772","NEBL","Inh ENOX2 SPHKAP",0.0454747021851567,9.11311629173216,4.73454555047312,0.030264408290045,0.248494779029054,0.21101619355005,"gpath_3neocort"
"5773","MLLT10","Inh ENOX2 SPHKAP",-0.0199309796508743,7.637326721059,0.738171242272924,0.39086457900774,0.728112007921263,0.709773668618931,"gpath_3neocort"
"5774","DNAJC1","Inh ENOX2 SPHKAP",-0.0492598646094861,6.14462001752678,1.36574625588473,0.243378936632969,0.602037940859763,0.576216414320061,"gpath_3neocort"
"5775","BMI1","Inh ENOX2 SPHKAP",0.211862588232765,4.14241459284737,7.93525253723601,0.00513698605530013,0.117340760659977,0.0836765349428771,"gpath_3neocort"
"5776","PIP4K2A","Inh ENOX2 SPHKAP",-0.0632846193801002,5.26003448798614,1.28676580710593,0.257459685342478,0.61600550758355,0.591085199243457,"gpath_3neocort"
"5777","MSRB2","Inh ENOX2 SPHKAP",-0.15850681594286,4.76126130895121,6.03201558420625,0.0145582272999603,0.175964444822338,0.145537378354521,"gpath_3neocort"
"5778","KIAA1217","Inh ENOX2 SPHKAP",-0.00845547661597253,11.3003760283487,0.186510968650071,0.666115643869132,0.88931095969257,0.884415108543309,"gpath_3neocort"
"5779","ARHGAP21","Inh ENOX2 SPHKAP",0.0734319010888519,7.49738861609511,8.04002654330158,0.00485481889313851,0.113372245518904,0.0810396078235907,"gpath_3neocort"
"5780","PRTFDC1","Inh ENOX2 SPHKAP",-0.059417283145458,5.96088345185874,1.97920377056996,0.160405701848668,0.506118025180843,0.474992792123115,"gpath_3neocort"
"5781","GPR158","Inh ENOX2 SPHKAP",0.00966265829233539,7.72069345534086,0.047770302621813,0.827123269456879,0.961952094667183,0.957374993067929,"gpath_3neocort"
"5782","LINC00836","Inh ENOX2 SPHKAP",-0.026987384797274,3.97623960602868,0.063491288959291,0.801215800454304,0.952421809670899,0.947191612012035,"gpath_3neocort"
"5783","GAD2","Inh ENOX2 SPHKAP",0.0155932123890963,8.14334716216603,0.213588632583569,0.644270505619089,0.881448868178843,0.873129049361364,"gpath_3neocort"
"5784","PDSS1","Inh ENOX2 SPHKAP",-0.0457622791972445,4.99408856855317,0.759440850570194,0.384130599802303,0.724794377228217,0.704457790394187,"gpath_3neocort"
"5785","ABI1","Inh ENOX2 SPHKAP",-0.0299099244136952,6.39407282537439,1.01375903041895,0.575664856628384,0.845900315657619,0.834545029589572,"gpath_3neocort"
"5786","ANKRD26","Inh ENOX2 SPHKAP",0.0425918158710804,7.91044672255471,2.93001529581275,0.0878765470853582,0.390215146154682,0.357225150905952,"gpath_3neocort"
"5787","YME1L1","Inh ENOX2 SPHKAP",0.057978083405015,6.42288443961488,3.65162102024205,0.0568719928894659,0.321988062068383,0.289446740421129,"gpath_3neocort"
"5788","ACBD5","Inh ENOX2 SPHKAP",0.00135497785310883,5.40526748260232,0.00104647070820444,0.974212929599487,0.997170280740144,0.997066730902856,"gpath_3neocort"
"5789","RAB18","Inh ENOX2 SPHKAP",0.0319825349679478,6.24654177418279,1.02684421873417,0.311635779790852,0.66620805586772,0.642680018618309,"gpath_3neocort"
"5790","MPP7","Inh ENOX2 SPHKAP",-0.100379903064046,5.12825588467132,3.61766153316245,0.0580307385362145,0.324799719294732,0.292481081248601,"gpath_3neocort"
"5791","WAC-AS1","Inh ENOX2 SPHKAP",-0.135042564269953,5.66315978950454,7.61717119582358,0.0061010800924328,0.12377566237523,0.0924438237076674,"gpath_3neocort"
"5792","WAC","Inh ENOX2 SPHKAP",0.0469696832514613,7.12746745237144,3.07968898943406,0.0801941117930876,0.37598953328892,0.341422845437452,"gpath_3neocort"
"5793","MTPAP","Inh ENOX2 SPHKAP",0.0289095418470716,4.93134270547326,0.312404356562232,0.57658369938696,0.846076701601355,0.835121134652472,"gpath_3neocort"
"5794","ZNF438","Inh ENOX2 SPHKAP",-0.0178914612264884,6.76239255044804,0.245323479739552,0.620713633886069,0.870168415362743,0.860330435496337,"gpath_3neocort"
"5795","AL356258.1","Inh ENOX2 SPHKAP",-0.0217308598117309,4.02804925729297,0.0441037139205171,0.833789037442828,0.963502746721047,0.960112255196881,"gpath_3neocort"
"5796","ZEB1-AS1","Inh ENOX2 SPHKAP",0.0501598438431426,4.28405965018652,0.346092911110675,0.556731481449153,0.836996892003553,0.82336922034038,"gpath_3neocort"
"5797","ZEB1","Inh ENOX2 SPHKAP",0.0577923150089507,7.8232475225989,3.06496820151913,0.0809163810138725,0.378283110087898,0.34296217882617,"gpath_3neocort"
"5798","ARHGAP12","Inh ENOX2 SPHKAP",-0.0586732969880456,6.37905828726344,2.76206506645638,0.0974633808799567,0.407863516548783,0.375011375244163,"gpath_3neocort"
"5799","KIF5B","Inh ENOX2 SPHKAP",0.0045236973164774,5.96153527339598,0.0153970787550322,0.901322770708199,0.985533466494216,0.981627396354447,"gpath_3neocort"
"5800","EPC1","Inh ENOX2 SPHKAP",0.00464895268427479,7.07898904425716,0.0285942475850315,0.865821830502554,0.973907575702409,0.971141614340151,"gpath_3neocort"
"5801","CCDC7","Inh ENOX2 SPHKAP",0.0389998815356142,7.16040775324298,1.33352746700571,0.249005575266427,0.606839711844551,0.582228326806123,"gpath_3neocort"
"5802","ITGB1","Inh ENOX2 SPHKAP",-0.0563994054699605,5.17009943190693,1.18993137068939,0.27613105166507,0.635281253780055,0.609629967305208,"gpath_3neocort"
"5803","PARD3","Inh ENOX2 SPHKAP",-0.0563809826079717,6.44758962892122,1.55167119406181,0.213763497314576,0.570309297766943,0.543319502787588,"gpath_3neocort"
"5804","CUL2","Inh ENOX2 SPHKAP",-0.0799134494225132,5.4367514025404,2.86028757944937,0.0917256656282735,0.397980218620841,0.364473178075388,"gpath_3neocort"
"5805","CREM","Inh ENOX2 SPHKAP",0.0208147699436907,5.30052293385745,0.169268684445918,0.681026892831569,0.898334703954847,0.892243755728098,"gpath_3neocort"
"5806","CCNY","Inh ENOX2 SPHKAP",-0.0675462366467034,6.98538718171573,6.45480726445132,0.0115182234991936,0.159324517663562,0.128850983088135,"gpath_3neocort"
"5807","AL117336.3","Inh ENOX2 SPHKAP",0.0571309008710905,5.32366134045383,1.44056731019952,0.230899613246367,0.590674359921662,0.562734802425551,"gpath_3neocort"
"5808","ZNF248","Inh ENOX2 SPHKAP",0.012784806367811,7.28513201291929,0.155538208412914,0.693550178003511,0.905576781093884,0.898239219531138,"gpath_3neocort"
"5809","ZNF25","Inh ENOX2 SPHKAP",-0.0036668845060345,5.96553288269189,0.0112528465315918,0.915583118370301,0.988902884504214,0.985335674383756,"gpath_3neocort"
"5810","ZNF33A","Inh ENOX2 SPHKAP",0.0227040153594377,6.8085756376712,0.475072135468857,0.491142318463841,0.795903809580715,0.781382151244063,"gpath_3neocort"
"5811","AL117339.5","Inh ENOX2 SPHKAP",-0.0519506712978428,5.68932514452642,0.844964820908366,0.35864517833821,0.705523532709841,0.683722331446318,"gpath_3neocort"
"5812","ZNF33B","Inh ENOX2 SPHKAP",0.0103437948425539,6.44463041282894,0.082522167176923,0.774086549325606,0.942342765597998,0.935646505114566,"gpath_3neocort"
"5813","BMS1","Inh ENOX2 SPHKAP",-0.0153327121619746,5.52566601890099,0.134210782092386,0.77718149155027,0.944489375354615,0.93704578057059,"gpath_3neocort"
"5814","CSGALNACT2","Inh ENOX2 SPHKAP",-0.0160266587676446,5.90398817402472,0.15409335475705,0.810861534765004,0.954733893913413,0.951027917698555,"gpath_3neocort"
"5815","RASGEF1A","Inh ENOX2 SPHKAP",0.0204568883203241,5.21035295468062,0.191669211124546,0.900965395309303,0.985533466494216,0.98158562512659,"gpath_3neocort"
"5816","HNRNPF","Inh ENOX2 SPHKAP",0.0387745049242017,4.75899386091978,0.4891097985119,0.484812255718071,0.790936797819161,0.777111058648013,"gpath_3neocort"
"5817","ZNF487","Inh ENOX2 SPHKAP",-0.119571719526748,4.72318359097005,3.75151009784196,0.0536043453102053,0.314457297970349,0.28080923589152,"gpath_3neocort"
"5818","TMEM72-AS1","Inh ENOX2 SPHKAP",-0.0121626743180425,5.88944867407532,0.0785261844428646,0.779478479678697,0.944495130113347,0.938093440009544,"gpath_3neocort"
"5819","RASSF4","Inh ENOX2 SPHKAP",-0.117072124709817,5.66983063069325,5.88348171666907,0.0158138973283998,0.182675838889629,0.151884843286577,"gpath_3neocort"
"5820","ZNF22","Inh ENOX2 SPHKAP",-0.00554642843598409,4.54603031903485,0.00753224299994767,0.943133461147553,0.993751923679859,0.991570906423702,"gpath_3neocort"
"5821","MARCH8","Inh ENOX2 SPHKAP",-0.0534363064273083,5.3712015729264,1.15355300170563,0.28358325389722,0.640385789146006,0.616494574865845,"gpath_3neocort"
"5822","ZFAND4","Inh ENOX2 SPHKAP",0.138273124699229,4.29982025695308,3.89939704540976,0.0491281654088736,0.303945409626182,0.269041890725031,"gpath_3neocort"
"5823","WASHC2C","Inh ENOX2 SPHKAP",0.0933736611475565,5.06856904470965,3.82412541648569,0.0513546225778096,0.308815453547989,0.274869504860218,"gpath_3neocort"
"5824","AGAP4","Inh ENOX2 SPHKAP",-0.0667218834810453,5.6292859099522,3.00572056182204,0.116962672368273,0.442367199771922,0.409432503137886,"gpath_3neocort"
"5825","TIMM23","Inh ENOX2 SPHKAP",-0.0227560618256714,4.78107074189546,0.164838444851792,0.740740675358991,0.927743429387176,0.920815030760454,"gpath_3neocort"
"5826","NCOA4","Inh ENOX2 SPHKAP",0.0472522982251833,5.13476580296619,1.00288530495479,0.317339555763796,0.669820756871124,0.647907748229704,"gpath_3neocort"
"5827","AL356056.2","Inh ENOX2 SPHKAP",0.0345749880098165,6.21786861111664,0.804882096566281,0.370285008591385,0.715443534456927,0.693915222911609,"gpath_3neocort"
"5828","PTPN20","Inh ENOX2 SPHKAP",-0.00812038971864679,5.07062201037574,0.0111888858835117,0.91582247237659,0.988942031049371,0.985427425892356,"gpath_3neocort"
"5829","AGAP9","Inh ENOX2 SPHKAP",-0.0322221392417011,5.27423523435621,0.406826123792874,0.524022622857314,0.814904551482677,0.803049474197538,"gpath_3neocort"
"5830","MAPK8","Inh ENOX2 SPHKAP",0.0378226618450472,7.6569635770158,2.02025441583304,0.156147731182529,0.500680476211877,0.468998827191956,"gpath_3neocort"
"5831","ARHGAP22","Inh ENOX2 SPHKAP",0.0445786451862638,5.2395802856681,0.612332480367585,0.434466316135461,0.757053424929146,0.741775695613954,"gpath_3neocort"
"5832","VSTM4","Inh ENOX2 SPHKAP",0.151503994701571,4.54141016356448,5.04517304983426,0.025348925096141,0.229891892697469,0.192833387104813,"gpath_3neocort"
"5833","ERCC6","Inh ENOX2 SPHKAP",0.0250717144774427,5.5432384506553,0.320598103454243,0.571629313674001,0.84494934070392,0.832103647012359,"gpath_3neocort"
"5834","OGDHL","Inh ENOX2 SPHKAP",-0.0816536526717522,5.16452386866578,2.81745827503171,0.0941808533893782,0.401922427948076,0.369160441488609,"gpath_3neocort"
"5835","PARG","Inh ENOX2 SPHKAP",-0.00679972928605249,6.671995730146,0.0485267277268877,0.825781813346752,0.961952094667183,0.956922348517967,"gpath_3neocort"
"5836","TIMM23B","Inh ENOX2 SPHKAP",0.0664541973708486,6.5771542928507,2.37314625120928,0.124386513500845,0.454021369280907,0.421661296420384,"gpath_3neocort"
"5837","LINC00843","Inh ENOX2 SPHKAP",-0.0467772205509055,5.06403255561438,0.818186236051086,0.366364087675221,0.711865305342764,0.690772511174226,"gpath_3neocort"
"5838","AGAP6","Inh ENOX2 SPHKAP",-0.0101250271538708,5.23843724327414,0.042552560973936,0.836695975469226,0.964409807647727,0.961168649860472,"gpath_3neocort"
"5839","WASHC2A","Inh ENOX2 SPHKAP",0.0985721370082418,5.07635405453492,4.14465186107873,0.0425563793185576,0.284372339166754,0.250141023511993,"gpath_3neocort"
"5840","SGMS1","Inh ENOX2 SPHKAP",-0.00554977155972172,6.72699572289502,0.0290899424517005,0.864674976713434,0.973668692247263,0.970731509556252,"gpath_3neocort"
"5841","ASAH2B","Inh ENOX2 SPHKAP",-0.00959082644572735,4.09135540113338,0.0126106504305956,0.910655374192724,0.98778742870664,0.984082402915489,"gpath_3neocort"
"5842","PRKG1","Inh ENOX2 SPHKAP",0.074773518831621,9.975267015372,5.26558367070088,0.0223719875769244,0.216167843801549,0.181071059730436,"gpath_3neocort"
"5843","CSTF2T","Inh ENOX2 SPHKAP",0.026669061642248,3.72864380982101,0.077953158812707,0.78026372844305,0.944495130113347,0.938350258233074,"gpath_3neocort"
"5844","PCDH15","Inh ENOX2 SPHKAP",0.0664236420584091,9.80908398987252,2.52255272109111,0.113176542749595,0.433902824132111,0.402817080781152,"gpath_3neocort"
"5845","IPMK","Inh ENOX2 SPHKAP",-0.0224957011655471,5.54757228149392,0.285060035986278,0.593759468414391,0.85343611858588,0.844998665447632,"gpath_3neocort"
"5846","CISD1","Inh ENOX2 SPHKAP",-0.0472536972916102,5.97590666560713,1.28805106979863,0.257222623034319,0.615892280085616,0.59089270463423,"gpath_3neocort"
"5847","UBE2D1","Inh ENOX2 SPHKAP",0.045130657277851,5.02442000337082,0.655856161123526,0.418604271592378,0.744335728358177,0.730105597877322,"gpath_3neocort"
"5848","TFAM","Inh ENOX2 SPHKAP",-0.0209534502402536,4.58589359766627,0.105859353681492,0.745112432990615,0.929268051996626,0.922782808219594,"gpath_3neocort"
"5849","BICC1","Inh ENOX2 SPHKAP",0.137808431257831,7.52831193808967,11.1492719376343,0.000935767300550309,0.0506250109597717,0.0322849222168863,"gpath_3neocort"
"5850","PHYHIPL","Inh ENOX2 SPHKAP",0.0274512717094752,7.28052259961914,0.744086277105198,0.388975027367752,0.727649032330622,0.708266770022518,"gpath_3neocort"
"5851","FAM13C","Inh ENOX2 SPHKAP",0.0672097079687453,6.6089866436299,3.45024968098152,0.0641236869378241,0.338309213257707,0.306421247302519,"gpath_3neocort"
"5852","CCDC6","Inh ENOX2 SPHKAP",0.0599940122073187,6.680147600632,3.52665118341182,0.0612622410190843,0.331656354482277,0.299883998979972,"gpath_3neocort"
"5853","ANK3","Inh ENOX2 SPHKAP",0.0318711049184675,10.3158604001073,3.24312575134883,0.0726271736438235,0.359006810631245,0.325675108818693,"gpath_3neocort"
"5854","RHOBTB1","Inh ENOX2 SPHKAP",-0.431953527062416,4.04927496722919,15.0434606272197,0.000126581991282965,0.0199030408829444,0.00978368569183308,"gpath_3neocort"
"5855","CABCOCO1","Inh ENOX2 SPHKAP",0.0234729375914892,3.76662553676667,0.0331140760164981,0.85571470237419,0.970967449241199,0.967900282378505,"gpath_3neocort"
"5856","ARID5B","Inh ENOX2 SPHKAP",0.00671965291808481,7.25380842818435,0.0499291674813424,0.82332340968066,0.960590140474807,0.955870342154111,"gpath_3neocort"
"5857","ZNF365","Inh ENOX2 SPHKAP",0.170372606714736,5.32401168998337,8.13042769593992,0.00462413372631457,0.111184726486053,0.0790712373699082,"gpath_3neocort"
"5858","JMJD1C","Inh ENOX2 SPHKAP",0.023919780093313,9.32932913743737,2.12739611531227,0.1456276817175,0.485015750925399,0.454112222433815,"gpath_3neocort"
"5859","REEP3","Inh ENOX2 SPHKAP",0.0267207258707138,5.24745918121407,0.228825057742892,0.632709897051141,0.876011713030152,0.866558058083949,"gpath_3neocort"
"5860","LINC01515","Inh ENOX2 SPHKAP",-0.488315268331524,3.56688069606942,4.0370726996299,0.045316508646874,0.291923360674568,0.258180942172676,"gpath_3neocort"
"5861","CTNNA3","Inh ENOX2 SPHKAP",0.0533810734527346,6.04130781610337,1.15798743093833,0.282661325648982,0.640385789146006,0.615607497030233,"gpath_3neocort"
"5862","LRRTM3","Inh ENOX2 SPHKAP",0.13701874508296,8.8954532953295,21.352675561093,5.46791484914359e-06,0.00322243241048342,0.00139138253990112,"gpath_3neocort"
"5863","DNAJC12","Inh ENOX2 SPHKAP",0.0444802417445671,4.4053884784929,0.364868094136926,0.546225725175505,0.830389902379284,0.817179971299246,"gpath_3neocort"
"5864","SIRT1","Inh ENOX2 SPHKAP",0.0819611996375897,5.17943183293553,3.30476153103192,0.069976647766878,0.353623557838017,0.31973784673659,"gpath_3neocort"
"5865","HERC4","Inh ENOX2 SPHKAP",-0.0366842284503173,8.01459891739096,2.05803730075432,0.152342312156903,0.495494133528364,0.463620145926098,"gpath_3neocort"
"5866","MYPN","Inh ENOX2 SPHKAP",-0.0659640072752312,3.99552248636521,0.30842193570516,0.579022567106634,0.847855388854142,0.836501390761405,"gpath_3neocort"
"5867","HNRNPH3","Inh ENOX2 SPHKAP",0.0720653633480226,6.0967164615241,3.84165822592878,0.050826616802423,0.307990517734783,0.27355241043871,"gpath_3neocort"
"5868","RUFY2","Inh ENOX2 SPHKAP",-0.0114617596166643,7.22110780841316,0.201559032731298,0.653757020655004,0.885001730909529,0.878046208465493,"gpath_3neocort"
"5869","DNA2","Inh ENOX2 SPHKAP",0.118446649362708,4.68813090055738,3.66567734706783,0.0563996152999062,0.32068006391971,0.288177189420531,"gpath_3neocort"
"5870","SLC25A16","Inh ENOX2 SPHKAP",-0.0620182574818263,5.93142430857556,2.70744687505141,0.100823036453017,0.412888834093168,0.381051617180729,"gpath_3neocort"
"5871","TET1","Inh ENOX2 SPHKAP",-0.0341637417122951,5.08885968028078,0.369993484206834,0.543421937079518,0.829052612138547,0.815576268537631,"gpath_3neocort"
"5872","CCAR1","Inh ENOX2 SPHKAP",0.0256221604128862,6.72866685628087,0.770673833845297,0.380640803414731,0.721986782947535,0.701747863590706,"gpath_3neocort"
"5873","STOX1","Inh ENOX2 SPHKAP",0.0494310860094292,4.82269864433911,0.590289686864863,0.442850919938516,0.762731209473165,0.74807679300664,"gpath_3neocort"
"5874","DDX50","Inh ENOX2 SPHKAP",-0.0317701144363089,5.80127072066714,0.595074920125254,0.441009693554754,0.761510831497097,0.746629901862845,"gpath_3neocort"
"5875","DDX21","Inh ENOX2 SPHKAP",-0.0695913422271456,4.79173889987499,1.51380258264262,0.219427069125538,0.577009148654559,0.549772364911888,"gpath_3neocort"
"5876","KIF1BP","Inh ENOX2 SPHKAP",-0.0481518983694971,5.29231752465575,1.03319040180484,0.310147497203601,0.66620805586772,0.641550585304499,"gpath_3neocort"
"5877","VPS26A","Inh ENOX2 SPHKAP",-0.0206003463770308,5.35032341166969,0.209170897776327,0.647715873681194,0.882081437008956,0.874741796923727,"gpath_3neocort"
"5878","SUPV3L1","Inh ENOX2 SPHKAP",-0.0642754364915947,5.56912588333681,2.13848392992683,0.144585673978942,0.483507999040844,0.452639162229304,"gpath_3neocort"
"5879","HK1","Inh ENOX2 SPHKAP",-0.0114188080201749,6.47586628187308,0.133626521926529,0.714932966275492,0.91560916499627,0.908281363155353,"gpath_3neocort"
"5880","H2AFY2","Inh ENOX2 SPHKAP",-0.0210876714310687,5.37987218747707,0.199499497627029,0.655415097126024,0.885848338339017,0.878973204446022,"gpath_3neocort"
"5881","AIFM2","Inh ENOX2 SPHKAP",0.00985959681678213,4.20831831243361,0.0157851358841555,0.900093480331271,0.98506521819127,0.981255554768361,"gpath_3neocort"
"5882","TYSND1","Inh ENOX2 SPHKAP",0.0305307431530278,4.43912375554583,0.177428744843978,0.673863709099,0.894543015588851,0.888703739260481,"gpath_3neocort"
"5883","SAR1A","Inh ENOX2 SPHKAP",-0.0312186000396995,5.31754707449225,0.470537641257089,0.493216614788176,0.796248150379289,0.78268242148644,"gpath_3neocort"
"5884","PPA1","Inh ENOX2 SPHKAP",-0.0206608548180193,5.94312972025664,0.223663947446092,0.636571679578964,0.877421433434316,0.868756620748265,"gpath_3neocort"
"5885","LRRC20","Inh ENOX2 SPHKAP",-0.154254842931754,4.62030250455339,5.35813825059084,0.0212327379868171,0.212192078606805,0.176490526407627,"gpath_3neocort"
"5886","EIF4EBP2","Inh ENOX2 SPHKAP",-0.00416315397344235,4.83534100273474,0.00561731024718184,0.940300460347028,0.993518947956843,0.990982897636112,"gpath_3neocort"
"5887","SGPL1","Inh ENOX2 SPHKAP",0.0587829508552147,5.37451016599274,1.52233246739517,0.218135847417208,0.575665821720535,0.548314298561908,"gpath_3neocort"
"5888","PCBD1","Inh ENOX2 SPHKAP",-0.0311277734333055,4.21823236143417,0.123186175334631,0.725825847314354,0.920875843394561,0.91354399348341,"gpath_3neocort"
"5889","PSAP","Inh ENOX2 SPHKAP",-0.0720616239135619,7.32044786522158,3.57598914285118,0.059487200492469,0.32709562868191,0.295773163308737,"gpath_3neocort"
"5890","SPOCK2","Inh ENOX2 SPHKAP",-0.00959120701983403,6.92751655983407,0.0874156928906614,0.767672678802934,0.937567163239226,0.932789104122736,"gpath_3neocort"
"5891","ASCC1","Inh ENOX2 SPHKAP",0.00794804111899008,5.97631273530575,0.0349485995506584,0.851817104919531,0.970401727505604,0.966676682822882,"gpath_3neocort"
"5892","ANAPC16","Inh ENOX2 SPHKAP",0.000689386859642168,6.67152177598868,0.00044249096778855,0.983229943840143,0.998198786643165,0.998004807425511,"gpath_3neocort"
"5893","DDIT4","Inh ENOX2 SPHKAP",-0.0933160121571912,3.72001355604818,0.697185484087547,0.404328896199044,0.735897276131914,0.71933229504212,"gpath_3neocort"
"5894","DNAJB12","Inh ENOX2 SPHKAP",-0.0925154122468686,4.86760502344518,3.08692420080818,0.0798416807372272,0.375603037207304,0.340602889119152,"gpath_3neocort"
"5895","MICU1","Inh ENOX2 SPHKAP",-0.00440268486983277,7.61300073287168,0.0277377644635155,0.867827776099335,0.974773868676512,0.971745224130483,"gpath_3neocort"
"5896","MCU","Inh ENOX2 SPHKAP",0.0112264809750501,6.03872039320386,0.0410618253367832,0.839542220894281,0.965432778069442,0.962091720071075,"gpath_3neocort"
"5897","P4HA1","Inh ENOX2 SPHKAP",0.0641696085662797,5.96832045429019,2.65662600628312,0.104063541532881,0.417116900789247,0.387098999428197,"gpath_3neocort"
"5898","ECD","Inh ENOX2 SPHKAP",0.0414655397759675,5.13275470251171,0.751956484680657,0.386481117815438,0.726388849781961,0.706486245252485,"gpath_3neocort"
"5899","FAM149B1","Inh ENOX2 SPHKAP",0.0552326261868858,5.23960439171096,1.08022390865234,0.299400551070665,0.657147791220237,0.631526377142132,"gpath_3neocort"
"5900","DNAJC9","Inh ENOX2 SPHKAP",0.0708220552220614,5.87089581209583,2.46884010853446,0.11707201203634,0.442367199771922,0.409622936762667,"gpath_3neocort"
"5901","MRPS16","Inh ENOX2 SPHKAP",-0.179832044003882,5.19541867024083,10.767971265078,0.00114199307904569,0.0570293774551124,0.0360081976196813,"gpath_3neocort"
"5902","CFAP70","Inh ENOX2 SPHKAP",-0.0734568462081997,5.3165668748563,1.81462740971607,0.178868904294807,0.530069410446744,0.500167563883292,"gpath_3neocort"
"5903","ANXA7","Inh ENOX2 SPHKAP",-0.0475634712955395,6.25787007200969,2.04747664337511,0.153395222089811,0.496956206080444,0.46520621932878,"gpath_3neocort"
"5904","MSS51","Inh ENOX2 SPHKAP",-0.0844237085847454,4.31509181296935,1.35079125874981,0.245971050614552,0.604262762253176,0.578973793010422,"gpath_3neocort"
"5905","PPP3CB","Inh ENOX2 SPHKAP",-0.0369063572078838,7.32340328194407,2.22593373964854,0.13665610002926,0.47264491535137,0.440788687479559,"gpath_3neocort"
"5906","USP54","Inh ENOX2 SPHKAP",0.0604405540494857,6.43774529411678,3.26377664507396,0.0717272767302463,0.357109598488891,0.323638674225936,"gpath_3neocort"
"5907","AC073389.2","Inh ENOX2 SPHKAP",-0.185110374974928,4.04033116365983,3.77311177225256,0.0529243419114687,0.313489806285817,0.27901128292204,"gpath_3neocort"
"5908","SEC24C","Inh ENOX2 SPHKAP",0.0253786512525972,5.08125407748981,0.305712660828475,0.645382052794737,0.881448868178843,0.873665981007432,"gpath_3neocort"
"5909","FUT11","Inh ENOX2 SPHKAP",0.044130503383313,4.24569236744203,0.399780734924797,0.527635832298104,0.817726531536401,0.805564745850961,"gpath_3neocort"
"5910","CHCHD1","Inh ENOX2 SPHKAP",-0.119147821459361,4.00334436313048,1.73006765240883,0.189306035076125,0.54265657073243,0.513904186218706,"gpath_3neocort"
"5911","ZSWIM8","Inh ENOX2 SPHKAP",0.0494935429372742,5.58545599602414,1.38934972652206,0.244418617522295,0.602777188803576,0.577279166958846,"gpath_3neocort"
"5912","CAMK2G","Inh ENOX2 SPHKAP",-0.0322376912324819,7.42161185777197,1.61568491147014,0.20458055141314,0.560428179154327,0.532523184851306,"gpath_3neocort"
"5913","VCL","Inh ENOX2 SPHKAP",0.026948954072696,5.76784321753263,0.411922895104637,0.521436104740244,0.814660326533714,0.801471889775714,"gpath_3neocort"
"5914","AP3M1","Inh ENOX2 SPHKAP",-0.105311001842094,4.56274102797019,3.20639096535182,0.0742581665062529,0.363106517344138,0.329448628313006,"gpath_3neocort"
"5915","ADK","Inh ENOX2 SPHKAP",0.0359557298235555,8.63358332017023,2.9352271746812,0.0875959888394304,0.389998735988984,0.356784501649799,"gpath_3neocort"
"5916","KAT6B","Inh ENOX2 SPHKAP",0.0529226979063539,7.56927308750871,4.68730358561863,0.031095259512714,0.2511503892161,0.213881265161851,"gpath_3neocort"
"5917","SAMD8","Inh ENOX2 SPHKAP",0.045568048863037,5.63209009092424,1.16070682143775,0.282097839368457,0.640043979443157,0.615079084589449,"gpath_3neocort"
"5918","VDAC2","Inh ENOX2 SPHKAP",-0.0030686550588535,5.10659287015681,0.0022491604642811,0.962202646454641,0.995700592042286,0.995255120035628,"gpath_3neocort"
"5919","KCNMA1","Inh ENOX2 SPHKAP",0.00706917270264975,9.78907885342863,0.0667165190391551,0.796338289090298,0.951444119052354,0.945409632894573,"gpath_3neocort"
"5920","DLG5","Inh ENOX2 SPHKAP",-0.0803253564779411,5.40906489849527,3.11420139328291,0.0785279905616117,0.373209161585639,0.337967481366376,"gpath_3neocort"
"5921","POLR3A","Inh ENOX2 SPHKAP",-0.111222780876532,5.91600434887537,8.40971753726217,0.00397983150258773,0.101191644815108,0.0726185728404884,"gpath_3neocort"
"5922","RPS24","Inh ENOX2 SPHKAP",0.0216634265332516,6.12845705579482,0.130033595802545,0.718625545482059,0.917529682108315,0.909879096131483,"gpath_3neocort"
"5923","ZMIZ1-AS1","Inh ENOX2 SPHKAP",-0.253008141560064,5.1431617234093,14.223465134932,0.000192014837794107,0.0225281986799881,0.0126720843394438,"gpath_3neocort"
"5924","ZMIZ1","Inh ENOX2 SPHKAP",0.0835858499084011,6.17153141691138,4.12047444843664,0.0431608217094258,0.285724052893534,0.251835836961331,"gpath_3neocort"
"5925","NUTM2B-AS1","Inh ENOX2 SPHKAP",-0.0059025056957691,6.81745248537434,0.0268626909059236,0.869910416862796,0.975493740143932,0.972304469478011,"gpath_3neocort"
"5926","TMEM254","Inh ENOX2 SPHKAP",-0.128543094444307,4.84178051651779,5.8676170314043,0.0194429412438268,0.201536461208495,0.168915988226579,"gpath_3neocort"
"5927","ANXA11","Inh ENOX2 SPHKAP",-0.0786008114235258,4.18092969078361,0.886324864616315,0.347156755878954,0.696746184820539,0.674077417244747,"gpath_3neocort"
"5928","FAM213A","Inh ENOX2 SPHKAP",-0.06675654363583,4.98257879881217,1.30357870162687,0.254379842240685,0.612852771830725,0.588058345913441,"gpath_3neocort"
"5929","NRG3","Inh ENOX2 SPHKAP",0.0330133148386065,11.0958327061914,2.1664122062089,0.141998187773503,0.479735384632701,0.448970176833283,"gpath_3neocort"
"5930","GHITM","Inh ENOX2 SPHKAP",-0.0450969613150009,5.56569763411468,0.765971757540471,0.382096115311564,0.723056833873942,0.702973810711171,"gpath_3neocort"
"5931","CCSER2","Inh ENOX2 SPHKAP",0.0227431853366538,7.19469664501872,0.825024031275797,0.364371367247301,0.710441801289169,0.688980530007553,"gpath_3neocort"
"5932","GRID1","Inh ENOX2 SPHKAP",-0.00129769213562636,8.79425790905369,0.00221437015913892,0.96249589485096,0.995700592042286,0.99532148450753,"gpath_3neocort"
"5933","WAPL","Inh ENOX2 SPHKAP",0.00335259685362573,5.86735263054074,0.00877856007050328,0.925408534788508,0.991160175073745,0.987816366519147,"gpath_3neocort"
"5934","BMPR1A","Inh ENOX2 SPHKAP",0.0216161891970632,6.78246882524462,0.507809348547647,0.476587083410597,0.784612561538913,0.771383008108515,"gpath_3neocort"
"5935","SNCG","Inh ENOX2 SPHKAP",-0.0198853648319161,5.55424232719159,0.0812437924278187,0.775795846208527,0.943883466244222,0.936461972174146,"gpath_3neocort"
"5936","GLUD1","Inh ENOX2 SPHKAP",0.0091865345517001,6.06986943417763,0.0683525174167052,0.793912207987095,0.950379935797872,0.944319592216924,"gpath_3neocort"
"5937","SHLD2","Inh ENOX2 SPHKAP",0.0039254401662279,6.42409475057638,0.0121714710986619,0.912218487927858,0.98778742870664,0.984517986940798,"gpath_3neocort"
"5938","NUTM2A-AS1","Inh ENOX2 SPHKAP",0.0217640016907336,7.09249733681612,0.281177019214774,0.59628373978089,0.855261122519567,0.84638736089777,"gpath_3neocort"
"5939","MINPP1","Inh ENOX2 SPHKAP",0.0528323526850931,4.87004887621277,0.867604055384163,0.352293390335996,0.70113080627262,0.678660768766167,"gpath_3neocort"
"5940","PAPSS2","Inh ENOX2 SPHKAP",-0.16109079489174,5.39689807971952,4.92619616098243,0.0271249311124962,0.237551136655977,0.199360311368018,"gpath_3neocort"
"5941","ATAD1","Inh ENOX2 SPHKAP",-0.0283770020676918,6.08490358687013,0.770878014772299,0.380577786745905,0.721986782947535,0.70172215605179,"gpath_3neocort"
"5942","PTEN","Inh ENOX2 SPHKAP",0.0382752239756335,7.25707912831751,2.2257450898808,0.21661566571358,0.57312408910278,0.54647129671487,"gpath_3neocort"
"5943","RNLS","Inh ENOX2 SPHKAP",0.0291865684803238,6.8098121634248,0.515982268915756,0.473063608154629,0.782121123295378,0.769090678021845,"gpath_3neocort"
"5944","STAMBPL1","Inh ENOX2 SPHKAP",0.0539441398110208,5.18819127997179,1.00475461098891,0.316889636075403,0.669531628575022,0.647430342335868,"gpath_3neocort"
"5945","LIPA","Inh ENOX2 SPHKAP",-0.00878690230523935,5.15177641896548,0.0260211988611287,0.871946253669682,0.976314648400069,0.972980344177714,"gpath_3neocort"
"5946","IFIT1","Inh ENOX2 SPHKAP",0.0778352150207145,4.8459186615484,1.40702126960341,0.236396057473947,0.596688648958344,0.568848437758376,"gpath_3neocort"
"5947","PANK1","Inh ENOX2 SPHKAP",-0.143307468782386,5.08262838347002,6.44832059615312,0.0115595334065815,0.159669129522398,0.12909655665075,"gpath_3neocort"
"5948","AL157400.3","Inh ENOX2 SPHKAP",-0.0370520977399313,4.18469813289856,0.169441051945455,0.680873514106472,0.898334703954847,0.892173747005741,"gpath_3neocort"
"5949","KIF20B","Inh ENOX2 SPHKAP",-0.019937171004461,4.40332515510649,0.0619048370359024,0.803663392871233,0.952559922311815,0.948116420189773,"gpath_3neocort"
"5950","RPP30","Inh ENOX2 SPHKAP",-0.0541570923947655,4.87068366103444,0.857860157410179,0.355008099245528,0.703550807579933,0.680701257938563,"gpath_3neocort"
"5951","PCGF5","Inh ENOX2 SPHKAP",0.0236261492512588,7.64607075537309,1.08705666510059,0.297879630892199,0.655833562203987,0.63010084370512,"gpath_3neocort"
"5952","HECTD2","Inh ENOX2 SPHKAP",0.0437773580956445,6.73578447606051,1.37190386109461,0.242321376065981,0.601287119302422,0.57502868062629,"gpath_3neocort"
"5953","TNKS2","Inh ENOX2 SPHKAP",0.0365821480385147,6.7601226189053,1.70457880022223,0.192590370895672,0.545815481574353,0.517855034468304,"gpath_3neocort"
"5954","BTAF1","Inh ENOX2 SPHKAP",0.0391846510405416,6.41156887419867,1.50751702117327,0.220384416382165,0.578117695772738,0.550889618711491,"gpath_3neocort"
"5955","CPEB3","Inh ENOX2 SPHKAP",0.0163009830711982,8.70524835795662,0.710462276146085,0.399894614534778,0.733642380621641,0.716140614181721,"gpath_3neocort"
"5956","MARCH5","Inh ENOX2 SPHKAP",0.0279317582585625,5.17080301521526,0.311838571253122,0.576928943718901,0.846277944190553,0.835295704022398,"gpath_3neocort"
"5957","IDE","Inh ENOX2 SPHKAP",-0.0362397505260507,5.93188437873816,0.998594233606464,0.318375548987716,0.671228787249916,0.648947273196278,"gpath_3neocort"
"5958","EXOC6","Inh ENOX2 SPHKAP",-0.0129176776176056,7.70605660196695,0.271653687735355,0.998404949997859,0.999750704645697,0.999782606302171,"gpath_3neocort"
"5959","CYP26A1","Inh ENOX2 SPHKAP",-0.015280894474448,4.38565977449879,0.0340373390340039,0.853739573582998,0.970401727505604,0.967287542658591,"gpath_3neocort"
"5960","RBP4","Inh ENOX2 SPHKAP",-0.245872529313521,4.51544068226446,7.68455599027777,0.00588240406941555,0.12267786548217,0.0905621895740127,"gpath_3neocort"
"5961","FRA10AC1","Inh ENOX2 SPHKAP",-0.0477258491889123,5.78742514383985,1.3108785750432,0.334834907364249,0.685568174833228,0.663602147411552,"gpath_3neocort"
"5962","LGI1","Inh ENOX2 SPHKAP",-0.00431827396903926,6.93190260270895,0.0162802017220763,0.898547279998617,0.984621854440005,0.9808483041267,"gpath_3neocort"
"5963","PLCE1","Inh ENOX2 SPHKAP",0.076672463391214,4.30841444065209,0.726892384370043,0.394504335790041,0.730978567885048,0.712277923875145,"gpath_3neocort"
"5964","TBC1D12","Inh ENOX2 SPHKAP",0.0115489116622076,5.47820463773105,0.0760999834685785,0.782824758132653,0.945779675417681,0.93943087803377,"gpath_3neocort"
"5965","HELLS","Inh ENOX2 SPHKAP",0.0655315905881768,4.91911087488651,1.35859862188157,0.244613623735964,0.602777188803576,0.577464955967947,"gpath_3neocort"
"5966","SORBS1","Inh ENOX2 SPHKAP",-0.000227202736203958,9.11905661030785,7.36122655627864e-05,0.993159557707439,0.998951897108485,0.999193584560602,"gpath_3neocort"
"5967","ALDH18A1","Inh ENOX2 SPHKAP",-0.0434244450603942,4.67672257110413,0.556847176179524,0.456059149278646,0.771828987778146,0.75755765648831,"gpath_3neocort"
"5968","TCTN3","Inh ENOX2 SPHKAP",-0.121109335009721,4.90723313835033,4.43902491354373,0.0358729223745814,0.270348089325986,0.230035294698375,"gpath_3neocort"
"5969","ENTPD1-AS1","Inh ENOX2 SPHKAP",-0.00881112411346321,7.21165108743191,0.0643767148073847,0.799863883499643,0.952177907887809,0.946700135073714,"gpath_3neocort"
"5970","ZNF518A","Inh ENOX2 SPHKAP",-0.0720696905719142,7.0984552802054,6.12959809297992,0.0137898466166026,0.171899539452692,0.141459604725902,"gpath_3neocort"
"5971","TLL2","Inh ENOX2 SPHKAP",-0.167551314341641,5.56161595451848,7.88296073499213,0.00528404495233519,0.118836096410716,0.0851051597770224,"gpath_3neocort"
"5972","TM9SF3","Inh ENOX2 SPHKAP",-0.0265966698400738,6.32045942411357,0.691647291602747,0.406199829646455,0.737250084133714,0.720643515171372,"gpath_3neocort"
"5973","LCOR","Inh ENOX2 SPHKAP",0.0132803782737247,7.72273352416275,0.316070399821735,0.574356561003263,0.84558225492765,0.833772700878531,"gpath_3neocort"
"5974","SLIT1","Inh ENOX2 SPHKAP",0.0498907200900731,6.07983410945692,0.882974029889318,0.348068624005618,0.697747285960224,0.67490475720317,"gpath_3neocort"
"5975","RRP12","Inh ENOX2 SPHKAP",0.099852930844308,4.66429670489866,2.87101299593535,0.0911218274856655,0.396906878674105,0.363463424807873,"gpath_3neocort"
"5976","PGAM1","Inh ENOX2 SPHKAP",-0.0830461105622436,6.12837262493277,2.08380896361312,0.149807160835464,0.491068244107327,0.459934878978224,"gpath_3neocort"
"5977","EXOSC1","Inh ENOX2 SPHKAP",-0.0513551279316206,5.13601659954488,1.07553370806054,0.300450358616081,0.657839953893813,0.632637076773073,"gpath_3neocort"
"5978","MMS19","Inh ENOX2 SPHKAP",0.0056241320313874,5.72712793945295,0.0209374880525468,0.885036804232543,0.979658385812387,0.977030298725695,"gpath_3neocort"
"5979","MORN4","Inh ENOX2 SPHKAP",-0.0414237098399712,5.65423792991632,0.936383808477687,0.333910933742362,0.684552562691184,0.662764047512958,"gpath_3neocort"
"5980","ZFYVE27","Inh ENOX2 SPHKAP",-0.0535719821500156,5.63147521579456,1.57301659229565,0.210648008462381,0.567825501726128,0.539804978758279,"gpath_3neocort"
"5981","GOLGA7B","Inh ENOX2 SPHKAP",-0.00423750988771081,5.56195882644922,0.00827893820225928,0.927556229461158,0.991606385167719,0.988208516252692,"gpath_3neocort"
"5982","CRTAC1","Inh ENOX2 SPHKAP",0.0173883282860228,5.98880278001442,0.148676283303423,0.700049453350835,0.908105504900868,0.901225251601025,"gpath_3neocort"
"5983","R3HCC1L","Inh ENOX2 SPHKAP",0.00957079902217268,5.34233418226121,0.0413353447455576,0.912693509984062,0.987863665691318,0.984620489950106,"gpath_3neocort"
"5984","HPSE2","Inh ENOX2 SPHKAP",0.0435843064011972,3.88841205655607,0.167315843349413,0.68277101445073,0.899013615177865,0.893142508747938,"gpath_3neocort"
"5985","CNNM1","Inh ENOX2 SPHKAP",0.0821035283020481,7.11394216946681,8.25194994935462,0.00433159540277236,0.106517868768175,0.0760753447933043,"gpath_3neocort"
"5986","GOT1","Inh ENOX2 SPHKAP",-0.0828271549956952,5.77933150592723,2.95126240688623,0.0867388971485302,0.388887375889681,0.355135263250007,"gpath_3neocort"
"5987","AL391684.1","Inh ENOX2 SPHKAP",0.0693179900642145,4.31981295587259,0.909899454000531,0.34083210927077,0.690942606270729,0.668645889541959,"gpath_3neocort"
"5988","SLC25A28","Inh ENOX2 SPHKAP",-0.0426813510496122,5.51293182843469,0.905444343068172,0.342015309242859,0.691302312324829,0.669622190401077,"gpath_3neocort"
"5989","COX15","Inh ENOX2 SPHKAP",-0.00373441552412285,4.81389697134552,0.00411561068721962,0.948886823605748,0.994776274703702,0.992745805115407,"gpath_3neocort"
"5990","DNMBP","Inh ENOX2 SPHKAP",0.0384178188838789,5.43431092359399,0.777118082673258,0.452358016526902,0.769443207849603,0.754898227516736,"gpath_3neocort"
"5991","ERLIN1","Inh ENOX2 SPHKAP",-0.0551994782829036,4.7381056447234,0.851302278884351,0.35685134905898,0.704728946894412,0.68230828654584,"gpath_3neocort"
"5992","CHUK","Inh ENOX2 SPHKAP",-0.0314166862059651,4.75707919527174,0.223411765792582,0.636761766620329,0.877517357760146,0.868863393324108,"gpath_3neocort"
"5993","CWF19L1","Inh ENOX2 SPHKAP",-0.0384239202468993,5.47662682083634,0.812233829941492,0.368111151186915,0.713224510596534,0.69225861298314,"gpath_3neocort"
"5994","BLOC1S2","Inh ENOX2 SPHKAP",-0.0468608069714243,4.58351195768287,0.454864295377051,0.500501316029948,0.800833275668438,0.787562415482348,"gpath_3neocort"
"5995","SEC31B","Inh ENOX2 SPHKAP",0.0120380850169451,5.26329076154272,0.0718202747440752,0.809499721203368,0.954456730603235,0.950382406000801,"gpath_3neocort"
"5996","HIF1AN","Inh ENOX2 SPHKAP",-0.108190677634886,4.85907202180104,3.71075550606605,0.0549127186887774,0.316971947122947,0.284412712830815,"gpath_3neocort"
"5997","SLF2","Inh ENOX2 SPHKAP",0.0188597043129974,6.22617963022174,0.273711106562967,0.626264967042571,0.873345016334033,0.863173561319925,"gpath_3neocort"
"5998","MRPL43","Inh ENOX2 SPHKAP",-0.10937720754597,4.38299111777607,1.7348564231512,0.188696321003221,0.542362684158609,0.513092534337031,"gpath_3neocort"
"5999","SEMA4G","Inh ENOX2 SPHKAP",-0.109560054843268,4.85061670439219,3.57070982166163,0.0596744823236035,0.327755278548929,0.296251013753317,"gpath_3neocort"
"6000","LZTS2","Inh ENOX2 SPHKAP",0.0453341607067716,4.41792501270022,0.491981476756282,0.483533994602186,0.789483118167316,0.776176059139339,"gpath_3neocort"
"6001","PDZD7","Inh ENOX2 SPHKAP",0.0172513010570952,4.5011506161461,0.0627825952888787,0.802305114684525,0.952551397154178,0.947630719290252,"gpath_3neocort"
"6002","SFXN3","Inh ENOX2 SPHKAP",-0.020061318381653,4.64839033652934,0.113943264052076,0.735911089069515,0.925998473363347,0.91863872052186,"gpath_3neocort"
"6003","BTRC","Inh ENOX2 SPHKAP",0.0197725670561437,7.53405807656583,0.809560163966318,0.36889966856654,0.71397255729273,0.6929213560565,"gpath_3neocort"
"6004","POLL","Inh ENOX2 SPHKAP",-0.0823733602908781,4.28181261891034,1.17847930972765,0.278450027583017,0.63651323206653,0.611712751252682,"gpath_3neocort"
"6005","FBXW4","Inh ENOX2 SPHKAP",-0.0735547251569219,6.57072488412996,4.60892872296008,0.0325268026646908,0.257517076706308,0.219000293385128,"gpath_3neocort"
"6006","OGA","Inh ENOX2 SPHKAP",-0.0686011512878822,7.34845288923519,7.94986252033497,0.00509665308946368,0.1173314604851,0.0833229396070988,"gpath_3neocort"
"6007","KCNIP2","Inh ENOX2 SPHKAP",0.160204699510914,5.4380921976201,10.1483198246761,0.00158077592481933,0.0657845981020966,0.0433332880047636,"gpath_3neocort"
"6008","ARMH3","Inh ENOX2 SPHKAP",-0.0246725007405915,7.07833149935903,0.77172526229048,0.380316457322527,0.721793346600422,0.701482870753793,"gpath_3neocort"
"6009","LDB1","Inh ENOX2 SPHKAP",-0.143379565909556,4.82853055711383,5.67673901817645,0.0177512416750461,0.194236111072003,0.161604212011232,"gpath_3neocort"
"6010","NOLC1","Inh ENOX2 SPHKAP",0.0409045618858632,4.46234003091427,0.363866069025144,0.546777012920515,0.830389902379284,0.817466590651038,"gpath_3neocort"
"6011","GBF1","Inh ENOX2 SPHKAP",-0.033984956012443,6.66445546972895,1.44433625491948,0.230291803619801,0.590058977848413,0.562169300842624,"gpath_3neocort"
"6012","PSD","Inh ENOX2 SPHKAP",0.00410710425675904,6.28517809965929,0.0156236399834049,0.900603182609198,0.985401549690828,0.981434004334899,"gpath_3neocort"
"6013","FBXL15","Inh ENOX2 SPHKAP",0.000735832424467091,4.81284118140724,0.000103956909355548,0.991871066550152,0.998951897108485,0.999044070863467,"gpath_3neocort"
"6014","CUEDC2","Inh ENOX2 SPHKAP",-0.136612022958725,4.42630610231372,3.32736621650123,0.0690308248360471,0.351213256140766,0.317765968269506,"gpath_3neocort"
"6015","ACTR1A","Inh ENOX2 SPHKAP",0.0124074721081468,5.25872003035235,0.0736142012644801,0.786313307311576,0.947380809637012,0.940987182003613,"gpath_3neocort"
"6016","SUFU","Inh ENOX2 SPHKAP",0.0568935529499562,5.80253358527426,1.81938285397313,0.178302102566412,0.529684525561842,0.499448051206023,"gpath_3neocort"
"6017","TRIM8","Inh ENOX2 SPHKAP",-0.0695654192595792,5.10787395408373,1.99044029287055,0.159227153297683,0.505369000416462,0.473479685155658,"gpath_3neocort"
"6018","ARL3","Inh ENOX2 SPHKAP",0.0386888219815236,6.20502617740538,1.36356218296091,0.243755403959758,0.602037940859763,0.576534587908795,"gpath_3neocort"
"6019","WBP1L","Inh ENOX2 SPHKAP",-0.0532797719106033,5.88982296148242,2.12345789595308,0.145999829809583,0.485072105999905,0.454597677157457,"gpath_3neocort"
"6020","CNNM2","Inh ENOX2 SPHKAP",-0.0363612081286333,7.75601207239465,2.13468474508257,0.144941759868038,0.484126617520716,0.45308175120245,"gpath_3neocort"
"6021","NT5C2","Inh ENOX2 SPHKAP",0.0290116892029129,6.89539960391431,1.1795724171099,0.278227620551145,0.63630930385357,0.611501283293662,"gpath_3neocort"
"6022","INA","Inh ENOX2 SPHKAP",0.0253712454033913,6.13385204407687,0.414694575205932,0.520039000562736,0.813290654399328,0.800559136728147,"gpath_3neocort"
"6023","PCGF6","Inh ENOX2 SPHKAP",-0.0354406695034258,5.28670342386719,0.534033614047519,0.465429149984416,0.777014991303294,0.763969543983093,"gpath_3neocort"
"6024","ATP5MD","Inh ENOX2 SPHKAP",-0.166636304066432,4.85729164892462,5.04477348477043,0.0253546819426044,0.229891892697469,0.192851016922162,"gpath_3neocort"
"6025","PDCD11","Inh ENOX2 SPHKAP",-0.0408286789772569,4.38286403261557,0.39902672386898,0.528025163031838,0.817833034307666,0.805857457464223,"gpath_3neocort"
"6026","NEURL1","Inh ENOX2 SPHKAP",0.00588438298807886,6.39475914267198,0.0303749883851249,0.861747873067332,0.97227445115626,0.969795864336758,"gpath_3neocort"
"6027","SH3PXD2A","Inh ENOX2 SPHKAP",-0.0526684224716107,7.97314414140205,3.19345318958226,0.0748419618166623,0.364407745346358,0.330589048056494,"gpath_3neocort"
"6028","SLK","Inh ENOX2 SPHKAP",0.0719422654474467,5.65278774358028,3.29356627827299,0.0704502308232819,0.354278144614827,0.320761644699204,"gpath_3neocort"
"6029","CFAP43","Inh ENOX2 SPHKAP",-0.0957460764421589,4.82324857672301,2.45714389749544,0.117939843093639,0.443956869034259,0.411011384717245,"gpath_3neocort"
"6030","GSTO1","Inh ENOX2 SPHKAP",0.02536320755171,4.75876104843761,0.176683050639069,0.674510163665967,0.894748370810399,0.889080059393553,"gpath_3neocort"
"6031","GSTO2","Inh ENOX2 SPHKAP",0.0381890395936945,5.21173556404093,0.539120654389309,0.463313403844569,0.7754810090113,0.762485687092724,"gpath_3neocort"
"6032","SORCS3","Inh ENOX2 SPHKAP",-0.163068332201067,4.89602936968886,2.07895513460083,0.150280944901541,0.49174591446613,0.460719169382987,"gpath_3neocort"
"6033","SORCS1","Inh ENOX2 SPHKAP",-0.123267985131994,4.13469558969878,1.56487070129984,0.211830527918724,0.568497138695534,0.541000700083213,"gpath_3neocort"
"6034","XPNPEP1","Inh ENOX2 SPHKAP",-0.0676701501178327,5.17230447102221,1.79720952061784,0.180962872370844,0.532552569098605,0.503031717636612,"gpath_3neocort"
"6035","ADD3","Inh ENOX2 SPHKAP",-0.0360902551295729,7.23552415220658,1.84848623491543,0.17487826094988,0.525183126298519,0.494950707150648,"gpath_3neocort"
"6036","MXI1","Inh ENOX2 SPHKAP",0.00282505244732409,7.29376410263689,0.0132898855268603,0.908291184300623,0.987378829283262,0.983500785096326,"gpath_3neocort"
"6037","SMC3","Inh ENOX2 SPHKAP",0.0241129162978956,5.72693116556804,0.413702030460406,0.520538545659014,0.81364435916974,0.800898214551891,"gpath_3neocort"
"6038","PDCD4","Inh ENOX2 SPHKAP",0.036035317248705,6.21202240101827,0.923605733872819,0.337226402895055,0.687585994847581,0.665584242955729,"gpath_3neocort"
"6039","BBIP1","Inh ENOX2 SPHKAP",-0.0619198479623507,5.75381613139855,2.06548320582422,0.151604887098529,0.493800516937213,0.462622203365338,"gpath_3neocort"
"6040","SHOC2","Inh ENOX2 SPHKAP",0.0883607961880566,6.59539437454107,7.24601250795725,0.00746437408725293,0.132195007453682,0.102555922961156,"gpath_3neocort"
"6041","ADRA2A","Inh ENOX2 SPHKAP",-0.0228738600580149,4.67856612038077,0.0920274929809657,0.761804464828474,0.935492040163894,0.93002578564418,"gpath_3neocort"
"6042","ZDHHC6","Inh ENOX2 SPHKAP",-0.050524320013946,4.55537075171799,0.634461590368606,0.42629025167989,0.750400302035208,0.736078104290574,"gpath_3neocort"
"6043","VTI1A","Inh ENOX2 SPHKAP",0.0585765869984777,7.96503951377233,4.3555926115984,0.0376467376490312,0.273240750980963,0.23547628711554,"gpath_3neocort"
"6044","TCF7L2","Inh ENOX2 SPHKAP",-0.103004408488218,4.92471960970423,2.69988841516852,0.101297891976705,0.413774694659881,0.381956336186262,"gpath_3neocort"
"6045","NHLRC2","Inh ENOX2 SPHKAP",0.066198439015189,5.51185057199685,2.12827675851121,0.145544610947139,0.485015750925399,0.454027168934327,"gpath_3neocort"
"6046","CCDC186","Inh ENOX2 SPHKAP",0.0504240533478556,6.2460357265253,2.64009883730889,0.105141907611687,0.418932854469153,0.388943254460094,"gpath_3neocort"
"6047","ABLIM1","Inh ENOX2 SPHKAP",-0.0211248476238948,8.64031080886173,1.00645768246196,0.316480456882432,0.669116321980692,0.647051868007348,"gpath_3neocort"
"6048","FAM160B1","Inh ENOX2 SPHKAP",-0.0085740686113743,5.28662717006875,0.037878386565896,0.845806072939064,0.967996300285126,0.964650908978489,"gpath_3neocort"
"6049","TRUB1","Inh ENOX2 SPHKAP",0.0800201234662725,4.84775979356408,2.27174282816863,0.132698506017882,0.465296103304057,0.434529277978054,"gpath_3neocort"
"6050","ATRNL1","Inh ENOX2 SPHKAP",0.0751517478399507,9.9510583871354,6.90767734848845,0.00897965003526426,0.142630671113835,0.113146524309258,"gpath_3neocort"
"6051","HSPA12A","Inh ENOX2 SPHKAP",0.0106948254745125,8.66279629877859,0.176013750764364,0.675091759622846,0.894792301984542,0.889370309493789,"gpath_3neocort"
"6052","SHTN1","Inh ENOX2 SPHKAP",0.04247654841089,8.07074054639674,2.87645648434954,0.090817020170899,0.396403470382884,0.362791379022622,"gpath_3neocort"
"6053","VAX1","Inh ENOX2 SPHKAP",0.0607388155879614,4.02722761902633,0.481799453475491,0.488091682362305,0.794027547784085,0.779394738700896,"gpath_3neocort"
"6054","PDZD8","Inh ENOX2 SPHKAP",-0.0445172939361471,5.74811007839022,1.05931735956988,0.304116953575098,0.661360288470895,0.635990293401058,"gpath_3neocort"
"6055","RAB11FIP2","Inh ENOX2 SPHKAP",-0.0292342751861,5.91558881073417,0.536795993290253,0.832500561715529,0.963271206034437,0.959522636909833,"gpath_3neocort"
"6056","CASC2","Inh ENOX2 SPHKAP",-0.168407699925854,4.75701299899067,4.64204695584027,0.0319136339331944,0.254957955766704,0.216738734901689,"gpath_3neocort"
"6057","FAM204A","Inh ENOX2 SPHKAP",0.0128546082457563,5.77758184144169,0.131843223992274,0.919787802341903,0.990636355721171,0.986464292089964,"gpath_3neocort"
"6058","CACUL1","Inh ENOX2 SPHKAP",-0.0462313491564746,6.51494951167876,2.47774423812206,0.116416096716137,0.440941248472089,0.408399628009818,"gpath_3neocort"
"6059","EIF3A","Inh ENOX2 SPHKAP",0.0171804550488204,6.13637085845075,0.27415960233754,0.60090285172014,0.858886242485062,0.849036747893341,"gpath_3neocort"
"6060","FAM45A","Inh ENOX2 SPHKAP",0.10078421320814,5.17470831914234,4.28935645622479,0.0391206331639956,0.277867779541203,0.239885474717795,"gpath_3neocort"
"6061","SFXN4","Inh ENOX2 SPHKAP",-0.0354414140455751,5.4072795750688,0.567631652911263,0.451733229095461,0.768923419137493,0.754518044800037,"gpath_3neocort"
"6062","PRDX3","Inh ENOX2 SPHKAP",-0.00526379522782671,4.89884019770386,0.00769978961122977,0.930129290128416,0.992451853904102,0.988992022204034,"gpath_3neocort"
"6063","GRK5","Inh ENOX2 SPHKAP",0.0473780125876244,6.49911493899814,1.84926740235991,0.174787415257223,0.525171197091898,0.494805645270298,"gpath_3neocort"
"6064","TIAL1","Inh ENOX2 SPHKAP",0.0219436766261881,5.96372208035788,0.36197742478102,0.547818917033525,0.830730594153766,0.817997580805701,"gpath_3neocort"
"6065","INPP5F","Inh ENOX2 SPHKAP",-0.0146850911424246,7.65128427272659,0.33391832051596,0.563750927053546,0.840155822992941,0.827513992201349,"gpath_3neocort"
"6066","MCMBP","Inh ENOX2 SPHKAP",-0.00662981227075432,4.98038201280061,0.0171255794725493,0.980790647372468,0.997825265393623,0.997916790922587,"gpath_3neocort"
"6067","SEC23IP","Inh ENOX2 SPHKAP",0.0263905450346167,5.35388342730034,0.33224180958921,0.576220141012382,0.846076701601355,0.834982038077964,"gpath_3neocort"
"6068","WDR11-AS1","Inh ENOX2 SPHKAP",-0.0179625273695246,6.36790844315964,0.216514082011062,0.642012702396631,0.880428065897535,0.871771474875589,"gpath_3neocort"
"6069","WDR11","Inh ENOX2 SPHKAP",0.0579720224088701,5.57546846349008,1.75476025778233,0.186186590128817,0.538967007929376,0.50994011529941,"gpath_3neocort"
"6070","ATE1","Inh ENOX2 SPHKAP",-0.00144458485875256,7.08460910528664,0.00275689622213842,0.958156834440276,0.995700592042286,0.994510699213875,"gpath_3neocort"
"6071","TACC2","Inh ENOX2 SPHKAP",-0.00627019826022075,6.66977381069855,0.0408324731438308,0.839984868642217,0.965620664719385,0.962263352416352,"gpath_3neocort"
"6072","PLEKHA1","Inh ENOX2 SPHKAP",0.0645192968636556,7.28220938790421,4.21113811563803,0.0409398462716381,0.280631910719649,0.24544984197406,"gpath_3neocort"
"6073","HTRA1","Inh ENOX2 SPHKAP",-0.0478350795088201,5.2869960755793,0.680507420477903,0.410001817745412,0.740146330567097,0.723604360068736,"gpath_3neocort"
"6074","C10orf88","Inh ENOX2 SPHKAP",-0.00298577445519409,4.16390940837499,0.00240256648486982,0.960935906923644,0.995700592042286,0.995001016542625,"gpath_3neocort"
"6075","PSTK","Inh ENOX2 SPHKAP",0.0434220926597268,5.31020465936122,0.781904313260207,0.37719652849992,0.719108744443093,0.699120083002516,"gpath_3neocort"
"6076","IKZF5","Inh ENOX2 SPHKAP",0.00780985028555042,4.87861310534942,0.0199658482625361,0.887717837601187,0.980135034655871,0.977664879954932,"gpath_3neocort"
"6077","ACADSB","Inh ENOX2 SPHKAP",0.0188015422080599,5.90731221518826,0.238248583233119,0.938610051419452,0.993518947956843,0.990707564254093,"gpath_3neocort"
"6078","BUB3","Inh ENOX2 SPHKAP",0.0569063063092243,4.52476417145289,0.80347377669013,0.370703485864652,0.715647237647898,0.694286461820558,"gpath_3neocort"
"6079","CHST15","Inh ENOX2 SPHKAP",-0.0232288219328487,7.06421963381697,0.477152046792745,0.490195749014389,0.794925262931243,0.780722140933401,"gpath_3neocort"
"6080","OAT","Inh ENOX2 SPHKAP",-0.00617136603992288,5.83181890990443,0.0179088975500634,0.893622381967389,0.98246587773482,0.979468601500836,"gpath_3neocort"
"6081","LHPP","Inh ENOX2 SPHKAP",-0.0830354022992836,5.94441473277437,3.56901586805854,0.0597347080697402,0.327844316462601,0.29636942675334,"gpath_3neocort"
"6082","ABRAXAS2","Inh ENOX2 SPHKAP",-0.000884038622415759,4.97171815747936,0.000356355166125333,0.984950221969851,0.9984270842391,0.998195900653722,"gpath_3neocort"
"6083","ZRANB1","Inh ENOX2 SPHKAP",0.0197711368196756,5.73421697408331,0.277419279418345,0.598747933474516,0.857532088125041,0.847772191747908,"gpath_3neocort"
"6084","CTBP2","Inh ENOX2 SPHKAP",-0.00175160142872947,5.45548615667374,0.00104771047383919,0.97419766435129,0.997170280740144,0.997066730902856,"gpath_3neocort"
"6085","EDRF1","Inh ENOX2 SPHKAP",-0.0278723756321187,5.59354059498337,0.408031495042449,0.659920503908054,0.886317117013643,0.881342676864539,"gpath_3neocort"
"6086","UROS","Inh ENOX2 SPHKAP",-0.178523269995449,5.22792610242659,9.79828130384596,0.00190112035214124,0.0709314558971319,0.0481209122425377,"gpath_3neocort"
"6087","BCCIP","Inh ENOX2 SPHKAP",-0.00938395610199869,5.15982825398369,0.0354283648641198,0.95050450516336,0.994776274703702,0.993007226384217,"gpath_3neocort"
"6088","DHX32","Inh ENOX2 SPHKAP",-0.0781970258576505,5.23330813275603,2.39476321697998,0.122690767598346,0.450513836678993,0.41889662647931,"gpath_3neocort"
"6089","FAM196A","Inh ENOX2 SPHKAP",-0.0137428964316397,4.57654220597295,0.0298785951312643,0.86287086427047,0.97297782263384,0.970242256238498,"gpath_3neocort"
"6090","PTPRE","Inh ENOX2 SPHKAP",-0.0188618717475022,6.21669089142033,0.0997676151465849,0.752306303078504,0.931937257267328,0.925873738941632,"gpath_3neocort"
"6091","MGMT","Inh ENOX2 SPHKAP",-0.134960634901512,5.19180294284063,4.66656404701116,0.0314675266439816,0.253248573933134,0.215210904031445,"gpath_3neocort"
"6092","AL157832.3","Inh ENOX2 SPHKAP",0.0304608216119396,4.49547873283853,0.182891538740342,0.66917605016796,0.891319433256134,0.886033083349954,"gpath_3neocort"
"6093","GLRX3","Inh ENOX2 SPHKAP",-0.0348794121557282,5.28044357160208,0.584671958743349,0.445027678856579,0.762971304613294,0.749783346647573,"gpath_3neocort"
"6094","TCERG1L","Inh ENOX2 SPHKAP",-0.114178314886685,3.97198380620912,0.91005224100203,0.340791629830263,0.690942606270729,0.668601238927241,"gpath_3neocort"
"6095","PPP2R2D","Inh ENOX2 SPHKAP",-0.0373265906859262,5.9785566152158,0.972293076106525,0.382337003516239,0.723091423624226,0.70318056325401,"gpath_3neocort"
"6096","BNIP3","Inh ENOX2 SPHKAP",0.0134939265896541,5.57228150844308,0.090255492103966,0.764039827499106,0.936302600649689,0.931164043124349,"gpath_3neocort"
"6097","JAKMIP3","Inh ENOX2 SPHKAP",0.0296468807374458,5.99230303514872,0.586237153993655,0.445379940268983,0.762971304613294,0.749999907246841,"gpath_3neocort"
"6098","DPYSL4","Inh ENOX2 SPHKAP",0.0287823821896108,4.37124376134904,0.188294697185235,0.664620365904665,0.888570078449307,0.883645464363529,"gpath_3neocort"
"6099","STK32C","Inh ENOX2 SPHKAP",0.0518498897658484,4.70334295067501,0.811856574549451,0.657705117636419,0.886317117013643,0.880252713008615,"gpath_3neocort"
"6100","LRRC27","Inh ENOX2 SPHKAP",-0.0927922559623788,4.46378959604813,1.75969459108802,0.18557044536386,0.538029034783717,0.509107869173251,"gpath_3neocort"
"6101","INPP5A","Inh ENOX2 SPHKAP",0.063806322134532,5.99569405772865,2.48239383155065,0.116075208960419,0.440678512614645,0.407744707348294,"gpath_3neocort"
"6102","CFAP46","Inh ENOX2 SPHKAP",-0.0530158078144442,4.83291429983198,0.612788209215856,0.434295541166933,0.757053424929146,0.7417018716979,"gpath_3neocort"
"6103","LINC01166","Inh ENOX2 SPHKAP",-0.128801101025708,3.84715821192203,1.30755770931849,0.25365763106677,0.611975663447407,0.587433014532454,"gpath_3neocort"
"6104","ADGRA1","Inh ENOX2 SPHKAP",-0.0738607037420816,5.57639949324667,3.3312254826176,0.068870723965534,0.350765224883039,0.317401306424943,"gpath_3neocort"
"6105","KNDC1","Inh ENOX2 SPHKAP",-0.00151050854477179,6.25916890126048,0.00179268793206026,0.966252885068762,0.995700592042286,0.995868808247127,"gpath_3neocort"
"6106","TUBGCP2","Inh ENOX2 SPHKAP",-0.020372578494725,5.36985965320668,0.217644382617756,0.641145330107157,0.880070597792245,0.871321546900175,"gpath_3neocort"
"6107","CALY","Inh ENOX2 SPHKAP",-0.135929594625591,7.56145284629285,10.9058752707895,0.00106254441163195,0.0547463358755129,0.0347066291673841,"gpath_3neocort"
"6108","ECHS1","Inh ENOX2 SPHKAP",-0.0876383728859888,4.67585379320654,1.90889647209723,0.168010935516595,0.518406365671926,0.48585017936205,"gpath_3neocort"
"6109","SPRN","Inh ENOX2 SPHKAP",0.0211973889275124,4.14778342492768,0.062968904503212,0.802018113058593,0.952551397154178,0.94758598958097,"gpath_3neocort"
"6110","CYP2E1","Inh ENOX2 SPHKAP",-0.00331423361377286,4.71112714814362,0.00312585541900541,0.955447508976644,0.995337913222174,0.993997755838078,"gpath_3neocort"
"6111","SYCE1","Inh ENOX2 SPHKAP",-0.0937804364096675,5.13722812982941,2.16935185685247,0.141728892137391,0.479735384632701,0.448605013961516,"gpath_3neocort"
"6112","IQSEC3","Inh ENOX2 SPHKAP",0.0206116991359211,7.21082538453093,0.325672791143883,0.56860266987042,0.843021713136024,0.830252915021871,"gpath_3neocort"
"6113","KDM5A","Inh ENOX2 SPHKAP",0.0310914645584944,6.84126616069327,1.03311469068292,0.310165197915242,0.66620805586772,0.641551877963762,"gpath_3neocort"
"6114","CCDC77","Inh ENOX2 SPHKAP",-0.0230557646987245,4.14090684104638,0.0816562692894016,0.775242749282661,0.943428379469452,0.936222186601312,"gpath_3neocort"
"6115","B4GALNT3","Inh ENOX2 SPHKAP",0.0476413169353065,4.81723623703725,0.470885197841275,0.493057105982917,0.796248150379289,0.782573776517299,"gpath_3neocort"
"6116","WNK1","Inh ENOX2 SPHKAP",0.00112563598756592,7.83132848123824,0.00277658935511921,0.958007790968259,0.995700592042286,0.994485173465761,"gpath_3neocort"
"6117","RAD52","Inh ENOX2 SPHKAP",0.0485725385957008,5.63993892907102,1.49981379547998,0.295110043642286,0.652094759470973,0.627595642441054,"gpath_3neocort"
"6118","ERC1","Inh ENOX2 SPHKAP",0.0136410497151833,9.43277518943562,0.458978393248955,0.498571609823298,0.799586682552582,0.786405823644747,"gpath_3neocort"
"6119","WNT5B","Inh ENOX2 SPHKAP",-0.00980237526854344,4.30610643836929,0.0153864936987009,0.901356521260024,0.985533466494216,0.981627396354447,"gpath_3neocort"
"6120","FBXL14","Inh ENOX2 SPHKAP",0.0223278318096183,4.9255021455125,0.144938777380681,0.703662174695109,0.909391142293427,0.903193158148903,"gpath_3neocort"
"6121","ADIPOR2","Inh ENOX2 SPHKAP",0.0137142876281355,5.62534915780751,0.099854691743248,0.752201792345337,0.931926342730138,0.92583680887464,"gpath_3neocort"
"6122","LRTM2","Inh ENOX2 SPHKAP",0.0623754423871956,3.78912295050215,0.501619323219,0.479284288941609,0.786919482371632,0.773460081572051,"gpath_3neocort"
"6123","DCP1B","Inh ENOX2 SPHKAP",0.0861760965718493,5.45705836721944,3.43308792219888,0.0647859279382287,0.339185680786275,0.307829491612519,"gpath_3neocort"
"6124","CACNA1C","Inh ENOX2 SPHKAP",0.0338242634765548,9.89548482128651,2.12358223758897,0.145988063510049,0.485072105999905,0.454592680717655,"gpath_3neocort"
"6125","FKBP4","Inh ENOX2 SPHKAP",-0.00519512711116495,5.12241846489998,0.00535515272163561,0.941707628286498,0.993518947956843,0.991306371426488,"gpath_3neocort"
"6126","ITFG2","Inh ENOX2 SPHKAP",-0.0351695913833425,5.48746312772124,0.598108550047655,0.439848543676713,0.760924696806508,0.745701197389132,"gpath_3neocort"
"6127","NRIP2","Inh ENOX2 SPHKAP",0.150848305552987,4.51617396403874,4.9126573779273,0.0273351111556334,0.237551136655977,0.200083281468741,"gpath_3neocort"
"6128","TULP3","Inh ENOX2 SPHKAP",0.0664791986103408,5.17163852039516,1.44749521255453,0.229783855326536,0.589627189241056,0.561564156405158,"gpath_3neocort"
"6129","TSPAN9","Inh ENOX2 SPHKAP",-0.056562875725464,6.55361307979877,1.80358798937537,0.180192771154814,0.531856312710162,0.501948358240649,"gpath_3neocort"
"6130","PRMT8","Inh ENOX2 SPHKAP",-0.0442635199621406,5.44629442744844,0.525064553724485,0.469197406061741,0.780232981596522,0.766464501813651,"gpath_3neocort"
"6131","CRACR2A","Inh ENOX2 SPHKAP",-0.0842473180571152,4.39593292813697,1.10139912148523,0.294719332665357,0.651675036670128,0.627194077043799,"gpath_3neocort"
"6132","PARP11","Inh ENOX2 SPHKAP",-0.00980272953132917,5.83490520715615,0.0522392744062661,0.819351707712505,0.958326597322361,0.954336713548036,"gpath_3neocort"
"6133","CCND2","Inh ENOX2 SPHKAP",-0.0298943721208008,6.58978765393694,0.816390634263724,0.366889887600269,0.712133491220135,0.691251045073246,"gpath_3neocort"
"6134","C12orf4","Inh ENOX2 SPHKAP",0.0189129989668636,5.37176769583238,0.16448109109106,0.685324064634172,0.900632353766203,0.894313187728144,"gpath_3neocort"
"6135","AC005833.2","Inh ENOX2 SPHKAP",-0.0530807634451091,5.2454820306914,1.30246224503084,0.275144851913513,0.63446852188818,0.608582717799656,"gpath_3neocort"
"6136","GALNT8","Inh ENOX2 SPHKAP",-0.0849815045882453,6.61856018566244,5.96752767314002,0.0150902105269618,0.178987174313708,0.148130405259542,"gpath_3neocort"
"6137","VAMP1","Inh ENOX2 SPHKAP",-0.0829976266970459,4.72554283669268,1.52903503878312,0.217127614988496,0.5735784814465,0.547009382547465,"gpath_3neocort"
"6138","MRPL51","Inh ENOX2 SPHKAP",-0.17260117247305,4.16321393107029,3.10124262592919,0.0791491544534078,0.374334369143898,0.33914813395073,"gpath_3neocort"
"6139","GAPDH","Inh ENOX2 SPHKAP",-0.0169029187974604,7.42013606118776,0.0610911390680788,0.804931706794156,0.952559922311815,0.948760026496971,"gpath_3neocort"
"6140","IFFO1","Inh ENOX2 SPHKAP",-0.0999112132615867,4.7874632498015,2.81849897084614,0.0941203517773915,0.401922427948076,0.369046681741987,"gpath_3neocort"
"6141","ING4","Inh ENOX2 SPHKAP",-0.13552528626175,5.4146828583431,7.65839697805956,0.00596632407201307,0.122839651633534,0.0912727431244911,"gpath_3neocort"
"6142","ZNF384","Inh ENOX2 SPHKAP",0.0337391654967725,4.17131274709744,0.192837792457344,0.660849605814167,0.886412322509415,0.881704367846006,"gpath_3neocort"
"6143","PIANP","Inh ENOX2 SPHKAP",-0.0365338096302974,5.69787803767194,0.77007207883646,0.537044838904933,0.824052758098905,0.811779453500821,"gpath_3neocort"
"6144","COPS7A","Inh ENOX2 SPHKAP",-0.135695682364962,4.70996938109412,3.73678130525262,0.0540733229748034,0.315989927949653,0.282011120714566,"gpath_3neocort"
"6145","MLF2","Inh ENOX2 SPHKAP",0.0790115851199294,6.02605134217994,2.8922460330179,0.0899391574077438,0.394339268274025,0.361269990089458,"gpath_3neocort"
"6146","PTMS","Inh ENOX2 SPHKAP",0.150738661250691,5.65188728978174,7.62242744896744,0.00608372658531363,0.12377566237523,0.0923049563901467,"gpath_3neocort"
"6147","GPR162","Inh ENOX2 SPHKAP",0.0310689446061779,5.74066796808738,0.421581643644513,0.516595889001974,0.810735014843066,0.798302101880298,"gpath_3neocort"
"6148","P3H3","Inh ENOX2 SPHKAP",-0.0668136532826017,4.93174318319964,1.51978208881652,0.308701364881352,0.665626447749951,0.640319567143596,"gpath_3neocort"
"6149","GNB3","Inh ENOX2 SPHKAP",0.0563183327532615,4.4131136125253,0.586085549462675,0.444478382218457,0.762971304613294,0.749379285596465,"gpath_3neocort"
"6150","USP5","Inh ENOX2 SPHKAP",-0.0175493341192211,4.79546334659955,0.0746044478299386,0.784916119465617,0.946213564168876,0.940304431402543,"gpath_3neocort"
"6151","TPI1","Inh ENOX2 SPHKAP",-0.0764528925259288,5.64721365151987,1.04049616170239,0.308445643830879,0.665378519721319,0.640068069887299,"gpath_3neocort"
"6152","LRRC23","Inh ENOX2 SPHKAP",-0.0500384537459272,5.2867983481979,1.01737764391095,0.313873248389945,0.666629813047172,0.644761932547009,"gpath_3neocort"
"6153","ENO2","Inh ENOX2 SPHKAP",-0.0713685681443173,7.09130873031191,2.86504050582304,0.0914575402830853,0.397595324677091,0.363966426554232,"gpath_3neocort"
"6154","ATN1","Inh ENOX2 SPHKAP",0.0973747309532093,6.13981090914168,5.67334202639408,0.0177850543869707,0.194378069158609,0.161731091335634,"gpath_3neocort"
"6155","C12orf57","Inh ENOX2 SPHKAP",-0.0952148641970843,4.27845294132553,1.06026759344847,0.303900507655173,0.661314668948844,0.635796449453661,"gpath_3neocort"
"6156","LPCAT3","Inh ENOX2 SPHKAP",-0.035381270144068,4.74587847178821,0.318178134879783,0.573083790491936,0.845326168242279,0.83309835314345,"gpath_3neocort"
"6157","C1S","Inh ENOX2 SPHKAP",0.036236555160542,4.57525642921391,0.326055298177676,0.568375804803547,0.843019287868637,0.830079864260171,"gpath_3neocort"
"6158","CLSTN3","Inh ENOX2 SPHKAP",-0.0602739280235814,6.81182338390522,3.72215345687848,0.0545434117619868,0.31653381629215,0.283348979006521,"gpath_3neocort"
"6159","PEX5","Inh ENOX2 SPHKAP",0.00970276079476423,4.98726947002948,0.038604486858496,0.84435399301076,0.967445485814659,0.96409844263095,"gpath_3neocort"
"6160","CD163L1","Inh ENOX2 SPHKAP",0.0587726408430406,4.91782844245698,1.03574987767137,0.309549885055647,0.666017848137846,0.641079457059165,"gpath_3neocort"
"6161","SLC2A3","Inh ENOX2 SPHKAP",0.077332539634631,5.0214066722234,1.85253933357091,0.174407499176716,0.525171197091898,0.494375230618632,"gpath_3neocort"
"6162","NECAP1","Inh ENOX2 SPHKAP",-0.0382247888333142,5.31058629191176,0.520937313649605,0.470947956322179,0.780957264084683,0.767659754549837,"gpath_3neocort"
"6163","FAM66C","Inh ENOX2 SPHKAP",0.00705930906348737,5.97741214024834,0.0292434413157433,0.864321879558366,0.973599359530292,0.970622049670129,"gpath_3neocort"
"6164","LINC00937","Inh ENOX2 SPHKAP",-0.0549662236452865,5.99118722567587,1.40272339523863,0.237111679630266,0.597475111204917,0.569651228305436,"gpath_3neocort"
"6165","RIMKLB","Inh ENOX2 SPHKAP",-0.00718415649606636,6.32772611700159,0.0510451201146418,0.821392991188094,0.959424846850145,0.955116009702106,"gpath_3neocort"
"6166","A2ML1-AS1","Inh ENOX2 SPHKAP",-0.0626721292101672,4.50474665546559,0.707064268950999,0.401022733514333,0.734067422065013,0.71703081393619,"gpath_3neocort"
"6167","AC006581.2","Inh ENOX2 SPHKAP",0.0497687271834356,5.63820762010398,0.698356546915072,0.40393489861824,0.735897276131914,0.719128161324551,"gpath_3neocort"
"6168","PHC1","Inh ENOX2 SPHKAP",-0.116075705896732,5.69001517890875,7.38290079750978,0.00692843680569249,0.127050822172829,0.098678436838413,"gpath_3neocort"
"6169","M6PR","Inh ENOX2 SPHKAP",0.00609509871125577,5.21804421974457,0.0126732188399932,0.910434939585728,0.98778742870664,0.98401218099006,"gpath_3neocort"
"6170","KLRG1","Inh ENOX2 SPHKAP",0.0526238782536788,4.4466387812751,0.371718696744813,0.542484164120283,0.828524946732333,0.81508796458895,"gpath_3neocort"
"6171","CLEC2D","Inh ENOX2 SPHKAP",0.0530579866929886,3.95076698579994,0.340647069213113,0.559850555226206,0.838007337924011,0.825344906962149,"gpath_3neocort"
"6172","GABARAPL1","Inh ENOX2 SPHKAP",-0.118436997301368,5.82959744014952,5.5078297647145,0.0195162130745134,0.201536461208495,0.169297533620687,"gpath_3neocort"
"6173","KLRD1","Inh ENOX2 SPHKAP",-0.134082770745521,4.64862993348578,2.26553162833078,0.133227493529886,0.465847656442537,0.435329179464736,"gpath_3neocort"
"6174","PRH1","Inh ENOX2 SPHKAP",0.04896463756539,5.25330249360393,0.877022268053833,0.349696346840219,0.698066397376537,0.67620951893904,"gpath_3neocort"
"6175","AC244131.2","Inh ENOX2 SPHKAP",0.112219389671882,5.00204462004315,1.66535839684254,0.197775549121817,0.551886530094301,0.524533520709484,"gpath_3neocort"
"6176","PRB2","Inh ENOX2 SPHKAP",0.044403426426663,6.09316056694228,1.08371120595058,0.298623056792774,0.656804197150862,0.630790552411061,"gpath_3neocort"
"6177","LINC01252","Inh ENOX2 SPHKAP",-0.0642708953342205,5.5256910732401,1.20855108453018,0.272412384696579,0.630548689292513,0.606088819883126,"gpath_3neocort"
"6178","ETV6","Inh ENOX2 SPHKAP",0.0257187299590024,5.89290037048274,0.277531722226427,0.598673888567953,0.857532088125041,0.847721195368453,"gpath_3neocort"
"6179","LRP6","Inh ENOX2 SPHKAP",-0.000286132694244888,6.1076422709735,7.79814226233091e-05,0.992959486249126,0.998951897108485,0.999193584560602,"gpath_3neocort"
"6180","MANSC1","Inh ENOX2 SPHKAP",-0.0398848501084469,4.77759155259864,0.534672974453657,0.465162385644315,0.776839532053566,0.763783887065752,"gpath_3neocort"
"6181","BORCS5","Inh ENOX2 SPHKAP",-0.0747441181667557,5.9397433300259,3.31642723350596,0.069486804560671,0.352795882592187,0.318736730599119,"gpath_3neocort"
"6182","DUSP16","Inh ENOX2 SPHKAP",-0.015192236523126,5.64630889409072,0.111492875641765,0.738660779774202,0.92694312802077,0.919919117889086,"gpath_3neocort"
"6183","CREBL2","Inh ENOX2 SPHKAP",0.0451591403646834,5.27841238521584,1.02557923336286,0.311933554202611,0.66620805586772,0.642991773758173,"gpath_3neocort"
"6184","GPR19","Inh ENOX2 SPHKAP",0.0047095927706782,4.96074845187272,0.00813665361246708,0.9281797424558,0.99194652368676,0.988432816355163,"gpath_3neocort"
"6185","CDKN1B","Inh ENOX2 SPHKAP",0.0433911606115792,5.39735048420485,0.709091913089648,0.400349011159635,0.733784805321387,0.716536112179454,"gpath_3neocort"
"6186","APOLD1","Inh ENOX2 SPHKAP",0.153836537840771,5.36778114661915,3.92766216425607,0.0483187721890521,0.301234445311773,0.266734861559318,"gpath_3neocort"
"6187","FAM234B","Inh ENOX2 SPHKAP",0.0147993147884155,4.75857444390811,0.0771486056735223,0.781371522013382,0.94463015286981,0.938804155419832,"gpath_3neocort"
"6188","GRIN2B","Inh ENOX2 SPHKAP",-0.0249352057079631,9.90625758167521,1.87797347566051,0.171486557396139,0.522002084688595,0.490458702258381,"gpath_3neocort"
"6189","ATF7IP","Inh ENOX2 SPHKAP",0.0663363735428471,6.61681710930456,3.98797180067093,0.0466386523451878,0.295947091004505,0.262008713811443,"gpath_3neocort"
"6190","WBP11","Inh ENOX2 SPHKAP",-0.0585305230276061,4.86700728395012,1.10509882682781,0.293911119676926,0.650922557064796,0.626388056739113,"gpath_3neocort"
"6191","RERG","Inh ENOX2 SPHKAP",0.0815985842734236,6.28438562471802,2.18978354882899,0.139873026040941,0.476103949939866,0.445720978115846,"gpath_3neocort"
"6192","PTPRO","Inh ENOX2 SPHKAP",0.0958634596140461,7.3496575951734,6.93005442669499,0.00887028549738564,0.141982798215111,0.112387397590848,"gpath_3neocort"
"6193","EPS8","Inh ENOX2 SPHKAP",-0.0133222962823581,4.38147313750221,0.023017856831066,0.879502399857333,0.978345111313283,0.975296222330404,"gpath_3neocort"
"6194","STRAP","Inh ENOX2 SPHKAP",-0.0209610194935389,5.26347516477408,0.161333700442391,0.688188889197941,0.901973157583322,0.895635461989727,"gpath_3neocort"
"6195","LMO3","Inh ENOX2 SPHKAP",0.104802120888457,5.2474102387888,2.96710911683519,0.0859008340932273,0.386874374435342,0.353400486864211,"gpath_3neocort"
"6196","PLEKHA5","Inh ENOX2 SPHKAP",0.070025662697492,9.0789551838375,7.11813167395946,0.00800354396545352,0.135251588714884,0.106251054724047,"gpath_3neocort"
"6197","AEBP2","Inh ENOX2 SPHKAP",-0.0557047552788504,8.58654355678794,3.93185503001936,0.0481999160710859,0.300946566682078,0.266477308551783,"gpath_3neocort"
"6198","AC024901.1","Inh ENOX2 SPHKAP",-0.13462234680911,6.99950377232029,6.11042508706234,0.0139374365105523,0.172581947649293,0.142165157376845,"gpath_3neocort"
"6199","LINC02398","Inh ENOX2 SPHKAP",-0.110472995359164,6.032356496744,3.33968458946405,0.068521193998977,0.349833623731172,0.316567445235069,"gpath_3neocort"
"6200","PYROXD1","Inh ENOX2 SPHKAP",-0.0439880222891145,4.64677939367646,0.490756294128122,0.48407867398718,0.789872340363129,0.776562401395114,"gpath_3neocort"
"6201","GOLT1B","Inh ENOX2 SPHKAP",-0.0916287608208009,5.8142135297567,3.02598810964922,0.0828631904488094,0.382176210746273,0.347167418434137,"gpath_3neocort"
"6202","LDHB","Inh ENOX2 SPHKAP",-0.0407362865820392,5.61463037482355,0.517440973707019,0.472439189330635,0.781699038975728,0.76869051866324,"gpath_3neocort"
"6203","CMAS","Inh ENOX2 SPHKAP",0.00270653803102215,5.61863204773055,0.00441455038072295,0.947065687610169,0.994776274703702,0.992360497542345,"gpath_3neocort"
"6204","ST8SIA1","Inh ENOX2 SPHKAP",0.0688277893824264,8.03411069241449,7.55858016109575,0.00629799173823082,0.123857366202723,0.0940398717792245,"gpath_3neocort"
"6205","C2CD5","Inh ENOX2 SPHKAP",0.011599068465061,8.03109765590314,0.249809865123683,0.617538656965244,0.867689918599335,0.858477867588813,"gpath_3neocort"
"6206","ETNK1","Inh ENOX2 SPHKAP",0.0809615212671979,6.80588650159919,6.98500199802276,0.00860751436855996,0.140680294495887,0.110547798488563,"gpath_3neocort"
"6207","SOX5","Inh ENOX2 SPHKAP",-0.136869044826727,5.77152022901289,2.9919244657182,0.0846060854206899,0.384997224218074,0.350769539008876,"gpath_3neocort"
"6208","BCAT1","Inh ENOX2 SPHKAP",0.0238419614559004,6.62675627207497,0.653786609163185,0.4193386506978,0.744624321753315,0.730565917601192,"gpath_3neocort"
"6209","CASC1","Inh ENOX2 SPHKAP",-0.00537510787758376,4.79064932170338,0.00719093733383705,0.932471767357068,0.992725295505717,0.989485304890553,"gpath_3neocort"
"6210","ETFRF1","Inh ENOX2 SPHKAP",0.0338753927904509,5.38705129483709,0.567527707875707,0.460182961312305,0.774144693848911,0.760368167973145,"gpath_3neocort"
"6211","KRAS","Inh ENOX2 SPHKAP",-0.0951831465571842,6.01757878745627,4.13093375024458,0.0428982302563115,0.284372339166754,0.251170857172381,"gpath_3neocort"
"6212","RASSF8-AS1","Inh ENOX2 SPHKAP",-0.108545792971497,4.65909045553873,2.65623538376354,0.10408888805726,0.417116900789247,0.387128904418476,"gpath_3neocort"
"6213","RASSF8","Inh ENOX2 SPHKAP",-0.0589219895287968,5.14283547557051,0.829884358081744,0.362964076807636,0.708893738458235,0.687627404627838,"gpath_3neocort"
"6214","BHLHE41","Inh ENOX2 SPHKAP",0.0636885090565066,4.50550389451124,0.821024403457552,0.365535133380796,0.711773870998239,0.690123961341791,"gpath_3neocort"
"6215","ITPR2","Inh ENOX2 SPHKAP",-0.109308876187049,4.28177988041656,0.966689806476768,0.326220005008574,0.677052516788894,0.655897177915908,"gpath_3neocort"
"6216","FGFR1OP2","Inh ENOX2 SPHKAP",0.0658164100987245,5.2899151056035,2.07840783143949,0.150334474023154,0.491755830714637,0.460820115715249,"gpath_3neocort"
"6217","TM7SF3","Inh ENOX2 SPHKAP",-0.0589113358729264,5.88195963022199,1.90236173805651,0.168738601558432,0.518440590239748,0.486643963114424,"gpath_3neocort"
"6218","MED21","Inh ENOX2 SPHKAP",-0.110806730074057,4.75621972424281,3.2898976956092,0.0706061688905769,0.354351829068376,0.321079500358078,"gpath_3neocort"
"6219","STK38L","Inh ENOX2 SPHKAP",0.0853517498329575,5.21241111307756,3.27121968493411,0.0714058842004616,0.35610806778044,0.32283233731301,"gpath_3neocort"
"6220","ARNTL2","Inh ENOX2 SPHKAP",-0.0500518874305397,4.95305109127258,0.738065436345988,0.390898498399298,0.728112007921263,0.709798941551685,"gpath_3neocort"
"6221","PPFIBP1","Inh ENOX2 SPHKAP",0.0789411142882275,5.9254539215912,2.22331956838997,0.136885915278612,0.47264491535137,0.441097434494493,"gpath_3neocort"
"6222","MRPS35","Inh ENOX2 SPHKAP",-0.0138240455259523,5.41164394958839,0.0953969400710471,0.75761791598408,0.934070145831043,0.928131428115008,"gpath_3neocort"
"6223","KLHL42","Inh ENOX2 SPHKAP",-0.0880658879057344,6.246043833506,6.13227565969451,0.0137693642288771,0.171899539452692,0.141363502791988,"gpath_3neocort"
"6224","CCDC91","Inh ENOX2 SPHKAP",-0.00882174768329206,7.72592531669755,0.104635128759522,0.746539430432407,0.929879889172522,0.923491664898166,"gpath_3neocort"
"6225","FAR2","Inh ENOX2 SPHKAP",0.113250946406816,7.72764444366515,12.1158167882587,0.000566455001246482,0.0401218919750735,0.0240876067194751,"gpath_3neocort"
"6226","ERGIC2","Inh ENOX2 SPHKAP",-0.0190521885054249,5.57714613046219,0.1870040972281,0.665701413884501,0.888986979959871,0.884253533095199,"gpath_3neocort"
"6227","OVCH1","Inh ENOX2 SPHKAP",0.150079854350465,5.77911411284804,7.11616978894228,0.00801212050715762,0.135251588714884,0.106298321252992,"gpath_3neocort"
"6228","TMTC1","Inh ENOX2 SPHKAP",0.0338239590573112,9.07256198238031,2.52741235404472,0.11283124529027,0.433090526857173,0.402236663231666,"gpath_3neocort"
"6229","IPO8","Inh ENOX2 SPHKAP",0.0572773831163118,5.3719772790407,1.51349093393483,0.219474418424367,0.577009148654559,0.54980689201009,"gpath_3neocort"
"6230","CAPRIN2","Inh ENOX2 SPHKAP",-0.0436413424185197,6.2587384776094,1.77640623280361,0.18350126290586,0.535652067798939,0.506436295389318,"gpath_3neocort"
"6231","DENND5B","Inh ENOX2 SPHKAP",0.0437486548504383,8.64029294773969,4.51707093517561,0.0342930809727494,0.264826346163865,0.224813803579065,"gpath_3neocort"
"6232","AMN1","Inh ENOX2 SPHKAP",0.0452349763301119,6.43886562156771,1.79927246551542,0.180713386276509,0.531979128041307,0.502650537885993,"gpath_3neocort"
"6233","KIAA1551","Inh ENOX2 SPHKAP",0.112413240666486,5.81195226968603,7.55327434360454,0.00631614241762454,0.123857366202723,0.0941992967140068,"gpath_3neocort"
"6234","BICD1","Inh ENOX2 SPHKAP",0.0212448359750065,9.05456722452592,0.898936608051502,0.343753654904913,0.692485124423675,0.67107445473305,"gpath_3neocort"
"6235","FGD4","Inh ENOX2 SPHKAP",0.0228774432450714,5.72678012285252,0.207964409630097,0.648664451633385,0.882880312297119,0.875277725062027,"gpath_3neocort"
"6236","DNM1L","Inh ENOX2 SPHKAP",-0.00958307809280463,7.23250868682277,0.127020710263267,0.721766706092727,0.918646475484378,0.911441741670208,"gpath_3neocort"
"6237","YARS2","Inh ENOX2 SPHKAP",-0.0387621900727149,5.10155722263287,0.627179272874505,0.465914212297241,0.777029045958303,0.764322644651371,"gpath_3neocort"
"6238","CPNE8","Inh ENOX2 SPHKAP",0.00577826028178147,5.2922551357846,0.00811560168329026,0.928272460609496,0.99194652368676,0.988441843962727,"gpath_3neocort"
"6239","KIF21A","Inh ENOX2 SPHKAP",0.0130008052038081,8.04514780701673,0.40903815189021,0.522897269402708,0.814712541151888,0.802426172330078,"gpath_3neocort"
"6240","ABCD2","Inh ENOX2 SPHKAP",0.23743436049721,4.83986135792602,14.2892872276364,0.000185683402087517,0.0222197291041148,0.0124278423286469,"gpath_3neocort"
"6241","C12orf40","Inh ENOX2 SPHKAP",-0.0898695001301258,4.08026194808414,0.997112059012084,0.31873442480254,0.671228787249916,0.649291704648282,"gpath_3neocort"
"6242","SLC2A13","Inh ENOX2 SPHKAP",0.0498544563948503,8.59151047739031,4.09889227410845,0.0437080484734043,0.286573309709436,0.253438925512742,"gpath_3neocort"
"6243","LRRK2","Inh ENOX2 SPHKAP",0.0123114096038689,5.8977153701719,0.0778941455617983,0.78034477408505,0.944495130113347,0.938379369250582,"gpath_3neocort"
"6244","CNTN1","Inh ENOX2 SPHKAP",0.030802469311024,9.51604741207826,1.71008145323319,0.191875721342527,0.54568240803677,0.516916596376077,"gpath_3neocort"
"6245","PDZRN4","Inh ENOX2 SPHKAP",0.172276488605062,6.24060076084062,2.88017260936617,0.0906095749093623,0.396175485592058,0.362465073102566,"gpath_3neocort"
"6246","GXYLT1","Inh ENOX2 SPHKAP",-0.0159037696634353,4.83465377659378,0.0776092041541706,0.780736563859896,0.944566114904668,0.938557001542468,"gpath_3neocort"
"6247","YAF2","Inh ENOX2 SPHKAP",-0.00945876357237358,6.52077366406351,0.0814406244560973,0.829734845700034,0.962916920097718,0.958549418253427,"gpath_3neocort"
"6248","PPHLN1","Inh ENOX2 SPHKAP",-0.0132927559950983,6.99194782870775,0.258546533915657,0.611456722565688,0.863698360056991,0.854872875262441,"gpath_3neocort"
"6249","ZCRB1","Inh ENOX2 SPHKAP",-0.0690874940716018,4.72044254203887,1.20240113177703,0.273633622708119,0.632181309117832,0.607197475228942,"gpath_3neocort"
"6250","PRICKLE1","Inh ENOX2 SPHKAP",0.0160075170778794,7.73293877732471,0.362474075344857,0.547544572478994,0.830657274778072,0.817815213617549,"gpath_3neocort"
"6251","ADAMTS20","Inh ENOX2 SPHKAP",0.0378992968382725,5.09491170088736,0.299998523000509,0.584249803428057,0.850178807252576,0.839568671578661,"gpath_3neocort"
"6252","PUS7L","Inh ENOX2 SPHKAP",-0.0335130042961252,6.58491589226793,0.983430131555389,0.322072529225814,0.673468389435468,0.652183605310054,"gpath_3neocort"
"6253","TMEM117","Inh ENOX2 SPHKAP",0.00287199580765399,7.37833865792327,0.00851075262685036,0.926551843599381,0.991428242913786,0.987908262937079,"gpath_3neocort"
"6254","NELL2","Inh ENOX2 SPHKAP",0.0385362286413219,5.83106488280932,0.42127800543278,0.516746844667253,0.810833983514015,0.798375784565337,"gpath_3neocort"
"6255","ANO6","Inh ENOX2 SPHKAP",0.0074105239373129,4.98437639680329,0.0138602163631434,0.906352941532897,0.986765245127383,0.982946888839255,"gpath_3neocort"
"6256","AC008124.1","Inh ENOX2 SPHKAP",-0.0370926437197191,4.2002023557792,0.231185377874408,0.720744121980511,0.918385260046279,0.910987795590563,"gpath_3neocort"
"6257","ARID2","Inh ENOX2 SPHKAP",0.0420874336377395,6.16669540573648,1.58001680605832,0.209638073392249,0.566284482300616,0.53853724914097,"gpath_3neocort"
"6258","SCAF11","Inh ENOX2 SPHKAP",-0.0357357960415678,6.51158566398121,1.22338412748275,0.378566572373007,0.720719703180517,0.700183975747428,"gpath_3neocort"
"6259","SLC38A1","Inh ENOX2 SPHKAP",0.0300266957904986,7.19234323237947,1.36695416615989,0.243171035340592,0.601931759569568,0.575988456675217,"gpath_3neocort"
"6260","SLC38A2","Inh ENOX2 SPHKAP",0.141952717539824,5.87850595881941,9.67672155274845,0.002027243504649,0.0744954613142337,0.0499786018255695,"gpath_3neocort"
"6261","AC008014.1","Inh ENOX2 SPHKAP",-0.0418631043446528,6.13329085996217,0.517709541313313,0.472324370899121,0.781699038975728,0.76862148784842,"gpath_3neocort"
"6262","RPAP3","Inh ENOX2 SPHKAP",0.0330552729164474,4.67157241191054,0.315887893558162,0.61611489428202,0.866511675407035,0.857656202548602,"gpath_3neocort"
"6263","SLC48A1","Inh ENOX2 SPHKAP",-0.0731581257734467,4.48412908346937,1.22004336751928,0.270148577905228,0.629807721245178,0.603999403893162,"gpath_3neocort"
"6264","HDAC7","Inh ENOX2 SPHKAP",0.0268899268333935,5.29654327474588,0.364417993236982,0.546473230798867,0.830389902379284,0.817285810067319,"gpath_3neocort"
"6265","TMEM106C","Inh ENOX2 SPHKAP",0.01030964976422,4.71206412181842,0.0296470205840367,0.86339804210997,0.973121543294779,0.970432327306167,"gpath_3neocort"
"6266","SENP1","Inh ENOX2 SPHKAP",-0.0316962451339278,4.90950384867258,0.297599951349568,0.585755715406068,0.85084862121484,0.840490763738996,"gpath_3neocort"
"6267","PFKM","Inh ENOX2 SPHKAP",-0.0229867901475371,5.13482197590746,0.202305620433878,0.653158477709644,0.88487162714754,0.877751725489621,"gpath_3neocort"
"6268","ASB8","Inh ENOX2 SPHKAP",-0.0186209017768583,5.11380193350426,0.120880689954946,0.728300640017977,0.922021793096082,0.914637588132463,"gpath_3neocort"
"6269","CCDC184","Inh ENOX2 SPHKAP",-0.238455442554473,4.33369131046369,6.69846642131911,0.0100718275000785,0.14951136615208,0.120313828947667,"gpath_3neocort"
"6270","ZNF641","Inh ENOX2 SPHKAP",-0.13845084773873,4.95104164438131,4.50696099748015,0.0344935409824045,0.265683787043354,0.225409732696989,"gpath_3neocort"
"6271","AC090115.1","Inh ENOX2 SPHKAP",-0.0757178076785261,5.38081614318358,1.47201088142277,0.225887480945268,0.584402839916318,0.557321173894976,"gpath_3neocort"
"6272","KANSL2","Inh ENOX2 SPHKAP",0.0399294215011761,4.40921704121155,0.340073875246266,0.631141821525682,0.875304445396154,0.865867089746854,"gpath_3neocort"
"6273","CCNT1","Inh ENOX2 SPHKAP",-0.0390172127725297,5.00131417784637,0.609376603163867,0.435576464270129,0.757842345732091,0.742553300925578,"gpath_3neocort"
"6274","ADCY6","Inh ENOX2 SPHKAP",-0.117566376325377,5.23933655788034,5.05451374562284,0.025214734357424,0.229891892697469,0.192322750999214,"gpath_3neocort"
"6275","CACNB3","Inh ENOX2 SPHKAP",0.0228626631978851,4.62365880388243,0.135000279542716,0.988902797178358,0.998951897108485,0.998728720282548,"gpath_3neocort"
"6276","DDX23","Inh ENOX2 SPHKAP",-0.0680759176033051,4.36447249108557,0.990312379719992,0.320387667701348,0.671996643316917,0.650782161243488,"gpath_3neocort"
"6277","AC073610.3","Inh ENOX2 SPHKAP",0.176990505956707,4.86644674462866,9.63588233639052,0.00207150394373808,0.0747122422374866,0.0505405839484377,"gpath_3neocort"
"6278","CCDC65","Inh ENOX2 SPHKAP",-0.232270012794422,4.2235126284052,6.06258877717311,0.0143128364871842,0.175160305720983,0.144114768322748,"gpath_3neocort"
"6279","PRKAG1","Inh ENOX2 SPHKAP",-0.0863684042352353,5.2126551923326,2.90826772850416,0.0890578308526929,0.392241138328143,0.359446023044128,"gpath_3neocort"
"6280","KMT2D","Inh ENOX2 SPHKAP",-0.00563240614509234,4.89786704744515,0.0121281174556233,0.912374328161487,0.98778742870664,0.98451804266845,"gpath_3neocort"
"6281","LMBR1L","Inh ENOX2 SPHKAP",0.0106435645956745,5.18617812697818,0.0452720800985169,0.831634541333018,0.962944947667719,0.959201610040121,"gpath_3neocort"
"6282","AC011603.2","Inh ENOX2 SPHKAP",-0.0372832982067954,4.61093309540585,0.351693434967466,0.553558097417318,0.835191388279173,0.821586894293276,"gpath_3neocort"
"6283","TUBA1B","Inh ENOX2 SPHKAP",-0.078518193978525,7.65587090804418,2.54019558861404,0.111928494352488,0.431154935919515,0.400691639449957,"gpath_3neocort"
"6284","TUBA1A","Inh ENOX2 SPHKAP",-0.167854942456029,6.34827727298656,6.53454561293661,0.0110226808918279,0.155563574673363,0.12575559953917,"gpath_3neocort"
"6285","SPATS2","Inh ENOX2 SPHKAP",0.0266709849557441,5.96795032778981,0.476790243110009,0.516055983651239,0.810186041624116,0.797931195591804,"gpath_3neocort"
"6286","KCNH3","Inh ENOX2 SPHKAP",-0.111176139069199,4.86991214108742,3.26084736723539,0.0718541906081542,0.357109598488891,0.323929645271228,"gpath_3neocort"
"6287","MCRS1","Inh ENOX2 SPHKAP",0.00357620605337495,4.35334363252591,0.00205392899736353,0.963879142215294,0.995700592042286,0.995495140438138,"gpath_3neocort"
"6288","PRPF40B","Inh ENOX2 SPHKAP",-0.0740725692236443,6.38866974173593,4.73471517935798,0.0302614672655775,0.248494779029054,0.21101619355005,"gpath_3neocort"
"6289","TMBIM6","Inh ENOX2 SPHKAP",0.0315461281654815,6.48161885754581,0.901329392638233,0.343113107288326,0.691917379643772,0.670537742868553,"gpath_3neocort"
"6290","NCKAP5L","Inh ENOX2 SPHKAP",-0.0535797539712351,5.02886494273427,1.23356998562353,0.267514169278592,0.626433379331033,0.601307261049327,"gpath_3neocort"
"6291","FAIM2","Inh ENOX2 SPHKAP",0.0121758468821049,7.92243039936974,0.139957258194532,0.708561293790376,0.912694428429984,0.905627489549418,"gpath_3neocort"
"6292","ASIC1","Inh ENOX2 SPHKAP",0.025382251526255,4.81787767975084,0.213491988824966,0.644345412971686,0.881448868178843,0.873142291881653,"gpath_3neocort"
"6293","SMARCD1","Inh ENOX2 SPHKAP",-0.0113367366896043,4.72075938858737,0.0425190156461093,0.836759446508027,0.964409807647727,0.961186544194585,"gpath_3neocort"
"6294","AC074032.1","Inh ENOX2 SPHKAP",-0.135614488116962,5.61358497213021,7.30690049355515,0.00722091746249536,0.129878301300786,0.100722252365205,"gpath_3neocort"
"6295","CERS5","Inh ENOX2 SPHKAP",0.0577428995361406,6.32086547752047,3.0259196906681,0.0828666518682076,0.382176210746273,0.347175417803569,"gpath_3neocort"
"6296","LIMA1","Inh ENOX2 SPHKAP",-0.0154974687953751,5.44540078411112,0.0975492048727655,0.754985978015728,0.932986034557454,0.927166817914243,"gpath_3neocort"
"6297","LARP4","Inh ENOX2 SPHKAP",0.0534504660225953,5.77327792141439,1.70959211011314,0.191939148071183,0.54568240803677,0.517030041423329,"gpath_3neocort"
"6298","DIP2B","Inh ENOX2 SPHKAP",-0.0141738835636641,7.46699627831417,0.231038703918529,0.631069938148518,0.875304445396154,0.865848130301963,"gpath_3neocort"
"6299","ATF1","Inh ENOX2 SPHKAP",0.062893179672577,5.82689914335907,2.57727225639733,0.10935498651083,0.427094112662848,0.396463891886623,"gpath_3neocort"
"6300","SLC11A2","Inh ENOX2 SPHKAP",-0.048092836014961,5.77842503877555,1.64123965232141,0.201045761013745,0.554954916763844,0.528222699697499,"gpath_3neocort"
"6301","LETMD1","Inh ENOX2 SPHKAP",-0.0822201730223023,5.51240922448572,2.77432679296225,0.0967261234754399,0.406742961065692,0.373765608698301,"gpath_3neocort"
"6302","CSRNP2","Inh ENOX2 SPHKAP",-0.011678023432253,5.39752511599064,0.0705077477566679,0.790763026877914,0.948347180002838,0.942875154535455,"gpath_3neocort"
"6303","TFCP2","Inh ENOX2 SPHKAP",-0.0766357172108995,6.82581253455392,5.65291470995655,0.0179897963143648,0.195240638974021,0.162625459768931,"gpath_3neocort"
"6304","POU6F1","Inh ENOX2 SPHKAP",0.040988938931502,6.31790827825145,1.74008732404926,0.188032935139406,0.541254721367879,0.512282221686652,"gpath_3neocort"
"6305","DAZAP2","Inh ENOX2 SPHKAP",-0.062265502887512,5.10706029223165,1.43458144949061,0.231868935098256,0.591311371426491,0.563904298476354,"gpath_3neocort"
"6306","SLC4A8","Inh ENOX2 SPHKAP",-0.00772477063464639,7.2719116983306,0.0485439432826999,0.825751411055263,0.961952094667183,0.956921051581454,"gpath_3neocort"
"6307","SCN8A","Inh ENOX2 SPHKAP",-0.0345393606172214,8.2080795316747,2.86169637972593,0.0916461021128898,0.397980218620841,0.364348558236019,"gpath_3neocort"
"6308","ACVR1B","Inh ENOX2 SPHKAP",0.0934108127726312,6.220958503092,8.10657054062648,0.00468389981251062,0.111496626575587,0.0795761350419404,"gpath_3neocort"
"6309","NR4A1","Inh ENOX2 SPHKAP",0.256282285240978,3.94280974028002,3.98456051815445,0.0467320132675975,0.296243924702346,0.262233471997206,"gpath_3neocort"
"6310","EIF4B","Inh ENOX2 SPHKAP",0.0555819480591559,5.82504661310773,2.14518116307568,0.143960369396549,0.482576962885919,0.451771700784793,"gpath_3neocort"
"6311","AC068888.1","Inh ENOX2 SPHKAP",-0.339471645071463,4.04698312036856,10.4208191968041,0.00136984641595939,0.060911252961701,0.0397881594816533,"gpath_3neocort"
"6312","TNS2","Inh ENOX2 SPHKAP",-0.112630472435842,4.42508958921515,2.39642357604532,0.122561589555089,0.450504427046823,0.41866251886796,"gpath_3neocort"
"6313","SPRYD3","Inh ENOX2 SPHKAP",-0.0461349770739942,4.89191607755706,0.582074545968565,0.446039737704372,0.763221602774832,0.750362333584976,"gpath_3neocort"
"6314","CSAD","Inh ENOX2 SPHKAP",-0.0148846790452099,6.9377415419533,0.256495235492013,0.730328528116975,0.923272785711596,0.915711506228838,"gpath_3neocort"
"6315","PFDN5","Inh ENOX2 SPHKAP",-0.154953381451468,5.11806332788998,4.93422472964682,0.0270010916094896,0.237551136655977,0.198948006134029,"gpath_3neocort"
"6316","SP1","Inh ENOX2 SPHKAP",0.112637822666084,4.38328715637809,2.93639339421976,0.0875333441466194,0.389935821271628,0.356676280962392,"gpath_3neocort"
"6317","PCBP2","Inh ENOX2 SPHKAP",0.0266442090637624,6.22853553829394,0.58518273619084,0.444829078271427,0.762971304613294,0.74962377899114,"gpath_3neocort"
"6318","MAP3K12","Inh ENOX2 SPHKAP",-0.0834076819562637,4.84355186368937,2.05155180809422,0.152987945420657,0.496433393037775,0.464548444554166,"gpath_3neocort"
"6319","ATP5MC2","Inh ENOX2 SPHKAP",-0.00906523994033934,5.84743822976331,0.0302163361179131,0.862105757516154,0.972544434032209,0.969933561570879,"gpath_3neocort"
"6320","CALCOCO1","Inh ENOX2 SPHKAP",0.0272807690450639,6.17541082135663,0.545710939923839,0.460595187136715,0.77425788578238,0.760635392793414,"gpath_3neocort"
"6321","CBX5","Inh ENOX2 SPHKAP",0.0108297337748912,6.48596274127902,0.100566526336439,0.751349310829261,0.931658994455486,0.925528410371241,"gpath_3neocort"
"6322","HNRNPA1","Inh ENOX2 SPHKAP",-0.0125812051401689,5.24890458968187,0.0432332480471981,0.835413640976932,0.964235870076255,0.960668646471446,"gpath_3neocort"
"6323","COPZ1","Inh ENOX2 SPHKAP",-0.107796773802696,4.98553704601703,3.92018495225518,0.0485315024668389,0.301495211470638,0.267331801925513,"gpath_3neocort"
"6324","ZNF385A","Inh ENOX2 SPHKAP",0.0559518565150821,4.73178667337136,0.936455186240515,0.333892536732168,0.684552562691184,0.662747419593519,"gpath_3neocort"
"6325","PDE1B","Inh ENOX2 SPHKAP",-0.00025956031130175,4.96097184368565,1.29528945630579e-05,0.997130561570757,0.999341080892678,0.999645107634177,"gpath_3neocort"
"6326","CD63","Inh ENOX2 SPHKAP",0.0299195816605836,4.21288961088622,0.0928884205206241,0.760726894225303,0.935187758828405,0.929623542286525,"gpath_3neocort"
"6327","DGKA","Inh ENOX2 SPHKAP",-0.0193869755008001,4.42546614733471,0.0987309043400835,0.753554453387392,0.932383429035825,0.926566330687197,"gpath_3neocort"
"6328","RAB5B","Inh ENOX2 SPHKAP",-0.00501893067467018,5.71431817940733,0.0147934612385792,0.943193354267598,0.993751923679859,0.991585374256757,"gpath_3neocort"
"6329","IKZF4","Inh ENOX2 SPHKAP",0.0440649474466477,5.14563744781713,0.838246521109801,0.360560411028962,0.706892949989939,0.685372412762115,"gpath_3neocort"
"6330","RPS26","Inh ENOX2 SPHKAP",-0.215162735562629,3.62683932025936,3.00443613296368,0.0839613353627843,0.383678629007777,0.349409002681039,"gpath_3neocort"
"6331","PA2G4","Inh ENOX2 SPHKAP",-0.0389729842612362,4.4731320232189,0.340040025212018,0.560200304965725,0.838105787333881,0.82549993214793,"gpath_3neocort"
"6332","RPL41","Inh ENOX2 SPHKAP",-0.190553448957171,5.43463796703132,3.71879054074504,0.054652098313124,0.316795016909665,0.283594766454273,"gpath_3neocort"
"6333","ESYT1","Inh ENOX2 SPHKAP",-0.097338620677914,4.36810468064431,1.85139554474992,0.174540200104628,0.525171197091898,0.494525596588712,"gpath_3neocort"
"6334","MYL6B","Inh ENOX2 SPHKAP",-0.0967960606535546,5.336178710315,3.95317661552433,0.0476002858181313,0.299439007297779,0.264613041818995,"gpath_3neocort"
"6335","MYL6","Inh ENOX2 SPHKAP",-0.0121594825127836,4.93870644411116,0.0331771884819557,0.85557878725434,0.970938845155898,0.96784975748959,"gpath_3neocort"
"6336","SMARCC2","Inh ENOX2 SPHKAP",0.0465300938100531,6.2988031916274,1.79966867561968,0.180665515616371,0.531979128041307,0.50259863439569,"gpath_3neocort"
"6337","RNF41","Inh ENOX2 SPHKAP",-0.0595549633168018,5.04556399545286,1.26607483233439,0.261313629525228,0.620651737638212,0.594932150942844,"gpath_3neocort"
"6338","NABP2","Inh ENOX2 SPHKAP",-0.0259973330665686,4.14926153818646,0.11428495091253,0.755475461172859,0.932986034557454,0.927369036758659,"gpath_3neocort"
"6339","ANKRD52","Inh ENOX2 SPHKAP",-0.0567351231202527,4.95171036077334,1.14838587368176,0.284662336345732,0.640556855832835,0.617650170299249,"gpath_3neocort"
"6340","CS","Inh ENOX2 SPHKAP",0.0299333355884669,4.74756630316514,0.251203138896555,0.616559905453452,0.867012326253533,0.85792497882535,"gpath_3neocort"
"6341","AC073896.1","Inh ENOX2 SPHKAP",0.0805129150249263,4.38139308838026,1.39805148137008,0.237892573455787,0.598294907105488,0.570387805074056,"gpath_3neocort"
"6342","PAN2","Inh ENOX2 SPHKAP",0.0906322673760417,4.88572615652021,2.57930203225394,0.109215997695759,0.427094112662848,0.396204018563146,"gpath_3neocort"
"6343","STAT2","Inh ENOX2 SPHKAP",-0.0843427115718034,5.34421108732956,3.04428111563019,0.0819433207230244,0.380670903096441,0.345285693326125,"gpath_3neocort"
"6344","GLS2","Inh ENOX2 SPHKAP",-0.0786450732239679,5.92953372424059,4.14695667980609,0.0424992269306218,0.284372339166754,0.250036890951271,"gpath_3neocort"
"6345","RBMS2","Inh ENOX2 SPHKAP",-0.253181878851936,4.03501059107914,7.29468480020751,0.00726909839776465,0.130220589084321,0.101085433553646,"gpath_3neocort"
"6346","BAZ2A","Inh ENOX2 SPHKAP",0.0271473109695798,5.93606035329119,0.537586241925036,0.463949957408862,0.775745996780134,0.762908547938193,"gpath_3neocort"
"6347","ATP5F1B","Inh ENOX2 SPHKAP",-0.0828785226228322,6.04299303934631,2.7548675689313,0.0978990074411565,0.408457812537267,0.375806903783945,"gpath_3neocort"
"6348","PTGES3","Inh ENOX2 SPHKAP",0.0502490559750699,6.18219828933199,1.01582810381337,0.314241490910895,0.667120915302006,0.645145118294662,"gpath_3neocort"
"6349","NACA","Inh ENOX2 SPHKAP",-0.0456922512350639,6.0242537526584,0.66448679456365,0.415562264549057,0.741841490775199,0.72762532329807,"gpath_3neocort"
"6350","PRIM1","Inh ENOX2 SPHKAP",-0.0107265334390817,4.43492691286751,0.0230923148531705,0.974379490071342,0.997170280740144,0.997078475436435,"gpath_3neocort"
"6351","TAC3","Inh ENOX2 SPHKAP",-0.162757283024083,6.73015656464128,4.40837439854839,0.0365141266059873,0.27089218172312,0.231946643326476,"gpath_3neocort"
"6352","NAB2","Inh ENOX2 SPHKAP",0.173049794663737,4.23747755729026,5.05337087656045,0.025231113215302,0.229891892697469,0.192382077826287,"gpath_3neocort"
"6353","LRP1","Inh ENOX2 SPHKAP",0.00810281789411169,6.40202625571186,0.0728713706146398,0.787368041144749,0.948008961179712,0.941374485531949,"gpath_3neocort"
"6354","R3HDM2","Inh ENOX2 SPHKAP",0.00161471973182483,7.64724467025706,0.00385090564241439,0.950555684000636,0.994776274703702,0.993009077545134,"gpath_3neocort"
"6355","MARS","Inh ENOX2 SPHKAP",-0.075690941537254,5.73384657894981,4.20268387066892,0.0411417532562359,0.280662506186714,0.245974086817633,"gpath_3neocort"
"6356","DDIT3","Inh ENOX2 SPHKAP",0.0706187545711699,3.89492580546342,0.518551197675125,0.471964837407695,0.781699038975728,0.768354234780895,"gpath_3neocort"
"6357","MBD6","Inh ENOX2 SPHKAP",0.0364071152554776,3.96987336328671,0.174376514920559,0.67651995882726,0.895219391241871,0.889935667551402,"gpath_3neocort"
"6358","DCTN2","Inh ENOX2 SPHKAP",-0.0734466406742573,5.39534318982354,2.23862671341699,0.135546393165752,0.470100272086739,0.439108907985988,"gpath_3neocort"
"6359","KIF5A","Inh ENOX2 SPHKAP",0.0169030708776699,6.61731382614042,0.343081042483234,0.558452401050738,0.837162789629324,0.824397560234619,"gpath_3neocort"
"6360","PIP4K2C","Inh ENOX2 SPHKAP",-0.0680505391576861,4.61340673882703,1.14952261825559,0.292311990028539,0.64974529990822,0.624924859899584,"gpath_3neocort"
"6361","DTX3","Inh ENOX2 SPHKAP",0.0813224296706658,5.69345102799036,4.10198175518006,0.043629265434452,0.286295004582677,0.253193214517368,"gpath_3neocort"
"6362","ARHGEF25","Inh ENOX2 SPHKAP",0.131297011268533,4.75493904841148,4.93046782607187,0.0270589675854319,0.237551136655977,0.199113618169925,"gpath_3neocort"
"6363","B4GALNT1","Inh ENOX2 SPHKAP",0.0631353773500439,5.01086487485389,1.33346067342589,0.249017404860426,0.606839711844551,0.582244939492864,"gpath_3neocort"
"6364","OS9","Inh ENOX2 SPHKAP",-0.0994946149887343,5.30965257807945,3.67409564133179,0.056118714007716,0.319731885965849,0.287549596095659,"gpath_3neocort"
"6365","AGAP2","Inh ENOX2 SPHKAP",-0.0398823627942944,4.61590899816949,0.424520427852747,0.515138836636015,0.809933358097798,0.797521958718313,"gpath_3neocort"
"6366","MARCH9","Inh ENOX2 SPHKAP",-0.18909907289814,4.3649255069443,6.60012357610121,0.0106316397972485,0.152700454787029,0.123633783285071,"gpath_3neocort"
"6367","AVIL","Inh ENOX2 SPHKAP",0.11570710590326,4.69074594860371,2.44598765576845,0.118774269268995,0.44502648485628,0.412309071394221,"gpath_3neocort"
"6368","CTDSP2","Inh ENOX2 SPHKAP",0.066268583247101,5.21264940399199,1.91360074523942,0.167489332497312,0.518110198190241,0.485086251583945,"gpath_3neocort"
"6369","AC084033.3","Inh ENOX2 SPHKAP",-0.065998608320665,4.20091450501583,0.662713500707819,0.416184600066996,0.742207922142092,0.728112329696174,"gpath_3neocort"
"6370","SLC16A7","Inh ENOX2 SPHKAP",0.102002758997429,7.07936582120514,11.553692156735,0.000758122538075871,0.0451278905525472,0.0284812911386209,"gpath_3neocort"
"6371","FAM19A2","Inh ENOX2 SPHKAP",0.134727198286689,8.38655923492272,8.27338242650537,0.00428200026364695,0.105564857132643,0.0755900955704217,"gpath_3neocort"
"6372","USP15","Inh ENOX2 SPHKAP",0.0757541232376201,6.90282130601136,7.36131391213785,0.007010253189183,0.127838662090382,0.0991459673434514,"gpath_3neocort"
"6373","MON2","Inh ENOX2 SPHKAP",0.0076738524625567,7.83661145146436,0.122977731289119,0.830098703033296,0.962916920097718,0.958660310277358,"gpath_3neocort"
"6374","PPM1H","Inh ENOX2 SPHKAP",-0.1586891568422,6.26118290055986,13.4134068995302,0.000290451321576142,0.0279788593016512,0.0163037816760372,"gpath_3neocort"
"6375","DPY19L2","Inh ENOX2 SPHKAP",0.0129895604130304,6.85126559270858,0.132254184115642,0.716336653025922,0.916286132558312,0.908797619980331,"gpath_3neocort"
"6376","SRGAP1","Inh ENOX2 SPHKAP",-0.122610197782272,5.79545106232405,4.48272673897637,0.0349790873213147,0.267367623496831,0.227024060791522,"gpath_3neocort"
"6377","XPOT","Inh ENOX2 SPHKAP",0.0105755894628389,5.51453710108827,0.0595078075051308,0.807425597113609,0.95360776385065,0.949621009604114,"gpath_3neocort"
"6378","TBK1","Inh ENOX2 SPHKAP",-0.00617432155836229,5.83661309646913,0.0280558932431815,0.948479425219272,0.994776274703702,0.992674874368825,"gpath_3neocort"
"6379","RASSF3","Inh ENOX2 SPHKAP",-0.0142356820526018,4.06539154530672,0.0246261579242689,0.875397171767968,0.976948901017904,0.974010991372797,"gpath_3neocort"
"6380","GNS","Inh ENOX2 SPHKAP",0.00122219907482427,5.69445014004474,0.000994813599053187,0.97485723280378,0.997170280740144,0.997145336486171,"gpath_3neocort"
"6381","TBC1D30","Inh ENOX2 SPHKAP",-0.0236879578857138,6.33217986631031,0.532130400984436,0.46622469240851,0.777280611996931,0.764506249798327,"gpath_3neocort"
"6382","LINC02389","Inh ENOX2 SPHKAP",0.0450732017338619,7.80224497047738,1.37796625477145,0.241285649530754,0.601020356464349,0.573966201753089,"gpath_3neocort"
"6383","LINC02231","Inh ENOX2 SPHKAP",-0.301096799590392,3.92809383045723,6.99919521342135,0.00854095000565811,0.140019816759425,0.110055201233689,"gpath_3neocort"
"6384","WIF1","Inh ENOX2 SPHKAP",0.0058548435400494,5.01780493283596,0.00759425996569208,0.930608526506033,0.992579123934825,0.9890689243438,"gpath_3neocort"
"6385","LEMD3","Inh ENOX2 SPHKAP",0.0559061399329603,6.05598734966981,2.47069786661189,0.116934824101567,0.442367199771922,0.409379865865251,"gpath_3neocort"
"6386","MSRB3","Inh ENOX2 SPHKAP",-0.0359351168851417,5.70747435933301,0.59319671778724,0.441730962811167,0.76201525524449,0.747249881201167,"gpath_3neocort"
"6387","HELB","Inh ENOX2 SPHKAP",-0.124111788151705,4.73055807922626,3.20488835494335,0.0743257164306861,0.363162983744115,0.329624096931465,"gpath_3neocort"
"6388","GRIP1","Inh ENOX2 SPHKAP",0.0157571781993977,11.4880037012353,0.676907690606858,0.411241591345258,0.740443860614422,0.724437735918305,"gpath_3neocort"
"6389","CAND1","Inh ENOX2 SPHKAP",-0.0336786515326959,6.55386385404574,1.20879614105571,0.272363864239682,0.630548689292513,0.606059857058237,"gpath_3neocort"
"6390","DYRK2","Inh ENOX2 SPHKAP",0.000816341560144704,4.47745835069137,0.000253765627186715,0.98729974588635,0.998787131252989,0.998509460689828,"gpath_3neocort"
"6391","RAP1B","Inh ENOX2 SPHKAP",0.0245357591605225,6.11521002413047,0.471676460297205,0.553006284793161,0.834910883924931,0.821260703627752,"gpath_3neocort"
"6392","NUP107","Inh ENOX2 SPHKAP",0.0385613944098261,5.35887210797878,0.697756316343424,0.404136772711161,0.735897276131914,0.719234580277877,"gpath_3neocort"
"6393","SLC35E3","Inh ENOX2 SPHKAP",-0.0385590460628744,6.58479370379225,1.48078250820895,0.224512751632764,0.582850395633996,0.555514790820457,"gpath_3neocort"
"6394","MDM2","Inh ENOX2 SPHKAP",0.145912495318111,5.90645583735613,17.0208115777513,4.6742598066883e-05,0.0113969410085793,0.00531541996858081,"gpath_3neocort"
"6395","CPSF6","Inh ENOX2 SPHKAP",0.0335164327206272,7.43016515532052,1.43970999858674,0.231038140876947,0.590674359921662,0.562900724905527,"gpath_3neocort"
"6396","FRS2","Inh ENOX2 SPHKAP",0.0208401471112208,6.45099228015475,0.517238756416573,0.769067542633577,0.938376109530858,0.933426283967667,"gpath_3neocort"
"6397","CCT2","Inh ENOX2 SPHKAP",-0.0577932304711543,5.4632245452953,1.37430566891701,0.241910392069383,0.601103189071614,0.574594979489357,"gpath_3neocort"
"6398","RAB3IP","Inh ENOX2 SPHKAP",-0.0197481485997307,6.00167351115115,0.195503921830414,0.658661346691952,0.886317117013643,0.880770231463994,"gpath_3neocort"
"6399","MYRFL","Inh ENOX2 SPHKAP",0.0669820523165904,4.05157441501884,0.296596519671644,0.586388045227614,0.851005482030775,0.840863106620483,"gpath_3neocort"
"6400","AC025159.1","Inh ENOX2 SPHKAP",0.0490840122723685,8.15890729631826,0.948405210180319,0.330831542726102,0.682131570872368,0.660125514567375,"gpath_3neocort"
"6401","CNOT2","Inh ENOX2 SPHKAP",0.0409741147675466,6.81387536863054,1.89702628288172,0.169335414407959,0.518876106200347,0.487598187847564,"gpath_3neocort"
"6402","KCNMB4","Inh ENOX2 SPHKAP",0.0157767547692956,6.31558297422283,0.12879785200398,0.719908879265037,0.918202051903462,0.910571053877026,"gpath_3neocort"
"6403","PTPRB","Inh ENOX2 SPHKAP",0.024115117910135,6.65195721074856,0.538520030669007,0.463562407322463,0.775497461347904,0.762623490106247,"gpath_3neocort"
"6404","PTPRR","Inh ENOX2 SPHKAP",0.0451020232721392,8.53089162747179,3.52795217992693,0.0612147147846448,0.331656354482277,0.299778314092587,"gpath_3neocort"
"6405","LGR5","Inh ENOX2 SPHKAP",0.0969128800903032,4.62718329846651,1.59135585464223,0.208014346638539,0.564845514979736,0.536695336174367,"gpath_3neocort"
"6406","ZFC3H1","Inh ENOX2 SPHKAP",0.0207627406115296,6.63560245770353,0.447996044737081,0.503751330360644,0.802187554689946,0.789559979448818,"gpath_3neocort"
"6407","THAP2","Inh ENOX2 SPHKAP",0.070894980668757,4.32605238784127,1.01697966826074,0.313967771843624,0.666685164023815,0.644843585170545,"gpath_3neocort"
"6408","RAB21","Inh ENOX2 SPHKAP",0.0472402671803498,6.20971976887516,1.74446701049561,0.187479595555941,0.540683088405994,0.511529349749377,"gpath_3neocort"
"6409","TBC1D15","Inh ENOX2 SPHKAP",0.0321411120032783,6.49278323574791,1.4094396124908,0.235994543225548,0.596240268018377,0.568418982243166,"gpath_3neocort"
"6410","TPH2","Inh ENOX2 SPHKAP",-0.0553644831718504,4.26185065666087,0.391276912933701,0.532056860294054,0.821422449516834,0.80882607718226,"gpath_3neocort"
"6411","TRHDE","Inh ENOX2 SPHKAP",0.000809314838344656,10.90496393838,0.00152673108568893,0.968855247696277,0.995943372722374,0.996281241181018,"gpath_3neocort"
"6412","AC090502.1","Inh ENOX2 SPHKAP",-0.16336823730614,3.72174116286532,1.58803350748756,0.208488547576223,0.56537462040495,0.537234094055357,"gpath_3neocort"
"6413","ATXN7L3B","Inh ENOX2 SPHKAP",0.0499192416460756,6.10533183119896,1.17626760529815,0.278900715615439,0.637023644402331,0.611991679499151,"gpath_3neocort"
"6414","KCNC2","Inh ENOX2 SPHKAP",0.0685012873852256,9.86974178095844,11.0544487770217,0.000983220077192305,0.0523202027961676,0.033251837025469,"gpath_3neocort"
"6415","CAPS2","Inh ENOX2 SPHKAP",0.120300902096174,5.38047213594436,5.39001515714076,0.0208544853884158,0.210011353373726,0.174920505673659,"gpath_3neocort"
"6416","GLIPR1L2","Inh ENOX2 SPHKAP",0.0226874156955638,4.3675139547079,0.0611762805410893,0.804798578109271,0.952559922311815,0.948722256624891,"gpath_3neocort"
"6417","GLIPR1","Inh ENOX2 SPHKAP",0.08703125514447,4.79096096085924,1.90309641662703,0.168656611770772,0.518440590239748,0.48653296505627,"gpath_3neocort"
"6418","KRR1","Inh ENOX2 SPHKAP",0.0329061325703228,5.53422451538143,0.585040489951944,0.444884372668886,0.762971304613294,0.749660482006201,"gpath_3neocort"
"6419","AC078923.1","Inh ENOX2 SPHKAP",-0.074784013783943,3.85918968180334,0.384608924097629,0.535570493099911,0.823395241838795,0.811009592952267,"gpath_3neocort"
"6420","PHLDA1","Inh ENOX2 SPHKAP",0.0145726892492913,4.24742198589841,0.0432779111723017,0.835329870284464,0.964235870076255,0.960652771658436,"gpath_3neocort"
"6421","NAP1L1","Inh ENOX2 SPHKAP",-0.00498377921421098,7.65471479400676,0.045452507033888,0.831304430813464,0.962916920097718,0.959070202996278,"gpath_3neocort"
"6422","OSBPL8","Inh ENOX2 SPHKAP",0.0405317218360719,8.92809888633314,3.10494967330801,0.078970920284939,0.374095125002494,0.338916525990787,"gpath_3neocort"
"6423","ZDHHC17","Inh ENOX2 SPHKAP",0.00711432440201414,6.76221166210456,0.070281490224968,0.791091188414663,0.948595728622225,0.943000228613927,"gpath_3neocort"
"6424","NAV3","Inh ENOX2 SPHKAP",0.0647007024322187,9.60811125339117,6.19626769160292,0.0132890944067094,0.168289063216888,0.138541814393955,"gpath_3neocort"
"6425","SYT1","Inh ENOX2 SPHKAP",0.0812701731651024,11.96418561431,25.1813300928998,8.50643308014568e-07,0.000920396059271763,0.000420596140756814,"gpath_3neocort"
"6426","AC090709.1","Inh ENOX2 SPHKAP",-0.101599031554449,4.91562588133996,1.69943506833979,0.193261229266085,0.54633903802748,0.518866757369316,"gpath_3neocort"
"6427","AC027288.3","Inh ENOX2 SPHKAP",0.037332097313931,8.19630552665732,1.0095908443476,0.315729496410923,0.668340060481653,0.646384607870285,"gpath_3neocort"
"6428","PAWR","Inh ENOX2 SPHKAP",0.0376479626159608,8.00668239322083,1.54774674047673,0.214342254610389,0.570602754345536,0.543943748196166,"gpath_3neocort"
"6429","AC073569.2","Inh ENOX2 SPHKAP",-0.0193691894069485,4.20855134853172,0.0476652709036514,0.827310412080269,0.961952094667183,0.957459034649752,"gpath_3neocort"
"6430","PPP1R12A","Inh ENOX2 SPHKAP",0.0362853493917468,7.33187304756969,2.24053959090784,0.135380036173599,0.46982565654259,0.438845763734501,"gpath_3neocort"
"6431","OTOGL","Inh ENOX2 SPHKAP",-0.230196820436961,3.61760066819117,3.20597471762643,0.0742768723094601,0.363106517344138,0.329498940464715,"gpath_3neocort"
"6432","LIN7A","Inh ENOX2 SPHKAP",-0.0029575379936716,6.49655915773305,0.00536862971556327,0.94163445530405,0.993518947956843,0.991306371426488,"gpath_3neocort"
"6433","PPFIA2","Inh ENOX2 SPHKAP",0.0161034583237012,9.39054897975239,0.595739746051034,0.44075482154182,0.761510831497097,0.74646540827389,"gpath_3neocort"
"6434","AC069228.1","Inh ENOX2 SPHKAP",-0.139719161141972,4.05496670649418,1.55326325646448,0.213529240058433,0.570038875104407,0.54301704409213,"gpath_3neocort"
"6435","CCDC59","Inh ENOX2 SPHKAP",-0.125495753812319,5.7088895365873,4.25112484130552,0.0399989371044635,0.279222006656069,0.242620555984748,"gpath_3neocort"
"6436","METTL25","Inh ENOX2 SPHKAP",0.0132236472060711,6.01823143532316,0.095892244629668,0.757009362599623,0.933958138765548,0.927877310046773,"gpath_3neocort"
"6437","TMTC2","Inh ENOX2 SPHKAP",-0.032309630518029,8.93225703864105,0.697000859660737,0.404391063331068,0.735897276131914,0.71933229504212,"gpath_3neocort"
"6438","SLC6A15","Inh ENOX2 SPHKAP",0.0339796266608965,6.1014152875898,0.761991455217252,0.383334216016359,0.723993133352852,0.703831307871815,"gpath_3neocort"
"6439","LRRIQ1","Inh ENOX2 SPHKAP",0.113031901638603,3.30018910493322,0.523121373998167,0.47002028599585,0.78093457516253,0.767040330211106,"gpath_3neocort"
"6440","MGAT4C","Inh ENOX2 SPHKAP",0.05756268114155,9.64284104002632,3.46029843226177,0.0637392941873406,0.338309213257707,0.30570725096208,"gpath_3neocort"
"6441","C12orf29","Inh ENOX2 SPHKAP",0.114085216733333,4.73413024115627,3.36276691231749,0.067577093466001,0.348551767040211,0.314570989378455,"gpath_3neocort"
"6442","CEP290","Inh ENOX2 SPHKAP",0.0844025371689979,7.30090632984333,6.58713955232457,0.0107079116551238,0.15289390571495,0.124037099271349,"gpath_3neocort"
"6443","TMTC3","Inh ENOX2 SPHKAP",0.000289054087614093,5.73337147273109,0.00010138436392719,0.991972273543993,0.998951897108485,0.999064546594261,"gpath_3neocort"
"6444","POC1B","Inh ENOX2 SPHKAP",-0.0318286466225158,5.03502994381544,0.380388741414965,0.537816147223798,0.824408680085461,0.81217427509564,"gpath_3neocort"
"6445","POC1B-AS1","Inh ENOX2 SPHKAP",-0.013856357478884,4.8091242651614,0.0591270931882872,0.88217897112238,0.978992458209656,0.976135039844597,"gpath_3neocort"
"6446","AC025034.1","Inh ENOX2 SPHKAP",0.0931102266895541,4.45024712197411,1.77314012210793,0.183903540866494,0.536158918046073,0.50696262352266,"gpath_3neocort"
"6447","ATP2B1","Inh ENOX2 SPHKAP",-0.00943343973468531,8.37713487717335,0.190173685509809,0.66305431090711,0.888111713552868,0.882839675692809,"gpath_3neocort"
"6448","DCN","Inh ENOX2 SPHKAP",0.0077720808197672,6.43416156761714,0.0335157080863072,0.854852041572988,0.970679708586493,0.967629127483225,"gpath_3neocort"
"6449","BTG1","Inh ENOX2 SPHKAP",0.0023092055906035,5.99662164990499,0.00228251153477535,0.961923655943349,0.995700592042286,0.995227367669478,"gpath_3neocort"
"6450","EEA1","Inh ENOX2 SPHKAP",-0.0637624106518289,6.61954366097143,4.43530440580863,0.035950119301985,0.270348089325986,0.230311902591377,"gpath_3neocort"
"6451","AC138123.1","Inh ENOX2 SPHKAP",-0.126798929543177,3.90902501703861,1.39202068374772,0.238905234758464,0.599175491581905,0.571435482497989,"gpath_3neocort"
"6452","NUDT4","Inh ENOX2 SPHKAP",0.0203788109055828,5.47316355977788,0.18785163426073,0.664990992016726,0.888662313744871,0.883869784040094,"gpath_3neocort"
"6453","UBE2N","Inh ENOX2 SPHKAP",-0.0412923509843755,5.93268815337718,1.1555562793641,0.283166295687889,0.640385789146006,0.616121313434817,"gpath_3neocort"
"6454","MRPL42","Inh ENOX2 SPHKAP",-0.0447808494259788,5.48999398928143,1.01985386609511,0.313285956196235,0.666484678943589,0.644247766646985,"gpath_3neocort"
"6455","SOCS2","Inh ENOX2 SPHKAP",0.0919564719295595,3.81868285177576,0.857284666941807,0.355169330409117,0.703690526861441,0.680865103047341,"gpath_3neocort"
"6456","CRADD","Inh ENOX2 SPHKAP",0.0445516581180418,7.11111361180948,1.36922076496045,0.242781502128976,0.601579202985234,0.575496849164519,"gpath_3neocort"
"6457","PLXNC1","Inh ENOX2 SPHKAP",-0.0654978689553093,6.74819644947767,4.69479350948391,0.0309619551202,0.250838202130206,0.213431242574106,"gpath_3neocort"
"6458","CEP83","Inh ENOX2 SPHKAP",-0.00931435564023935,5.63316911222652,0.0364006393027205,0.8488066173229,0.96901071828263,0.965636311136696,"gpath_3neocort"
"6459","TMCC3","Inh ENOX2 SPHKAP",-0.114429688983514,5.55339067905875,4.67503390302643,0.0313149346182376,0.252646920722782,0.214692450510084,"gpath_3neocort"
"6460","NDUFA12","Inh ENOX2 SPHKAP",-0.21623230175271,5.23810216219723,10.8348409760372,0.0011027404658928,0.0556398272376376,0.0353485368517293,"gpath_3neocort"
"6461","NR2C1","Inh ENOX2 SPHKAP",-0.0173315514311686,6.41067003280467,0.231634533463108,0.630630176763895,0.875304445396154,0.865653619278836,"gpath_3neocort"
"6462","FGD6","Inh ENOX2 SPHKAP",-0.0972880091707704,5.21809473180895,3.18571076806953,0.0751936925920533,0.365387314601504,0.331214437539298,"gpath_3neocort"
"6463","VEZT","Inh ENOX2 SPHKAP",-0.030167908003167,7.51406582993974,1.4048838541724,0.236751621295784,0.597121804759995,0.56929370904799,"gpath_3neocort"
"6464","METAP2","Inh ENOX2 SPHKAP",0.00117773373136632,6.12808783023204,0.00118340164356596,0.972578285044066,0.996839000079898,0.996748252642259,"gpath_3neocort"
"6465","USP44","Inh ENOX2 SPHKAP",-0.182032624879271,4.63022176967047,6.42148960534301,0.0117320354730426,0.160541254450746,0.130002949595938,"gpath_3neocort"
"6466","NTN4","Inh ENOX2 SPHKAP",-0.0571251220411001,7.13020494799694,3.72442156845111,0.0544702383299642,0.316486384759661,0.283137139335488,"gpath_3neocort"
"6467","SNRPF","Inh ENOX2 SPHKAP",0.0089968543761564,5.09379274171966,0.024440527518238,0.875863844959276,0.97710644085387,0.974147412876161,"gpath_3neocort"
"6468","LTA4H","Inh ENOX2 SPHKAP",0.103429600977659,5.12235972555297,4.96483319008562,0.0265343535958045,0.2351151367752,0.197163961889005,"gpath_3neocort"
"6469","CDK17","Inh ENOX2 SPHKAP",-0.0219084563133488,6.09752190822278,0.398388684485345,0.589381936834548,0.852390391727358,0.842656062723481,"gpath_3neocort"
"6470","CFAP54","Inh ENOX2 SPHKAP",-0.0461362549032513,3.59962397718431,0.141635509165874,0.706899837379091,0.911362208661933,0.904901667732776,"gpath_3neocort"
"6471","TMPO","Inh ENOX2 SPHKAP",-0.0405966962009106,5.27344372958076,0.70765619789897,0.400825883745621,0.734067422065013,0.716866645968767,"gpath_3neocort"
"6472","SLC25A3","Inh ENOX2 SPHKAP",-0.0762001176045517,6.00648701125109,2.65773942331057,0.103991331914555,0.417116900789247,0.386965532331513,"gpath_3neocort"
"6473","IKBIP","Inh ENOX2 SPHKAP",0.114394240872909,4.18736545099007,1.90672503473582,0.168252331526835,0.518440590239748,0.486106479743919,"gpath_3neocort"
"6474","APAF1","Inh ENOX2 SPHKAP",-0.0203370899447336,4.91185506330229,0.13150400558905,0.982837055259238,0.998198786643165,0.998004807425511,"gpath_3neocort"
"6475","ANKS1B","Inh ENOX2 SPHKAP",0.0381450108569511,11.4107878682873,5.45788614334051,0.0200722849612306,0.204758957729541,0.17163457213246,"gpath_3neocort"
"6476","AC069437.1","Inh ENOX2 SPHKAP",-0.174257106260634,4.43364780324424,3.61826043447843,0.0580100863630278,0.324799719294732,0.292432752120523,"gpath_3neocort"
"6477","UHRF1BP1L","Inh ENOX2 SPHKAP",0.0163775031274593,6.53400572446456,0.278985663424925,0.597718173768176,0.856723517243818,0.847145910240891,"gpath_3neocort"
"6478","ACTR6","Inh ENOX2 SPHKAP",-0.0217945955775137,5.15073123506685,0.220146104940096,0.839570783124281,0.965432778069442,0.962091720071075,"gpath_3neocort"
"6479","SCYL2","Inh ENOX2 SPHKAP",0.0110759899002529,6.19713075517063,0.0921145857071887,0.985153558126103,0.9984270842391,0.998236551772474,"gpath_3neocort"
"6480","SLC17A8","Inh ENOX2 SPHKAP",0.0543643100850148,6.29834206319196,1.39378410601478,0.238608587500321,0.598809416051132,0.571119663789295,"gpath_3neocort"
"6481","ANO4","Inh ENOX2 SPHKAP",-0.0330507969598803,8.67709413645686,1.24226453333391,0.265837799046628,0.624911348096389,0.599438051537507,"gpath_3neocort"
"6482","SLC5A8","Inh ENOX2 SPHKAP",-0.0261120826446203,4.51733091841902,0.123133202841859,0.725882416707399,0.920875843394561,0.913549717559276,"gpath_3neocort"
"6483","UTP20","Inh ENOX2 SPHKAP",-0.0788858010861802,4.78707405734575,1.9034542545122,0.168616693835358,0.518440590239748,0.486493101677955,"gpath_3neocort"
"6484","ARL1","Inh ENOX2 SPHKAP",-0.0182794148238162,5.02687868660683,0.112453476515276,0.737578877580598,0.926859123136547,0.919390680116202,"gpath_3neocort"
"6485","CHPT1","Inh ENOX2 SPHKAP",0.0223156812633077,7.44703505227972,0.631920670042634,0.427217147922304,0.750996699397502,0.736818122473181,"gpath_3neocort"
"6486","GNPTAB","Inh ENOX2 SPHKAP",-0.0309236718262785,7.11491135179025,1.25849782384301,0.262742850770695,0.621967866719591,0.596464782305349,"gpath_3neocort"
"6487","DRAM1","Inh ENOX2 SPHKAP",0.00423465538092715,4.56207483790237,0.00353705383996285,0.952610890917217,0.994776274703702,0.99347055531685,"gpath_3neocort"
"6488","WASHC3","Inh ENOX2 SPHKAP",-0.00172045061207447,4.53484325548615,0.000891275017785413,0.976201170365926,0.997368972015209,0.997275864599385,"gpath_3neocort"
"6489","IGF1","Inh ENOX2 SPHKAP",0.036917908098487,6.7423192788295,0.992731137318214,0.31979828914521,0.671637375772545,0.650304103803578,"gpath_3neocort"
"6490","NT5DC3","Inh ENOX2 SPHKAP",-0.038994961628827,5.87456200217463,0.613343671057663,0.434087531816665,0.757014870419149,0.741542629434914,"gpath_3neocort"
"6491","HSP90B1","Inh ENOX2 SPHKAP",-0.0887358861570003,6.0142765654009,4.70380048110488,0.0308024432565669,0.250264493100595,0.212908170639725,"gpath_3neocort"
"6492","C12orf73","Inh ENOX2 SPHKAP",0.0389497595894937,4.39111264994496,0.322471864762846,0.570508098219565,0.8443173040216,0.831340210038326,"gpath_3neocort"
"6493","TDG","Inh ENOX2 SPHKAP",-0.0945353812274548,5.06523765707827,3.09993961886003,0.0792119061428296,0.374449292242172,0.339253611693842,"gpath_3neocort"
"6494","GLT8D2","Inh ENOX2 SPHKAP",-0.0898232578370902,4.61305121258794,2.26692787362194,0.133108374103505,0.465847656442537,0.435172286270221,"gpath_3neocort"
"6495","HCFC2","Inh ENOX2 SPHKAP",-0.0111124563218659,5.36930462468657,0.0604782092898951,0.805893013448355,0.95263245508134,0.949101999767772,"gpath_3neocort"
"6496","NFYB","Inh ENOX2 SPHKAP",0.0633928458814839,4.61881059237201,0.98829326290862,0.320880763986685,0.672420245255507,0.651208787759765,"gpath_3neocort"
"6497","TXNRD1","Inh ENOX2 SPHKAP",-0.0675937535806584,6.479031055315,1.87646063887116,0.17165870892452,0.522002084688595,0.49069826677635,"gpath_3neocort"
"6498","CHST11","Inh ENOX2 SPHKAP",0.137856617638356,7.41137086411345,9.39909070816055,0.00234828206828026,0.0791265424945092,0.0543624272851958,"gpath_3neocort"
"6499","SLC41A2","Inh ENOX2 SPHKAP",0.067896575499696,7.25314656824544,7.12587047324168,0.00796980511205348,0.135251588714884,0.10606938579644,"gpath_3neocort"
"6500","C12orf45","Inh ENOX2 SPHKAP",-0.179255908521496,4.7883491839312,7.76505214559156,0.00563168014684222,0.120006222789673,0.0882453272828057,"gpath_3neocort"
"6501","ALDH1L2","Inh ENOX2 SPHKAP",-0.0545856392450722,5.80813101503069,1.36823918747782,0.242950100364026,0.601805862676636,0.575742495313753,"gpath_3neocort"
"6502","WASHC4","Inh ENOX2 SPHKAP",0.0567885550376397,5.6923844008036,1.98791131384105,0.159491540763889,0.505393997937379,0.473906764563922,"gpath_3neocort"
"6503","APPL2","Inh ENOX2 SPHKAP",-0.00627302269023135,6.56195676729095,0.0345538708057167,0.879458133336368,0.978345111313283,0.975272410806777,"gpath_3neocort"
"6504","NUAK1","Inh ENOX2 SPHKAP",0.0539046398187126,6.37723133126134,2.32273957126518,0.128443185699531,0.458938155429622,0.428069316116228,"gpath_3neocort"
"6505","CKAP4","Inh ENOX2 SPHKAP",-0.0367608775732438,4.53488752997099,0.344239539384394,0.557789261871048,0.836996892003553,0.823981839259365,"gpath_3neocort"
"6506","TCP11L2","Inh ENOX2 SPHKAP",0.00507947025343512,4.53890083711253,0.00620283001491529,0.941847538721803,0.993518947956843,0.991321761182507,"gpath_3neocort"
"6507","POLR3B","Inh ENOX2 SPHKAP",0.0393014424849976,5.1602851629208,0.640778287922034,0.423999090664542,0.747448071124422,0.734263834633352,"gpath_3neocort"
"6508","AC079385.1","Inh ENOX2 SPHKAP",0.0298763530117929,6.0326456310315,0.374207671471491,0.541136482500445,0.827770509988899,0.81426255110234,"gpath_3neocort"
"6509","RFX4","Inh ENOX2 SPHKAP",-0.149130967740564,3.80459331236402,1.84829261506769,0.174900786369543,0.525183126298519,0.494995670221115,"gpath_3neocort"
"6510","RIC8B","Inh ENOX2 SPHKAP",0.0124045625855111,6.54956816686138,0.156801305142858,0.743300864705365,0.928816093994719,0.921937899069318,"gpath_3neocort"
"6511","TMEM263","Inh ENOX2 SPHKAP",-0.0434320589939316,4.98703104488488,0.645177669048396,0.4224142916596,0.746602424271648,0.733003958748428,"gpath_3neocort"
"6512","MTERF2","Inh ENOX2 SPHKAP",0.000170731787914814,4.96787439928267,4.32017738520534e-05,0.994759628347254,0.99916057852693,0.999404829577205,"gpath_3neocort"
"6513","CRY1","Inh ENOX2 SPHKAP",0.219399219635199,5.37463557862378,9.12663046133065,0.00271387386740526,0.0852050496360834,0.0589418410073868,"gpath_3neocort"
"6514","BTBD11","Inh ENOX2 SPHKAP",-0.0617633702832801,7.73044117810907,2.90833619984635,0.0890540846069153,0.392241138328143,0.359445180255476,"gpath_3neocort"
"6515","PWP1","Inh ENOX2 SPHKAP",-0.0041671331489435,5.21474166751811,0.00735097385765813,0.931726296235017,0.992627611257954,0.9893658812039,"gpath_3neocort"
"6516","PRDM4","Inh ENOX2 SPHKAP",0.0705864022606914,4.68112666935579,1.65882497963647,0.198655171321267,0.552343627447323,0.525526732931763,"gpath_3neocort"
"6517","WSCD2","Inh ENOX2 SPHKAP",-0.119825752815687,4.55462595731867,2.33733271977768,0.127253749915221,0.457758405933599,0.42632748619829,"gpath_3neocort"
"6518","SART3","Inh ENOX2 SPHKAP",-0.018311647431492,5.38614709544304,0.162496508607889,0.68712672097104,0.90141991227482,0.895200730157867,"gpath_3neocort"
"6519","ISCU","Inh ENOX2 SPHKAP",-0.0827305541501601,5.58375505592121,1.4550259892012,0.228578386468703,0.588238987164966,0.560100389241639,"gpath_3neocort"
"6520","CORO1C","Inh ENOX2 SPHKAP",0.0121854673179025,6.31252826613253,0.121953294395927,0.727146002083754,0.921591595468346,0.914116477783938,"gpath_3neocort"
"6521","SSH1","Inh ENOX2 SPHKAP",-0.014497273162885,6.16968679219017,0.171503062157443,0.679045700891263,0.896981420954845,0.891260928253265,"gpath_3neocort"
"6522","SVOP","Inh ENOX2 SPHKAP",-0.0933554227715176,7.38176368360111,10.58041944254,0.0012598447876556,0.0603994432840535,0.0378990499811566,"gpath_3neocort"
"6523","USP30","Inh ENOX2 SPHKAP",-0.0606434054717298,5.13178682588923,1.42961498643598,0.336547162979435,0.687128290896616,0.665010892173716,"gpath_3neocort"
"6524","UNG","Inh ENOX2 SPHKAP",0.005933766824178,4.15990438220127,0.0055461175794016,0.967022272626608,0.995859773924732,0.9959734088627,"gpath_3neocort"
"6525","ACACB","Inh ENOX2 SPHKAP",0.0429394484194548,3.93654934809798,0.207020606535211,0.649408819214505,0.882880312297119,0.875671344023602,"gpath_3neocort"
"6526","UBE3B","Inh ENOX2 SPHKAP",-0.118689475530112,5.44527598336844,6.95041271223254,0.00877197833945214,0.141426366009247,0.111659579187869,"gpath_3neocort"
"6527","MMAB","Inh ENOX2 SPHKAP",-0.0462822294692226,4.54109789224493,0.480765614483168,0.488558438839298,0.794027547784085,0.779680858820642,"gpath_3neocort"
"6528","FAM222A","Inh ENOX2 SPHKAP",0.0157332623837551,4.81740615353213,0.0702210468485564,0.791178950527981,0.948595728622225,0.943039330848781,"gpath_3neocort"
"6529","GLTP","Inh ENOX2 SPHKAP",-0.0531262708114961,4.68816733946178,0.84116038218254,0.359728006640061,0.706241008870197,0.684645476691382,"gpath_3neocort"
"6530","TCHP","Inh ENOX2 SPHKAP",-0.000287273108096079,5.49494013933224,7.70261775841738e-05,0.993002739914285,0.998951897108485,0.999193584560602,"gpath_3neocort"
"6531","GIT2","Inh ENOX2 SPHKAP",-0.0224802935933229,7.04349871203446,0.673236748947146,0.412511599105833,0.74080992909015,0.72528695959434,"gpath_3neocort"
"6532","ANKRD13A","Inh ENOX2 SPHKAP",-0.0594026198818094,5.6884984192691,1.67211421091441,0.196870802112379,0.551374136028284,0.523474648874849,"gpath_3neocort"
"6533","C12orf76","Inh ENOX2 SPHKAP",-0.0480113413915393,5.64658785785962,1.52890820211993,0.217146642544614,0.5735784814465,0.547032673931162,"gpath_3neocort"
"6534","IFT81","Inh ENOX2 SPHKAP",-0.0119475560971747,5.64627787527194,0.076708413560817,0.989792313965455,0.998951897108485,0.998790808820012,"gpath_3neocort"
"6535","ATP2A2","Inh ENOX2 SPHKAP",-0.0768337607169974,7.44274239920607,7.4762264169522,0.00658584957343808,0.12419581335652,0.0962018630066484,"gpath_3neocort"
"6536","ANAPC7","Inh ENOX2 SPHKAP",-0.0381317904207145,5.3041819309469,0.718349006490145,0.397293965779936,0.732377591644456,0.714228055356055,"gpath_3neocort"
"6537","ARPC3","Inh ENOX2 SPHKAP",-0.0632502181286783,5.31823918046662,1.36726483942892,0.243117598467003,0.601931759569568,0.575957842177314,"gpath_3neocort"
"6538","FAM216A","Inh ENOX2 SPHKAP",0.0273323346705563,5.4306183858204,0.431666578012345,0.511625546319173,0.808314871808687,0.795148229803361,"gpath_3neocort"
"6539","VPS29","Inh ENOX2 SPHKAP",-0.0171868818526281,5.52688848215516,0.135660624371173,0.712867355004747,0.914520657340325,0.907401373929885,"gpath_3neocort"
"6540","PPTC7","Inh ENOX2 SPHKAP",0.0492955686491208,4.93075374670416,0.675757953669364,0.411638735047396,0.740443860614422,0.724658500160512,"gpath_3neocort"
"6541","TCTN1","Inh ENOX2 SPHKAP",-0.107854994863729,4.64628754740249,2.7650800706565,0.0972815298575848,0.407628028293099,0.374752947215611,"gpath_3neocort"
"6542","PPP1CC","Inh ENOX2 SPHKAP",0.0108961438353184,5.42155796323279,0.0552685940808709,0.814281070468533,0.956704706780583,0.952338351509777,"gpath_3neocort"
"6543","CUX2","Inh ENOX2 SPHKAP",-0.0210558393318157,7.23007707077746,0.213390373114428,0.644424196222878,0.881448868178843,0.873153879437504,"gpath_3neocort"
"6544","SH2B3","Inh ENOX2 SPHKAP",-0.0251262597936341,4.74016929074113,0.173639046898328,0.677165843274035,0.895226850638413,0.890241869612339,"gpath_3neocort"
"6545","ATXN2","Inh ENOX2 SPHKAP",-0.010861937160643,8.17796321823281,0.275539615079276,0.622068718760172,0.871361505075741,0.860991750658415,"gpath_3neocort"
"6546","BRAP","Inh ENOX2 SPHKAP",-0.117127008563504,5.52935716736915,6.56468080239441,0.0108411753922408,0.154146307032209,0.124805195723717,"gpath_3neocort"
"6547","ACAD10","Inh ENOX2 SPHKAP",-0.0202301391887571,4.99759015275627,0.146845860924101,0.779532219038311,0.944495130113347,0.938107155284075,"gpath_3neocort"
"6548","ALDH2","Inh ENOX2 SPHKAP",-0.0687330404577736,5.53793445627112,2.16820192670391,0.141834166280498,0.479735384632701,0.448748311802144,"gpath_3neocort"
"6549","MAPKAPK5-AS1","Inh ENOX2 SPHKAP",-0.119745950825521,4.36090100719444,1.97875597528094,0.160452875391642,0.506118025180843,0.475021634841875,"gpath_3neocort"
"6550","MAPKAPK5","Inh ENOX2 SPHKAP",0.00326121340204001,5.52757840964573,0.00596815481243882,0.93846795262569,0.993518947956843,0.990707564254093,"gpath_3neocort"
"6551","TMEM116","Inh ENOX2 SPHKAP",-0.0267778364476111,4.80863818661862,0.20307549940428,0.652542651633533,0.884704822077308,0.877433155691554,"gpath_3neocort"
"6552","ERP29","Inh ENOX2 SPHKAP",-0.141574550205889,4.60661220439379,3.56144124102979,0.0600048071496559,0.328239017503634,0.297057195583343,"gpath_3neocort"
"6553","NAA25","Inh ENOX2 SPHKAP",-0.0240495181580727,6.45704038937406,0.5832361927361,0.445586671133373,0.762989801916086,0.75012056517792,"gpath_3neocort"
"6554","TRAFD1","Inh ENOX2 SPHKAP",-0.00982396322001651,4.42844198627771,0.0234239459396692,0.878452342168443,0.978266576276527,0.975072871441715,"gpath_3neocort"
"6555","HECTD4","Inh ENOX2 SPHKAP",0.00568557492902006,8.31676002239087,0.0887862579730273,0.76591146732921,0.936382097623262,0.931965151166616,"gpath_3neocort"
"6556","RPL6","Inh ENOX2 SPHKAP",-0.0996810367720671,6.01150135503427,2.32056483614659,0.128621502477948,0.458973637624646,0.428365069450335,"gpath_3neocort"
"6557","PTPN11","Inh ENOX2 SPHKAP",-0.0138510379168357,6.3323066966506,0.180430843056366,0.671277211160236,0.892619175128322,0.887183850704086,"gpath_3neocort"
"6558","RPH3A","Inh ENOX2 SPHKAP",-0.161300359795341,8.0983911299051,19.5735252571445,1.31255247890186e-05,0.00553562171197301,0.00245684561534098,"gpath_3neocort"
"6559","DTX1","Inh ENOX2 SPHKAP",-0.0917990903434992,4.94137721422316,3.1056115139843,0.0789391448153715,0.374095125002494,0.33885100177411,"gpath_3neocort"
"6560","DDX54","Inh ENOX2 SPHKAP",-0.220677499376542,4.07126801457845,7.15423892007071,0.00784737247081963,0.135251588714884,0.105246919393537,"gpath_3neocort"
"6561","TPCN1","Inh ENOX2 SPHKAP",-0.14877261233618,5.56984715960808,9.40406825867225,0.0023420921217754,0.0791265424945092,0.0542769900425656,"gpath_3neocort"
"6562","SLC8B1","Inh ENOX2 SPHKAP",-0.0178046107176247,4.14189589175053,0.0368142857537279,0.847960446409531,0.96901071828263,0.965314118996225,"gpath_3neocort"
"6563","PLBD2","Inh ENOX2 SPHKAP",0.00253118640202853,5.30948563109186,0.00344907774735612,0.953203261625487,0.994776274703702,0.993527973562698,"gpath_3neocort"
"6564","RBM19","Inh ENOX2 SPHKAP",0.0467815951991046,4.8911411849399,0.701792479977088,0.428047290966221,0.751391920510999,0.737517879023703,"gpath_3neocort"
"6565","MED13L","Inh ENOX2 SPHKAP",0.00252273816514623,8.38461762549846,0.015238098463693,0.901830927733026,0.985533466494216,0.981833330684043,"gpath_3neocort"
"6566","MAP1LC3B2","Inh ENOX2 SPHKAP",-0.0970162600674392,4.65072084451939,1.89570408664409,0.169483688067877,0.519003822139931,0.487810721974667,"gpath_3neocort"
"6567","RNFT2","Inh ENOX2 SPHKAP",-0.066089321858731,5.66990302172699,2.12548323459249,0.1458083080433,0.485072105999905,0.454357042011453,"gpath_3neocort"
"6568","FBXW8","Inh ENOX2 SPHKAP",-0.0718003510658295,5.87750355396681,3.15022996683579,0.076828536313186,0.369994322902771,0.334704811293817,"gpath_3neocort"
"6569","FBXO21","Inh ENOX2 SPHKAP",-0.0135383560285978,6.51864667742396,0.181468405461004,0.884689402789899,0.979658385812387,0.976920716089996,"gpath_3neocort"
"6570","NOS1","Inh ENOX2 SPHKAP",0.0362351674990022,4.43453373051335,0.213032115091682,0.644702137538977,0.881448868178843,0.873272655037635,"gpath_3neocort"
"6571","KSR2","Inh ENOX2 SPHKAP",0.00134275729361612,8.8291049632791,0.00367787780158126,0.951677862388666,0.994776274703702,0.99331508413241,"gpath_3neocort"
"6572","WSB2","Inh ENOX2 SPHKAP",0.0425709096720378,5.48685063336584,0.939636364782707,0.333073991542021,0.684132995071968,0.662095743186943,"gpath_3neocort"
"6573","VSIG10","Inh ENOX2 SPHKAP",-0.0236959019762491,4.85507979917703,0.159922774739497,0.689483689053743,0.902687841355923,0.896314770878624,"gpath_3neocort"
"6574","PEBP1","Inh ENOX2 SPHKAP",-0.111280005202325,7.93590863245735,5.25229200170591,0.0225407462784674,0.216684883770696,0.181798778039316,"gpath_3neocort"
"6575","TAOK3","Inh ENOX2 SPHKAP",0.01569922620743,7.60425119295005,0.33657751847582,0.562203274989274,0.839297177961911,0.826627553610475,"gpath_3neocort"
"6576","SUDS3","Inh ENOX2 SPHKAP",-0.057394164986157,5.52262906461909,1.98080457469425,0.160237192864459,0.505962965017542,0.474810438050459,"gpath_3neocort"
"6577","SRRM4","Inh ENOX2 SPHKAP",-0.038750016213191,8.03375388840622,1.79372803062371,0.181384820963735,0.533182576693802,0.503612446882405,"gpath_3neocort"
"6578","HSPB8","Inh ENOX2 SPHKAP",-0.0125091292044768,3.90520435885393,0.0124135377596456,0.911353465635385,0.98778742870664,0.984334221579721,"gpath_3neocort"
"6579","CIT","Inh ENOX2 SPHKAP",-0.0365750881877849,7.26046637308135,1.78228052646881,0.18278031686188,0.53483014591376,0.505501849132436,"gpath_3neocort"
"6580","BICDL1","Inh ENOX2 SPHKAP",-0.0292291205589646,6.93626157782619,0.779248421200366,0.378007074681509,0.719936024496094,0.699714724189176,"gpath_3neocort"
"6581","RAB35","Inh ENOX2 SPHKAP",-0.100332800181748,4.44927055557191,2.22622690561432,0.136630354493916,0.47264491535137,0.440725178469267,"gpath_3neocort"
"6582","GCN1","Inh ENOX2 SPHKAP",-0.111706978252723,4.85842539950186,3.86886547596298,0.0500186475170592,0.306072345855563,0.271255905912411,"gpath_3neocort"
"6583","RPLP0","Inh ENOX2 SPHKAP",0.0493577352568934,5.25754674667317,0.738849052368675,0.390647386056408,0.728062056539196,0.709625113374508,"gpath_3neocort"
"6584","SIRT4","Inh ENOX2 SPHKAP",-0.123640607906572,4.15686724137862,2.33125994685027,0.127747217967258,0.458284368559596,0.427015937088247,"gpath_3neocort"
"6585","GATC","Inh ENOX2 SPHKAP",0.0950218238599914,4.59342654020209,2.19053415546444,0.139805370158963,0.476103949939866,0.445630448201864,"gpath_3neocort"
"6586","SRSF9","Inh ENOX2 SPHKAP",-0.0219710143433813,4.52679411592224,0.0863939103416252,0.768995489675913,0.938376109530858,0.933386671609275,"gpath_3neocort"
"6587","DYNLL1","Inh ENOX2 SPHKAP",-0.102684901512443,6.56329713055221,2.94776409414397,0.086925102922316,0.389172668132209,0.355523739262091,"gpath_3neocort"
"6588","COQ5","Inh ENOX2 SPHKAP",-0.0464591906029756,4.24262039714645,0.380873610055241,0.537557264677162,0.824408680085461,0.812035512785853,"gpath_3neocort"
"6589","RNF10","Inh ENOX2 SPHKAP",-0.00545018257306907,6.10271280780457,0.0238830329208249,0.877276401281628,0.978122005459182,0.974705552710752,"gpath_3neocort"
"6590","CABP1","Inh ENOX2 SPHKAP",0.043397869950418,5.86682688221599,0.721027452186373,0.39641632396736,0.731949594765672,0.713648287817651,"gpath_3neocort"
"6591","MLEC","Inh ENOX2 SPHKAP",-0.16694783607532,5.32093073678246,9.44854497347859,0.00228751552106382,0.0781607934881385,0.0535727943950452,"gpath_3neocort"
"6592","UNC119B","Inh ENOX2 SPHKAP",-0.0651165424148731,4.11631579363043,0.662547442514447,0.51467489623825,0.809808392239146,0.797272607518243,"gpath_3neocort"
"6593","SPPL3","Inh ENOX2 SPHKAP",-0.0124383743055025,7.46075238808964,0.248104733013534,0.74592599310627,0.929440366992011,0.923196308631065,"gpath_3neocort"
"6594","C12orf43","Inh ENOX2 SPHKAP",-0.0502628353419214,4.56009048494541,0.587234648736489,0.444032636292751,0.762971304613294,0.749044977519794,"gpath_3neocort"
"6595","P2RX7","Inh ENOX2 SPHKAP",-0.0207024482797042,5.44837054136419,0.175422435150467,0.675606673580555,0.894866401975985,0.889552101929596,"gpath_3neocort"
"6596","CAMKK2","Inh ENOX2 SPHKAP",-0.0638499781238999,5.23601352883933,1.80423389258561,0.180115000772166,0.531825311558323,0.501816073833454,"gpath_3neocort"
"6597","ANAPC5","Inh ENOX2 SPHKAP",-0.0691442183866199,6.61147123412302,5.24582744665942,0.0226233026745992,0.216739029984882,0.182173464016928,"gpath_3neocort"
"6598","RNF34","Inh ENOX2 SPHKAP",-0.0911041826813531,5.8098749335999,5.07522856941058,0.0249197781814839,0.229683360521378,0.191088520923756,"gpath_3neocort"
"6599","KDM2B","Inh ENOX2 SPHKAP",0.00669963825543724,6.55622137730375,0.0349527664572614,0.851808374028546,0.970401727505604,0.966673848621927,"gpath_3neocort"
"6600","AC145422.1","Inh ENOX2 SPHKAP",0.0677956231461853,5.00770887729957,1.3449030688443,0.24700091308799,0.605164006163079,0.580054172637633,"gpath_3neocort"
"6601","MORN3","Inh ENOX2 SPHKAP",-0.0684585876745027,3.96115929002825,0.55007678544681,0.458808397899601,0.773146768073419,0.759466906159368,"gpath_3neocort"
"6602","TMEM120B","Inh ENOX2 SPHKAP",0.0252661888730298,6.86055409140527,0.553001452642888,0.457617572342543,0.773034505538656,0.758679460145958,"gpath_3neocort"
"6603","SETD1B","Inh ENOX2 SPHKAP",0.0449551072634277,4.84433516142709,0.705870994706115,0.401419992588869,0.734227627316003,0.717293039265937,"gpath_3neocort"
"6604","WDR66","Inh ENOX2 SPHKAP",0.105840910286921,4.20726258734818,1.97423080185717,0.160930477045942,0.506509691491075,0.475625367557674,"gpath_3neocort"
"6605","BCL7A","Inh ENOX2 SPHKAP",-0.0129797864406512,5.88902835095677,0.124359499220664,0.885660825637554,0.979658385812387,0.977204046264484,"gpath_3neocort"
"6606","MLXIP","Inh ENOX2 SPHKAP",-0.068535192145743,6.31384310801292,4.02865241312124,0.0455403926996985,0.292076882790102,0.258882804194908,"gpath_3neocort"
"6607","CLIP1","Inh ENOX2 SPHKAP",0.0144339071389064,7.60362493254319,0.394189202686388,0.53053531480698,0.819565027874438,0.807758133542577,"gpath_3neocort"
"6608","ZCCHC8","Inh ENOX2 SPHKAP",0.0416686052031566,5.56868194630471,0.932279439670171,0.3349710887284,0.685568174833228,0.663737470526524,"gpath_3neocort"
"6609","RSRC2","Inh ENOX2 SPHKAP",-0.0276476810806164,5.79137435406568,0.457048156757035,0.49947540518889,0.800107578037865,0.786908529113067,"gpath_3neocort"
"6610","DENR","Inh ENOX2 SPHKAP",-0.0776691258648772,5.6276358819552,3.26197711702354,0.0718052144491567,0.357109598488891,0.323796920264563,"gpath_3neocort"
"6611","CCDC62","Inh ENOX2 SPHKAP",0.0103621400774772,4.36754412369623,0.0203513753984459,0.886646259746782,0.979658385812387,0.977444591960855,"gpath_3neocort"
"6612","HIP1R","Inh ENOX2 SPHKAP",-0.185750171253124,5.04674428547871,13.9123524223053,0.000457700612118367,0.0359442625871666,0.0212898907440074,"gpath_3neocort"
"6613","VPS37B","Inh ENOX2 SPHKAP",-0.00242495470628429,5.1742532288134,0.00279973878346751,0.957833265332099,0.995700592042286,0.994462972588619,"gpath_3neocort"
"6614","ABCB9","Inh ENOX2 SPHKAP",0.0300310803476315,6.26990728024152,0.75688356467916,0.384931436161051,0.725211973695562,0.705186273904672,"gpath_3neocort"
"6615","ARL6IP4","Inh ENOX2 SPHKAP",-0.0789710980525075,5.36712852896542,2.10534569599556,0.147725295129697,0.487494224131601,0.456884881498045,"gpath_3neocort"
"6616","PITPNM2","Inh ENOX2 SPHKAP",-0.0338445403115242,6.24634192877471,0.830436210688777,0.362804766592489,0.708893738458235,0.687506103882399,"gpath_3neocort"
"6617","MPHOSPH9","Inh ENOX2 SPHKAP",-0.0413795405069387,6.74140983231545,2.02087244148192,0.156084619889188,0.500642960632712,0.46896040003,"gpath_3neocort"
"6618","C12orf65","Inh ENOX2 SPHKAP",0.0144159599508286,5.35887403778749,0.097437807874054,0.755121415621782,0.932986034557454,0.927238797833259,"gpath_3neocort"
"6619","SBNO1","Inh ENOX2 SPHKAP",0.0249155959779113,6.31222622857122,0.565045522824232,0.452764693143265,0.769597238929851,0.75518513096891,"gpath_3neocort"
"6620","KMT5A","Inh ENOX2 SPHKAP",0.0262341392254335,4.39141641730031,0.178405284948503,0.673019545695509,0.893749398061212,0.888214416364092,"gpath_3neocort"
"6621","SNRNP35","Inh ENOX2 SPHKAP",-0.0256509019883906,4.78297696494626,0.205744605370342,0.650418452470772,0.883125333262741,0.87615165031333,"gpath_3neocort"
"6622","RILPL1","Inh ENOX2 SPHKAP",-0.110061945194463,4.96399674022757,4.25838506943405,0.0398305606929381,0.278915457457457,0.242127501000926,"gpath_3neocort"
"6623","TMED2","Inh ENOX2 SPHKAP",0.0516872141205818,4.64589177900968,0.741621282820799,0.677832426189037,0.895864843407824,0.89059225384405,"gpath_3neocort"
"6624","DDX55","Inh ENOX2 SPHKAP",-0.0419843886711691,5.1475657602352,0.699056987685103,0.403699507352138,0.735897276131914,0.718976945770401,"gpath_3neocort"
"6625","EIF2B1","Inh ENOX2 SPHKAP",-0.0585227387612355,4.9031665698224,1.13458923131655,0.287569282157378,0.644647714007492,0.620460732531224,"gpath_3neocort"
"6626","GTF2H3","Inh ENOX2 SPHKAP",-0.0183634292910559,5.31165729496148,0.175592080869326,0.675458842872085,0.894792301984542,0.889502710402486,"gpath_3neocort"
"6627","TCTN2","Inh ENOX2 SPHKAP",0.0081206294517242,4.85543638981947,0.0228235965733012,0.880008065295459,0.978345111313283,0.97548170208016,"gpath_3neocort"
"6628","ATP6V0A2","Inh ENOX2 SPHKAP",-0.0227047504050667,4.95200443440314,0.163008773399852,0.686660194335698,0.901203414076258,0.894985838086984,"gpath_3neocort"
"6629","CCDC92","Inh ENOX2 SPHKAP",0.0304997881630429,7.45037627785618,1.36258191406864,0.243924603976553,0.602266174828519,0.576684768761674,"gpath_3neocort"
"6630","RFLNA","Inh ENOX2 SPHKAP",-0.177780130579466,6.08529033268,10.3392147429748,0.00142981978423229,0.0627042438557692,0.0407470402798908,"gpath_3neocort"
"6631","NCOR2","Inh ENOX2 SPHKAP",0.062842189486689,6.61070517596049,3.20956531494524,0.0741156810682625,0.363047536339406,0.329084099033885,"gpath_3neocort"
"6632","SCARB1","Inh ENOX2 SPHKAP",-0.084754323103144,6.30799109450314,5.36704286218811,0.0211263625838857,0.211872830939113,0.176077113278782,"gpath_3neocort"
"6633","UBC","Inh ENOX2 SPHKAP",0.0165351673306132,6.95890214672033,0.0795342190354991,0.778104579941069,0.944495130113347,0.937461410474089,"gpath_3neocort"
"6634","BRI3BP","Inh ENOX2 SPHKAP",0.00216027276565881,6.08129522475543,0.00368080452357795,0.951658663347492,0.994776274703702,0.99331508413241,"gpath_3neocort"
"6635","AACS","Inh ENOX2 SPHKAP",-0.0209273678587861,5.93752994592006,0.260271517092334,0.610271225312561,0.863260893234302,0.854193357920109,"gpath_3neocort"
"6636","TMEM132B","Inh ENOX2 SPHKAP",0.00625875739249768,8.52827964187663,0.0477859172985406,0.827095466070117,0.961952094667183,0.957347765286211,"gpath_3neocort"
"6637","TMEM132C","Inh ENOX2 SPHKAP",0.0141316731542071,7.73107767104317,0.0641476545112211,0.800212671742057,0.952177907887809,0.946830341299735,"gpath_3neocort"
"6638","SLC15A4","Inh ENOX2 SPHKAP",-0.0521175420749897,4.8625451039829,0.84683201918079,0.358115376096298,0.70518603035361,0.683405536049194,"gpath_3neocort"
"6639","GLT1D1","Inh ENOX2 SPHKAP",-0.102164537656661,5.93385555412771,6.36813737088679,0.0120829872593764,0.161063052809379,0.13199297510643,"gpath_3neocort"
"6640","TMEM132D","Inh ENOX2 SPHKAP",0.0268964590025267,8.15362966655706,0.4474056104042,0.504032403254581,0.80219023236465,0.789697016378858,"gpath_3neocort"
"6641","RIMBP2","Inh ENOX2 SPHKAP",0.021757789011921,7.12439906381262,0.512983459190578,0.474351505718062,0.782655873040069,0.76994745602743,"gpath_3neocort"
"6642","STX2","Inh ENOX2 SPHKAP",-0.0725000816151783,4.86862312860348,1.54386755002799,0.214916175035217,0.571317325149223,0.544479787838537,"gpath_3neocort"
"6643","RAN","Inh ENOX2 SPHKAP",-0.0217454887748092,5.22339928596607,0.115616815393895,0.734052005997597,0.925213361947269,0.917603218287078,"gpath_3neocort"
"6644","SFSWAP","Inh ENOX2 SPHKAP",0.0199221743027209,6.54870142033418,0.478573418604152,0.489550633553009,0.794554201470902,0.780292911313689,"gpath_3neocort"
"6645","MMP17","Inh ENOX2 SPHKAP",-0.134322735440481,5.07226295115665,5.43202799729684,0.0203666351724016,0.206454669116676,0.172836684194474,"gpath_3neocort"
"6646","ULK1","Inh ENOX2 SPHKAP",-0.0390340272425911,5.57586764564106,0.87173784447234,0.351150276708431,0.699857018949386,0.677580482169934,"gpath_3neocort"
"6647","PUS1","Inh ENOX2 SPHKAP",-0.12292455106234,4.2500520819672,2.57717494182022,0.109361655025052,0.427094112662848,0.396465338712121,"gpath_3neocort"
"6648","EP400","Inh ENOX2 SPHKAP",-0.0382205590244906,6.41025896444567,1.41773927669732,0.234622847849166,0.594679149493799,0.566898981687813,"gpath_3neocort"
"6649","DDX51","Inh ENOX2 SPHKAP",0.0460779946038448,5.10245714311566,0.858921345479929,0.384437669839958,0.725144740452949,0.704792946996213,"gpath_3neocort"
"6650","GALNT9","Inh ENOX2 SPHKAP",0.0652689266849328,5.239816970232,1.56549833033016,0.211739136065148,0.56849068293422,0.540894530866536,"gpath_3neocort"
"6651","FBRSL1","Inh ENOX2 SPHKAP",0.056978848134464,5.45384304840374,1.68280051218686,0.195449599325083,0.549028745482354,0.521685437648448,"gpath_3neocort"
"6652","POLE","Inh ENOX2 SPHKAP",0.0432298240348859,4.19209101967394,0.313777824570729,0.575747308705966,0.845900315657619,0.834583425196581,"gpath_3neocort"
"6653","ANKLE2","Inh ENOX2 SPHKAP",-0.00493043667155561,5.24554224813023,0.0119708085341136,0.912942175993212,0.988012407280931,0.984665548962995,"gpath_3neocort"
"6654","GOLGA3","Inh ENOX2 SPHKAP",-0.0390861455669366,6.01168249667018,1.15333112262405,0.283629483321701,0.640385789146006,0.616533992357766,"gpath_3neocort"
"6655","CHFR","Inh ENOX2 SPHKAP",0.00701166791390736,6.25333635854324,0.0398363566925988,0.841922543633622,0.966820958715119,0.963012749640535,"gpath_3neocort"
"6656","ZNF26","Inh ENOX2 SPHKAP",-0.0164937591373651,4.93079301152678,0.0796499661395262,0.777947425494612,0.944495130113347,0.937383148107374,"gpath_3neocort"
"6657","ZNF84","Inh ENOX2 SPHKAP",0.042414790819327,5.87898928186061,1.47144978111454,0.225975763629002,0.584475959155171,0.557397580409765,"gpath_3neocort"
"6658","ZNF140","Inh ENOX2 SPHKAP",-0.0399334407626963,4.4441941051334,0.363936696371212,0.546738121704671,0.830389902379284,0.817443199299222,"gpath_3neocort"
"6659","ZNF891","Inh ENOX2 SPHKAP",0.0525330951800301,5.01853418151735,1.128936932698,0.458360838375266,0.773146768073419,0.759184367774364,"gpath_3neocort"
"6660","ZNF268","Inh ENOX2 SPHKAP",0.0231588372821386,4.41790086184467,0.131817210623529,0.716785339036878,0.916487955207854,0.909005198051038,"gpath_3neocort"
"6661","TPTE2","Inh ENOX2 SPHKAP",-0.139535646600028,4.21421743144327,2.49299073104295,0.115302418636881,0.438694479940592,0.406389720545512,"gpath_3neocort"
"6662","MPHOSPH8","Inh ENOX2 SPHKAP",0.0563444917613294,8.3918418635734,4.50323087290324,0.0345678125060515,0.265683787043354,0.225588922926567,"gpath_3neocort"
"6663","PSPC1","Inh ENOX2 SPHKAP",0.012046351416941,7.35276981961337,0.237843223628146,0.626088718899523,0.873345016334033,0.863050965790276,"gpath_3neocort"
"6664","ZMYM5","Inh ENOX2 SPHKAP",0.0407128651783089,5.8199154880959,1.05188837812018,0.305816054908842,0.662964546460886,0.637654109697573,"gpath_3neocort"
"6665","ZMYM2","Inh ENOX2 SPHKAP",0.0252325272178409,7.63127000709985,1.23601930115799,0.267040590458771,0.626242629519803,0.600815811165064,"gpath_3neocort"
"6666","CRYL1","Inh ENOX2 SPHKAP",-0.0373737412915377,6.28506387784956,0.857794236364812,0.355026562789874,0.703550807579933,0.680713319716115,"gpath_3neocort"
"6667","IFT88","Inh ENOX2 SPHKAP",-0.00192856097897146,6.59081218370659,0.00259829788189724,0.95937715803627,0.995700592042286,0.994831794783635,"gpath_3neocort"
"6668","IL17D","Inh ENOX2 SPHKAP",-0.158679421706848,4.80279607357465,6.95415413782529,0.00875403385052089,0.14137111382483,0.111566921868746,"gpath_3neocort"
"6669","EEF1AKMT1","Inh ENOX2 SPHKAP",-0.119026871269706,4.96471000868957,4.09791813795739,0.0437329205222832,0.286573309709436,0.253527254073826,"gpath_3neocort"
"6670","XPO4","Inh ENOX2 SPHKAP",-0.0266966485316023,6.36528141900485,0.763550345708604,0.38284863414141,0.723496991901621,0.703564025793686,"gpath_3neocort"
"6671","SAP18","Inh ENOX2 SPHKAP",-0.0155543784519928,5.51121290928735,0.0688812001210645,0.79313484857826,0.949895418367653,0.943905345112605,"gpath_3neocort"
"6672","MRPL57","Inh ENOX2 SPHKAP",-0.0256104165935008,5.03485065339718,0.168869643640148,0.681382324364117,0.898377315469825,0.892430140556255,"gpath_3neocort"
"6673","ZDHHC20","Inh ENOX2 SPHKAP",-0.0457596219966523,7.08741271410805,2.58275722752991,0.206823609965654,0.563128692661964,0.535290852192391,"gpath_3neocort"
"6674","MICU2","Inh ENOX2 SPHKAP",-0.00349393554967585,7.34135481020163,0.0225600382404964,0.880697647959442,0.978345111313283,0.97571719499835,"gpath_3neocort"
"6675","FGF9","Inh ENOX2 SPHKAP",-0.136626080444832,5.14524254775697,5.45715099588083,0.0200805919728601,0.204758957729541,0.171659116599018,"gpath_3neocort"
"6676","SACS","Inh ENOX2 SPHKAP",0.0705881072288088,6.77140030732556,3.89072308728204,0.0493794256916099,0.304683825004366,0.269705255246868,"gpath_3neocort"
"6677","MIPEP","Inh ENOX2 SPHKAP",0.000923709938833361,5.7089085241106,0.000339635133297751,0.985307487010702,0.9984270842391,0.998266728648838,"gpath_3neocort"
"6678","CENPJ","Inh ENOX2 SPHKAP",0.136469014184722,5.19567674856402,5.42953098629361,0.0203952959221855,0.206454669116676,0.172942120139898,"gpath_3neocort"
"6679","AMER2","Inh ENOX2 SPHKAP",0.0728778743006033,5.61262858650954,2.68230652989696,0.102411991037832,0.415536653636004,0.384154565897697,"gpath_3neocort"
"6680","MTMR6","Inh ENOX2 SPHKAP",0.00103272730657021,5.47081668922112,0.000599210374361059,0.980485357623235,0.997825265393623,0.997915368014525,"gpath_3neocort"
"6681","NUP58","Inh ENOX2 SPHKAP",-0.00930204870135658,6.06230163530637,0.0754129706437361,0.783782708043734,0.946015901617131,0.939767037522275,"gpath_3neocort"
"6682","ATP8A2","Inh ENOX2 SPHKAP",0.0244916093708692,9.52153974214551,1.3132972195771,0.252620332742366,0.610959791701137,0.586348123359399,"gpath_3neocort"
"6683","RNF6","Inh ENOX2 SPHKAP",0.106129231491261,4.50948018242717,2.36496581581991,0.125035030663183,0.454874635733543,0.422764125066455,"gpath_3neocort"
"6684","CDK8","Inh ENOX2 SPHKAP",0.0034861012151328,7.62191772102362,0.0215977301468452,0.936465244560003,0.993269159402148,0.990406442633884,"gpath_3neocort"
"6685","WASF3","Inh ENOX2 SPHKAP",-0.0648302570922539,7.53328433847128,5.15708115118635,0.0237890414944781,0.222596552833058,0.186767762283014,"gpath_3neocort"
"6686","GPR12","Inh ENOX2 SPHKAP",0.0753729996203482,4.86523243573229,1.60730645631784,0.205755446263153,0.562217471845496,0.534015518911002,"gpath_3neocort"
"6687","USP12","Inh ENOX2 SPHKAP",0.0391235072229687,5.42943554430332,0.788308028145903,0.375252243824856,0.717631135657407,0.69768975647157,"gpath_3neocort"
"6688","RPL21","Inh ENOX2 SPHKAP",-0.144429636688864,4.50427154255867,1.98541864268003,0.159752623707377,0.505744814584668,0.474228963431008,"gpath_3neocort"
"6689","GTF3A","Inh ENOX2 SPHKAP",0.00837669278297081,5.19448907159192,0.0289704396783104,0.864950536129019,0.973690993769157,0.970825446156089,"gpath_3neocort"
"6690","MTIF3","Inh ENOX2 SPHKAP",-0.110870205493427,5.26845274772684,4.95521276571729,0.0266801370198129,0.235852626753284,0.197665198393799,"gpath_3neocort"
"6691","LNX2","Inh ENOX2 SPHKAP",-0.0391635546991375,4.23693889729637,0.269105526041625,0.60427653187657,0.859470457627133,0.850839280419254,"gpath_3neocort"
"6692","POLR1D","Inh ENOX2 SPHKAP",-0.0574779188471644,5.20020010968742,1.35726331329597,0.244845135234859,0.602777188803576,0.577755694376309,"gpath_3neocort"
"6693","FLT3","Inh ENOX2 SPHKAP",0.0137314064940403,7.78564750908571,0.1989925513172,0.65582480013252,0.885848338339017,0.879185078682214,"gpath_3neocort"
"6694","PAN3","Inh ENOX2 SPHKAP",0.00412837813816445,8.29173288167453,0.0365030338306713,0.998725912520507,0.999750704645697,0.999818899929469,"gpath_3neocort"
"6695","FLT1","Inh ENOX2 SPHKAP",0.0556805707029716,4.93502842921177,0.57236830104679,0.449853564344946,0.766790479536336,0.75316573323734,"gpath_3neocort"
"6696","POMP","Inh ENOX2 SPHKAP",-0.0979666432814675,4.98816609892313,2.76580134767929,0.0972380808791864,0.40762136530414,0.374663000519134,"gpath_3neocort"
"6697","MTUS2","Inh ENOX2 SPHKAP",0.0733522721349215,9.84962168908803,11.7175854483602,0.000696266900375287,0.0439263228631317,0.0271372646151233,"gpath_3neocort"
"6698","SLC7A1","Inh ENOX2 SPHKAP",-0.00609450318659096,5.5806571067046,0.0209567974461302,0.884984174813331,0.979658385812387,0.977001495766831,"gpath_3neocort"
"6699","UBL3","Inh ENOX2 SPHKAP",0.0818665116307384,6.78107455899049,5.0588517644556,0.0251526656037319,0.229891892697469,0.19203958717414,"gpath_3neocort"
"6700","KATNAL1","Inh ENOX2 SPHKAP",0.00979002983925018,5.92862200382696,0.077787189615566,0.780491746057814,0.94450461328582,0.938472379464988,"gpath_3neocort"
"6701","HMGB1","Inh ENOX2 SPHKAP",-0.0321159756150968,8.53518909814748,0.945780583966861,0.331500614658311,0.682773474099541,0.660768618971764,"gpath_3neocort"
"6702","USPL1","Inh ENOX2 SPHKAP",-0.00222264491183087,5.25576420124822,0.0022690502018798,0.983658437761876,0.998198786643165,0.998030041808103,"gpath_3neocort"
"6703","HSPH1","Inh ENOX2 SPHKAP",0.0864582023602997,7.02137087344668,1.51708310593638,0.21892939553699,0.57683814018889,0.549259647337932,"gpath_3neocort"
"6704","B3GLCT","Inh ENOX2 SPHKAP",0.0352199687754027,6.32938359257459,0.801986863750857,0.371146035402825,0.715687147079744,0.69459819721928,"gpath_3neocort"
"6705","FRY","Inh ENOX2 SPHKAP",0.0543736204857772,8.46384349769755,4.51806942992944,0.0342733493112414,0.264826346163865,0.224778544751299,"gpath_3neocort"
"6706","N4BP2L1","Inh ENOX2 SPHKAP",0.0350320644013437,7.11243379620754,1.54276231755406,0.215080028136892,0.571317325149223,0.544693740419174,"gpath_3neocort"
"6707","N4BP2L2","Inh ENOX2 SPHKAP",0.0122136065020529,8.78378856159103,0.469743596998414,0.493581361612474,0.796248150379289,0.782878389005747,"gpath_3neocort"
"6708","PDS5B","Inh ENOX2 SPHKAP",0.0158556052080299,8.29396401140427,0.387699785160832,0.533936578251147,0.822701645412923,0.81005647634443,"gpath_3neocort"
"6709","STARD13","Inh ENOX2 SPHKAP",-0.0428401169544914,7.29256752223217,0.840963047056301,0.359784295645925,0.706241008870197,0.684645476691382,"gpath_3neocort"
"6710","RFC3","Inh ENOX2 SPHKAP",0.103310950837024,5.49588573701173,2.71494144693272,0.100354605826351,0.412672634080867,0.380295317908236,"gpath_3neocort"
"6711","NBEA","Inh ENOX2 SPHKAP",0.0787042896524037,10.5101597855766,14.9208692656616,0.000134699506241734,0.0206338298011883,0.0101769181253965,"gpath_3neocort"
"6712","DCLK1","Inh ENOX2 SPHKAP",-0.0138021050948914,9.64073897187893,0.424120848722417,0.51533652564941,0.809933358097798,0.797626271434009,"gpath_3neocort"
"6713","SPART","Inh ENOX2 SPHKAP",-0.00193242014586233,6.70926918788965,0.00407689672632212,0.949127463532341,0.994776274703702,0.99276025331016,"gpath_3neocort"
"6714","SERTM1","Inh ENOX2 SPHKAP",0.0210620637883911,4.57169647597626,0.0992977051923168,0.752871164317348,0.932162669818478,0.926182752201402,"gpath_3neocort"
"6715","RFXAP","Inh ENOX2 SPHKAP",0.0646637910627578,5.18402000558424,1.88682119900602,0.170483718885255,0.52026651661066,0.489053782930078,"gpath_3neocort"
"6716","SMAD9","Inh ENOX2 SPHKAP",0.03558810281488,5.19123281267619,0.346408696112656,0.556551632963844,0.836996892003553,0.823332552487725,"gpath_3neocort"
"6717","ALG5","Inh ENOX2 SPHKAP",-0.0969028097924263,4.96443214531555,3.56105523843073,0.0600186062865564,0.328239017503634,0.29705830670049,"gpath_3neocort"
"6718","SUPT20H","Inh ENOX2 SPHKAP",-0.0307523977522684,5.83692245785909,0.662154683920807,0.478273935285749,0.786329829784336,0.772731352657384,"gpath_3neocort"
"6719","TRPC4","Inh ENOX2 SPHKAP",0.0966926572607561,6.34760632323454,4.34137232120135,0.037958163912346,0.273876430580498,0.236386214769126,"gpath_3neocort"
"6720","UFM1","Inh ENOX2 SPHKAP",0.0216288683888071,5.50126512731008,0.253279672260741,0.61510746200961,0.865943662026696,0.857027007529593,"gpath_3neocort"
"6721","NHLRC3","Inh ENOX2 SPHKAP",-0.0548068759894005,5.66900120845269,1.61612394865366,0.204519205388761,0.560428179154327,0.532470738187889,"gpath_3neocort"
"6722","LHFPL6","Inh ENOX2 SPHKAP",0.0845638552256396,3.88691964279104,0.576394148371475,0.448265562945091,0.765122260199796,0.75187333303859,"gpath_3neocort"
"6723","COG6","Inh ENOX2 SPHKAP",0.0426584651464442,6.98071153376573,2.41886608501728,0.120830307894801,0.447477486484494,0.415869528813874,"gpath_3neocort"
"6724","FOXO1","Inh ENOX2 SPHKAP",-0.0446542059526096,4.52420413558757,0.256217391003357,0.613065355926994,0.864344930652536,0.85576357355626,"gpath_3neocort"
"6725","MRPS31","Inh ENOX2 SPHKAP",0.0801347671971849,5.958657905702,4.30006458537199,0.0388782941963318,0.276549911529495,0.239159994613324,"gpath_3neocort"
"6726","ELF1","Inh ENOX2 SPHKAP",0.197666276243812,3.94764594678477,4.84773410047367,0.0283669200063091,0.24167722399076,0.203891378818208,"gpath_3neocort"
"6727","WBP4","Inh ENOX2 SPHKAP",-0.0379404443640382,5.12305592511133,0.484043729870941,0.487080989078156,0.793535134083531,0.77874955955567,"gpath_3neocort"
"6728","KBTBD6","Inh ENOX2 SPHKAP",0.0304591274245254,5.37320061532434,0.347155563189677,0.556126710095282,0.836996892003553,0.823082838564859,"gpath_3neocort"
"6729","KBTBD7","Inh ENOX2 SPHKAP",-0.0123760029471743,4.26397484261516,0.0272163959725237,0.912325039920758,0.98778742870664,0.984517986940798,"gpath_3neocort"
"6730","NAA16","Inh ENOX2 SPHKAP",0.0324528882169156,6.37488686203814,0.716423410635055,0.397926662291109,0.732377591644456,0.714687685663772,"gpath_3neocort"
"6731","VWA8","Inh ENOX2 SPHKAP",0.00529550939278633,7.91901002858909,0.0458154478423541,0.830642460316073,0.962916920097718,0.95882706996413,"gpath_3neocort"
"6732","DGKH","Inh ENOX2 SPHKAP",-0.173906186995,5.58303901739604,9.40709066487277,0.00233834166378044,0.0791265424945092,0.0542294040120345,"gpath_3neocort"
"6733","AKAP11","Inh ENOX2 SPHKAP",0.0547531045338355,6.9549218176291,4.25170785394243,0.0399853884236985,0.279222006656069,0.242581276593472,"gpath_3neocort"
"6734","DNAJC15","Inh ENOX2 SPHKAP",0.0280059901918627,5.31953174301072,0.346565657840816,0.55646227990402,0.836996892003553,0.823263548962645,"gpath_3neocort"
"6735","ENOX1","Inh ENOX2 SPHKAP",-0.00619314844282556,9.9537583694726,0.0655078343154423,0.798151147073592,0.951769478362368,0.946069629196573,"gpath_3neocort"
"6736","CCDC122","Inh ENOX2 SPHKAP",-0.253819888623999,4.61209572435031,10.6117860358177,0.00123930575610373,0.0600393452821233,0.0376206629573293,"gpath_3neocort"
"6737","SERP2","Inh ENOX2 SPHKAP",-0.0625834609281933,5.78893918324461,2.31669005693959,0.194648693800855,0.548005942083692,0.520632766232683,"gpath_3neocort"
"6738","TSC22D1","Inh ENOX2 SPHKAP",-0.0359829058399125,8.25061433605361,2.39104414553793,0.615738251605407,0.86623217193491,0.857473923881173,"gpath_3neocort"
"6739","LINC00407","Inh ENOX2 SPHKAP",0.163918519633541,4.98607701217183,7.14275632857803,0.00789669447348512,0.135251588714884,0.105558645144264,"gpath_3neocort"
"6740","NUFIP1","Inh ENOX2 SPHKAP",0.0636480849692104,4.65341680891716,1.25646541968816,0.30018952499208,0.657839953893813,0.632373192674508,"gpath_3neocort"
"6741","AL359706.1","Inh ENOX2 SPHKAP",-0.0967084995024676,4.09161405250876,0.966287800433824,0.32632047197717,0.677116717688831,0.655971194455642,"gpath_3neocort"
"6742","GPALPP1","Inh ENOX2 SPHKAP",0.0587536963649278,6.6168189337617,4.11355448064581,0.043335487892973,0.286045634981411,0.252365800653296,"gpath_3neocort"
"6743","GTF2F2","Inh ENOX2 SPHKAP",-0.0135873717533868,6.07601031833489,0.140110768553629,0.858436631762098,0.971577861471329,0.968712037429224,"gpath_3neocort"
"6744","KCTD4","Inh ENOX2 SPHKAP",0.20842146183546,4.7066251462642,7.12555488039981,0.00797117813855614,0.135251588714884,0.10607419223097,"gpath_3neocort"
"6745","TPT1","Inh ENOX2 SPHKAP",0.0609810237291801,6.0907568777841,0.932106665081801,0.335015815177364,0.685568174833228,0.66379669375493,"gpath_3neocort"
"6746","COG3","Inh ENOX2 SPHKAP",-0.0350644456405444,5.41085057347566,0.599881207753769,0.439172219660045,0.760159807154199,0.745143334868952,"gpath_3neocort"
"6747","SIAH3","Inh ENOX2 SPHKAP",0.0766595899856917,6.44019114885736,4.66950163399513,0.0314145152918925,0.253031058653804,0.215032443693182,"gpath_3neocort"
"6748","ZC3H13","Inh ENOX2 SPHKAP",0.0468855847778574,7.21449376619698,3.18745376591501,0.0751143545682987,0.365211849270284,0.331098829548202,"gpath_3neocort"
"6749","CPB2-AS1","Inh ENOX2 SPHKAP",0.0734660372523073,5.39967884832837,1.88447106164085,0.170749432437652,0.520587969028758,0.489402921661534,"gpath_3neocort"
"6750","RUBCNL","Inh ENOX2 SPHKAP",-0.0844181489735555,4.35971574946174,1.1290757974991,0.288741537599619,0.645948223594981,0.621700670656493,"gpath_3neocort"
"6751","AL138686.1","Inh ENOX2 SPHKAP",-0.048890107381249,3.51451420016589,0.136698250905289,0.711820426597741,0.913974275968483,0.906914924225544,"gpath_3neocort"
"6752","LRCH1","Inh ENOX2 SPHKAP",0.0313876404231012,7.40530788213173,1.58311194970565,0.209193366361227,0.565868056007118,0.53796159289718,"gpath_3neocort"
"6753","ESD","Inh ENOX2 SPHKAP",0.0503661811789684,4.97229720403458,0.817275106273769,0.366630759477109,0.711865305342764,0.691003833085601,"gpath_3neocort"
"6754","HTR2A","Inh ENOX2 SPHKAP",-0.0315839360154209,3.81934878770375,0.0776704090784393,0.780652342795331,0.944566114904668,0.938539207795683,"gpath_3neocort"
"6755","SUCLA2","Inh ENOX2 SPHKAP",-0.0774756314743374,6.01482439127399,3.23643437699982,0.0729213645233715,0.359548479862578,0.326307314660857,"gpath_3neocort"
"6756","MED4","Inh ENOX2 SPHKAP",-0.0112226810753873,5.90423495767165,0.089956598878279,0.764419231054034,0.936302600649689,0.93131878685545,"gpath_3neocort"
"6757","ITM2B","Inh ENOX2 SPHKAP",-0.00601466735625516,7.42863817390967,0.0262435621993376,0.871405041232464,0.976081680883947,0.972836270054331,"gpath_3neocort"
"6758","RB1","Inh ENOX2 SPHKAP",0.00519139974268852,7.26342572984578,0.0366799843358642,0.848234635676816,0.96901071828263,0.965435805420629,"gpath_3neocort"
"6759","FNDC3A","Inh ENOX2 SPHKAP",0.0364195574440282,7.35656700813263,1.37502638579137,0.241787233157736,0.601103189071614,0.574453299394161,"gpath_3neocort"
"6760","CDADC1","Inh ENOX2 SPHKAP",-0.0720650441535865,4.907599392206,1.8493023238617,0.17478335534346,0.525171197091898,0.49480217906951,"gpath_3neocort"
"6761","CAB39L","Inh ENOX2 SPHKAP",0.108092598151406,5.46894218705382,5.33705027925591,0.0214868856271397,0.2132918371428,0.17747678361183,"gpath_3neocort"
"6762","SETDB2","Inh ENOX2 SPHKAP",0.00589264364666573,5.69813378584629,0.02019193058288,0.909522965998169,0.98763781133435,0.983764348647716,"gpath_3neocort"
"6763","PHF11","Inh ENOX2 SPHKAP",-0.07177279077665,4.32118809418471,0.812340938923006,0.368079611625211,0.713224510596534,0.692223876171304,"gpath_3neocort"
"6764","EBPL","Inh ENOX2 SPHKAP",-0.0287707116323158,4.80288622140907,0.227445574957043,0.633736812074649,0.87637113870235,0.867140241638852,"gpath_3neocort"
"6765","KPNA3","Inh ENOX2 SPHKAP",-0.0251191720107074,6.41288474314007,0.597081984510375,0.440240943456264,0.761333032743225,0.74600477287899,"gpath_3neocort"
"6766","SPRYD7","Inh ENOX2 SPHKAP",-0.0381071495504293,4.92434113767059,0.473802511163878,0.588191538660884,0.85159220985425,0.841921369646835,"gpath_3neocort"
"6767","DLEU2","Inh ENOX2 SPHKAP",-0.0168952116604917,7.6864787396529,0.329798477953175,0.566164992118858,0.841855961712236,0.828955884993314,"gpath_3neocort"
"6768","TRIM13","Inh ENOX2 SPHKAP",-0.0402196848463329,5.41959140486624,0.839497943544243,0.36020259082393,0.706645558303972,0.685047364815857,"gpath_3neocort"
"6769","DLEU7","Inh ENOX2 SPHKAP",-0.0498567897255936,6.30585007410697,1.3800063654509,0.240938324175511,0.601020356464349,0.573620057793816,"gpath_3neocort"
"6770","RNASEH2B","Inh ENOX2 SPHKAP",0.0227559461660772,5.84495807311361,0.255200710270896,0.613770413428472,0.864666544807891,0.856183241149718,"gpath_3neocort"
"6771","FAM124A","Inh ENOX2 SPHKAP",0.0726304868488832,4.39750097513638,0.90150480290626,0.343066213623393,0.691917379643772,0.670476651604988,"gpath_3neocort"
"6772","INTS6","Inh ENOX2 SPHKAP",0.0299668177564926,5.99140007209842,0.617367999263066,0.432585028255837,0.755091897933245,0.740437031437576,"gpath_3neocort"
"6773","INTS6-AS1","Inh ENOX2 SPHKAP",0.0933098142634871,4.66970149888673,2.57175195957859,0.109733977190639,0.427094112662848,0.39688585580046,"gpath_3neocort"
"6774","WDFY2","Inh ENOX2 SPHKAP",-0.0669553305860803,5.97869255175199,2.81905544386354,0.0940880182384931,0.401922427948076,0.36898460052147,"gpath_3neocort"
"6775","ATP7B","Inh ENOX2 SPHKAP",-0.0308384102070435,4.80063618763139,0.242159684391374,0.622974441252356,0.871821402008105,0.861406502721057,"gpath_3neocort"
"6776","UTP14C","Inh ENOX2 SPHKAP",-0.0267762256801055,4.28221370784148,0.126159163694393,0.722672643985498,0.919259021216929,0.91195249600474,"gpath_3neocort"
"6777","NEK3","Inh ENOX2 SPHKAP",-0.543999615089977,3.71849031131578,20.1058673758921,1.00922475987332e-05,0.00517254247981387,0.00207627414378058,"gpath_3neocort"
"6778","VPS36","Inh ENOX2 SPHKAP",-0.0032960653295132,6.06597002380571,0.00910521401836903,0.924037563118667,0.990935984755782,0.987495144242412,"gpath_3neocort"
"6779","CKAP2","Inh ENOX2 SPHKAP",-0.0219054599051737,4.73897930335958,0.120370959984799,0.728851368264767,0.922239426216515,0.914928547243833,"gpath_3neocort"
"6780","SUGT1","Inh ENOX2 SPHKAP",-0.00759333001036753,6.10902337381363,0.0337251714443614,0.854404256890424,0.970623967988678,0.967488610389927,"gpath_3neocort"
"6781","PCDH8","Inh ENOX2 SPHKAP",0.202060661584339,4.0297334540215,4.88163026310186,0.0278232318060218,0.239568908909234,0.201845166281257,"gpath_3neocort"
"6782","PCDH17","Inh ENOX2 SPHKAP",-0.0427450807953905,5.55864559520247,0.552217862043015,0.457936143562328,0.773124508670241,0.75888084993287,"gpath_3neocort"
"6783","TDRD3","Inh ENOX2 SPHKAP",-0.00238254083588832,6.51783380496546,0.00517300200255321,0.942705843095147,0.993621549957847,0.99145997507341,"gpath_3neocort"
"6784","PCDH9","Inh ENOX2 SPHKAP",-0.0643070562714578,9.97332842108672,1.8740115263369,0.171937825678011,0.522249078743752,0.491089124319074,"gpath_3neocort"
"6785","PCDH9-AS2","Inh ENOX2 SPHKAP",-0.25109659104785,3.8518800756579,4.1218928870406,0.0431251110224472,0.285681857916048,0.251768751856032,"gpath_3neocort"
"6786","KLHL1","Inh ENOX2 SPHKAP",0.131444003693606,6.38628918692919,4.74946549923167,0.0300068675572483,0.248177059966617,0.210082486616201,"gpath_3neocort"
"6787","DACH1","Inh ENOX2 SPHKAP",-0.0792379152658721,3.6458227550445,0.38353442364416,0.536140634989998,0.823621628574317,0.811353202990295,"gpath_3neocort"
"6788","MZT1","Inh ENOX2 SPHKAP",-0.0189288131112399,4.81056313674093,0.10222076054704,0.949888199681132,0.994776274703702,0.992902306714219,"gpath_3neocort"
"6789","DIS3","Inh ENOX2 SPHKAP",0.0388039432395767,5.66031776878754,0.922465130663584,0.337524495983609,0.687987569657411,0.665871273977436,"gpath_3neocort"
"6790","PIBF1","Inh ENOX2 SPHKAP",-0.000205871840667954,7.71640008952952,8.40443800856494e-05,0.99269092071228,0.998951897108485,0.999193584560602,"gpath_3neocort"
"6791","KLF5","Inh ENOX2 SPHKAP",0.0350396503707433,6.50812993343914,0.956816784325783,0.328699359353424,0.679446903286699,0.658054770019719,"gpath_3neocort"
"6792","KLF12","Inh ENOX2 SPHKAP",-0.00760152109186066,8.26668818608997,0.0619724221456799,0.803558446893812,0.952559922311815,0.948094051312876,"gpath_3neocort"
"6793","TBC1D4","Inh ENOX2 SPHKAP",0.0645710427221815,6.95820742603957,4.27146658209997,0.0395290629311418,0.278915457457457,0.241186824115044,"gpath_3neocort"
"6794","COMMD6","Inh ENOX2 SPHKAP",-0.0180360882083374,4.69375445994902,0.0557410814993816,0.813503531030296,0.956635356258063,0.952000017392422,"gpath_3neocort"
"6795","UCHL3","Inh ENOX2 SPHKAP",0.0111771592302907,4.96823060510427,0.0379829541120206,0.845596069972239,0.967957509038399,0.96455128797398,"gpath_3neocort"
"6796","LMO7","Inh ENOX2 SPHKAP",0.0654940687715164,6.45768540100174,2.72126708072174,0.0999610949503794,0.412466585858811,0.379514289624188,"gpath_3neocort"
"6797","KCTD12","Inh ENOX2 SPHKAP",0.143973264748275,5.34616837961956,5.8027084612591,0.0165433159729882,0.186026340583094,0.155578114784695,"gpath_3neocort"
"6798","FBXL3","Inh ENOX2 SPHKAP",0.0720457744089923,5.69678106806539,2.93725030400968,0.087487345413778,0.389909276722824,0.356595665102578,"gpath_3neocort"
"6799","MYCBP2","Inh ENOX2 SPHKAP",0.0267799975423932,9.08506433017554,2.69116313717665,0.101849107693981,0.414344615411002,0.383055672161633,"gpath_3neocort"
"6800","SLAIN1","Inh ENOX2 SPHKAP",0.0497932427211093,6.83968100511219,2.69046393736619,0.10189342169107,0.414344615411002,0.383157415869988,"gpath_3neocort"
"6801","RNF219","Inh ENOX2 SPHKAP",0.106378222955625,4.84510704561612,4.19234992397684,0.0413899802359399,0.280688185418477,0.246791922193188,"gpath_3neocort"
"6802","RBM26","Inh ENOX2 SPHKAP",0.00889175570085818,7.47268394249336,0.15189028103318,0.874225485661455,0.976948901017904,0.973712804885847,"gpath_3neocort"
"6803","NDFIP2","Inh ENOX2 SPHKAP",0.00931486153526321,4.92408818007107,0.0284326160828752,0.873204342869791,0.97693748746163,0.973423028891625,"gpath_3neocort"
"6804","SLITRK1","Inh ENOX2 SPHKAP",0.119520008703422,4.00996515562416,1.9726901781032,0.16109345058366,0.50685881156177,0.475897673177801,"gpath_3neocort"
"6805","MIR4500HG","Inh ENOX2 SPHKAP",-0.0577027154514401,3.93381820807293,0.286646531147348,0.592734476673486,0.853113185521477,0.844456143062504,"gpath_3neocort"
"6806","SLITRK5","Inh ENOX2 SPHKAP",0.0938335241056375,5.87330873418008,4.70214971318133,0.0308316134849493,0.250264493100595,0.213056242372066,"gpath_3neocort"
"6807","GPC5","Inh ENOX2 SPHKAP",-0.0452879966348844,5.61041134597938,0.305141890757147,0.581046822749356,0.848936028617865,0.837710665683082,"gpath_3neocort"
"6808","GPC6","Inh ENOX2 SPHKAP",0.0443408384821451,9.87871142737582,1.71747447114796,0.190920448522762,0.545269552348065,0.515952608649115,"gpath_3neocort"
"6809","GPR180","Inh ENOX2 SPHKAP",-0.02711893956445,5.11627753889954,0.257301249316024,0.612315644966767,0.863977905269201,0.855377696392537,"gpath_3neocort"
"6810","DZIP1","Inh ENOX2 SPHKAP",-0.0206800391474518,6.75141413912614,0.459094201338057,0.49851747319979,0.799586682552582,0.786353703485789,"gpath_3neocort"
"6811","DNAJC3","Inh ENOX2 SPHKAP",-0.0493047333804192,5.02667254658812,0.923993829633914,0.337125056005047,0.687523307932387,0.665472893624913,"gpath_3neocort"
"6812","UGGT2","Inh ENOX2 SPHKAP",-0.0200029210932682,7.11751411197985,0.487919954814717,0.485343526134403,0.791405769842066,0.777520843319077,"gpath_3neocort"
"6813","HS6ST3","Inh ENOX2 SPHKAP",-0.0597914607017422,6.10729518307677,0.436557373026804,0.509244993015883,0.806083833223126,0.79338038053815,"gpath_3neocort"
"6814","MBNL2","Inh ENOX2 SPHKAP",0.0509859457707067,7.27638986277999,3.10891669737339,0.0787806673569037,0.373823580318592,0.338586030168187,"gpath_3neocort"
"6815","RAP2A","Inh ENOX2 SPHKAP",-0.0261057844438388,5.43530033914869,0.319311309083087,0.751638113054107,0.931658994455486,0.925621132153106,"gpath_3neocort"
"6816","IPO5","Inh ENOX2 SPHKAP",0.0410045680360482,5.62913088667205,1.25233009949159,0.365271988518264,0.711523740488535,0.689936743917106,"gpath_3neocort"
"6817","FARP1","Inh ENOX2 SPHKAP",-0.0201421816016752,8.64840488608703,0.7095232681802,0.400205897847116,0.733784805321387,0.716411981491267,"gpath_3neocort"
"6818","STK24","Inh ENOX2 SPHKAP",-0.0381845105678593,5.70701701410142,0.866904995387788,0.352487203875371,0.70118851345837,0.67883535734928,"gpath_3neocort"
"6819","DOCK9","Inh ENOX2 SPHKAP",0.00108466625730999,7.78929637091491,0.00166627320841,0.967463818331603,0.995859773924732,0.9960024315859,"gpath_3neocort"
"6820","UBAC2","Inh ENOX2 SPHKAP",0.0211212757641111,7.02805303421773,0.428943555938191,0.512959340236353,0.8090699797897,0.796087242563313,"gpath_3neocort"
"6821","TM9SF2","Inh ENOX2 SPHKAP",0.0249707380687472,5.71109447016291,0.427963502894567,0.54902303054022,0.831216771051099,0.818726499023794,"gpath_3neocort"
"6822","CLYBL","Inh ENOX2 SPHKAP",-0.0899391098299802,5.29315795572766,2.45511825899394,0.11809086489372,0.443976461465386,0.411328330846371,"gpath_3neocort"
"6823","PCCA","Inh ENOX2 SPHKAP",-0.0349670151295508,7.18585368497383,1.15343283947908,0.283608289005865,0.640385789146006,0.616519256103078,"gpath_3neocort"
"6824","GGACT","Inh ENOX2 SPHKAP",-0.149295047968621,3.51131892444459,1.24934588609222,0.264482148452617,0.623312478613645,0.598121101221948,"gpath_3neocort"
"6825","TMTC4","Inh ENOX2 SPHKAP",0.00663306771926289,5.70962595744147,0.0188482892484775,0.890885171394243,0.981581153911649,0.978500327989385,"gpath_3neocort"
"6826","NALCN","Inh ENOX2 SPHKAP",0.0119950356375518,8.72199937008406,0.319433019218553,0.572328657846921,0.845326168242279,0.832573808496564,"gpath_3neocort"
"6827","FGF14","Inh ENOX2 SPHKAP",0.0565153223155269,11.6473597187711,6.33534905741297,0.0123040294886584,0.162573458833861,0.133225753705712,"gpath_3neocort"
"6828","TPP2","Inh ENOX2 SPHKAP",0.10113539562481,6.38126859989756,8.22596504330681,0.00439251431093749,0.107743839697505,0.0766816509470701,"gpath_3neocort"
"6829","TEX30","Inh ENOX2 SPHKAP",-0.039055947427561,4.332648729176,0.26481116064751,0.607174849957527,0.860775842704527,0.852294154371087,"gpath_3neocort"
"6830","EFNB2","Inh ENOX2 SPHKAP",-0.00355114636495196,5.27321760997755,0.00400338517944175,0.949587578453244,0.994776274703702,0.992835792264167,"gpath_3neocort"
"6831","ARGLU1","Inh ENOX2 SPHKAP",0.0402049424916405,7.44619870954355,1.85245779533858,0.174416955277252,0.525171197091898,0.494378596034226,"gpath_3neocort"
"6832","FAM155A","Inh ENOX2 SPHKAP",0.0700682680180102,11.6206211757949,10.3935728512071,0.00138958032622193,0.0615078782579508,0.0401372310110599,"gpath_3neocort"
"6833","LIG4","Inh ENOX2 SPHKAP",0.0529789506705525,4.2031929038501,0.512206222104636,0.474686235402434,0.782942845587552,0.770178562024602,"gpath_3neocort"
"6834","ABHD13","Inh ENOX2 SPHKAP",0.06315359062284,4.7441601125016,1.1553358650916,0.283212134138323,0.640385789146006,0.61618314910362,"gpath_3neocort"
"6835","TNFSF13B","Inh ENOX2 SPHKAP",0.125503123394935,4.70675091622208,2.6813840383387,0.102470816402773,0.415602169983426,0.384235070889791,"gpath_3neocort"
"6836","MYO16","Inh ENOX2 SPHKAP",0.072504067420021,6.42197356285287,1.07602389825838,0.300340417095175,0.657839953893813,0.632541487324018,"gpath_3neocort"
"6837","IRS2","Inh ENOX2 SPHKAP",0.0556716121693528,6.29804617239456,2.43847257240875,0.119340052487559,0.445161909595969,0.413307684542516,"gpath_3neocort"
"6838","COL4A2","Inh ENOX2 SPHKAP",-0.237640630733397,3.73062960550395,3.16415062476663,0.0761825856602762,0.368354527884692,0.333292852117748,"gpath_3neocort"
"6839","NAXD","Inh ENOX2 SPHKAP",-0.101013806298621,4.75922088302556,3.4297857493513,0.064914191720451,0.339674583005778,0.308059390635681,"gpath_3neocort"
"6840","CARS2","Inh ENOX2 SPHKAP",-0.0772534155224777,5.78749297691218,3.82676119541784,0.0512748745283071,0.308815453547989,0.274613078160332,"gpath_3neocort"
"6841","ANKRD10","Inh ENOX2 SPHKAP",0.0473764965990785,6.33190253880808,1.92709267991306,0.166003662361022,0.516302671373886,0.483091542101868,"gpath_3neocort"
"6842","ARHGEF7","Inh ENOX2 SPHKAP",-0.043654503315792,7.95461939251732,3.56067471139726,0.0600322129979433,0.328239017503634,0.297092535463036,"gpath_3neocort"
"6843","TUBGCP3","Inh ENOX2 SPHKAP",-0.025094798965451,5.98952611054648,0.440225032110293,0.507472332609005,0.804323824047281,0.791968337165066,"gpath_3neocort"
"6844","ATP11A","Inh ENOX2 SPHKAP",-0.0338621551331226,6.03907607269767,0.783219906684228,0.376795933390081,0.719108744443093,0.698803293903351,"gpath_3neocort"
"6845","MCF2L","Inh ENOX2 SPHKAP",-0.00561664231119948,6.77799930596799,0.0321598178937306,0.857786271706717,0.971265236051276,0.968591767574486,"gpath_3neocort"
"6846","PCID2","Inh ENOX2 SPHKAP",0.0347330135362399,5.85694307047705,0.790402265023779,0.374619457618344,0.717271781023877,0.697283725129224,"gpath_3neocort"
"6847","CUL4A","Inh ENOX2 SPHKAP",0.029020763873704,5.87551587216298,0.640638863610584,0.73345073974702,0.924814619144954,0.91731477138198,"gpath_3neocort"
"6848","LAMP1","Inh ENOX2 SPHKAP",-0.0304505714920665,5.09369169506707,0.385102385886218,0.535309026381257,0.823383241020484,0.810829654035145,"gpath_3neocort"
"6849","DCUN1D2","Inh ENOX2 SPHKAP",-0.0183603517071804,5.6755865170083,0.203064752692032,0.915164024286465,0.988757254633671,0.98529854259902,"gpath_3neocort"
"6850","TMCO3","Inh ENOX2 SPHKAP",0.0499646069492741,6.13948840920674,2.10905271898969,0.21354506226955,0.570038875104407,0.54303540942086,"gpath_3neocort"
"6851","TFDP1","Inh ENOX2 SPHKAP",-0.0575829353467748,5.25758540130766,1.43246273450505,0.232213209835819,0.591496792409419,0.564240060281632,"gpath_3neocort"
"6852","GAS6","Inh ENOX2 SPHKAP",0.04592914975264,5.62139067280827,1.38866136145794,0.239471592780001,0.5998640019694,0.572010548007273,"gpath_3neocort"
"6853","RASA3","Inh ENOX2 SPHKAP",0.00684114715228141,5.4545581275648,0.0205124668819004,0.886201573836856,0.979658385812387,0.977385590184816,"gpath_3neocort"
"6854","CDC16","Inh ENOX2 SPHKAP",-0.0605775337962364,6.01728983095811,2.59678985082167,0.108026561995859,0.425895814054931,0.393971957583874,"gpath_3neocort"
"6855","UPF3A","Inh ENOX2 SPHKAP",0.0301858311756084,7.21742844700934,1.07803606047564,0.299889666644388,0.657622922180519,0.632057406784982,"gpath_3neocort"
"6856","TTC5","Inh ENOX2 SPHKAP",-0.0528712669834156,5.51103344850768,1.23341962309032,0.267543276302913,0.626433379331033,0.601341944037379,"gpath_3neocort"
"6857","CCNB1IP1","Inh ENOX2 SPHKAP",-0.125250894966105,4.88979861554952,4.32144320748347,0.0383991872378444,0.273876430580498,0.237624318058659,"gpath_3neocort"
"6858","PARP2","Inh ENOX2 SPHKAP",-0.0553363012377049,4.9492214678268,0.958013636764747,0.328397468368142,0.679446903286699,0.657813106723408,"gpath_3neocort"
"6859","OSGEP","Inh ENOX2 SPHKAP",-0.0938186101749903,5.43836877221522,3.56836048770971,0.059758026465508,0.327844316462601,0.296458816488451,"gpath_3neocort"
"6860","APEX1","Inh ENOX2 SPHKAP",-0.0716865673966976,4.48901549029907,1.01745172300226,0.313855657934202,0.666629813047172,0.644751925881535,"gpath_3neocort"
"6861","PIP4P1","Inh ENOX2 SPHKAP",-0.144584888975167,4.14574099797437,3.27346301376141,0.071309320983902,0.35610806778044,0.322630721232229,"gpath_3neocort"
"6862","METTL17","Inh ENOX2 SPHKAP",0.0236856142404177,4.36950057524159,0.121349433861734,0.773674316681442,0.942110273633138,0.935446844874349,"gpath_3neocort"
"6863","NDRG2","Inh ENOX2 SPHKAP",-0.0734289393253454,4.43511581599988,1.0423550391249,0.308014567957586,0.665065601501324,0.63964095528187,"gpath_3neocort"
"6864","ARHGEF40","Inh ENOX2 SPHKAP",0.178667491627482,4.73785718273351,7.63924378098584,0.00602854686396446,0.123591556550076,0.0918702405694532,"gpath_3neocort"
"6865","HNRNPC","Inh ENOX2 SPHKAP",0.0255843816990194,6.77100473298681,0.76614988694317,0.382040839782637,0.723056833873942,0.702953762428804,"gpath_3neocort"
"6866","SUPT16H","Inh ENOX2 SPHKAP",0.0593860699643464,5.85220935506985,2.18455936065924,0.140344931584928,0.476859366285425,0.446474529138092,"gpath_3neocort"
"6867","CHD8","Inh ENOX2 SPHKAP",-0.0140827180224542,6.35955593166954,0.237269452940112,0.649815965970087,0.883125333262741,0.875873030346271,"gpath_3neocort"
"6868","TOX4","Inh ENOX2 SPHKAP",-0.103407115327113,5.23610405688447,3.56615994646668,0.059836392780012,0.328089410412025,0.296650209969987,"gpath_3neocort"
"6869","METTL3","Inh ENOX2 SPHKAP",-0.07625039516312,4.60079950686188,1.3746341068609,0.241854257809921,0.601103189071614,0.574540959878302,"gpath_3neocort"
"6870","SALL2","Inh ENOX2 SPHKAP",-0.112515307691386,4.01550230916986,1.5359375194878,0.216095130341782,0.572607994358714,0.545840671793258,"gpath_3neocort"
"6871","DAD1","Inh ENOX2 SPHKAP",0.0181315134145471,4.14084385846014,0.0460747051899325,0.830171276472561,0.962916920097718,0.958665761607656,"gpath_3neocort"
"6872","OXA1L","Inh ENOX2 SPHKAP",-0.144866999556097,4.49678174767468,4.91989686672943,0.0272225123081857,0.237551136655977,0.199696929542414,"gpath_3neocort"
"6873","RBM23","Inh ENOX2 SPHKAP",-0.0161112685421344,5.28240687779766,0.110012641230577,0.74033812514817,0.927613569569336,0.920601128357856,"gpath_3neocort"
"6874","PSMB5","Inh ENOX2 SPHKAP",-0.109068000597253,5.18325564294697,3.05091558804908,0.0816124448405028,0.379895787694463,0.344586391724116,"gpath_3neocort"
"6875","ACIN1","Inh ENOX2 SPHKAP",0.108909594552394,6.45023483343709,11.5804009467675,0.000747673914569812,0.0449435097535853,0.0282453046588228,"gpath_3neocort"
"6876","SLC7A8","Inh ENOX2 SPHKAP",0.0479215699104841,5.93909322112205,1.58054021612223,0.209562791510271,0.566284482300616,0.538424244978279,"gpath_3neocort"
"6877","PPP1R3E","Inh ENOX2 SPHKAP",-0.0963863645306589,4.98627497128376,3.06915254016185,0.0807103641716125,0.377639292338962,0.342516790018032,"gpath_3neocort"
"6878","BCL2L2-PABPN1","Inh ENOX2 SPHKAP",0.176020923862674,4.50340091051674,7.43759875850349,0.00672548714054811,0.124748178618395,0.0971707307282955,"gpath_3neocort"
"6879","PABPN1","Inh ENOX2 SPHKAP",0.0675066234202688,5.92175319210855,2.26026511105516,0.133677879435649,0.466124506895316,0.43604929986362,"gpath_3neocort"
"6880","SLC22A17","Inh ENOX2 SPHKAP",-0.094442902085107,7.15770223404581,5.58477952405273,0.018690577921469,0.198221183270645,0.165704768911943,"gpath_3neocort"
"6881","NGDN","Inh ENOX2 SPHKAP",-0.0247792624364939,4.31584820856731,0.11428066431335,0.735535065359365,0.925976813418298,0.918473384849177,"gpath_3neocort"
"6882","ZFHX2","Inh ENOX2 SPHKAP",-0.0835855380580131,5.28750973278776,2.37780849561365,0.1240185852422,0.453338206865069,0.421064951968073,"gpath_3neocort"
"6883","AP1G2","Inh ENOX2 SPHKAP",0.14748176302504,5.5505127316198,7.83608277419828,0.00541954488125469,0.119243909094523,0.0862858593986314,"gpath_3neocort"
"6884","JPH4","Inh ENOX2 SPHKAP",0.0739306968607218,7.63233625374805,5.98633631768158,0.0149330048910585,0.178207845133734,0.147400352825512,"gpath_3neocort"
"6885","DHRS4-AS1","Inh ENOX2 SPHKAP",0.150373476906935,4.40211170306129,3.4430613780478,0.0644001831846788,0.338439818592769,0.306996857879488,"gpath_3neocort"
"6886","DHRS4L2","Inh ENOX2 SPHKAP",0.0550472876340696,4.74534610219331,0.740810669165575,0.390019793887724,0.727649032330622,0.709170419670453,"gpath_3neocort"
"6887","CARMIL3","Inh ENOX2 SPHKAP",0.0567660442091493,4.5966868852723,0.822972314782464,0.364967708212184,0.711237851224784,0.689579785134742,"gpath_3neocort"
"6888","CPNE6","Inh ENOX2 SPHKAP",0.00444809083893921,4.54558170623261,0.0042677316244153,0.947952096528963,0.994776274703702,0.992513888307514,"gpath_3neocort"
"6889","REC8","Inh ENOX2 SPHKAP",0.0191506331813262,3.9215056168886,0.0479677751440614,0.826772001170917,0.961952094667183,0.957256382866301,"gpath_3neocort"
"6890","AL136295.1","Inh ENOX2 SPHKAP",0.116775046781101,4.2106343467144,2.50804304345028,0.114214495417595,0.435994024451799,0.40457273787433,"gpath_3neocort"
"6891","RABGGTA","Inh ENOX2 SPHKAP",0.0543193443423686,3.46311767344785,0.230475951877683,0.631485927915321,0.875471821358088,0.865999493552395,"gpath_3neocort"
"6892","DHRS1","Inh ENOX2 SPHKAP",-0.0504971933540275,4.28325142657522,0.474195217313082,0.491542321509613,0.795903809580715,0.781701620424674,"gpath_3neocort"
"6893","NYNRIN","Inh ENOX2 SPHKAP",0.0545206641550074,4.18037341322829,0.456706054199542,0.499635878214033,0.800107578037865,0.78696353766763,"gpath_3neocort"
"6894","STXBP6","Inh ENOX2 SPHKAP",0.0134507678529816,9.34464820532924,0.348421529363491,0.555407855938055,0.83656297887069,0.822682425434488,"gpath_3neocort"
"6895","NOVA1","Inh ENOX2 SPHKAP",0.1209916481562,7.96456051029959,19.8611160944427,1.13873648443177e-05,0.00528048375495076,0.00224813517717726,"gpath_3neocort"
"6896","LINC02588","Inh ENOX2 SPHKAP",0.334588191142573,3.84505256390056,8.53694348540802,0.00371752789890691,0.098680694694775,0.0699157212337672,"gpath_3neocort"
"6897","FOXG1","Inh ENOX2 SPHKAP",0.0612453654261052,5.38635973592579,1.69972592932901,0.193223221425246,0.54633903802748,0.51882698779915,"gpath_3neocort"
"6898","LINC01551","Inh ENOX2 SPHKAP",0.0790349744521132,5.17838688886793,2.00242472653914,0.15798105295318,0.503562676465659,0.471761274818195,"gpath_3neocort"
"6899","PRKD1","Inh ENOX2 SPHKAP",0.0380403310760599,6.96363822863077,0.690306697494862,0.406654620799078,0.737250084133714,0.720991129013835,"gpath_3neocort"
"6900","G2E3","Inh ENOX2 SPHKAP",0.0181401237102125,5.65893506302557,0.19905070257828,0.810169087387132,0.954491792201414,0.950716623892535,"gpath_3neocort"
"6901","SCFD1","Inh ENOX2 SPHKAP",0.007101986685694,7.13716606775725,0.0722978438711561,0.788186335660209,0.948079872662112,0.94177073950103,"gpath_3neocort"
"6902","COCH","Inh ENOX2 SPHKAP",-0.0780800923692611,5.18412442473366,2.09931582520854,0.148304851069518,0.488397916711184,0.45772877336499,"gpath_3neocort"
"6903","STRN3","Inh ENOX2 SPHKAP",0.0202658774318026,7.08793835056193,0.58339110564979,0.919082427381166,0.9905948730313,0.98631243904765,"gpath_3neocort"
"6904","AP4S1","Inh ENOX2 SPHKAP",0.00339057519482806,5.94292878448378,0.00846217583655613,0.926761159390942,0.991428242913786,0.987976012609039,"gpath_3neocort"
"6905","HECTD1","Inh ENOX2 SPHKAP",-0.00243335626784049,6.84104202131029,0.00708210210238977,0.947744962310584,0.994776274703702,0.992492289961063,"gpath_3neocort"
"6906","HEATR5A","Inh ENOX2 SPHKAP",-0.115574465987574,4.55149283203536,3.27302994465361,0.0713279513194228,0.35610806778044,0.322671077838307,"gpath_3neocort"
"6907","AL139353.1","Inh ENOX2 SPHKAP",0.0858747836872597,4.99821171932873,2.43731772820506,0.119427261656842,0.445161909595969,0.413440163971091,"gpath_3neocort"
"6908","NUBPL","Inh ENOX2 SPHKAP",-0.0221956871560915,6.65959486050662,0.43325092762516,0.510852268547857,0.80770894481556,0.794581328575077,"gpath_3neocort"
"6909","ARHGAP5","Inh ENOX2 SPHKAP",0.0439413758681148,7.09753974342878,2.46313952854653,0.117494092919636,0.443335032456546,0.41038098615036,"gpath_3neocort"
"6910","AKAP6","Inh ENOX2 SPHKAP",0.0418445496450446,9.51311262507933,6.2562789934349,0.0128544255259612,0.16757214962759,0.136224511113494,"gpath_3neocort"
"6911","NPAS3","Inh ENOX2 SPHKAP",0.0110992763375541,11.9566687903942,0.169105745316223,0.681171965867879,0.898334703954847,0.892308388074616,"gpath_3neocort"
"6912","EGLN3","Inh ENOX2 SPHKAP",0.0482921175589124,5.03557988468047,0.637531236606104,0.425174522459261,0.748842376507196,0.735181393858048,"gpath_3neocort"
"6913","EAPP","Inh ENOX2 SPHKAP",0.0316508393407936,5.79744956663179,0.734985068752438,0.391887863036087,0.729118076088157,0.71051096343426,"gpath_3neocort"
"6914","SNX6","Inh ENOX2 SPHKAP",0.0265035901909869,6.10337884723903,0.542160751868321,0.462056324080575,0.775333429049331,0.761696566505196,"gpath_3neocort"
"6915","CFL2","Inh ENOX2 SPHKAP",0.00496684508668625,4.28683621969916,0.00494479337309801,0.969574730643907,0.995943372722374,0.996338192722254,"gpath_3neocort"
"6916","SRP54","Inh ENOX2 SPHKAP",-0.0664910950658895,5.48018678926036,2.19148253197188,0.13971994103882,0.476103949939866,0.44543622091024,"gpath_3neocort"
"6917","FAM177A1","Inh ENOX2 SPHKAP",-0.0408546294224128,5.81915953676676,1.04529238969439,0.307334990841165,0.664308862826383,0.63898974732952,"gpath_3neocort"
"6918","PPP2R3C","Inh ENOX2 SPHKAP",0.00637874614619478,5.45339861390881,0.0204390963166805,0.886403888229468,0.979658385812387,0.977430753961674,"gpath_3neocort"
"6919","RALGAPA1","Inh ENOX2 SPHKAP",0.0303964304097088,8.01949589441926,2.17627278887394,0.141097151984697,0.478413672014965,0.447593150503233,"gpath_3neocort"
"6920","BRMS1L","Inh ENOX2 SPHKAP",0.0204352930187218,5.52339066494807,0.215768718208949,0.642586189854968,0.880718411936338,0.872089612252143,"gpath_3neocort"
"6921","LINC00609","Inh ENOX2 SPHKAP",0.203959398136487,3.72844093237267,3.18732792707756,0.0751200794915156,0.365211849270284,0.331098829548202,"gpath_3neocort"
"6922","MBIP","Inh ENOX2 SPHKAP",0.0949348105716755,5.14453590690693,4.25931144280938,0.0398091304258315,0.278915457457457,0.242096356890253,"gpath_3neocort"
"6923","SLC25A21","Inh ENOX2 SPHKAP",0.14277039329671,4.80244824286931,3.09847616355993,0.0792824490741147,0.374512512774057,0.33939327664677,"gpath_3neocort"
"6924","MIPOL1","Inh ENOX2 SPHKAP",-0.0150648343567975,7.09859708979127,0.146489045353353,0.702157255901407,0.908926402669008,0.902307410821781,"gpath_3neocort"
"6925","AL392023.2","Inh ENOX2 SPHKAP",0.061865244161686,4.25615343403048,0.326755154328479,0.567961176488282,0.843019287868637,0.829868723169881,"gpath_3neocort"
"6926","SEC23A","Inh ENOX2 SPHKAP",-0.0456579674739436,6.02423183205727,1.58362593321306,0.209119626311588,0.565825762995899,0.537937587511617,"gpath_3neocort"
"6927","TRAPPC6B","Inh ENOX2 SPHKAP",-0.0324806980740064,5.99026073924427,0.876352618799334,0.372970703915097,0.716934211355155,0.695851662303426,"gpath_3neocort"
"6928","PNN","Inh ENOX2 SPHKAP",-0.0402218309635904,6.01373265433278,0.974266959573752,0.324334023321735,0.67524003490342,0.654296707184102,"gpath_3neocort"
"6929","MIA2","Inh ENOX2 SPHKAP",-0.077684619335782,5.5302659340466,2.96731321549045,0.0858900977889419,0.386874374435342,0.353390114436832,"gpath_3neocort"
"6930","FBXO33","Inh ENOX2 SPHKAP",-0.0108596127590782,6.11150597028432,0.0894467561896827,0.765067994775293,0.936351870264121,0.931569412751403,"gpath_3neocort"
"6931","LRFN5","Inh ENOX2 SPHKAP",0.0416573968016896,9.85438332212019,2.13714261590477,0.144711278084897,0.483761903875978,0.452783499690303,"gpath_3neocort"
"6932","AL450442.1","Inh ENOX2 SPHKAP",0.0107400297099586,4.32421134460446,0.0132396421201839,0.908463937049094,0.987456392341118,0.983549350959644,"gpath_3neocort"
"6933","KLHL28","Inh ENOX2 SPHKAP",0.0166793957152476,5.52547740789724,0.154449200953463,0.788000311879643,0.948079872662112,0.941684285173049,"gpath_3neocort"
"6934","TOGARAM1","Inh ENOX2 SPHKAP",-0.000721973591400399,6.67903128760958,0.000638485738954389,0.979856094077167,0.997825265393623,0.997898281576564,"gpath_3neocort"
"6935","PRPF39","Inh ENOX2 SPHKAP",0.110913034095669,5.68498451644006,7.74500840515377,0.00569306801856764,0.120258343524537,0.0888213118128778,"gpath_3neocort"
"6936","FKBP3","Inh ENOX2 SPHKAP",0.134403071716973,6.18142057351696,13.5783215464865,0.000266931827196715,0.0269734272847009,0.01555982677363,"gpath_3neocort"
"6937","FANCM","Inh ENOX2 SPHKAP",0.0280256600382668,4.73220568643014,0.189873248232939,0.663304092045575,0.888111713552868,0.883025077595605,"gpath_3neocort"
"6938","MIS18BP1","Inh ENOX2 SPHKAP",0.00572813683081182,4.35454329725125,0.00494003702832197,0.94400864037788,0.993751923679859,0.99169962486449,"gpath_3neocort"
"6939","MDGA2","Inh ENOX2 SPHKAP",0.00766213687472295,9.92873180124776,0.120083375993878,0.729162659824493,0.922273799372764,0.915067678677961,"gpath_3neocort"
"6940","RPS29","Inh ENOX2 SPHKAP",0.0538172493713335,5.54044288005529,1.24756516592807,0.264822235193301,0.623812028619344,0.598539941498407,"gpath_3neocort"
"6941","RPL36AL","Inh ENOX2 SPHKAP",-0.132845946933508,4.91497114247317,2.30106478791518,0.130232837086136,0.461063524463921,0.430760415240179,"gpath_3neocort"
"6942","POLE2","Inh ENOX2 SPHKAP",-0.234280341422047,4.12496488409298,6.55040348436242,0.010926780932739,0.154726104886612,0.125307012859062,"gpath_3neocort"
"6943","KLHDC1","Inh ENOX2 SPHKAP",-0.0122482526949574,6.28589256508604,0.100995154210831,0.750837594203978,0.931658994455486,0.92534650173777,"gpath_3neocort"
"6944","KLHDC2","Inh ENOX2 SPHKAP",0.00444637037534302,5.78857919895427,0.014046971728572,0.949219244714761,0.994776274703702,0.992773672553374,"gpath_3neocort"
"6945","NEMF","Inh ENOX2 SPHKAP",-0.00175943509506345,7.22814730255821,0.00493567932822004,0.944033300602774,0.993751923679859,0.991700513446656,"gpath_3neocort"
"6946","AL627171.2","Inh ENOX2 SPHKAP",0.249050661465371,4.15069742430737,7.04737345027444,0.00831892304388677,0.137994785997223,0.108497741385862,"gpath_3neocort"
"6947","LINC01588","Inh ENOX2 SPHKAP",-0.12778885529433,4.11406691677298,1.51474389661016,0.219284128048069,0.576976179122424,0.549668773977924,"gpath_3neocort"
"6948","VCPKMT","Inh ENOX2 SPHKAP",-0.0150192717799986,4.40370995122463,0.0491489060797058,0.921897571545601,0.990636355721171,0.986888237274731,"gpath_3neocort"
"6949","SOS2","Inh ENOX2 SPHKAP",-0.00695099210898768,7.03363331746619,0.0748020587752474,0.784638495250369,0.946213564168876,0.94015098276263,"gpath_3neocort"
"6950","L2HGDH","Inh ENOX2 SPHKAP",-0.014335895197351,6.8034648686599,0.193380012596576,0.660403115126958,0.886412322509415,0.881551191301497,"gpath_3neocort"
"6951","ATP5S","Inh ENOX2 SPHKAP",-0.071977172333636,4.70122083888336,1.30247683993539,0.254580284975067,0.613183976029483,0.58827852274825,"gpath_3neocort"
"6952","CDKL1","Inh ENOX2 SPHKAP",0.059166784050484,6.02319815069265,1.21893100821094,0.270366661497353,0.63005420810572,0.604210312024587,"gpath_3neocort"
"6953","MAP4K5","Inh ENOX2 SPHKAP",0.0351038307654075,7.435324700926,1.18151736620426,0.277832449866025,0.63630930385357,0.611259379423647,"gpath_3neocort"
"6954","ATL1","Inh ENOX2 SPHKAP",-0.00683405966294906,7.3800445995131,0.0668587990320752,0.796126045084546,0.951444119052354,0.945294026512635,"gpath_3neocort"
"6955","SAV1","Inh ENOX2 SPHKAP",0.087890650277025,4.44755647398929,2.03645376430004,0.154503059755728,0.498311661260042,0.466714370289404,"gpath_3neocort"
"6956","NIN","Inh ENOX2 SPHKAP",-0.0020690585593746,7.4686051274254,0.00660314333580435,0.935284154808549,0.993269159402148,0.990224788505208,"gpath_3neocort"
"6957","PYGL","Inh ENOX2 SPHKAP",0.0104063256868163,4.19463460753299,0.0158267742536825,0.899962494160266,0.985032569195535,0.981228361611845,"gpath_3neocort"
"6958","TRIM9","Inh ENOX2 SPHKAP",0.016406488971576,9.36371024424114,0.78853225115076,0.375184421646366,0.717631135657407,0.697650600756352,"gpath_3neocort"
"6959","TMX1","Inh ENOX2 SPHKAP",-0.0574893320996359,4.12613945016224,0.460862836902039,0.497691928287428,0.799360712133099,0.785751616795626,"gpath_3neocort"
"6960","FRMD6","Inh ENOX2 SPHKAP",-0.0730879200560278,6.09635289818703,3.01029634907376,0.0836611831009208,0.383228254615955,0.348790773036374,"gpath_3neocort"
"6961","GNG2","Inh ENOX2 SPHKAP",0.102577062720329,7.17203383588416,13.3768994869894,0.000295935767926686,0.0279788593016512,0.0164951927499649,"gpath_3neocort"
"6962","RTRAF","Inh ENOX2 SPHKAP",-0.0432596023193109,4.63283849726253,0.390273310572419,0.53258302581774,0.82145780817606,0.809166330203892,"gpath_3neocort"
"6963","TXNDC16","Inh ENOX2 SPHKAP",-0.0263650916771022,6.95695870227702,0.707441534846237,0.400897255064266,0.734067422065013,0.716942885502543,"gpath_3neocort"
"6964","GPR137C","Inh ENOX2 SPHKAP",0.0176816547880079,7.83873202143183,0.442881206931522,0.506195175568394,0.802953024871318,0.791034065729434,"gpath_3neocort"
"6965","ERO1A","Inh ENOX2 SPHKAP",0.0271929255078724,6.01292652191952,0.624478486884296,0.429949563388797,0.753165829875897,0.738756941047027,"gpath_3neocort"
"6966","PSMC6","Inh ENOX2 SPHKAP",0.00378256748892138,5.77432813941367,0.00940226555285611,0.922812224138975,0.990636355721171,0.98719498552142,"gpath_3neocort"
"6967","GNPNAT1","Inh ENOX2 SPHKAP",0.0848993810486617,4.53739908793867,1.75014872338833,0.186764585549668,0.539998080190817,0.51065543839024,"gpath_3neocort"
"6968","DDHD1","Inh ENOX2 SPHKAP",0.0227213135037485,6.83513369816103,0.510405815803316,0.475463087547311,0.783413978501069,0.770680031721475,"gpath_3neocort"
"6969","CNIH1","Inh ENOX2 SPHKAP",-0.0242518034806448,5.70638708702551,0.281591853399144,0.596013001469904,0.855261122519567,0.846245265012398,"gpath_3neocort"
"6970","GMFB","Inh ENOX2 SPHKAP",0.11608000077514,4.96009739516709,4.19391645576258,0.0413522498708732,0.280688185418477,0.246633615664569,"gpath_3neocort"
"6971","CGRRF1","Inh ENOX2 SPHKAP",0.111878332576192,4.46049670527916,3.15491363985485,0.076610545088635,0.369323508947093,0.334217294403896,"gpath_3neocort"
"6972","SAMD4A","Inh ENOX2 SPHKAP",0.0632013659394334,7.80666135960262,2.28730045473175,0.131383821252588,0.462550850093167,0.432489065968125,"gpath_3neocort"
"6973","MAPK1IP1L","Inh ENOX2 SPHKAP",0.057975403019923,5.70293749421411,2.0732588111021,0.150839136832727,0.492249167049964,0.461494309477241,"gpath_3neocort"
"6974","FBXO34","Inh ENOX2 SPHKAP",0.0140175220285089,6.78303434179315,0.18470246582083,0.667640379799917,0.890181226045559,0.885251978671844,"gpath_3neocort"
"6975","ATG14","Inh ENOX2 SPHKAP",-0.0799500460026243,5.44080572096042,3.34354875457318,0.0683621615879142,0.349833623731172,0.31613543182301,"gpath_3neocort"
"6976","KTN1-AS1","Inh ENOX2 SPHKAP",-0.0371035907341203,4.80758893097167,0.417527464350441,0.573080262017051,0.845326168242279,0.83309835314345,"gpath_3neocort"
"6977","KTN1","Inh ENOX2 SPHKAP",-0.0188682328270664,7.1513978625953,0.418327818041731,0.777090965034782,0.944489375354615,0.937009935821795,"gpath_3neocort"
"6978","PELI2","Inh ENOX2 SPHKAP",0.145980357904038,4.96422896545112,3.94490503052012,0.0478319645835305,0.300120922109807,0.265302064818704,"gpath_3neocort"
"6979","TMEM260","Inh ENOX2 SPHKAP",0.0496483682973866,6.26906945500411,2.21005373134706,0.13805885496301,0.473649562449172,0.442803882090351,"gpath_3neocort"
"6980","EXOC5","Inh ENOX2 SPHKAP",-0.0544183341818225,6.26209963369102,2.87298830171035,0.100668154044765,0.412750134912095,0.380775965690143,"gpath_3neocort"
"6981","AP5M1","Inh ENOX2 SPHKAP",0.0396284208572555,5.5803807409208,0.866299747148709,0.352655126113253,0.701203589896446,0.678971386274455,"gpath_3neocort"
"6982","NAA30","Inh ENOX2 SPHKAP",-0.0183440719431984,5.0457980791514,0.124523149060746,0.724402593017899,0.919957283621323,0.91278121885576,"gpath_3neocort"
"6983","SLC35F4","Inh ENOX2 SPHKAP",0.0101084088301458,6.17135627324991,0.0219595421507757,0.882284352736825,0.97899783807557,0.976149545296547,"gpath_3neocort"
"6984","ARMH4","Inh ENOX2 SPHKAP",0.0565260249078043,6.32519561102767,2.40374938662991,0.121993437713712,0.449478659272088,0.417727238706155,"gpath_3neocort"
"6985","ACTR10","Inh ENOX2 SPHKAP",-0.0589899509017276,6.06091282631194,2.6485635336319,0.111984860359144,0.431201490777913,0.400796301649975,"gpath_3neocort"
"6986","PSMA3","Inh ENOX2 SPHKAP",-0.0145051874789023,5.01049216883531,0.0683369276000727,0.793935179473782,0.950379935797872,0.94432682938176,"gpath_3neocort"
"6987","ARID4A","Inh ENOX2 SPHKAP",0.0274841992394565,6.99750490891136,0.946573666014765,0.331298251130176,0.682501030147166,0.660560849511321,"gpath_3neocort"
"6988","TIMM9","Inh ENOX2 SPHKAP",-0.087904654057986,4.75405767387194,2.26901075595099,0.132930896849932,0.465808230847298,0.434882499617213,"gpath_3neocort"
"6989","KIAA0586","Inh ENOX2 SPHKAP",0.0464693212707641,6.52661304129583,1.60557785633043,0.205998838048243,0.562539732168757,0.534266455075116,"gpath_3neocort"
"6990","DACT1","Inh ENOX2 SPHKAP",-0.0478059567311978,4.83158007925396,0.660055055540652,0.417120177503048,0.743029507403739,0.728880908263293,"gpath_3neocort"
"6991","LINC01500","Inh ENOX2 SPHKAP",0.125103730687692,4.04753608731796,1.84696370114093,0.175055480641511,0.525224545534509,0.495253714948695,"gpath_3neocort"
"6992","DAAM1","Inh ENOX2 SPHKAP",0.00373047931523117,8.35024601786047,0.0326625773315922,0.856690949978162,0.971235029632888,0.968270639802745,"gpath_3neocort"
"6993","GPR135","Inh ENOX2 SPHKAP",0.00279424247517661,5.57681102785374,0.00340625200712974,0.953494363986659,0.994870686435454,0.993581821523837,"gpath_3neocort"
"6994","L3HYPDH","Inh ENOX2 SPHKAP",0.046958283282317,4.49800241187909,0.502485362072236,0.625943179195678,0.873345016334033,0.862974650774877,"gpath_3neocort"
"6995","JKAMP","Inh ENOX2 SPHKAP",-0.0175188994133835,4.97964803978209,0.112298444960682,0.737753137163193,0.926859123136547,0.919475433143103,"gpath_3neocort"
"6996","CCDC175","Inh ENOX2 SPHKAP",0.174450430870733,3.85552137220678,3.03295733635203,0.0825114269440169,0.382071457717944,0.346595836886171,"gpath_3neocort"
"6997","RTN1","Inh ENOX2 SPHKAP",-0.0193587066914022,8.95848141407592,0.934495272411666,0.334398181561606,0.685118765421191,0.663197522179276,"gpath_3neocort"
"6998","LRRC9","Inh ENOX2 SPHKAP",-0.00722662611557374,4.66775919241555,0.0123061136013128,0.911736280998872,0.98778742870664,0.984461089372869,"gpath_3neocort"
"6999","AL157911.1","Inh ENOX2 SPHKAP",0.231223880731151,4.49769040363067,8.66896832814261,0.00346397613566886,0.0942240212545903,0.067304609201166,"gpath_3neocort"
"7000","PCNX4","Inh ENOX2 SPHKAP",0.0600633445241646,7.15789270169992,4.85394416835743,0.0282664865048933,0.24155824305894,0.203602626647164,"gpath_3neocort"
"7001","DHRS7","Inh ENOX2 SPHKAP",0.00265525376914761,4.57258309192678,0.00179957995432181,0.966188115537036,0.995700592042286,0.995849505805212,"gpath_3neocort"
"7002","PPM1A","Inh ENOX2 SPHKAP",0.0057552888783716,6.43070846417209,0.0269954345541742,0.869592273378189,0.975361616926608,0.972152129978399,"gpath_3neocort"
"7003","MNAT1","Inh ENOX2 SPHKAP",-0.0600376391388509,7.90569082884796,7.03664941041779,0.0083678251344392,0.137994785997223,0.108795832009794,"gpath_3neocort"
"7004","SLC38A6","Inh ENOX2 SPHKAP",0.026504638701543,6.27335841076505,0.647563957761163,0.48833793430749,0.794027547784085,0.779553937775201,"gpath_3neocort"
"7005","PRKCH","Inh ENOX2 SPHKAP",-0.420782572135582,3.81030608332042,8.49585897639296,0.00380024150858852,0.0994805156199866,0.0707029826528314,"gpath_3neocort"
"7006","HIF1A","Inh ENOX2 SPHKAP",0.068104405011406,5.78285121742295,3.30694255324951,0.0698847850718691,0.353526253002525,0.319533505236212,"gpath_3neocort"
"7007","SNAPC1","Inh ENOX2 SPHKAP",0.099132000646031,4.44236710193735,2.1721697430591,0.141471292090795,0.479181719088753,0.448150585684788,"gpath_3neocort"
"7008","SYT16","Inh ENOX2 SPHKAP",-0.0194684559970019,8.58434167870333,0.876826559296648,0.349750046498267,0.698066397376537,0.676277350219819,"gpath_3neocort"
"7009","KCNH5","Inh ENOX2 SPHKAP",0.0568509846636438,5.08960135073756,0.701436983650472,0.40290117729949,0.73514177712993,0.718361616525,"gpath_3neocort"
"7010","PPP2R5E","Inh ENOX2 SPHKAP",-0.0355503232828842,7.81876828188797,2.34247701078827,0.126837395399129,0.456964049108964,0.425665753071586,"gpath_3neocort"
"7011","WDR89","Inh ENOX2 SPHKAP",-0.0354635100219641,4.76015196666865,0.344616609018098,0.557573745854832,0.836996892003553,0.823845355888621,"gpath_3neocort"
"7012","SGPP1","Inh ENOX2 SPHKAP",-0.0229162926645817,5.82076629229426,0.377812920616181,0.539195269729746,0.825838870183747,0.812978080176466,"gpath_3neocort"
"7013","SYNE2","Inh ENOX2 SPHKAP",0.0726590338992488,4.45409036128255,1.08666911369764,0.297965630059638,0.655851508344329,0.630211239893056,"gpath_3neocort"
"7014","ESR2","Inh ENOX2 SPHKAP",-0.0545518891050638,5.02662565047281,0.788992946966434,0.37504512613247,0.717631135657407,0.697570025681118,"gpath_3neocort"
"7015","MTHFD1","Inh ENOX2 SPHKAP",-0.0156695579470997,4.72014560537119,0.0727990611678529,0.787471019776922,0.948008961179712,0.941403828208657,"gpath_3neocort"
"7016","AL122035.1","Inh ENOX2 SPHKAP",0.0321623966055626,4.3255339114171,0.179926283245589,0.671710137126756,0.892619175128322,0.887407833955359,"gpath_3neocort"
"7017","ZBTB25","Inh ENOX2 SPHKAP",0.00318211501494855,5.27397957429215,0.00432619747150031,0.973731354422005,0.997170280740144,0.997009714847109,"gpath_3neocort"
"7018","ZBTB1","Inh ENOX2 SPHKAP",-0.00327924401099447,5.87996011805042,0.00488258924324896,0.944334620494424,0.993827758391978,0.991790593384223,"gpath_3neocort"
"7019","SPTB","Inh ENOX2 SPHKAP",0.0341678023306663,5.9866475138552,0.838980853302552,0.465020021995376,0.776839532053566,0.763667852663963,"gpath_3neocort"
"7020","CHURC1-FNTB","Inh ENOX2 SPHKAP",-0.0721243130881521,4.5223949260083,1.06608556748652,0.302579624202498,0.659687526632259,0.634617255992044,"gpath_3neocort"
"7021","RAB15","Inh ENOX2 SPHKAP",-0.0491889272762286,5.36300651675938,1.13150699480565,0.288223871026922,0.645520712065355,0.621189995617603,"gpath_3neocort"
"7022","MAX","Inh ENOX2 SPHKAP",-0.0396150582189074,6.25211223773124,1.15799777521346,0.282659179501755,0.640385789146006,0.615607497030233,"gpath_3neocort"
"7023","FUT8","Inh ENOX2 SPHKAP",0.0507860227452826,7.78617406433801,3.60322295107612,0.0585310131359223,0.325499397953194,0.293711610894551,"gpath_3neocort"
"7024","AL359232.1","Inh ENOX2 SPHKAP",-0.0183090163981205,5.91442816855616,0.10714061974521,0.74362868800226,0.928932865310154,0.922145086518018,"gpath_3neocort"
"7025","GPHN","Inh ENOX2 SPHKAP",0.0126079498544681,9.89450262076514,0.478492502883637,0.489587320568083,0.794554201470902,0.780334628663374,"gpath_3neocort"
"7026","MPP5","Inh ENOX2 SPHKAP",-0.00820312969383453,5.67348364686067,0.0377045409187605,0.850195200048592,0.969915751882988,0.966068162534207,"gpath_3neocort"
"7027","ATP6V1D","Inh ENOX2 SPHKAP",-0.0412514348597303,5.62226448231752,0.642489189761611,0.423381709302615,0.747306703858775,0.73383733765275,"gpath_3neocort"
"7028","EIF2S1","Inh ENOX2 SPHKAP",0.00124209328517693,5.00757889707817,0.000680749361908488,0.979200224991697,0.997825265393623,0.997808826313758,"gpath_3neocort"
"7029","TMEM229B","Inh ENOX2 SPHKAP",0.0146284586441007,4.54309472057861,0.0528000927806895,0.81840151997871,0.958326597322361,0.954010165066933,"gpath_3neocort"
"7030","PLEKHH1","Inh ENOX2 SPHKAP",-0.0573176475563576,5.01496977811568,0.975441571367168,0.324042953635793,0.67524003490342,0.653992833417301,"gpath_3neocort"
"7031","ARG2","Inh ENOX2 SPHKAP",0.0582930002346863,5.3184120690875,1.34476719253465,0.247024740654985,0.605164006163079,0.580059638813396,"gpath_3neocort"
"7032","VTI1B","Inh ENOX2 SPHKAP",-0.142478016572687,4.49071224485876,4.54645446176454,0.0337173798788868,0.262775313422774,0.222921248442326,"gpath_3neocort"
"7033","ZFYVE26","Inh ENOX2 SPHKAP",0.00545521132371411,5.34674834780095,0.0145653681819541,0.904011595294343,0.985974882947517,0.982384260561763,"gpath_3neocort"
"7034","RAD51B","Inh ENOX2 SPHKAP",-0.042209377308047,4.77696050662209,0.317832547305885,0.573292094340684,0.845326168242279,0.833186972338372,"gpath_3neocort"
"7035","ACTN1","Inh ENOX2 SPHKAP",0.146397677913571,5.09592529333945,7.55024915413553,0.00632651531149996,0.123857366202723,0.0942848471844642,"gpath_3neocort"
"7036","DCAF5","Inh ENOX2 SPHKAP",-0.0452266457987634,6.79171098849549,2.69158063280493,0.10182265768251,0.414344615411002,0.383015050413971,"gpath_3neocort"
"7037","EXD2","Inh ENOX2 SPHKAP",0.0812293919188472,5.12909943417285,3.30320567839498,0.0700422582516195,0.353759990048026,0.319893873897021,"gpath_3neocort"
"7038","GALNT16","Inh ENOX2 SPHKAP",0.0179682098373248,5.36965036953355,0.145313282980009,0.703297782687202,0.909040855827976,0.902958215982207,"gpath_3neocort"
"7039","ERH","Inh ENOX2 SPHKAP",-0.0702137952204171,5.02205199810412,1.16579374466635,0.281047594963362,0.639342488240587,0.614038536649102,"gpath_3neocort"
"7040","SLC39A9","Inh ENOX2 SPHKAP",-0.0514282857883311,5.58212680980341,1.64120419534283,0.20105061528132,0.554954916763844,0.528222699697499,"gpath_3neocort"
"7041","SUSD6","Inh ENOX2 SPHKAP",0.0175856644735291,5.01360961311517,0.1157667172943,0.84313989820826,0.967020502878925,0.963607533178629,"gpath_3neocort"
"7042","SRSF5","Inh ENOX2 SPHKAP",-0.042144881335231,6.77028199192328,1.32092507490958,0.251249838968216,0.609534362698677,0.584814971569514,"gpath_3neocort"
"7043","SLC8A3","Inh ENOX2 SPHKAP",-0.0422416363342463,7.3943844726838,1.57282977722325,0.210675039816852,0.567825501726128,0.539824773254748,"gpath_3neocort"
"7044","AL357153.2","Inh ENOX2 SPHKAP",-0.00713041703648398,6.47712519041278,0.035514618538784,0.850636023594967,0.969964121518476,0.966151226481243,"gpath_3neocort"
"7045","MED6","Inh ENOX2 SPHKAP",-0.091443878623913,5.0862403982453,3.53375907186872,0.0610030655691914,0.331315032076289,0.299373237451998,"gpath_3neocort"
"7046","TTC9","Inh ENOX2 SPHKAP",-0.0757376996656267,4.51285124514647,1.31087874672983,0.253056782547591,0.61102577447271,0.586825293672144,"gpath_3neocort"
"7047","MAP3K9","Inh ENOX2 SPHKAP",-0.0292768415671094,6.07802903177102,0.563369206508496,0.453435259175727,0.76995662865787,0.75564998441154,"gpath_3neocort"
"7048","PCNX1","Inh ENOX2 SPHKAP",0.00536992683669753,7.53416929806727,0.0505623016104097,0.852261389465837,0.970401727505604,0.966843391200751,"gpath_3neocort"
"7049","SIPA1L1","Inh ENOX2 SPHKAP",0.0422802420105998,8.32959554391084,3.06123533621755,0.0811006503035375,0.378773632390973,0.343445264507822,"gpath_3neocort"
"7050","RGS6","Inh ENOX2 SPHKAP",0.0410698880900163,10.2211032022723,2.42953174735807,0.120017079416699,0.446078747847256,0.414412276226876,"gpath_3neocort"
"7051","ZFYVE1","Inh ENOX2 SPHKAP",-0.0547587829137384,4.74662603117552,0.924946507998715,0.336876448220476,0.687187201355208,0.665266625127378,"gpath_3neocort"
"7052","RBM25","Inh ENOX2 SPHKAP",0.0187698301316427,7.61736630424966,0.47305759578741,0.49206205711842,0.795963507013151,0.781955532967015,"gpath_3neocort"
"7053","PSEN1","Inh ENOX2 SPHKAP",-0.0308206095603827,6.1088991367306,0.683603181933214,0.408940015361652,0.73886192864112,0.722659114716411,"gpath_3neocort"
"7054","NUMB","Inh ENOX2 SPHKAP",-0.109194801611866,6.3598089902342,9.8473307704355,0.00185252116145633,0.07046816824321,0.0473337210518418,"gpath_3neocort"
"7055","HEATR4","Inh ENOX2 SPHKAP",0.0371156346428954,5.41059274312189,0.499632065812638,0.480155510373939,0.787735901619491,0.774113605553597,"gpath_3neocort"
"7056","AC005225.2","Inh ENOX2 SPHKAP",0.00235211264154061,5.02139926724677,0.00156187254756977,0.96849903543672,0.995943372722374,0.996228335727028,"gpath_3neocort"
"7057","DNAL1","Inh ENOX2 SPHKAP",0.0523337144934367,5.17303767952029,1.34526738803659,0.246937039196257,0.605164006163079,0.579938933721721,"gpath_3neocort"
"7058","PNMA1","Inh ENOX2 SPHKAP",0.0449900010419507,5.35451920822397,0.592326012764839,0.442065949598485,0.76221385849142,0.747529851314192,"gpath_3neocort"
"7059","ELMSAN1","Inh ENOX2 SPHKAP",0.0313258076871638,5.02126921347838,0.317870217303396,0.573269381398122,0.845326168242279,0.833186972338372,"gpath_3neocort"
"7060","AC005480.1","Inh ENOX2 SPHKAP",0.177321621571344,4.88169707904848,6.64262870014462,0.0103858470119961,0.151630252178138,0.122288605858309,"gpath_3neocort"
"7061","COQ6","Inh ENOX2 SPHKAP",-0.293093033616487,4.3714609154778,17.6701992641762,3.37819917373585e-05,0.00939911530109707,0.00437544278737933,"gpath_3neocort"
"7062","BBOF1","Inh ENOX2 SPHKAP",-0.0281610468623747,4.72536064413521,0.241905263228921,0.623157043317587,0.871821402008105,0.86151360039364,"gpath_3neocort"
"7063","LIN52","Inh ENOX2 SPHKAP",-0.073362703258916,6.21268826446998,4.13169022200405,0.0428793038398364,0.284372339166754,0.251115123293826,"gpath_3neocort"
"7064","ABCD4","Inh ENOX2 SPHKAP",0.0131526942229329,6.56554998804767,0.145995996072145,0.702634888203692,0.908977752257393,0.902567000811096,"gpath_3neocort"
"7065","SYNDIG1L","Inh ENOX2 SPHKAP",0.149485594108936,4.08304223477065,3.53537836205759,0.060944185421764,0.331315032076289,0.29927018812596,"gpath_3neocort"
"7066","AREL1","Inh ENOX2 SPHKAP",-0.143859500083471,4.89132639991828,6.41195329154491,0.0117939844657019,0.160541254450746,0.130343930400607,"gpath_3neocort"
"7067","FCF1","Inh ENOX2 SPHKAP",0.003080605508719,4.50858952243488,0.0021403425191631,0.964981463176793,0.995700592042286,0.995644349288254,"gpath_3neocort"
"7068","YLPM1","Inh ENOX2 SPHKAP",0.0594077320708152,7.29542652379704,6.04149032675929,0.0144817177803871,0.175964444822338,0.145104417268466,"gpath_3neocort"
"7069","DLST","Inh ENOX2 SPHKAP",-0.0929183404847876,5.08756683249121,3.2520730118719,0.0722357976592076,0.358218069214283,0.324778152130493,"gpath_3neocort"
"7070","RPS6KL1","Inh ENOX2 SPHKAP",-0.161508484397799,4.87232849747532,5.99557870654866,0.0148563776272138,0.178038387979161,0.147058875250379,"gpath_3neocort"
"7071","MLH3","Inh ENOX2 SPHKAP",-0.0924304393091622,6.22680146970367,6.36975803088052,0.0120721685078588,0.161063052809379,0.131947946445461,"gpath_3neocort"
"7072","ACYP1","Inh ENOX2 SPHKAP",0.0600801846650906,4.85638815191078,0.901107607388571,0.343172411127267,0.691917379643772,0.67057626991333,"gpath_3neocort"
"7073","NEK9","Inh ENOX2 SPHKAP",-0.0399941273005992,5.84498034003142,1.11777843366869,0.291162692799677,0.6483694640871,0.623857202459583,"gpath_3neocort"
"7074","TMED10","Inh ENOX2 SPHKAP",-0.0213240960731393,5.53978090003594,0.276233725020775,0.599529804309995,0.858057206697638,0.84825260542515,"gpath_3neocort"
"7075","FOS","Inh ENOX2 SPHKAP",1.25098094561899,3.9178722440688,33.2425516521027,1.85920113931391e-08,9.05245034731943e-05,3.38104040685264e-05,"gpath_3neocort"
"7076","JDP2","Inh ENOX2 SPHKAP",0.0574212619164455,5.35376477783802,1.43969588597475,0.231040422087041,0.590674359921662,0.562900724905527,"gpath_3neocort"
"7077","TTLL5","Inh ENOX2 SPHKAP",-0.0063516407088018,6.76331761949108,0.0403688839356606,0.840883560282099,0.966118201568113,0.962632101055818,"gpath_3neocort"
"7078","ERG28","Inh ENOX2 SPHKAP",0.0184396425532585,4.37551517254198,0.0533095035601118,0.817543026109638,0.958326597322361,0.953690789802788,"gpath_3neocort"
"7079","IFT43","Inh ENOX2 SPHKAP",-0.0608801963386704,6.44208651676162,3.95560775413444,0.0475324184804633,0.299287713615768,0.264401658937421,"gpath_3neocort"
"7080","GPATCH2L","Inh ENOX2 SPHKAP",0.00942755363364171,6.80497177331988,0.120653870261356,0.7285455420785,0.922092083280535,0.914765351205305,"gpath_3neocort"
"7081","AC008050.1","Inh ENOX2 SPHKAP",0.0834271614117698,4.4186085146605,1.15380474867411,0.28353081296546,0.640385789146006,0.616464441300756,"gpath_3neocort"
"7082","AC007376.2","Inh ENOX2 SPHKAP",-0.0855914386992048,4.27001972560217,1.14854653809792,0.284628705281148,0.640556855832835,0.617610270033219,"gpath_3neocort"
"7083","VASH1","Inh ENOX2 SPHKAP",-0.150276191626763,4.52171857376916,5.06224316951632,0.0251042521394756,0.229891892697469,0.19183723174344,"gpath_3neocort"
"7084","VASH1-AS1","Inh ENOX2 SPHKAP",-0.0154354388917275,4.13095238132926,0.0396642346862857,0.84225990386095,0.967020502878925,0.963231764340127,"gpath_3neocort"
"7085","ANGEL1","Inh ENOX2 SPHKAP",-0.0713522109720931,5.06076016902503,1.82558288313071,0.177566244933549,0.528465798643919,0.498615253310836,"gpath_3neocort"
"7086","IRF2BPL","Inh ENOX2 SPHKAP",0.0941735064321181,4.44325405520679,1.70830360640826,0.192106276395266,0.54568240803677,0.517262215284985,"gpath_3neocort"
"7087","TMEM63C","Inh ENOX2 SPHKAP",0.0342703253457216,5.06057930839012,0.473890262403321,0.491681553443894,0.795903809580715,0.781779656101994,"gpath_3neocort"
"7088","ZDHHC22","Inh ENOX2 SPHKAP",-0.0399817630517863,5.53647343737071,0.665568744747426,0.41518323411963,0.741572695131503,0.727377118574461,"gpath_3neocort"
"7089","NGB","Inh ENOX2 SPHKAP",0.197739113704068,3.86492231990904,4.43951539825563,0.0358627583053206,0.270348089325986,0.230003086288741,"gpath_3neocort"
"7090","POMT2","Inh ENOX2 SPHKAP",-0.00529579176984655,4.73471284545411,0.00830860709082512,0.927426898209654,0.991576980101626,0.988208516252692,"gpath_3neocort"
"7091","TMED8","Inh ENOX2 SPHKAP",-0.0448563780245741,6.39705013817977,2.02288183055666,0.155879626844151,0.50046916828444,0.468727729529729,"gpath_3neocort"
"7092","VIPAS39","Inh ENOX2 SPHKAP",-0.134086914136115,4.68696380336296,5.31612096511349,0.0217422525062257,0.214393656112125,0.178555963683411,"gpath_3neocort"
"7093","AHSA1","Inh ENOX2 SPHKAP",0.0597878361956171,5.16817210423512,0.907648257928158,0.341429295345525,0.691302312324829,0.66915649143623,"gpath_3neocort"
"7094","SPTLC2","Inh ENOX2 SPHKAP",-0.0627876639968319,5.39636755473623,1.65328110431165,0.19940518318303,0.553101325719946,0.526258086775651,"gpath_3neocort"
"7095","ALKBH1","Inh ENOX2 SPHKAP",-0.0568421189205198,4.99917407337974,1.05310760521471,0.305536358427229,0.662685516227405,0.637399368578197,"gpath_3neocort"
"7096","SLIRP","Inh ENOX2 SPHKAP",-0.0199064767191451,5.00040226594699,0.111699233969466,0.738427927393377,0.926920296883384,0.919781960875315,"gpath_3neocort"
"7097","SNW1","Inh ENOX2 SPHKAP",-0.0762802976109911,4.96534870425241,2.00318906339763,0.157901958460449,0.503562676465659,0.471677300922686,"gpath_3neocort"
"7098","ADCK1","Inh ENOX2 SPHKAP",-0.0462807239866752,4.47830854699112,0.449390768035614,0.503088444466264,0.802111185401587,0.789199197487022,"gpath_3neocort"
"7099","NRXN3","Inh ENOX2 SPHKAP",0.0242075442597635,13.1860703661931,1.9176864131859,0.167037830117384,0.518007871580616,0.484402174835664,"gpath_3neocort"
"7100","AC008056.2","Inh ENOX2 SPHKAP",-0.24955384301835,3.70018559476032,3.45499269599924,0.0639419448148607,0.338309213257707,0.306095068230383,"gpath_3neocort"
"7101","AC008056.1","Inh ENOX2 SPHKAP",-0.389528963415515,4.91545125054155,15.551989056026,9.78622983345604e-05,0.0178754319593295,0.00841920644375877,"gpath_3neocort"
"7102","DIO2","Inh ENOX2 SPHKAP",0.127844008042124,4.04281801809358,1.6582925181481,0.198727061750335,0.552343627447323,0.525611236704978,"gpath_3neocort"
"7103","CEP128","Inh ENOX2 SPHKAP",0.0455823914903072,5.85171433748128,0.895288328581089,0.344733420423262,0.693493509753972,0.671866420510212,"gpath_3neocort"
"7104","AC007262.2","Inh ENOX2 SPHKAP",0.0635017118335643,5.56269151759439,0.769790002961722,0.380913752094215,0.722223153795456,0.701948154836309,"gpath_3neocort"
"7105","GTF2A1","Inh ENOX2 SPHKAP",-0.0292965178447511,5.73053238237465,0.586467562950974,0.444330118851081,0.762971304613294,0.74931814018243,"gpath_3neocort"
"7106","SEL1L","Inh ENOX2 SPHKAP",-0.0666656960167534,5.64195910796751,2.87068215990128,0.0911403885268677,0.396906878674105,0.363477690838845,"gpath_3neocort"
"7107","FLRT2","Inh ENOX2 SPHKAP",0.0659741316274161,8.87298661908629,3.86188368868431,0.0502246750675552,0.306949220422695,0.271852523745574,"gpath_3neocort"
"7108","LINC02296","Inh ENOX2 SPHKAP",0.0592148826384456,4.53599864786578,0.346684108077317,0.556394868194232,0.836996892003553,0.823238331275404,"gpath_3neocort"
"7109","GALC","Inh ENOX2 SPHKAP",0.00719437819748084,5.07507152367511,0.0214789963859364,0.883570151668728,0.979643189906646,0.976468451226907,"gpath_3neocort"
"7110","KCNK10","Inh ENOX2 SPHKAP",-0.0591545040422565,6.48045261841703,2.35509744938022,0.125822386529942,0.455401141059378,0.423997065916478,"gpath_3neocort"
"7111","SPATA7","Inh ENOX2 SPHKAP",-0.00282414530779544,6.51790808787223,0.00544294271680494,0.941232622840984,0.993518947956843,0.991147572137791,"gpath_3neocort"
"7112","PTPN21","Inh ENOX2 SPHKAP",0.0610714904181816,4.88245524792435,1.07709763285847,0.300099777801834,0.657839953893813,0.632291722226856,"gpath_3neocort"
"7113","ZC3H14","Inh ENOX2 SPHKAP",-0.0292986722572405,6.73357001958379,1.11077597249634,0.292676450622908,0.650110236351705,0.625208059819719,"gpath_3neocort"
"7114","EML5","Inh ENOX2 SPHKAP",-0.0429717292363167,7.48353450459227,2.28489633018908,0.131586022749143,0.462574053886986,0.432785265987605,"gpath_3neocort"
"7115","TTC8","Inh ENOX2 SPHKAP",-0.178988405915838,6.25143211538419,14.6501739047049,0.000154541898936907,0.0208661405573325,0.0111213817695649,"gpath_3neocort"
"7116","FOXN3","Inh ENOX2 SPHKAP",0.0261467362690532,7.93198570819075,0.757339884512008,0.384788361427522,0.72519238699075,0.705064396261561,"gpath_3neocort"
"7117","EFCAB11","Inh ENOX2 SPHKAP",-0.0504401325083963,5.19730605803458,0.573675170484277,0.449337106300269,0.766044247400564,0.75277999097,"gpath_3neocort"
"7118","TDP1","Inh ENOX2 SPHKAP",-0.0558194044198882,4.94467684031779,0.948827597767547,0.330724035811521,0.682131570872368,0.66002987850954,"gpath_3neocort"
"7119","PSMC1","Inh ENOX2 SPHKAP",-0.0899365254443933,5.12925264299271,2.84591501030995,0.0925416926725008,0.39902009088589,0.36617314878411,"gpath_3neocort"
"7120","NRDE2","Inh ENOX2 SPHKAP",-0.000946077421590173,5.73840213283453,0.00052930188846356,0.981658800634293,0.99819758693135,0.997958873458634,"gpath_3neocort"
"7121","CALM1","Inh ENOX2 SPHKAP",-0.0333201096684485,8.98815550201366,0.667306397294606,0.414575570051486,0.741439283959848,0.72690718375706,"gpath_3neocort"
"7122","TTC7B","Inh ENOX2 SPHKAP",-0.0671430656485909,7.46417787419299,7.12755979150601,0.00796245965271938,0.135251588714884,0.106042280481945,"gpath_3neocort"
"7123","RPS6KA5","Inh ENOX2 SPHKAP",0.103099016410385,7.02635374922822,6.15363413890856,0.0136071018042907,0.170535337670763,0.14033798131158,"gpath_3neocort"
"7124","DGLUCY","Inh ENOX2 SPHKAP",0.00168105908473972,5.91122876876753,0.00160081639828456,0.96810893726419,0.995926984056485,0.996138504220943,"gpath_3neocort"
"7125","PPP4R3A","Inh ENOX2 SPHKAP",0.0265395130491836,5.87238363053047,0.568405273381825,0.451425390622794,0.768796861469878,0.754318077250709,"gpath_3neocort"
"7126","TRIP11","Inh ENOX2 SPHKAP",0.0616422718639584,6.73083890594111,4.02776877056261,0.0455639553481803,0.292076882790102,0.258918405243287,"gpath_3neocort"
"7127","ATXN3","Inh ENOX2 SPHKAP",0.0282857695581077,6.18955474183903,0.70806036977993,0.54980440907859,0.832141022009218,0.81917842911074,"gpath_3neocort"
"7128","NDUFB1","Inh ENOX2 SPHKAP",-0.0410488597964775,4.89549962610969,0.463629672865366,0.496405086942745,0.798555437376563,0.78487909972534,"gpath_3neocort"
"7129","CPSF2","Inh ENOX2 SPHKAP",0.0880960037037112,4.86865567706031,2.83294046668442,0.0932851532481371,0.400554830865968,0.367438831508357,"gpath_3neocort"
"7130","SLC24A4","Inh ENOX2 SPHKAP",0.0476779818016517,4.82051285913433,0.344885117177752,0.557420375356199,0.836996892003553,0.823733009480725,"gpath_3neocort"
"7131","LGMN","Inh ENOX2 SPHKAP",-0.0702438146730998,6.55846531405168,4.03637387340169,0.0453350450886044,0.291923360674568,0.258233930593194,"gpath_3neocort"
"7132","GOLGA5","Inh ENOX2 SPHKAP",-0.0925256987561749,4.81575832185705,2.82271850451162,0.0938754808967503,0.401922427948076,0.368625319516305,"gpath_3neocort"
"7133","CHGA","Inh ENOX2 SPHKAP",-0.017413438278835,5.62882578219932,0.116771016119077,0.732778581833318,0.924685477503285,0.916956056474903,"gpath_3neocort"
"7134","ITPK1","Inh ENOX2 SPHKAP",-0.00643037790627036,6.54239377242135,0.0464509294218667,0.829489972660875,0.962916920097718,0.95843986092404,"gpath_3neocort"
"7135","MOAP1","Inh ENOX2 SPHKAP",-0.123385953812977,5.56962967257692,3.52660114414463,0.061264069773454,0.331656354482277,0.29988638810828,"gpath_3neocort"
"7136","GON7","Inh ENOX2 SPHKAP",-0.117708044276822,3.77996783849892,1.39225277617197,0.274959618765843,0.634335576518865,0.608400855526388,"gpath_3neocort"
"7137","UBR7","Inh ENOX2 SPHKAP",0.0952813839009792,4.17237359372992,1.44418792088998,0.23031568851939,0.590058977848413,0.562169300842624,"gpath_3neocort"
"7138","BTBD7","Inh ENOX2 SPHKAP",-0.0161535897107223,6.72991660493326,0.311149920169755,0.799995825992509,0.952177907887809,0.946757878564446,"gpath_3neocort"
"7139","UNC79","Inh ENOX2 SPHKAP",-0.0101596149651184,9.0228815241216,0.254692847422723,0.614123271760322,0.864959852531387,0.856407154305614,"gpath_3neocort"
"7140","DDX24","Inh ENOX2 SPHKAP",0.0061071488623069,7.69354594647123,0.0377081674682134,0.846148568446017,0.968021000884318,0.964758860126993,"gpath_3neocort"
"7141","IFI27L2","Inh ENOX2 SPHKAP",-0.072381464282839,3.56173351977836,0.406059179867895,0.524413805692284,0.815122368688183,0.803338249833958,"gpath_3neocort"
"7142","PPP4R4","Inh ENOX2 SPHKAP",0.0663576392142442,7.65844866874153,4.1336130691217,0.0428312351987656,0.284372339166754,0.250963549980225,"gpath_3neocort"
"7143","DICER1","Inh ENOX2 SPHKAP",0.0419057543951121,6.84678425098568,2.76806047748648,0.0971021306869428,0.40762136530414,0.374415855100844,"gpath_3neocort"
"7144","DICER1-AS1","Inh ENOX2 SPHKAP",-0.100650812547452,4.49552954718002,2.16807843795895,0.141845476711486,0.479735384632701,0.448758706632089,"gpath_3neocort"
"7145","CLMN","Inh ENOX2 SPHKAP",0.0124964397705957,5.87499946230673,0.0593814701743844,0.80762609696512,0.953639254546665,0.949708032970952,"gpath_3neocort"
"7146","C14orf132","Inh ENOX2 SPHKAP",0.151136101026995,5.15923265018014,7.23462081616439,0.00751085149976409,0.132501217218664,0.102911777906201,"gpath_3neocort"
"7147","ATG2B","Inh ENOX2 SPHKAP",0.0224079039303355,6.34123250338928,0.599285222052709,0.43939942813118,0.760417919164995,0.745353572497501,"gpath_3neocort"
"7148","GSKIP","Inh ENOX2 SPHKAP",-0.0352218226192407,4.18005974195236,0.230972617476499,0.631118757301115,0.875304445396154,0.865865441629568,"gpath_3neocort"
"7149","PAPOLA","Inh ENOX2 SPHKAP",0.0505931532387334,6.86915472423218,1.84281549630749,0.175539377770055,0.525646513138005,0.495878191267572,"gpath_3neocort"
"7150","VRK1","Inh ENOX2 SPHKAP",-0.0540547147149821,4.93326242825382,0.831442390633003,0.362514549300057,0.708868811462642,0.687229785934522,"gpath_3neocort"
"7151","BCL11B","Inh ENOX2 SPHKAP",0.0213512922810226,6.38803858607374,0.300273255476917,0.584077816377656,0.850178807252576,0.839467515806326,"gpath_3neocort"
"7152","SETD3","Inh ENOX2 SPHKAP",-0.0120040354061037,5.9066651902092,0.103443141702467,0.747937740524659,0.930102462037057,0.924030273460105,"gpath_3neocort"
"7153","CCNK","Inh ENOX2 SPHKAP",-0.0688945276459996,4.73063569460785,1.46161319387022,0.22753021401758,0.586836828479493,0.559054987959586,"gpath_3neocort"
"7154","CYP46A1","Inh ENOX2 SPHKAP",-0.0490773442650037,6.14891242400253,1.6442786458519,0.200630218517607,0.554954916763844,0.527817650407376,"gpath_3neocort"
"7155","EML1","Inh ENOX2 SPHKAP",-0.136280248131678,4.1450344673479,2.37204486242572,0.124473608927057,0.454021369280907,0.421835088078012,"gpath_3neocort"
"7156","EVL","Inh ENOX2 SPHKAP",-0.00153100329520001,8.40017678408948,0.0059474719947338,0.938574453523391,0.993518947956843,0.990707564254093,"gpath_3neocort"
"7157","YY1","Inh ENOX2 SPHKAP",0.0468346036181596,6.11868175629057,1.89370583276655,0.169708059998877,0.519249484808241,0.488130808294119,"gpath_3neocort"
"7158","SLC25A29","Inh ENOX2 SPHKAP",-0.0325323973208888,5.22632639367368,0.397036857608591,0.529055100536853,0.818274770469514,0.806605917288747,"gpath_3neocort"
"7159","WARS","Inh ENOX2 SPHKAP",-0.13466575852204,4.8685500430222,5.07112730108247,0.0249778885594721,0.229683360521378,0.191312117890401,"gpath_3neocort"
"7160","WDR25","Inh ENOX2 SPHKAP",-0.0349717480180121,5.24920232984312,0.493835655339554,0.482711604985968,0.788698927743852,0.775725403484295,"gpath_3neocort"
"7161","BEGAIN","Inh ENOX2 SPHKAP",-0.137760192279383,4.14028432551897,2.13187498729163,0.145205747986298,0.48441712020917,0.453501353187979,"gpath_3neocort"
"7162","MEG3","Inh ENOX2 SPHKAP",-0.0680650511463436,5.84730115278537,1.80128629461329,0.180470225375623,0.531856312710162,0.502342742968987,"gpath_3neocort"
"7163","AL117190.2","Inh ENOX2 SPHKAP",-0.20661464151425,4.73453314490704,6.96838307697236,0.00868613378396671,0.140741382343208,0.111043780379909,"gpath_3neocort"
"7164","AL117190.1","Inh ENOX2 SPHKAP",-0.0125175609363917,4.57427059370207,0.0314377638597364,0.85937493033509,0.971623484454094,0.968989568253571,"gpath_3neocort"
"7165","MEG8","Inh ENOX2 SPHKAP",-0.00958968193392795,7.52900378119801,0.0858050532088681,0.769761694474113,0.938870162924463,0.933774913170594,"gpath_3neocort"
"7166","PPP2R5C","Inh ENOX2 SPHKAP",-0.0196448019701452,7.41063231143785,0.730965101593615,0.39318443719635,0.72999619626655,0.711331545314413,"gpath_3neocort"
"7167","DYNC1H1","Inh ENOX2 SPHKAP",-0.0147847001621938,7.83656120014141,0.368799140161569,0.544072903171087,0.829525901218106,0.815959791979858,"gpath_3neocort"
"7168","HSP90AA1","Inh ENOX2 SPHKAP",-0.0193359035180719,8.23735986926055,0.125150073519342,0.72373816964253,0.91947322843822,0.912412166352875,"gpath_3neocort"
"7169","WDR20","Inh ENOX2 SPHKAP",-0.0322319352451626,6.09717204391772,0.783152732860086,0.376816373121491,0.719108744443093,0.698819058942139,"gpath_3neocort"
"7170","MOK","Inh ENOX2 SPHKAP",-0.0271079272829311,6.10000169803531,0.533070607776257,0.465831414041671,0.777024033905069,0.764234920043164,"gpath_3neocort"
"7171","CINP","Inh ENOX2 SPHKAP",-0.0718320786231671,4.81261220014596,1.48022483443109,0.224599852448314,0.582850395633996,0.555620733649347,"gpath_3neocort"
"7172","TECPR2","Inh ENOX2 SPHKAP",0.0187708267836679,5.96098810185927,0.281080785331986,0.596346582656383,0.855261122519567,0.846413614274235,"gpath_3neocort"
"7173","RCOR1","Inh ENOX2 SPHKAP",-0.0602700441978386,5.13613086556316,1.14964596897006,0.284398702534061,0.640556855832835,0.617388011275368,"gpath_3neocort"
"7174","TRAF3","Inh ENOX2 SPHKAP",0.00363175973583072,6.32314506050503,0.00811347097673524,0.928281851546257,0.99194652368676,0.988441843962727,"gpath_3neocort"
"7175","CDC42BPB","Inh ENOX2 SPHKAP",0.00896454196331724,6.36267318644488,0.0770122324881074,0.893557745467549,0.98246587773482,0.979468601500836,"gpath_3neocort"
"7176","EIF5","Inh ENOX2 SPHKAP",0.00111803070017865,6.13901998315192,0.000616131964501342,0.980211786990519,0.997825265393623,0.997915368014525,"gpath_3neocort"
"7177","MARK3","Inh ENOX2 SPHKAP",-0.0310962718009962,8.00429791085608,1.62567462567399,0.247651981456576,0.605217510497873,0.580764317165412,"gpath_3neocort"
"7178","CKB","Inh ENOX2 SPHKAP",-0.077084657987321,7.21209370182034,1.97745468369531,0.160590051648475,0.506118025180843,0.475166880247934,"gpath_3neocort"
"7179","BAG5","Inh ENOX2 SPHKAP",0.0135764088319827,4.59711173478885,0.0489431686345671,0.82504796727918,0.961848091148648,0.956606422223701,"gpath_3neocort"
"7180","KLC1","Inh ENOX2 SPHKAP",-0.0457367508014198,6.97369607049602,1.55080044119093,0.213891750191784,0.570422537231176,0.543478741533174,"gpath_3neocort"
"7181","ZFYVE21","Inh ENOX2 SPHKAP",-0.00845997594949733,4.34639392325531,0.0167725803806385,0.897032995430581,0.984064107190086,0.980538384262194,"gpath_3neocort"
"7182","PPP1R13B","Inh ENOX2 SPHKAP",0.0249753216686316,7.30692668128238,0.826917404751183,0.42358830655348,0.747359685289309,0.733958829953265,"gpath_3neocort"
"7183","ATP5MPL","Inh ENOX2 SPHKAP",-0.129517694657717,5.51878008453542,3.7150347134751,0.0547737561032166,0.316926225153371,0.283929654907733,"gpath_3neocort"
"7184","TMEM179","Inh ENOX2 SPHKAP",-0.158402391011317,5.34737165495745,6.34745189563929,0.0122219561451229,0.162284709338088,0.132757575509352,"gpath_3neocort"
"7185","SIVA1","Inh ENOX2 SPHKAP",0.0327857796571568,4.52928839029162,0.267896472686549,0.605089552765833,0.859696828834794,0.851244575451507,"gpath_3neocort"
"7186","AKT1","Inh ENOX2 SPHKAP",0.0094122998975964,4.80558726714652,0.0273394642203869,0.868771465854615,0.975002481790047,0.97204998714994,"gpath_3neocort"
"7187","CEP170B","Inh ENOX2 SPHKAP",-0.000397469280888739,5.00420603215396,7.90847349542972e-05,0.992909856489183,0.998951897108485,0.999193584560602,"gpath_3neocort"
"7188","JAG2","Inh ENOX2 SPHKAP",-0.0408008998229531,4.6193693966369,0.435610046893388,0.509704595950841,0.806549131519222,0.793719117764235,"gpath_3neocort"
"7189","BRF1","Inh ENOX2 SPHKAP",-0.0194044041994929,5.93612606669711,0.282940773108961,0.595134403448553,0.854907629559228,0.845809454963376,"gpath_3neocort"
"7190","BTBD6","Inh ENOX2 SPHKAP",-0.0903607809576758,4.27502127875102,1.16626757526229,0.280950020568943,0.639342488240587,0.613960760386508,"gpath_3neocort"
"7191","PACS2","Inh ENOX2 SPHKAP",0.0384333526910739,6.61093136637768,1.25577620994574,0.263258592314314,0.622337485764163,0.596954150150622,"gpath_3neocort"
"7192","MTA1","Inh ENOX2 SPHKAP",0.12711111605692,5.02466565331698,5.684632385652,0.0176729305734444,0.194236111072003,0.161181492288904,"gpath_3neocort"
"7193","TMEM121","Inh ENOX2 SPHKAP",-0.067906813938551,3.8402072629247,0.556914765502446,0.45603183468885,0.771828987778146,0.757527750824595,"gpath_3neocort"
"7194","AC087386.1","Inh ENOX2 SPHKAP",0.035449808928579,4.27758656809797,0.217374711294362,0.641352021438139,0.880070597792245,0.871419226047552,"gpath_3neocort"
"7195","AC012414.5","Inh ENOX2 SPHKAP",0.0132637521458569,4.12231540913501,0.022658523476905,0.880439488312599,0.978345111313283,0.975624375478061,"gpath_3neocort"
"7196","NIPA1","Inh ENOX2 SPHKAP",-0.0390335132758304,6.02083463875884,1.12341260569022,0.289951994203179,0.64693310738801,0.622814154850542,"gpath_3neocort"
"7197","NIPA2","Inh ENOX2 SPHKAP",-0.00543366381514563,4.68187591404809,0.00799226005981331,0.928818142120385,0.992192964893409,0.988562918251676,"gpath_3neocort"
"7198","CYFIP1","Inh ENOX2 SPHKAP",0.0328250633089677,6.34703350266317,0.745462992158571,0.388537115978323,0.727649032330622,0.707930424547484,"gpath_3neocort"
"7199","TUBGCP5","Inh ENOX2 SPHKAP",-0.0404035714171342,5.51094813929563,0.740532671934166,0.39010864723238,0.727649032330622,0.709245499720285,"gpath_3neocort"
"7200","MKRN3","Inh ENOX2 SPHKAP",-0.186252547654876,5.32894950952042,9.13313202247165,0.00270450618168217,0.0852050496360834,0.05884306762848,"gpath_3neocort"
"7201","NDN","Inh ENOX2 SPHKAP",-0.0849703306000889,5.603940276988,1.68222410701445,0.195525948791621,0.549028745482354,0.521753333725452,"gpath_3neocort"
"7202","AC021439.1","Inh ENOX2 SPHKAP",0.0998849103438925,5.27468349505164,2.7390334663572,0.0988648897245964,0.411078691775457,0.37754933840656,"gpath_3neocort"
"7203","PWRN4","Inh ENOX2 SPHKAP",0.070545164193091,4.49980398738803,0.973695657102938,0.324475717760295,0.67530338524252,0.654413635066682,"gpath_3neocort"
"7204","AC087463.4","Inh ENOX2 SPHKAP",0.0567013603068653,4.15512134412807,0.394835289515786,0.530198825125723,0.81940583384769,0.807528737624241,"gpath_3neocort"
"7205","PWRN3","Inh ENOX2 SPHKAP",0.0207555776980857,3.9195352690772,0.0297011361342046,0.863274659127955,0.973095107140644,0.970406478952187,"gpath_3neocort"
"7206","PWRN1","Inh ENOX2 SPHKAP",0.0718022128268424,6.98268287057046,2.10909057206555,0.147366651988765,0.487120318080988,0.456375921851621,"gpath_3neocort"
"7207","SNRPN","Inh ENOX2 SPHKAP",-0.0431927019891401,9.40401553126006,3.68034751284571,0.0559110669978915,0.319235596612201,0.287064301913312,"gpath_3neocort"
"7208","AC124312.1","Inh ENOX2 SPHKAP",-0.019366533121117,9.35503959451469,0.902491733448682,0.34280253216642,0.691917379643772,0.670254131899066,"gpath_3neocort"
"7209","PWAR6","Inh ENOX2 SPHKAP",-0.0393048416720209,8.53038661770036,2.66932813133699,0.103243019727582,0.416423470209642,0.385626077105097,"gpath_3neocort"
"7210","UBE3A","Inh ENOX2 SPHKAP",-0.0545855037737955,7.00751994194348,3.19463279255365,0.0747885296203197,0.364407745346358,0.330464591287142,"gpath_3neocort"
"7211","GABRB3","Inh ENOX2 SPHKAP",-0.00315237930566874,8.00804867867903,0.0186828248293229,0.89136217581299,0.981581153911649,0.978685680301318,"gpath_3neocort"
"7212","GABRG3","Inh ENOX2 SPHKAP",0.0439729482499319,9.62859607534662,2.39414848486481,0.122738632997682,0.450519716596845,0.41894555946778,"gpath_3neocort"
"7213","OCA2","Inh ENOX2 SPHKAP",-0.0120125311243805,6.38509148651362,0.0443334450522914,0.833363074151065,0.963467839971871,0.959933084377945,"gpath_3neocort"
"7214","HERC2","Inh ENOX2 SPHKAP",-0.00476841861007866,7.60492998883883,0.0389561614737781,0.843655800664111,0.967233839983956,0.963810183699705,"gpath_3neocort"
"7215","APBA2","Inh ENOX2 SPHKAP",-0.0674412868230844,7.53473196583848,5.73006824147291,0.0172290709284595,0.191089627222482,0.159064545746605,"gpath_3neocort"
"7216","FAM189A1","Inh ENOX2 SPHKAP",0.0435464601359369,8.662558850206,2.52557483029519,0.112961671876296,0.433420315496995,0.402416313859845,"gpath_3neocort"
"7217","TJP1","Inh ENOX2 SPHKAP",0.0267958736069722,8.08180290294525,1.57112553008018,0.210921827827124,0.567861973840346,0.540079735452618,"gpath_3neocort"
"7218","FAN1","Inh ENOX2 SPHKAP",0.104394299445412,5.16628807939186,4.84573839091258,0.0377766015260744,0.273240750980963,0.235813579827361,"gpath_3neocort"
"7219","MTMR10","Inh ENOX2 SPHKAP",0.129223687705215,4.23960685368356,2.92796099527737,0.087987399730597,0.390351388873145,0.357404631473233,"gpath_3neocort"
"7220","KLF13","Inh ENOX2 SPHKAP",0.108513023164589,5.40751609822812,5.05592695737446,0.0251944964651885,0.229891892697469,0.192240496804702,"gpath_3neocort"
"7221","OTUD7A","Inh ENOX2 SPHKAP",0.0386137243249684,8.25403951472117,2.60679644526098,0.107352393934614,0.424657197312602,0.392794767587618,"gpath_3neocort"
"7222","LINC02256","Inh ENOX2 SPHKAP",0.0114306253004185,5.9254329788515,0.0611596236551511,0.804824615365471,0.952559922311815,0.948730686050217,"gpath_3neocort"
"7223","SCG5","Inh ENOX2 SPHKAP",-0.119107689002081,6.9046840331009,7.50088466572677,0.00649827041712588,0.12419581335652,0.0955996191501235,"gpath_3neocort"
"7224","FMN1","Inh ENOX2 SPHKAP",0.0471106018383713,8.60821167218481,2.23061039636274,0.136246050582772,0.471822205040907,0.440145146947941,"gpath_3neocort"
"7225","RYR3","Inh ENOX2 SPHKAP",0.108284392637217,8.2522646502177,7.11796528573583,0.0080042709788027,0.135251588714884,0.106251054724047,"gpath_3neocort"
"7226","AC010809.1","Inh ENOX2 SPHKAP",-0.031192665601663,4.50277569310628,0.199710939751081,0.655244398778944,0.885848338339017,0.878887671669663,"gpath_3neocort"
"7227","AVEN","Inh ENOX2 SPHKAP",0.0843322012632904,5.76421738364276,3.08216274997707,0.0800734244579158,0.37598953328892,0.341160069641353,"gpath_3neocort"
"7228","CHRM5","Inh ENOX2 SPHKAP",-0.0363264554057804,5.99194361101485,0.359942702438678,0.548945560585783,0.831216771051099,0.818678605300488,"gpath_3neocort"
"7229","EMC7","Inh ENOX2 SPHKAP",-0.138239295848834,4.56063084510202,3.58564318610728,0.059146349085491,0.326420132171676,0.295033997363893,"gpath_3neocort"
"7230","KATNBL1","Inh ENOX2 SPHKAP",-0.00160590538131562,6.79140258677814,0.00359086519371213,0.952252201257385,0.994776274703702,0.993401705978256,"gpath_3neocort"
"7231","EMC4","Inh ENOX2 SPHKAP",-0.103488087653169,4.50993151429805,1.85040157385886,0.174655614147271,0.525171197091898,0.4946696448722,"gpath_3neocort"
"7232","SLC12A6","Inh ENOX2 SPHKAP",0.0457266411167431,6.28793174080122,1.98088826262318,0.160228389008104,0.505962965017542,0.474794515494513,"gpath_3neocort"
"7233","NOP10","Inh ENOX2 SPHKAP",-0.0548963404386041,4.00059536576958,0.287650050496724,0.592088013597913,0.852669783557598,0.844112491798522,"gpath_3neocort"
"7234","LPCAT4","Inh ENOX2 SPHKAP",0.0491497675984568,5.77776136113884,1.15346011569723,0.283602605916413,0.640385789146006,0.616519256103078,"gpath_3neocort"
"7235","GOLGA8A","Inh ENOX2 SPHKAP",-0.0180776645795623,6.41858757553733,0.192919742600681,0.660782076025648,0.886412322509415,0.881681211998974,"gpath_3neocort"
"7236","GOLGA8B","Inh ENOX2 SPHKAP",-0.099388757677111,6.61192172878241,3.92411602112478,0.0484195381123596,0.30146276482508,0.267020728723844,"gpath_3neocort"
"7237","AC087457.1","Inh ENOX2 SPHKAP",0.00677690891449288,5.14120408699463,0.0149927055720803,0.902620602285955,0.985726076602066,0.9820318601212,"gpath_3neocort"
"7238","AQR","Inh ENOX2 SPHKAP",0.020943005639238,6.08576759967294,0.370742500856967,0.695682056760498,0.906167192307011,0.899126118127712,"gpath_3neocort"
"7239","ZNF770","Inh ENOX2 SPHKAP",-0.0117910676771178,5.36689643689549,0.0576037264836515,0.810471722102348,0.954634579609815,0.950859223866847,"gpath_3neocort"
"7240","AC021231.1","Inh ENOX2 SPHKAP",-0.079759893027722,5.46233043985236,1.27589280422182,0.259476050423292,0.618789070604698,0.59319960369599,"gpath_3neocort"
"7241","DPH6","Inh ENOX2 SPHKAP",-0.0672063975746364,6.67026131596634,1.45417491559486,0.228714236258772,0.588387732208464,0.560303036827793,"gpath_3neocort"
"7242","DPH6-DT","Inh ENOX2 SPHKAP",0.0205617240993686,6.84631975145814,0.10032957661228,0.751632708208854,0.931658994455486,0.925621132153106,"gpath_3neocort"
"7243","C15orf41","Inh ENOX2 SPHKAP",0.00542972214123593,6.29448344814786,0.018958413365752,0.890568884687633,0.981581153911649,0.978429229001443,"gpath_3neocort"
"7244","SPRED1","Inh ENOX2 SPHKAP",-0.110325710874127,5.6801550398117,3.36413464744954,0.0675215913500888,0.348551767040211,0.314487108056566,"gpath_3neocort"
"7245","FAM98B","Inh ENOX2 SPHKAP",0.0752374373379725,5.09382974683994,2.18920800714586,0.139924927452136,0.476103949939866,0.445854609003279,"gpath_3neocort"
"7246","AC013652.1","Inh ENOX2 SPHKAP",0.115525156127413,5.66162618487487,3.80634668003591,0.0518959904750534,0.310085348368482,0.276384453463105,"gpath_3neocort"
"7247","FSIP1","Inh ENOX2 SPHKAP",0.0416332297064253,5.14942852352325,0.577311158542283,0.447905069715835,0.764942049963661,0.751600623589421,"gpath_3neocort"
"7248","GPR176","Inh ENOX2 SPHKAP",-0.00517773190358602,6.33201820794533,0.0186235033079149,0.891533712922267,0.981581153911649,0.978797149491092,"gpath_3neocort"
"7249","EIF2AK4","Inh ENOX2 SPHKAP",0.0228136326153686,6.49340156828984,0.542183156376394,0.462047080015489,0.775333429049331,0.761696566505196,"gpath_3neocort"
"7250","SRP14","Inh ENOX2 SPHKAP",-0.0696947749777406,6.41473814910814,1.14824448869466,0.284691935925705,0.640556855832835,0.617684435906664,"gpath_3neocort"
"7251","PAK6","Inh ENOX2 SPHKAP",0.0366602968199043,3.95322617855728,0.173212877520682,0.677539822624015,0.895599673233699,0.890434406754982,"gpath_3neocort"
"7252","INAFM2","Inh ENOX2 SPHKAP",0.208837298811615,3.80810541816305,4.79887250838797,0.0291702864745167,0.245302460871195,0.20693122090938,"gpath_3neocort"
"7253","DISP2","Inh ENOX2 SPHKAP",0.0106442330135735,5.69970043310551,0.0582659004265127,0.809406423039594,0.954456730603235,0.950363090032603,"gpath_3neocort"
"7254","IVD","Inh ENOX2 SPHKAP",-0.0415427050188733,5.79029046720593,0.961235035129757,0.327586742563784,0.678587470556504,0.657150686642719,"gpath_3neocort"
"7255","BAHD1","Inh ENOX2 SPHKAP",0.0229286563899782,4.49063038751474,0.0971592096461638,0.755460510663077,0.932986034557454,0.927369036758659,"gpath_3neocort"
"7256","CCDC32","Inh ENOX2 SPHKAP",0.0182132251187021,5.35006720880564,0.134126897893024,0.714423193919852,0.91560916499627,0.908053836076909,"gpath_3neocort"
"7257","RMDN3","Inh ENOX2 SPHKAP",0.0946144832007413,5.18400623401184,3.97695385615895,0.0469409081966302,0.297211029921186,0.262796948649207,"gpath_3neocort"
"7258","DNAJC17","Inh ENOX2 SPHKAP",-0.0255728276302132,5.4466655523122,0.298416421202541,0.585242223177204,0.850666039752185,0.840188249974988,"gpath_3neocort"
"7259","ZFYVE19","Inh ENOX2 SPHKAP",-0.103857377245787,4.03627802658879,1.49697366529858,0.222001538409185,0.579795026090083,0.552834250124067,"gpath_3neocort"
"7260","INO80","Inh ENOX2 SPHKAP",-0.0503246359587503,6.41186540600184,2.66506670763711,0.103517500097951,0.416550998328037,0.386140214115064,"gpath_3neocort"
"7261","CHP1","Inh ENOX2 SPHKAP",-0.0839082391670736,4.59027682695842,1.38622621534474,0.239883164644652,0.600355244746753,0.572454510208683,"gpath_3neocort"
"7262","NDUFAF1","Inh ENOX2 SPHKAP",5.97630917476108e-05,4.43760342213345,1.51959463353472e-06,0.999017170460905,0.999750704645697,0.999853059616212,"gpath_3neocort"
"7263","RTF1","Inh ENOX2 SPHKAP",-0.0213708694265469,6.78310633656934,0.34049975352813,0.559935393054691,0.838007337924011,0.825388378072572,"gpath_3neocort"
"7264","RPAP1","Inh ENOX2 SPHKAP",0.0017733877883955,4.18969671741842,0.000650848143986407,0.979662057192202,0.997825265393623,0.997879967632151,"gpath_3neocort"
"7265","MGA","Inh ENOX2 SPHKAP",0.046644331562796,6.56647334827682,2.15032232941885,0.143482424975852,0.482066985191928,0.451104662258222,"gpath_3neocort"
"7266","MAPKBP1","Inh ENOX2 SPHKAP",-0.0247234928172482,6.63063773541352,0.871131560645591,0.351317614269397,0.69991868287512,0.677709253496551,"gpath_3neocort"
"7267","VPS39","Inh ENOX2 SPHKAP",-0.0395192252267436,5.5591592725495,0.82700574587255,0.363796656359313,0.70993125763765,0.688521389887717,"gpath_3neocort"
"7268","TMEM87A","Inh ENOX2 SPHKAP",-0.0257874373014641,6.24359036152283,0.652744854453443,0.419709044690155,0.744874553889689,0.730882468074166,"gpath_3neocort"
"7269","GANC","Inh ENOX2 SPHKAP",-0.00383235552643895,5.16859638791865,0.00576162794208642,0.939539892833906,0.993518947956843,0.990868307302333,"gpath_3neocort"
"7270","ZNF106","Inh ENOX2 SPHKAP",0.000117950297806041,6.61484136659413,1.11630661750075e-05,0.997336176936583,0.999341080892678,0.999648697152412,"gpath_3neocort"
"7271","SNAP23","Inh ENOX2 SPHKAP",-0.0342627802373614,5.34663927434745,0.387048951530249,0.534279874022138,0.822970169760769,0.810198003465279,"gpath_3neocort"
"7272","HAUS2","Inh ENOX2 SPHKAP",-0.0323003602970433,4.47990506444022,0.241130934952233,0.659268957303386,0.886317117013643,0.881061698353849,"gpath_3neocort"
"7273","STARD9","Inh ENOX2 SPHKAP",0.0377644637058375,7.05651271771348,1.3946372850247,0.238465224686928,0.598809416051132,0.570961807125286,"gpath_3neocort"
"7274","TTBK2","Inh ENOX2 SPHKAP",0.00572869204500881,7.66967420170745,0.0610500821262808,0.804995939326334,0.952559922311815,0.948774905705716,"gpath_3neocort"
"7275","UBR1","Inh ENOX2 SPHKAP",0.016034697874328,7.39767857885729,0.411647271556146,0.684955268398215,0.900506022269414,0.894126892614481,"gpath_3neocort"
"7276","AC068724.3","Inh ENOX2 SPHKAP",-0.0706771761707292,5.27908849462989,1.55821443112295,0.212802673863147,0.56995937988575,0.54230066358197,"gpath_3neocort"
"7277","TMEM62","Inh ENOX2 SPHKAP",-0.107203136923082,5.65331768599935,6.20372366389301,0.0132342736827725,0.168244591544175,0.138174737286978,"gpath_3neocort"
"7278","CCNDBP1","Inh ENOX2 SPHKAP",0.0552243338822691,4.83445607771606,0.997811074587841,0.361024165195657,0.707323887234324,0.685816833222615,"gpath_3neocort"
"7279","ADAL","Inh ENOX2 SPHKAP",-0.0584087885335215,4.79578297623502,1.00807321687979,0.428658791530013,0.75185146108056,0.737968946700603,"gpath_3neocort"
"7280","TUBGCP4","Inh ENOX2 SPHKAP",-0.0673607032276076,4.72061621436088,1.3247452666724,0.25056691002067,0.608635712093112,0.584079045002329,"gpath_3neocort"
"7281","TP53BP1","Inh ENOX2 SPHKAP",-0.0276742035745041,6.91741470125242,0.969593139237925,0.325495639337961,0.676125540928555,0.655152221464729,"gpath_3neocort"
"7282","MAP1A","Inh ENOX2 SPHKAP",0.0897972010532177,7.2311246195282,5.60249665456085,0.0185056711309434,0.198007002524747,0.164857261256933,"gpath_3neocort"
"7283","PPIP5K1","Inh ENOX2 SPHKAP",-0.0773279572867906,6.47281684198066,4.69130891731523,0.0310238986427262,0.251131109711445,0.213633490512072,"gpath_3neocort"
"7284","CKMT1B","Inh ENOX2 SPHKAP",-0.0866872337937049,5.46161693823792,2.64299207253767,0.104952245057756,0.418620703036329,0.388594266481775,"gpath_3neocort"
"7285","AC011330.3","Inh ENOX2 SPHKAP",0.0129619402013996,5.42952867668221,0.0773882623279551,0.781040889151988,0.94463015286981,0.938698570902654,"gpath_3neocort"
"7286","CATSPER2","Inh ENOX2 SPHKAP",-0.0212879704883422,7.11664253292613,0.496575140494349,0.481500766220957,0.788368832806739,0.77501707507534,"gpath_3neocort"
"7287","CKMT1A","Inh ENOX2 SPHKAP",-0.0991938751991023,4.2160674410312,1.52775558192913,0.217319645697535,0.573667310870857,0.547154225133048,"gpath_3neocort"
"7288","PDIA3","Inh ENOX2 SPHKAP",-0.0362212827018826,5.61530199931018,0.808421643814414,0.369236156732587,0.714409237882363,0.693164676470356,"gpath_3neocort"
"7289","SERF2","Inh ENOX2 SPHKAP",0.0585008785110527,5.30087397202794,0.776863817107117,0.378736924394213,0.720762198505148,0.700248725465684,"gpath_3neocort"
"7290","MFAP1","Inh ENOX2 SPHKAP",-0.0047306005385732,4.56446857890533,0.00506249310659007,0.943320077262995,0.993751923679859,0.991585374256757,"gpath_3neocort"
"7291","FRMD5","Inh ENOX2 SPHKAP",0.0143769413952736,10.1960626291497,0.372788086360031,0.541904374798839,0.827990165542659,0.814663031516763,"gpath_3neocort"
"7292","CASC4","Inh ENOX2 SPHKAP",0.0272067925447779,8.07002156063828,1.25805957351959,0.262825813467973,0.621967866719591,0.596515187889665,"gpath_3neocort"
"7293","AC025043.1","Inh ENOX2 SPHKAP",-0.325695734100342,4.28553065203857,9.19659785384157,0.00261477776862563,0.0835658319251458,0.0577883713135016,"gpath_3neocort"
"7294","CTDSPL2","Inh ENOX2 SPHKAP",0.0933835286296396,6.28806110581188,8.81537949453623,0.00320337984768525,0.0902963173497854,0.0645120381480224,"gpath_3neocort"
"7295","EIF3J-DT","Inh ENOX2 SPHKAP",0.0529710565604025,5.09241668160482,0.859985573082345,0.354413506208368,0.703194523931762,0.680214230401939,"gpath_3neocort"
"7296","EIF3J","Inh ENOX2 SPHKAP",-0.0713977065811355,5.48973167363735,2.57659945477558,0.109401099646085,0.427094112662848,0.396502541762172,"gpath_3neocort"
"7297","SPG11","Inh ENOX2 SPHKAP",-0.0179262642333915,6.83482230671176,0.407017924422823,0.523924875301222,0.814882676199217,0.803003539581762,"gpath_3neocort"
"7298","B2M","Inh ENOX2 SPHKAP",-0.078454272355522,4.91779962983399,0.903974814659829,0.342406807972447,0.691631922015286,0.669902013592976,"gpath_3neocort"
"7299","TRIM69","Inh ENOX2 SPHKAP",-0.00824056178100471,5.08166289392629,0.0194750638780043,0.889097364771281,0.980746504094103,0.9780719345475,"gpath_3neocort"
"7300","SORD","Inh ENOX2 SPHKAP",-0.103972379922263,4.37685758202618,2.20150538438442,0.138820676060981,0.47478271691879,0.443966979741492,"gpath_3neocort"
"7301","DUOX1","Inh ENOX2 SPHKAP",-0.155730065544053,3.8640426467406,1.97492231729744,0.160857387049159,0.506443334977274,0.475508024429652,"gpath_3neocort"
"7302","SHF","Inh ENOX2 SPHKAP",-0.0019356404600239,5.31346615372947,0.00214213709608688,0.963112215583193,0.995700592042286,0.995439903418109,"gpath_3neocort"
"7303","GATM","Inh ENOX2 SPHKAP",0.0639201065037632,4.10310653376504,0.669251183523156,0.413897033564353,0.741178615823771,0.726346901128251,"gpath_3neocort"
"7304","SLC30A4","Inh ENOX2 SPHKAP",-0.0677823545620448,4.34071616606284,0.882394144787634,0.348226759917308,0.697791508878993,0.675044404802637,"gpath_3neocort"
"7305","SEMA6D","Inh ENOX2 SPHKAP",-0.09091988512031,4.5621268966637,1.28688265689261,0.257438121616264,0.61600550758355,0.59105577962282,"gpath_3neocort"
"7306","MYEF2","Inh ENOX2 SPHKAP",0.0125164082756228,6.91291015640237,0.191210776763515,0.711358828539511,0.913759698234766,0.90673999262918,"gpath_3neocort"
"7307","DUT","Inh ENOX2 SPHKAP",-0.00321541856901387,5.21320284263628,0.00408702260867359,0.949064412237918,0.994776274703702,0.992750010726764,"gpath_3neocort"
"7308","FBN1","Inh ENOX2 SPHKAP",0.041941715274462,7.65505594534027,2.58780312219858,0.108636000279036,0.426765487411064,0.39519595983631,"gpath_3neocort"
"7309","EID1","Inh ENOX2 SPHKAP",-0.0163276998299894,6.77471772613991,0.0899640801609944,0.764409726223453,0.936302600649689,0.93131878685545,"gpath_3neocort"
"7310","SECISBP2L","Inh ENOX2 SPHKAP",0.00656003373138345,6.87690053730263,0.0672079988698836,0.795606150932808,0.951094119541332,0.94510315746128,"gpath_3neocort"
"7311","COPS2","Inh ENOX2 SPHKAP",-0.0240573651470804,5.77721388593443,0.377200888648364,0.587367073520749,0.851537972598639,0.841555828388567,"gpath_3neocort"
"7312","GALK2","Inh ENOX2 SPHKAP",0.00746944844116833,6.40829552621537,0.0555766734574538,0.940745726135873,0.993518947956843,0.99107352933571,"gpath_3neocort"
"7313","DTWD1","Inh ENOX2 SPHKAP",0.171101272784053,5.99229755105695,21.6452921288673,4.73782238115231e-06,0.00307579428984408,0.00127584392837097,"gpath_3neocort"
"7314","ATP8B4","Inh ENOX2 SPHKAP",-0.108482293852373,4.10690395440165,1.11284805080955,0.292227470751067,0.649705732916414,0.624827775298425,"gpath_3neocort"
"7315","GABPB1","Inh ENOX2 SPHKAP",0.0204031126047333,5.4512519974461,0.195263804779436,0.658857692335571,0.886317117013643,0.88087737671109,"gpath_3neocort"
"7316","GABPB1-AS1","Inh ENOX2 SPHKAP",-0.0844772950887272,6.50892896331079,3.1087512515839,0.0787885919892277,0.373823580318592,0.338594467904842,"gpath_3neocort"
"7317","USP8","Inh ENOX2 SPHKAP",0.0206745601267877,6.46767453902647,0.447163764138333,0.504147610334266,0.80219023236465,0.789767760366595,"gpath_3neocort"
"7318","TRPM7","Inh ENOX2 SPHKAP",0.0328417942275197,7.0782083418344,1.47059257187824,0.226110715932133,0.584669716342834,0.557502987769131,"gpath_3neocort"
"7319","SPPL2A","Inh ENOX2 SPHKAP",-0.10940289671218,6.62565190778608,8.43294255773109,0.00393057316446766,0.101191644815108,0.0720946728988349,"gpath_3neocort"
"7320","AC021752.1","Inh ENOX2 SPHKAP",0.0264411715964173,5.16979048744295,0.205059942907222,0.650961747805364,0.883671969213099,0.876462867560244,"gpath_3neocort"
"7321","AP4E1","Inh ENOX2 SPHKAP",0.0453794688477333,5.23052713807865,0.95773486777164,0.328467751350598,0.679446903286699,0.657858475384077,"gpath_3neocort"
"7322","MIR4713HG","Inh ENOX2 SPHKAP",0.0395595642861408,4.79664093622138,0.23649075423366,0.627071708752574,0.873852506011812,0.863648565194315,"gpath_3neocort"
"7323","TNFAIP8L3","Inh ENOX2 SPHKAP",0.115490531228678,4.84429407891868,3.39749399808162,0.0661829249264182,0.344700383007904,0.311267090632173,"gpath_3neocort"
"7324","GLDN","Inh ENOX2 SPHKAP",-0.0600631848905512,5.13081256070294,0.805812710040972,0.370008842588251,0.715335737368351,0.693714113674572,"gpath_3neocort"
"7325","DMXL2","Inh ENOX2 SPHKAP",0.000693425184748382,7.25635688051139,0.000698865968372933,0.978925336594113,0.997825265393623,0.997795729267521,"gpath_3neocort"
"7326","SCG3","Inh ENOX2 SPHKAP",-0.0283772659851085,6.6352951974034,0.459700578083435,0.498234173865506,0.799570690907056,0.786143933367264,"gpath_3neocort"
"7327","LYSMD2","Inh ENOX2 SPHKAP",-0.0271613984120216,5.06867279643211,0.258780811069953,0.720295159834479,0.918385260046279,0.910763111248088,"gpath_3neocort"
"7328","TMOD2","Inh ENOX2 SPHKAP",-0.0226928336256356,7.43159236561774,0.937719908496308,0.33356679037078,0.684423389092004,0.662477165177427,"gpath_3neocort"
"7329","TMOD3","Inh ENOX2 SPHKAP",0.0087881562804966,5.26284431058745,0.0323872360585606,0.857289727088597,0.971235029632888,0.968423656922098,"gpath_3neocort"
"7330","LEO1","Inh ENOX2 SPHKAP",-0.0538575313767195,5.05551927607193,1.1395892176624,0.28651143829257,0.643312978116913,0.61944292583132,"gpath_3neocort"
"7331","MAPK6","Inh ENOX2 SPHKAP",-0.0170937293672911,5.83115193485244,0.16590158934968,0.684041547679469,0.899630585605066,0.893711000473229,"gpath_3neocort"
"7332","GNB5","Inh ENOX2 SPHKAP",-0.0659546933347762,7.26221776508968,7.45921176857704,0.0066469864570644,0.124332038362593,0.0966587295346913,"gpath_3neocort"
"7333","MYO5A","Inh ENOX2 SPHKAP",0.0363477479614353,8.38076560184936,3.38931527583349,0.0665084689943062,0.345602706012035,0.312108288179113,"gpath_3neocort"
"7334","ARPP19","Inh ENOX2 SPHKAP",0.0667028960859818,6.13308173315403,2.94206693121931,0.0872292787494768,0.389650787368076,0.356134343913003,"gpath_3neocort"
"7335","FAM214A","Inh ENOX2 SPHKAP",0.0890137744568624,6.60310050608469,6.50577115987516,0.0111989162783655,0.156913736285933,0.126770416280837,"gpath_3neocort"
"7336","UNC13C","Inh ENOX2 SPHKAP",0.0621788385621776,7.66224319505107,1.74385555679682,0.187556733686121,0.540683088405994,0.511641150090601,"gpath_3neocort"
"7337","RSL24D1","Inh ENOX2 SPHKAP",0.0749162521986917,4.54393073315593,1.15633919748103,0.283003552272409,0.640385789146006,0.615998964382904,"gpath_3neocort"
"7338","RAB27A","Inh ENOX2 SPHKAP",0.0622248994167579,5.03822724956748,1.03019376282354,0.310849097857819,0.66620805586772,0.642144817147642,"gpath_3neocort"
"7339","PIGB","Inh ENOX2 SPHKAP",-0.124620409255978,4.70651878031955,4.14217022364833,0.0426180070488907,0.284372339166754,0.250317423383214,"gpath_3neocort"
"7340","CCPG1","Inh ENOX2 SPHKAP",-0.0208989002098211,7.58486599941006,0.417593959931314,0.518584579596149,0.812415803749566,0.799549082404854,"gpath_3neocort"
"7341","DNAAF4","Inh ENOX2 SPHKAP",-0.0712883706149177,5.29635899667241,1.77790644174875,0.183316829627654,0.535434699134401,0.506200716206782,"gpath_3neocort"
"7342","PYGO1","Inh ENOX2 SPHKAP",0.0203420439835631,5.61795491563416,0.175614401088912,0.675439399097133,0.894792301984542,0.889502710402486,"gpath_3neocort"
"7343","PRTG","Inh ENOX2 SPHKAP",-0.166748567485984,3.79096991439026,2.0039743506692,0.157820743083279,0.503562676465659,0.471548049551995,"gpath_3neocort"
"7344","RFX7","Inh ENOX2 SPHKAP",0.0448940765642649,7.735812574302,2.97985160091537,0.0852333228820988,0.386184312630241,0.352000939691864,"gpath_3neocort"
"7345","TEX9","Inh ENOX2 SPHKAP",-0.0515053078222102,4.83476928084962,0.580939968638645,0.446482937914397,0.763718750994274,0.750660268310988,"gpath_3neocort"
"7346","MNS1","Inh ENOX2 SPHKAP",0.167728447692541,4.62823144108029,5.83923299015917,0.0162092589849493,0.184399257004015,0.15385967574846,"gpath_3neocort"
"7347","AC090518.1","Inh ENOX2 SPHKAP",0.0317143159097179,4.55658388828735,0.128021448297279,0.720718742540621,0.918385260046279,0.910981793061629,"gpath_3neocort"
"7348","ZNF280D","Inh ENOX2 SPHKAP",0.0200608985250942,6.72330695956557,0.40934179035753,0.522743130440365,0.814712541151888,0.802308964381746,"gpath_3neocort"
"7349","AC090517.4","Inh ENOX2 SPHKAP",0.0501003138940837,6.6222365595163,2.01319600743747,0.156870587167502,0.501815280951383,0.470059074700113,"gpath_3neocort"
"7350","TCF12","Inh ENOX2 SPHKAP",0.0109673918468965,8.30217383029968,0.204474962076201,0.651426810372795,0.883807081742984,0.876780566810652,"gpath_3neocort"
"7351","CGNL1","Inh ENOX2 SPHKAP",0.0228878124199981,4.04068459507645,0.0631716884479358,0.801706245356349,0.952551397154178,0.94741865007504,"gpath_3neocort"
"7352","POLR2M","Inh ENOX2 SPHKAP",0.145663436284618,4.22425892830572,3.28933308717661,0.0706302012961304,0.354351829068376,0.321084343876915,"gpath_3neocort"
"7353","ALDH1A2","Inh ENOX2 SPHKAP",-0.105206043419752,6.42043708294192,3.04287747853611,0.0820135094163416,0.380670903096441,0.345395724722874,"gpath_3neocort"
"7354","LIPC","Inh ENOX2 SPHKAP",0.18845234729818,5.60325731493861,11.8684140397106,0.000643876279368946,0.0423762751910501,0.0258661799650728,"gpath_3neocort"
"7355","ADAM10","Inh ENOX2 SPHKAP",0.058081893146077,7.36117389731568,4.0042230921018,0.046196587038181,0.294798404048366,0.260791616453441,"gpath_3neocort"
"7356","MINDY2","Inh ENOX2 SPHKAP",-0.0223765581656477,7.09606813033217,0.723767295268853,0.437360208593721,0.758604397953195,0.743812299036314,"gpath_3neocort"
"7357","RNF111","Inh ENOX2 SPHKAP",0.0125756923712262,6.95340683884173,0.258718676930477,0.778199045001455,0.944495130113347,0.9374914992839,"gpath_3neocort"
"7358","SLTM","Inh ENOX2 SPHKAP",-0.00681290725050278,6.60907061057755,0.0558346735746375,0.894207815132842,0.98271027014599,0.979660683134263,"gpath_3neocort"
"7359","FAM81A","Inh ENOX2 SPHKAP",-0.0568954838174644,6.28812778488353,2.3668529202201,0.124885093453763,0.454874635733543,0.422499850096513,"gpath_3neocort"
"7360","GTF2A2","Inh ENOX2 SPHKAP",-0.0242460910640817,5.22783553007797,0.195172885558729,0.658932075391165,0.886317117013643,0.88089895522727,"gpath_3neocort"
"7361","BNIP2","Inh ENOX2 SPHKAP",0.0440569878914113,4.87992904559046,0.662598984487379,0.416224837011498,0.742207922142092,0.728124097818549,"gpath_3neocort"
"7362","ANXA2","Inh ENOX2 SPHKAP",-0.0677097927575446,4.23994409458928,0.594448470798368,0.441250061255153,0.761590410581829,0.746820313520242,"gpath_3neocort"
"7363","ICE2","Inh ENOX2 SPHKAP",-0.0165121825615398,6.15961850464525,0.230229374172275,0.631668396668935,0.875487684136306,0.866083809077302,"gpath_3neocort"
"7364","RORA-AS1","Inh ENOX2 SPHKAP",-0.129931842736707,4.59799643914561,3.02572132549356,0.0828766883479806,0.382176210746273,0.34719795715477,"gpath_3neocort"
"7365","RORA","Inh ENOX2 SPHKAP",0.0559556930464182,10.6769116553726,5.0714984370207,0.0249726241655231,0.229683360521378,0.191288924842008,"gpath_3neocort"
"7366","AC012404.1","Inh ENOX2 SPHKAP",-0.209131652975349,4.47786103851617,4.36540518312589,0.0374334104719432,0.273240750980963,0.234897118548357,"gpath_3neocort"
"7367","AC009554.1","Inh ENOX2 SPHKAP",-0.275468874887144,4.0594132567098,6.68843439117785,0.0101275159420385,0.149881079397524,0.120637602163762,"gpath_3neocort"
"7368","VPS13C","Inh ENOX2 SPHKAP",0.0066196987931439,8.19525388848051,0.0752834196652171,0.783963875373498,0.946015901617131,0.939850207658255,"gpath_3neocort"
"7369","TLN2","Inh ENOX2 SPHKAP",-0.0284567795530568,8.7514681173041,1.23936475112329,0.266395434760572,0.625399889994806,0.600106724836896,"gpath_3neocort"
"7370","TPM1","Inh ENOX2 SPHKAP",-0.0190532610821493,6.39782369020846,0.285381978451032,0.593551173906264,0.85343611858588,0.844885294929567,"gpath_3neocort"
"7371","LACTB","Inh ENOX2 SPHKAP",0.00373031146052956,4.78500635301747,0.00390472249776056,0.950211835361614,0.994776274703702,0.992926357095487,"gpath_3neocort"
"7372","RPS27L","Inh ENOX2 SPHKAP",-0.0109055208665741,5.17890646140099,0.0355947645407382,0.850469577132226,0.969964121518476,0.966126919267837,"gpath_3neocort"
"7373","RAB8B","Inh ENOX2 SPHKAP",-0.023216660358027,6.48326499012716,0.521271815722162,0.47080568622453,0.780957264084683,0.76758447123763,"gpath_3neocort"
"7374","APH1B","Inh ENOX2 SPHKAP",-0.150362154903778,5.46366913216989,8.96646250712227,0.00295541463305434,0.0872115990808581,0.0617015214239526,"gpath_3neocort"
"7375","USP3","Inh ENOX2 SPHKAP",0.0356343439688422,5.06083378312999,0.389863967685247,0.532797905069613,0.821597149575279,0.809344372560295,"gpath_3neocort"
"7376","USP3-AS1","Inh ENOX2 SPHKAP",0.0284351397216242,5.04106694389536,0.211612923966378,0.645805959908298,0.881583474433582,0.87384676454708,"gpath_3neocort"
"7377","HERC1","Inh ENOX2 SPHKAP",-0.027114488117746,8.72390589865946,2.5599297896982,0.110550505305606,0.428218305754172,0.398325508654368,"gpath_3neocort"
"7378","AC073167.1","Inh ENOX2 SPHKAP",-0.411575199194578,3.99234618286778,11.258993333828,0.000883754628389281,0.0491771575500275,0.0312733932973806,"gpath_3neocort"
"7379","FAM96A","Inh ENOX2 SPHKAP",-0.107260514365932,4.40746498676566,2.3606006028081,0.125382632687314,0.455401141059378,0.423292172925869,"gpath_3neocort"
"7380","SNX1","Inh ENOX2 SPHKAP",-0.0343578685750255,5.84278190007052,0.857973558679615,0.393973205910679,0.73090323474151,0.711936490435877,"gpath_3neocort"
"7381","PPIB","Inh ENOX2 SPHKAP",-0.101106412919548,4.47820184634621,1.83217960221197,0.176787166591749,0.527113725741106,0.497614484130634,"gpath_3neocort"
"7382","CSNK1G1","Inh ENOX2 SPHKAP",0.00942662088533502,4.60061473920023,0.0250776201546855,0.874269667455235,0.976948901017904,0.973723411811472,"gpath_3neocort"
"7383","TRIP4","Inh ENOX2 SPHKAP",-0.0196399566383952,5.61177159724767,0.193121612402782,0.660615801220733,0.886412322509415,0.881642946053214,"gpath_3neocort"
"7384","ZNF609","Inh ENOX2 SPHKAP",0.0411722449359145,7.92690326669092,2.97875819021849,0.0852903792383899,0.386184312630241,0.352139050121311,"gpath_3neocort"
"7385","OAZ2","Inh ENOX2 SPHKAP",0.00194649256455125,5.15163416912144,0.00133887490753924,0.970833303409856,0.996098905131723,0.996431891877366,"gpath_3neocort"
"7386","ANKDD1A","Inh ENOX2 SPHKAP",0.0027718099346179,5.50506256687763,0.00364750901220903,0.951877533321343,0.994776274703702,0.993369045589323,"gpath_3neocort"
"7387","SPG21","Inh ENOX2 SPHKAP",-0.0130524238893408,4.43504259890689,0.0372868984587721,0.846999663199478,0.96857188696802,0.965036000831885,"gpath_3neocort"
"7388","MTFMT","Inh ENOX2 SPHKAP",-0.0944384296193511,5.8420926396797,5.13667063142063,0.0240658958961682,0.224476718617707,0.187853322399048,"gpath_3neocort"
"7389","UBAP1L","Inh ENOX2 SPHKAP",-0.025801955508064,6.61611978421203,0.704083629304355,0.402016106770261,0.734490215333733,0.717790552040092,"gpath_3neocort"
"7390","PDCD7","Inh ENOX2 SPHKAP",0.0495055273581835,6.62220226616369,1.84679741552095,0.175074848511503,0.525224545534509,0.495253714948695,"gpath_3neocort"
"7391","CLPX","Inh ENOX2 SPHKAP",-0.0480816081256432,5.04739099133257,0.695204890770784,0.404996536027222,0.736614998434248,0.719790205038004,"gpath_3neocort"
"7392","PARP16","Inh ENOX2 SPHKAP",0.00653432991352983,5.49926273092256,0.0208071348688751,0.885392743195004,0.979658385812387,0.977143716587897,"gpath_3neocort"
"7393","IGDCC3","Inh ENOX2 SPHKAP",-0.126076045226638,4.20422299671826,2.34832466655553,0.126365960713497,0.456270876775142,0.424917814220769,"gpath_3neocort"
"7394","DPP8","Inh ENOX2 SPHKAP",-0.0444671196580263,6.54412427054937,2.25639140909493,0.134010244210947,0.46656837973765,0.436534950345128,"gpath_3neocort"
"7395","HACD3","Inh ENOX2 SPHKAP",-0.109863771583981,6.88096275379328,14.0662994647236,0.000208031946098567,0.0235856623782644,0.0133255423067794,"gpath_3neocort"
"7396","INTS14","Inh ENOX2 SPHKAP",-0.00332194051556852,4.5223733337074,0.00256781152536213,0.959615973515513,0.995700592042286,0.994834109522038,"gpath_3neocort"
"7397","DENND4A","Inh ENOX2 SPHKAP",0.0512375037000494,7.9577565887716,4.95454784008798,0.0266902438572724,0.235852626753284,0.197711631879671,"gpath_3neocort"
"7398","RAB11A","Inh ENOX2 SPHKAP",-0.1694266690123,6.21132050265538,11.7460728779901,0.000686050234906334,0.0439263228631317,0.0268891541254746,"gpath_3neocort"
"7399","DIS3L","Inh ENOX2 SPHKAP",-0.0576154541912359,5.14065625960797,1.10271496643058,0.294431555325772,0.651286674941008,0.626933571255547,"gpath_3neocort"
"7400","TIPIN","Inh ENOX2 SPHKAP",0.102803497541657,4.85832575563196,3.43942022654951,0.0645407264287595,0.338975120654707,0.307336857946296,"gpath_3neocort"
"7401","MAP2K1","Inh ENOX2 SPHKAP",0.0364602779918002,5.92453694972024,0.826044520531416,0.364075261080641,0.710163633554163,0.688771743652782,"gpath_3neocort"
"7402","SNAPC5","Inh ENOX2 SPHKAP",-0.174760672399147,4.24270836174372,3.76831816010453,0.0530744446584308,0.313924964791509,0.279346973682145,"gpath_3neocort"
"7403","RPL4","Inh ENOX2 SPHKAP",0.0568256242704575,5.70050265819049,1.12839446856992,0.288886823549188,0.645948223594981,0.621841446254702,"gpath_3neocort"
"7404","AAGAB","Inh ENOX2 SPHKAP",-0.065947121830011,4.98217327464265,1.19663211510743,0.274785482731743,0.634114126769069,0.608262112738606,"gpath_3neocort"
"7405","IQCH","Inh ENOX2 SPHKAP",-0.112065894668618,4.1604346851144,1.49874158765876,0.221729386208772,0.579354935627893,0.552501963879165,"gpath_3neocort"
"7406","C15orf61","Inh ENOX2 SPHKAP",0.0441431957863192,4.30793937515207,0.348303029565108,0.555475068944124,0.83656297887069,0.82271174711629,"gpath_3neocort"
"7407","MAP2K5","Inh ENOX2 SPHKAP",-0.0569953983249375,7.59566595603884,4.11365341178623,0.0433329855252769,0.286045634981411,0.252365800653296,"gpath_3neocort"
"7408","PIAS1","Inh ENOX2 SPHKAP",0.0159133584107154,7.45718130818557,0.546232880890566,0.460380993737223,0.77416510395667,0.760515699728486,"gpath_3neocort"
"7409","FEM1B","Inh ENOX2 SPHKAP",0.0229298325671961,5.78717317756745,0.269489753633072,0.604018645856084,0.85942921878237,0.850657390063854,"gpath_3neocort"
"7410","CORO2B","Inh ENOX2 SPHKAP",0.051912183708302,7.58776952724889,3.50668804074729,0.0619964782018369,0.333377658517598,0.301516794046283,"gpath_3neocort"
"7411","ANP32A","Inh ENOX2 SPHKAP",-0.0333966770488756,5.48852879517633,0.532901916455558,0.720325567939729,0.918385260046279,0.910763111248088,"gpath_3neocort"
"7412","SPESP1","Inh ENOX2 SPHKAP",0.041925171076752,4.90643602741197,0.554543080661401,0.456991841057055,0.772289388908063,0.758162954636906,"gpath_3neocort"
"7413","GLCE","Inh ENOX2 SPHKAP",0.00355199224088353,5.5289148459098,0.00583912870292408,0.939135408807714,0.993518947956843,0.990788158025549,"gpath_3neocort"
"7414","RPLP1","Inh ENOX2 SPHKAP",-0.0199965347695206,5.56702579949896,0.0791392184680441,0.778641819562708,0.944495130113347,0.937693403517743,"gpath_3neocort"
"7415","DRAIC","Inh ENOX2 SPHKAP",-0.0734981887761547,4.82467277639625,1.1254923917654,0.289506706586185,0.646609245122997,0.622381076221205,"gpath_3neocort"
"7416","TLE3","Inh ENOX2 SPHKAP",0.219686285277809,4.67199018044555,12.594285732918,0.000442456160032161,0.0352535372921531,0.0208725942673791,"gpath_3neocort"
"7417","LARP6","Inh ENOX2 SPHKAP",0.0610082057886168,4.50174088468329,0.819769142546789,0.36590144003543,0.711865305342764,0.690455381468938,"gpath_3neocort"
"7418","LRRC49","Inh ENOX2 SPHKAP",0.0583780161385189,6.84402113634666,3.68869887542655,0.055634964996604,0.318589701433256,0.286336821642516,"gpath_3neocort"
"7419","THSD4","Inh ENOX2 SPHKAP",-0.0949031722798759,5.52506597789573,1.39720367637536,0.238034616413895,0.598497571556547,0.570538915896786,"gpath_3neocort"
"7420","THSD4-AS1","Inh ENOX2 SPHKAP",0.0663796598365328,5.23223432726746,1.18998776427451,0.276119692719603,0.635281253780055,0.609625026453531,"gpath_3neocort"
"7421","MYO9A","Inh ENOX2 SPHKAP",-0.000172635236620243,8.19829584810641,6.84039658519941e-05,0.993405982274939,0.998951897108485,0.999230584925731,"gpath_3neocort"
"7422","PKM","Inh ENOX2 SPHKAP",-0.0378942658726682,6.96916556312927,0.845223241895041,0.358571789103442,0.705523532709841,0.683708046855633,"gpath_3neocort"
"7423","PARP6","Inh ENOX2 SPHKAP",0.0238084962804016,5.35178762196239,0.268666098349757,0.604571753821735,0.859527413169609,0.850960346765584,"gpath_3neocort"
"7424","AC009690.3","Inh ENOX2 SPHKAP",0.157382827937354,4.32540724160016,4.32556906984069,0.0383074425429744,0.273876430580498,0.237361277369544,"gpath_3neocort"
"7425","AC009690.2","Inh ENOX2 SPHKAP",-0.313803565290969,4.23557379174857,11.7468588616632,0.000685770520327647,0.0439263228631317,0.0268829014646702,"gpath_3neocort"
"7426","AC009690.1","Inh ENOX2 SPHKAP",-0.0436008920232697,6.45924304425284,1.27094955578818,0.260399238936579,0.619803803587612,0.594140652138131,"gpath_3neocort"
"7427","ARIH1","Inh ENOX2 SPHKAP",0.038337890606364,7.85762364390347,2.39878504185964,0.122378125356912,0.450428373769548,0.4184245213292,"gpath_3neocort"
"7428","BBS4","Inh ENOX2 SPHKAP",-0.121840030946296,5.18514605398103,6.4157505503511,0.0117692766840518,0.160541254450746,0.130208901867909,"gpath_3neocort"
"7429","ADPGK","Inh ENOX2 SPHKAP",-0.0725754627886184,4.84854695526062,1.60201057977948,0.206502200154711,0.562921402061108,0.534899985472851,"gpath_3neocort"
"7430","NEO1","Inh ENOX2 SPHKAP",0.0891832942702749,6.79043932548273,7.55449025039026,0.00631197818479535,0.123857366202723,0.0941623044119787,"gpath_3neocort"
"7431","NPTN","Inh ENOX2 SPHKAP",0.0277581806757277,7.63619637567527,1.27234982948613,0.260137313856189,0.619519971223177,0.593801274600644,"gpath_3neocort"
"7432","CD276","Inh ENOX2 SPHKAP",-0.0340549925960079,4.85370539861186,0.296777782508233,0.586273716711726,0.851005482030775,0.840780981379962,"gpath_3neocort"
"7433","C15orf59","Inh ENOX2 SPHKAP",-0.0258753809649598,4.37872241617361,0.121653796760951,0.727467830343371,0.921591595468346,0.914260803659727,"gpath_3neocort"
"7434","STOML1","Inh ENOX2 SPHKAP",0.00068503111957614,4.35599981989106,2.2895557258041e-05,0.996185054109465,0.99916057852693,0.999524747459,"gpath_3neocort"
"7435","UBL7","Inh ENOX2 SPHKAP",0.064288546189897,3.54829822113242,0.337709838481769,0.561546745834769,0.839116879236982,0.826249910572006,"gpath_3neocort"
"7436","ARID3B","Inh ENOX2 SPHKAP",0.0156882079304052,4.75582754630268,0.062769987015483,0.802324553550982,0.952551397154178,0.947648675211281,"gpath_3neocort"
"7437","CLK3","Inh ENOX2 SPHKAP",-0.0227766722563991,4.389553484491,0.116577193322981,0.732991933036796,0.924814619144954,0.917048602938712,"gpath_3neocort"
"7438","EDC3","Inh ENOX2 SPHKAP",0.00320273194066898,5.14060909747112,0.00415951561275513,0.976358426080772,0.997368972015209,0.997277122462654,"gpath_3neocort"
"7439","CSK","Inh ENOX2 SPHKAP",0.0818813158291645,4.40057307080954,1.49356862377232,0.222526838312874,0.580528481548762,0.553280924426168,"gpath_3neocort"
"7440","ULK3","Inh ENOX2 SPHKAP",-0.0214677299354865,4.83589520233697,0.132534088690144,0.716049686918529,0.916286132558312,0.908752943721142,"gpath_3neocort"
"7441","FAM219B","Inh ENOX2 SPHKAP",-0.065410413178727,4.77875690225067,1.28520070272272,0.257748729143157,0.616394185755419,0.591426755056437,"gpath_3neocort"
"7442","COX5A","Inh ENOX2 SPHKAP",-0.0504179882826707,4.56399645348533,0.445951500996716,0.504725770558453,0.80219023236465,0.790090173587641,"gpath_3neocort"
"7443","RPP25","Inh ENOX2 SPHKAP",-0.204105711354681,4.2601765088307,5.31558780187052,0.0217487989484547,0.214393656112125,0.178576943601398,"gpath_3neocort"
"7444","SCAMP5","Inh ENOX2 SPHKAP",-0.0741034543409943,7.46414018209274,5.690339391096,0.0176165339533983,0.194236111072003,0.160989926210191,"gpath_3neocort"
"7445","PPCDC","Inh ENOX2 SPHKAP",0.0473445593009448,5.15450314787426,0.700488248854986,0.40321913806237,0.735584107615467,0.718636389155246,"gpath_3neocort"
"7446","NEIL1","Inh ENOX2 SPHKAP",-0.0980429833399092,5.37016990292782,3.88501866699624,0.0495454098365143,0.304931980767736,0.270103485818007,"gpath_3neocort"
"7447","MAN2C1","Inh ENOX2 SPHKAP",0.0529063847782838,5.53282419643999,1.52998338942172,0.342600307495953,0.691792487500585,0.670058425525412,"gpath_3neocort"
"7448","SIN3A","Inh ENOX2 SPHKAP",-0.00609869569603204,5.19206329598704,0.0160992796967297,0.899109532805151,0.984807861081458,0.980930644823837,"gpath_3neocort"
"7449","PTPN9","Inh ENOX2 SPHKAP",0.0274317759319623,6.21116767338818,0.507443056955131,0.476745997805067,0.784612561538913,0.771487231829076,"gpath_3neocort"
"7450","IMP3","Inh ENOX2 SPHKAP",-0.0735424025225719,3.99896299199624,0.584176157631186,0.4452205879279,0.762971304613294,0.749888077289675,"gpath_3neocort"
"7451","UBE2Q2","Inh ENOX2 SPHKAP",-0.270249829835916,4.59787317455373,16.3537034189333,6.53313111462848e-05,0.014137695732056,0.00660244032778833,"gpath_3neocort"
"7452","FBXO22","Inh ENOX2 SPHKAP",0.0867035398584324,6.30803288017374,6.70974290488939,0.010009607509276,0.14951136615208,0.11998708559927,"gpath_3neocort"
"7453","NRG4","Inh ENOX2 SPHKAP",-0.0954149795471611,4.69601522902895,1.68402858533717,0.195287048020695,0.548991129799519,0.521476520167099,"gpath_3neocort"
"7454","TMEM266","Inh ENOX2 SPHKAP",-0.0508136292252399,5.70630383098518,1.37625156832388,0.241578044904551,0.601020356464349,0.574249610108737,"gpath_3neocort"
"7455","ETFA","Inh ENOX2 SPHKAP",-0.0995991061473943,5.33303185082051,3.64250712759283,0.0571805282913285,0.322796512754178,0.290303639491866,"gpath_3neocort"
"7456","SCAPER","Inh ENOX2 SPHKAP",0.0113237328382904,8.54396231085166,0.240521192032772,0.624152508224242,0.872265342788525,0.861966914403504,"gpath_3neocort"
"7457","RCN2","Inh ENOX2 SPHKAP",-0.0769426822527368,6.10087054170702,4.09462582017131,0.0438170921551671,0.286573309709436,0.253755462675019,"gpath_3neocort"
"7458","TSPAN3","Inh ENOX2 SPHKAP",0.0389034208916395,6.15774520476866,1.43856623250966,0.231223111524068,0.590674359921662,0.563075649281159,"gpath_3neocort"
"7459","PEAK1","Inh ENOX2 SPHKAP",0.114665875594507,6.92612253242978,11.3240141932012,0.000854328374725001,0.048106485094445,0.0306011359929994,"gpath_3neocort"
"7460","HMG20A","Inh ENOX2 SPHKAP",0.002674273567279,6.23704961907583,0.00659784148259722,0.935310083847303,0.993269159402148,0.990224788505208,"gpath_3neocort"
"7461","LINGO1","Inh ENOX2 SPHKAP",0.187568380187965,7.86510583588444,5.95534078972643,0.0151929841774652,0.179986958540337,0.148706160845386,"gpath_3neocort"
"7462","TBC1D2B","Inh ENOX2 SPHKAP",0.0130715000892981,5.49594952174651,0.0891948465687679,0.765389288077881,0.936351870264121,0.931708222516695,"gpath_3neocort"
"7463","IDH3A","Inh ENOX2 SPHKAP",-0.0890022552081305,5.39624984739036,3.24111163415566,0.0727155909193511,0.359129062358121,0.325887956666371,"gpath_3neocort"
"7464","DNAJA4","Inh ENOX2 SPHKAP",0.138498750279708,5.52646427449689,3.16716768482921,0.0760433619986722,0.368046848480651,0.333035502510573,"gpath_3neocort"
"7465","WDR61","Inh ENOX2 SPHKAP",-0.0210904287002827,5.63663546987508,0.212262953571337,0.645299822693108,0.881448868178843,0.873625541170964,"gpath_3neocort"
"7466","IREB2","Inh ENOX2 SPHKAP",-0.00803653279712694,6.32052248160976,0.0676114450847728,0.795007285736997,0.950809763991382,0.944742970960571,"gpath_3neocort"
"7467","PSMA4","Inh ENOX2 SPHKAP",0.0464066975302632,4.87540312457525,0.76770037216622,0.38156018601675,0.722885815453524,0.702533150116946,"gpath_3neocort"
"7468","MORF4L1","Inh ENOX2 SPHKAP",0.0533385840436126,6.95230657399201,2.31466816392955,0.129106393170318,0.45973237758398,0.428999680949995,"gpath_3neocort"
"7469","RASGRF1","Inh ENOX2 SPHKAP",-0.0368922987089821,7.09302887439122,1.99639517232828,0.158606587271674,0.504274505562355,0.472589447496583,"gpath_3neocort"
"7470","ANKRD34C-AS1","Inh ENOX2 SPHKAP",0.013361992483618,6.93372832705672,0.114677818794215,0.735093239038552,0.925926524609678,0.91828027706926,"gpath_3neocort"
"7471","TMED3","Inh ENOX2 SPHKAP",-0.0139008034968452,4.21377418051735,0.027598212916753,0.868157617263857,0.974773868676512,0.97187273470424,"gpath_3neocort"
"7472","KIAA1024","Inh ENOX2 SPHKAP",0.12172783245277,4.34629561987513,2.45263459995498,0.118276327599458,0.444186223742197,0.411588745976644,"gpath_3neocort"
"7473","ZFAND6","Inh ENOX2 SPHKAP",-2.91575499403732e-05,4.60212101781239,2.94774248173091e-05,0.995671304210766,0.99916057852693,0.999439488236285,"gpath_3neocort"
"7474","AC016705.2","Inh ENOX2 SPHKAP",-0.0546837958709957,4.14238630370224,0.3455496169429,0.557041161593146,0.836996892003553,0.82354699227926,"gpath_3neocort"
"7475","ARNT2","Inh ENOX2 SPHKAP",-0.0326123547981093,8.77567626537296,2.65647023789566,0.104073648142464,0.417116900789247,0.387118772225692,"gpath_3neocort"
"7476","ABHD17C","Inh ENOX2 SPHKAP",-0.0406033558742381,4.63919489069279,0.459526846220812,0.49831531352587,0.799570690907056,0.786185507600426,"gpath_3neocort"
"7477","CEMIP","Inh ENOX2 SPHKAP",0.0465084449645423,3.57412728681037,0.121528192100945,0.727602932410719,0.921591595468346,0.914315778523744,"gpath_3neocort"
"7478","MESD","Inh ENOX2 SPHKAP",-0.0898835351723254,4.75018185150782,2.35480752603237,0.125845601826945,0.455401141059378,0.424017805628403,"gpath_3neocort"
"7479","CFAP161","Inh ENOX2 SPHKAP",0.00532716474396598,6.86530654937223,0.0134722587241655,0.907666891651842,0.986810337267571,0.983280889149436,"gpath_3neocort"
"7480","IL16","Inh ENOX2 SPHKAP",-0.0355490554533664,3.9480993490524,0.117447251632495,0.732035758041612,0.9242271764306,0.916559792635311,"gpath_3neocort"
"7481","AC104041.1","Inh ENOX2 SPHKAP",-0.225053689937853,4.20997511220895,3.44405740049915,0.0643617953009875,0.338420714169015,0.306889870919831,"gpath_3neocort"
"7482","EFL1","Inh ENOX2 SPHKAP",-0.0564914035863449,5.03606640774692,1.08564126887912,0.31312485436696,0.66634830240941,0.644158568244637,"gpath_3neocort"
"7483","SAXO2","Inh ENOX2 SPHKAP",0.0776734200505887,4.53676637356826,1.18066618873536,0.278005303005758,0.63630930385357,0.611344463647268,"gpath_3neocort"
"7484","RPS17","Inh ENOX2 SPHKAP",-0.158281678443818,3.17586044319717,0.995154028942694,0.319209335978061,0.671228787249916,0.649710866614186,"gpath_3neocort"
"7485","CPEB1","Inh ENOX2 SPHKAP",-0.0138671463808334,5.05470538825789,0.0522101840466816,0.819401141269202,0.958326597322361,0.954358945467349,"gpath_3neocort"
"7486","AP3B2","Inh ENOX2 SPHKAP",-0.0311749761872679,6.5675097156954,0.989866032932148,0.354753222031059,0.70343858198706,0.680512368557717,"gpath_3neocort"
"7487","WHAMM","Inh ENOX2 SPHKAP",-0.0951485701295996,4.70046894300581,2.47609446760493,0.116537317378316,0.44122877007389,0.408608317081838,"gpath_3neocort"
"7488","HOMER2","Inh ENOX2 SPHKAP",0.0404724199899284,4.87366058630969,0.523505820693619,0.469857299355083,0.780796993365153,0.766943850673508,"gpath_3neocort"
"7489","C15orf40","Inh ENOX2 SPHKAP",-0.0523659650260219,4.74060373054886,0.675691096068433,0.41166184651535,0.740443860614422,0.724658500160512,"gpath_3neocort"
"7490","BTBD1","Inh ENOX2 SPHKAP",-0.000660649212352414,5.48152251473169,0.000145899164696042,0.990369912212273,0.998951897108485,0.998791122003379,"gpath_3neocort"
"7491","HDGFL3","Inh ENOX2 SPHKAP",0.0101762841599042,6.68522161919886,0.123368526609405,0.725631218574842,0.920875843394561,0.913452670687651,"gpath_3neocort"
"7492","AC103876.1","Inh ENOX2 SPHKAP",-0.0125411912889591,4.39748834806922,0.0262980412668944,0.871272803319631,0.976081680883947,0.972779112062469,"gpath_3neocort"
"7493","SH3GL3","Inh ENOX2 SPHKAP",-0.0414046970869597,8.85567672098831,3.12990528741716,0.0777822993529573,0.371551803833677,0.336600456408673,"gpath_3neocort"
"7494","ADAMTSL3","Inh ENOX2 SPHKAP",0.0877611090123187,8.12221527345512,5.90181197253641,0.015653055448657,0.182134990769766,0.151124115322203,"gpath_3neocort"
"7495","UBE2Q2L","Inh ENOX2 SPHKAP",0.0378133980069645,4.74683265659947,0.414589696503004,0.52009174573381,0.813290654399328,0.800596254748362,"gpath_3neocort"
"7496","WDR73","Inh ENOX2 SPHKAP",-0.0527166250746702,5.00678676291678,1.0459013704598,0.307194343093556,0.66417817785192,0.638868070722873,"gpath_3neocort"
"7497","SEC11A","Inh ENOX2 SPHKAP",-0.068185128224249,5.01326127360641,1.64705339330139,0.200251692969207,0.554779796908717,0.527336609352906,"gpath_3neocort"
"7498","ZNF592","Inh ENOX2 SPHKAP",-0.024546360383833,5.07495454570869,0.214728597684487,0.643388481998844,0.881158322700629,0.872580195368816,"gpath_3neocort"
"7499","PDE8A","Inh ENOX2 SPHKAP",-0.0390017521540656,6.62713284566107,0.874786049433743,0.350310603814204,0.698612463637666,0.676776208287759,"gpath_3neocort"
"7500","AKAP13","Inh ENOX2 SPHKAP",-0.0441971682822742,4.50347535393803,0.2695769822254,0.603960132260016,0.85942921878237,0.850629380633387,"gpath_3neocort"
"7501","AGBL1","Inh ENOX2 SPHKAP",0.0456167915536321,5.42875732923147,0.302623200025876,0.582610879610427,0.849829949917067,0.838672754619133,"gpath_3neocort"
"7502","NTRK3","Inh ENOX2 SPHKAP",0.0386704938391227,7.17310797717202,0.912753123339967,0.34007712717351,0.690219063029521,0.667888760512012,"gpath_3neocort"
"7503","MRPS11","Inh ENOX2 SPHKAP",-0.101951616897218,4.74417419220967,2.39014230652819,0.12305107937049,0.450816934127098,0.419432174189929,"gpath_3neocort"
"7504","DET1","Inh ENOX2 SPHKAP",-0.127759804972956,4.50125786835182,3.58903720837116,0.0590270138216877,0.32640832515366,0.294773983136097,"gpath_3neocort"
"7505","ABHD2","Inh ENOX2 SPHKAP",-0.00554881993990419,7.29286469419858,0.0459446403991706,0.830407487179767,0.962916920097718,0.958754530503935,"gpath_3neocort"
"7506","MIR9-3HG","Inh ENOX2 SPHKAP",-0.082111204181617,5.67858895947396,3.12119700909319,0.0781948569373441,0.37271733571016,0.337307611006785,"gpath_3neocort"
"7507","MESP1","Inh ENOX2 SPHKAP",-0.0239656059934882,3.77194198189037,0.0549653492786867,0.814781948698984,0.957064168835621,0.952469596510622,"gpath_3neocort"
"7508","ZNF710","Inh ENOX2 SPHKAP",-0.0770400504995546,4.73263073089717,1.4309844045598,0.232453793757021,0.591645332881827,0.564567931614265,"gpath_3neocort"
"7509","IDH2","Inh ENOX2 SPHKAP",-0.21578864780155,4.43637507683583,9.48016612471416,0.00224950422362598,0.0781607934881385,0.05306595172378,"gpath_3neocort"
"7510","SEMA4B","Inh ENOX2 SPHKAP",-0.123379136220949,5.756182749536,9.59479308872721,0.00211703011520917,0.0757927914040696,0.0512045213235405,"gpath_3neocort"
"7511","AC091167.6","Inh ENOX2 SPHKAP",-0.0239232404241947,5.13870739607505,0.182695094695461,0.669343175379073,0.891420109661025,0.886112562658861,"gpath_3neocort"
"7512","IQGAP1","Inh ENOX2 SPHKAP",0.000681716009701396,5.25952711813744,0.00015957415293498,0.989928732656851,0.998951897108485,0.998790808820012,"gpath_3neocort"
"7513","CRTC3","Inh ENOX2 SPHKAP",-0.0689519175010248,6.7034294493399,5.55594111610016,0.0189956665587417,0.199580353271003,0.16703608594679,"gpath_3neocort"
"7514","BLM","Inh ENOX2 SPHKAP",0.00835204962330571,4.81617359477388,0.0135717479752801,0.907328128775861,0.986765245127383,0.983140099876645,"gpath_3neocort"
"7515","MAN2A2","Inh ENOX2 SPHKAP",-0.0329819232689472,5.0068024509188,0.37656477739353,0.539865871817954,0.826605952792962,0.813424436022201,"gpath_3neocort"
"7516","UNC45A","Inh ENOX2 SPHKAP",-0.109234332839259,5.05500388095451,3.00245479033063,0.0840630812577208,0.383958893382402,0.349581952829781,"gpath_3neocort"
"7517","SV2B","Inh ENOX2 SPHKAP",0.0370951818237964,4.19556030180211,0.167289660880715,0.682794479114844,0.899013615177865,0.893157533321369,"gpath_3neocort"
"7518","SLCO3A1","Inh ENOX2 SPHKAP",0.0629842756589524,7.47786123188355,5.00303269637356,0.0259636565240294,0.232812235019335,0.195166739084969,"gpath_3neocort"
"7519","FAM174B","Inh ENOX2 SPHKAP",0.0187513487067427,5.87421589667857,0.211101481021,0.646204851150843,0.881583474433582,0.874036264914719,"gpath_3neocort"
"7520","AC013394.1","Inh ENOX2 SPHKAP",-0.00843262344592908,5.69028023351656,0.0373872485849789,0.846796473904779,0.968534656199758,0.965001752076603,"gpath_3neocort"
"7521","CHD2","Inh ENOX2 SPHKAP",-0.00664832159703427,6.87657189046676,0.0503493883037354,0.822593860593134,0.96023312140963,0.955596292167175,"gpath_3neocort"
"7522","AC091078.1","Inh ENOX2 SPHKAP",0.0542392211484784,4.00362348421615,0.225963841757917,0.634844113077615,0.876770950666546,0.867821904512678,"gpath_3neocort"
"7523","AC110023.1","Inh ENOX2 SPHKAP",0.0796940755389099,3.87050957807656,0.40863184940986,0.52310365091725,0.814712541151888,0.802537399284087,"gpath_3neocort"
"7524","LINC01197","Inh ENOX2 SPHKAP",-0.0323470163493273,7.42966602130064,1.05011537644723,0.306223383883949,0.663256964471062,0.638024094661229,"gpath_3neocort"
"7525","AC012409.2","Inh ENOX2 SPHKAP",-0.268739174752656,4.34002108571526,7.95618551920295,0.00507929827064363,0.117209020283241,0.0831957491326491,"gpath_3neocort"
"7526","NR2F2-AS1","Inh ENOX2 SPHKAP",0.0468811712766681,8.07512331243816,1.7653248498839,0.184870302719016,0.536833982177159,0.508145341886859,"gpath_3neocort"
"7527","NR2F2","Inh ENOX2 SPHKAP",0.0551155268440043,6.29075111485281,1.32604071583537,0.250335843975445,0.608635712093112,0.58378463477152,"gpath_3neocort"
"7528","LINC00923","Inh ENOX2 SPHKAP",-0.232415700072289,3.55965202480679,2.8160480655102,0.0942629047724415,0.401922427948076,0.369280711813309,"gpath_3neocort"
"7529","IGF1R","Inh ENOX2 SPHKAP",0.0449388499799284,8.13875979670162,3.44551014924884,0.0643058486075185,0.338309213257707,0.30675345213378,"gpath_3neocort"
"7530","AC036108.1","Inh ENOX2 SPHKAP",-0.0303871750671652,6.31202268065377,0.449343215367426,0.503111020787933,0.802111185401587,0.789212351386576,"gpath_3neocort"
"7531","SYNM","Inh ENOX2 SPHKAP",-0.0416419637487314,4.92774192974592,0.451662901303662,0.502011730001471,0.801323245111052,0.788552038556351,"gpath_3neocort"
"7532","LRRC28","Inh ENOX2 SPHKAP",0.0503264943218058,7.19135177696062,2.96178273711355,0.0861815367129173,0.387637784993251,0.354001878862952,"gpath_3neocort"
"7533","MEF2A","Inh ENOX2 SPHKAP",0.0674203068168016,7.46998105897285,7.03733308475323,0.00836469874378825,0.137994785997223,0.108781996238968,"gpath_3neocort"
"7534","LYSMD4","Inh ENOX2 SPHKAP",-0.161765123369717,4.79762454431339,6.65745945734614,0.0103014705273447,0.151534320234565,0.121715345328319,"gpath_3neocort"
"7535","AC090825.1","Inh ENOX2 SPHKAP",0.0616311643492286,3.4697460914634,0.131621118981034,0.7169869603794,0.916487955207854,0.909126963695457,"gpath_3neocort"
"7536","ADAMTS17","Inh ENOX2 SPHKAP",-0.0177860865032844,6.58957747441137,0.0747297356359287,0.784740056462006,0.946213564168876,0.940204293470516,"gpath_3neocort"
"7537","LINS1","Inh ENOX2 SPHKAP",-0.112941653898071,4.88306495698548,4.19494683048479,0.0413274527955475,0.280688185418477,0.246530496184499,"gpath_3neocort"
"7538","ASB7","Inh ENOX2 SPHKAP",0.0260022374735185,4.92811740118873,0.228818378264355,0.632714860213072,0.876011713030152,0.866558058083949,"gpath_3neocort"
"7539","ALDH1A3","Inh ENOX2 SPHKAP",-0.109069079378911,4.33070144866074,1.41102859397222,0.235731177921603,0.595912268739651,0.568189842875422,"gpath_3neocort"
"7540","AC015712.2","Inh ENOX2 SPHKAP",0.0233662247681835,3.76520338448769,0.0569642782883501,0.811506624966201,0.955094454184296,0.951205855363752,"gpath_3neocort"
"7541","LRRK1","Inh ENOX2 SPHKAP",-0.04429761357514,5.70512317622728,0.791713428684491,0.374224045353294,0.717216387462269,0.697010747320184,"gpath_3neocort"
"7542","AC090907.2","Inh ENOX2 SPHKAP",-0.0545280828843388,4.56988568016982,0.606904086618615,0.436508410107481,0.758584963925395,0.743250874886779,"gpath_3neocort"
"7543","CHSY1","Inh ENOX2 SPHKAP",-0.0231800467285692,5.82646284780174,0.335039122091192,0.563097621017914,0.840155822992941,0.82710118024955,"gpath_3neocort"
"7544","SELENOS","Inh ENOX2 SPHKAP",-0.241770527886196,3.97571651665594,6.91883572391508,0.00892494278697071,0.142244014500034,0.112761324987239,"gpath_3neocort"
"7545","SNRPA1","Inh ENOX2 SPHKAP",-0.192492741041471,5.14368423284173,10.1236710653441,0.00160141711692995,0.0660788130706094,0.0436624307815709,"gpath_3neocort"
"7546","PCSK6","Inh ENOX2 SPHKAP",-0.148245572602259,4.71478451906999,2.79549043774068,0.0954679405162017,0.404730868413919,0.371448009967266,"gpath_3neocort"
"7547","TM2D3","Inh ENOX2 SPHKAP",-0.0891475539786446,5.79168908154814,3.43598823255111,0.0646734974836211,0.339185680786275,0.307607097160164,"gpath_3neocort"
"7548","TARSL2","Inh ENOX2 SPHKAP",0.0237978633219647,6.67832470037682,0.539413775538598,0.463191960734345,0.7754810090113,0.762432162820391,"gpath_3neocort"
"7549","SNRNP25","Inh ENOX2 SPHKAP",-0.071843014063858,4.04616529434019,0.575289132437401,0.448700565947865,0.765361028411335,0.752203728513176,"gpath_3neocort"
"7550","MPG","Inh ENOX2 SPHKAP",-0.105289250115469,4.65408972819609,2.10646838475585,0.14761767259569,0.487494224131601,0.456795722771883,"gpath_3neocort"
"7551","NPRL3","Inh ENOX2 SPHKAP",-0.104391964272821,6.05666002491893,9.07062283845461,0.00279595615675283,0.0856982292316283,0.0598757557777531,"gpath_3neocort"
"7552","LUC7L","Inh ENOX2 SPHKAP",0.0323671866768748,6.81162639302799,0.853203225090247,0.356315691007557,0.704576510340379,0.68187903271723,"gpath_3neocort"
"7553","FAM234A","Inh ENOX2 SPHKAP",0.00181034202011776,4.46466480247998,0.000815109663144675,0.977240470325913,0.997627392812008,0.9974016054867,"gpath_3neocort"
"7554","RGS11","Inh ENOX2 SPHKAP",-0.162372231576083,5.87696426744478,13.8264549340978,0.000235125958646907,0.0257264784865571,0.0143933250016691,"gpath_3neocort"
"7555","ARHGDIG","Inh ENOX2 SPHKAP",-0.0686408365321264,5.77341830729152,1.25530691423376,0.263347650529156,0.622337485764163,0.597028995266935,"gpath_3neocort"
"7556","PDIA2","Inh ENOX2 SPHKAP",-0.0599388026393639,5.64054795944527,1.47850631157036,0.224868517469195,0.582850578417626,0.555910411383281,"gpath_3neocort"
"7557","AXIN1","Inh ENOX2 SPHKAP",-0.0997426874440595,5.03921939532444,3.23730338818261,0.0728830853960115,0.359548479862578,0.32629710168921,"gpath_3neocort"
"7558","MRPL28","Inh ENOX2 SPHKAP",0.0851574909386409,4.04473638335384,1.15625200199378,0.283021671523362,0.640385789146006,0.616014425774727,"gpath_3neocort"
"7559","NME4","Inh ENOX2 SPHKAP",-0.0450806001504196,5.02899243880954,0.519283312842015,0.47165245736144,0.781512953851575,0.768112255852697,"gpath_3neocort"
"7560","RAB11FIP3","Inh ENOX2 SPHKAP",0.0589184732205154,7.03665962855376,3.44687666614459,0.0642532703485007,0.338309213257707,0.306668616518974,"gpath_3neocort"
"7561","CAPN15","Inh ENOX2 SPHKAP",-0.0438319363669383,4.25276121494801,0.385907558085736,0.557206251880387,0.836996892003553,0.823581607681362,"gpath_3neocort"
"7562","PIGQ","Inh ENOX2 SPHKAP",0.00716742161835542,5.1100438895245,0.0196486704134545,0.999678240759174,0.999883597834104,0.999946465543276,"gpath_3neocort"
"7563","RAB40C","Inh ENOX2 SPHKAP",0.0277947179861504,5.47290610430297,0.373315403929114,0.729963185722675,0.92304655272918,0.915487075872593,"gpath_3neocort"
"7564","METTL26","Inh ENOX2 SPHKAP",0.0027289036140525,4.77338825652668,0.00204086008174617,0.963994163405975,0.995700592042286,0.995522460905793,"gpath_3neocort"
"7565","MCRIP2","Inh ENOX2 SPHKAP",-0.0574115115886656,4.39489854969741,0.604999075086849,0.437228534839885,0.758604397953195,0.743719320477432,"gpath_3neocort"
"7566","RHOT2","Inh ENOX2 SPHKAP",-0.102758645518591,5.2773550701615,3.63205005485348,0.0575367358095832,0.323321147468498,0.291153871968495,"gpath_3neocort"
"7567","RHBDL1","Inh ENOX2 SPHKAP",-0.0338373182163739,5.37875285250539,0.410009860535949,0.522404275050691,0.814712541151888,0.802064498290425,"gpath_3neocort"
"7568","STUB1","Inh ENOX2 SPHKAP",-0.0412972612050689,5.03776540204818,0.367076087884992,0.545014584822919,0.830311643774341,0.816532701001753,"gpath_3neocort"
"7569","FBXL16","Inh ENOX2 SPHKAP",-0.0138551775458886,5.41636320490314,0.0746332940821274,0.784875568664193,0.946213564168876,0.940281032147774,"gpath_3neocort"
"7570","METRN","Inh ENOX2 SPHKAP",0.0618563438979542,4.13140815350684,0.644662646317307,0.422599359476825,0.746602424271648,0.7331516937257,"gpath_3neocort"
"7571","FAM173A","Inh ENOX2 SPHKAP",-0.0825813861661254,4.80605261135469,1.23492111912187,0.267252795845805,0.626355650047281,0.601027252896439,"gpath_3neocort"
"7572","HAGHL","Inh ENOX2 SPHKAP",0.0970202902218675,4.26656802997305,1.79363623485802,0.181395961859372,0.533182576693802,0.503612446882405,"gpath_3neocort"
"7573","NARFL","Inh ENOX2 SPHKAP",0.0289718941629982,4.64664737576511,0.240098947502363,0.806503705702986,0.953122947346563,0.949386399087185,"gpath_3neocort"
"7574","LMF1","Inh ENOX2 SPHKAP",0.00590105718795933,5.76113696335331,0.0190415880320806,0.890330619327053,0.981581153911649,0.978380245964854,"gpath_3neocort"
"7575","UBE2I","Inh ENOX2 SPHKAP",0.0225420806468251,5.68055199344114,0.328454647238839,0.566956763693827,0.842533094772827,0.829300461413402,"gpath_3neocort"
"7576","BAIAP3","Inh ENOX2 SPHKAP",0.018775610400671,6.4915671074067,0.224632703875698,0.63584267741368,0.877252323786555,0.868396177351137,"gpath_3neocort"
"7577","GNPTG","Inh ENOX2 SPHKAP",-0.0204730350669455,5.20691706883166,0.201710473082271,0.65363550257748,0.885001730909529,0.878023522235167,"gpath_3neocort"
"7578","UNKL","Inh ENOX2 SPHKAP",-0.0584369498823746,5.50621618425428,2.03609722837093,0.154539044670911,0.498311661260042,0.466759770323778,"gpath_3neocort"
"7579","CLCN7","Inh ENOX2 SPHKAP",-0.0187410489062119,5.26927945212507,0.15237101662166,0.69652900641542,0.906665989070995,0.899576222387785,"gpath_3neocort"
"7580","IFT140","Inh ENOX2 SPHKAP",0.0950739611892884,5.61462790146226,4.44396376757329,0.0357707151306353,0.270348089325986,0.229747566922166,"gpath_3neocort"
"7581","MAPK8IP3","Inh ENOX2 SPHKAP",0.0363086499619262,7.20393515219371,1.87605211085328,0.171705231081676,0.522002084688595,0.490751549840028,"gpath_3neocort"
"7582","NME3","Inh ENOX2 SPHKAP",-0.0547628014817524,5.31778841533166,1.05928109524533,0.304125217885877,0.661360288470895,0.635990293401058,"gpath_3neocort"
"7583","MRPS34","Inh ENOX2 SPHKAP",0.00644536189933127,4.35982769225238,0.00715606093293116,0.932635331664045,0.992725295505717,0.989516341300263,"gpath_3neocort"
"7584","SPSB3","Inh ENOX2 SPHKAP",-0.0799745583588372,4.91374943684687,1.5545699014479,0.213337208005632,0.570038875104407,0.542754063578755,"gpath_3neocort"
"7585","HAGH","Inh ENOX2 SPHKAP",-0.0485917018733068,6.5392657894816,2.08237050927447,0.149947391854419,0.491068244107327,0.4601696126523,"gpath_3neocort"
"7586","FAHD1","Inh ENOX2 SPHKAP",-0.0761754146068432,4.35631287617741,0.941505091675909,0.332594403709752,0.683900045157096,0.661649317739628,"gpath_3neocort"
"7587","MEIOB","Inh ENOX2 SPHKAP",-0.2129651940985,3.83021310456934,3.85501899933417,0.0504281258893998,0.307454341853496,0.272373738368794,"gpath_3neocort"
"7588","NDUFB10","Inh ENOX2 SPHKAP",-0.228286463622839,4.44183198718042,6.43727469940424,0.0116302306241669,0.159964951720533,0.129495847164465,"gpath_3neocort"
"7589","RPS2","Inh ENOX2 SPHKAP",0.0358762437334934,5.1412973226133,0.273109111180916,0.601600793280595,0.858992566768831,0.84942884879014,"gpath_3neocort"
"7590","SNHG9","Inh ENOX2 SPHKAP",0.0800128810626954,3.96160413322149,0.82174355248746,0.365325503088924,0.711523740488535,0.68995161689924,"gpath_3neocort"
"7591","SYNGR3","Inh ENOX2 SPHKAP",-0.0271384265570346,5.92947648181127,0.364377792680388,0.546495346799927,0.830389902379284,0.817289930317701,"gpath_3neocort"
"7592","TSC2","Inh ENOX2 SPHKAP",-0.0467663851828346,5.70447000808509,1.27995548213604,0.25872035518785,0.617728090451968,0.592447126552487,"gpath_3neocort"
"7593","PKD1","Inh ENOX2 SPHKAP",-0.0329843649873022,7.15405891244761,1.27521507866177,0.259602380051068,0.618851401943035,0.59331427877653,"gpath_3neocort"
"7594","RAB26","Inh ENOX2 SPHKAP",-0.0278543833943865,5.49733037445111,0.371257293701161,0.542734675836956,0.828537963574334,0.815259218891311,"gpath_3neocort"
"7595","SNHG19","Inh ENOX2 SPHKAP",-0.117028816531632,3.93696372721816,1.49683724030287,0.22202255620147,0.579795026090083,0.552845351065412,"gpath_3neocort"
"7596","CASKIN1","Inh ENOX2 SPHKAP",0.0159730234688729,6.00020066909538,0.212471898522632,0.645137330012495,0.881448868178843,0.873514990105578,"gpath_3neocort"
"7597","MLST8","Inh ENOX2 SPHKAP",0.0110470797358145,4.29563842059059,0.022689129665149,0.880359377130073,0.978345111313283,0.975588766916684,"gpath_3neocort"
"7598","BRICD5","Inh ENOX2 SPHKAP",0.000675659285057869,4.25716502383667,0.000165990243186915,0.989728268336458,0.998951897108485,0.998790808820012,"gpath_3neocort"
"7599","PGP","Inh ENOX2 SPHKAP",0.0259831207032453,6.45324307701919,0.327097581445264,0.567758520963855,0.843019287868637,0.829762392701278,"gpath_3neocort"
"7600","ECI1","Inh ENOX2 SPHKAP",0.0500448253539305,4.17614476281095,0.381758623870399,0.537085321859621,0.824052758098905,0.811810534033056,"gpath_3neocort"
"7601","RNPS1","Inh ENOX2 SPHKAP",-0.0902433119186482,6.38307958019238,6.75114400995197,0.00978454506771159,0.147771602677457,0.118547075140181,"gpath_3neocort"
"7602","ABCA3","Inh ENOX2 SPHKAP",-0.0178912963158442,6.82064062465373,0.39857114234079,0.528260650429929,0.817838189807098,0.80598799869593,"gpath_3neocort"
"7603","CCNF","Inh ENOX2 SPHKAP",-0.100724920423959,4.41047136887308,1.96477149205085,0.16193410886067,0.508518010991682,0.477115243303203,"gpath_3neocort"
"7604","TBC1D24","Inh ENOX2 SPHKAP",0.0201553450019919,4.0135802885868,0.0580592892240716,0.809738126479679,0.954456730603235,0.950491533500634,"gpath_3neocort"
"7605","AMDHD2","Inh ENOX2 SPHKAP",-0.0410267413579762,4.14098874650453,0.274854570693375,0.600442054169003,0.858576418388887,0.848736962793304,"gpath_3neocort"
"7606","PDPK1","Inh ENOX2 SPHKAP",-0.0326201528500402,6.50700640997005,1.10017876203388,0.294986550185819,0.651969819725263,0.627470225777783,"gpath_3neocort"
"7607","AC093525.4","Inh ENOX2 SPHKAP",-0.0888302724043766,4.43018467909033,1.46676407293798,0.226714631711413,0.585920138961183,0.558155339383072,"gpath_3neocort"
"7608","SRRM2","Inh ENOX2 SPHKAP",0.0753881384568945,7.47760875632203,8.19744785597567,0.00446037999025581,0.108668033177196,0.0774415705617202,"gpath_3neocort"
"7609","ELOB","Inh ENOX2 SPHKAP",-0.112866811822075,4.95680396646725,2.29990544051177,0.13032934583628,0.461063524463921,0.430911948595012,"gpath_3neocort"
"7610","FLYWCH2","Inh ENOX2 SPHKAP",-0.0135909913059778,4.63347047099486,0.0499772790157943,0.823239719793726,0.960590140474807,0.955855509764517,"gpath_3neocort"
"7611","FLYWCH1","Inh ENOX2 SPHKAP",-0.030680403127611,6.01939710488301,0.697849718096185,0.40410534943879,0.735897276131914,0.719209193883536,"gpath_3neocort"
"7612","HCFC1R1","Inh ENOX2 SPHKAP",-0.120503349477036,5.28680571060593,4.17871758873149,0.0417198571468356,0.281739229470101,0.247812593877854,"gpath_3neocort"
"7613","MMP25-AS1","Inh ENOX2 SPHKAP",-0.206594433733154,4.21089581341232,5.89536795819288,0.0157094055159032,0.182260713946836,0.15141620597545,"gpath_3neocort"
"7614","ZNF205","Inh ENOX2 SPHKAP",0.0638444282362081,3.90044997725739,0.511886902938949,0.474823866724209,0.78303722509066,0.770252967107453,"gpath_3neocort"
"7615","ZNF213","Inh ENOX2 SPHKAP",-0.20135881406348,4.30314927918291,5.88565336630531,0.0157947527709917,0.182675838889629,0.151799694705173,"gpath_3neocort"
"7616","AJ003147.2","Inh ENOX2 SPHKAP",0.125421395737273,3.92520920673804,1.66855967889287,0.197346220902538,0.551886530094301,0.524025367690579,"gpath_3neocort"
"7617","ZNF263","Inh ENOX2 SPHKAP",0.0270268768065504,4.36211992326198,0.147855078416682,0.700838733614132,0.908105504900868,0.901576443101155,"gpath_3neocort"
"7618","ZNF75A","Inh ENOX2 SPHKAP",-0.10290512043096,5.33630322866052,4.56590868608842,0.0333418108355696,0.261088385138783,0.221625793869753,"gpath_3neocort"
"7619","AC025283.3","Inh ENOX2 SPHKAP",-0.0434187777946931,4.45729278152016,0.401343061364771,0.526830764861806,0.817136416607959,0.805011092547475,"gpath_3neocort"
"7620","NAA60","Inh ENOX2 SPHKAP",0.148952475441234,4.2665189654106,4.17933115051177,0.0417049506107493,0.281739229470101,0.247794638508254,"gpath_3neocort"
"7621","CLUAP1","Inh ENOX2 SPHKAP",-0.0359627655135403,5.98415744084944,1.1510182552657,0.284111949398017,0.640556855832835,0.617049485232183,"gpath_3neocort"
"7622","SLX4","Inh ENOX2 SPHKAP",-0.174920349785947,4.40491798538869,5.24098435273666,0.0226853583055827,0.216739029984882,0.182423196403187,"gpath_3neocort"
"7623","DNASE1","Inh ENOX2 SPHKAP",-0.0659784963758137,5.41690845200501,2.04796175013785,0.153346675320977,0.496956206080444,0.465138897013567,"gpath_3neocort"
"7624","TRAP1","Inh ENOX2 SPHKAP",-0.00592409658568585,6.32475313180059,0.0297728161473563,0.86311140738954,0.97302371905063,0.970339322971104,"gpath_3neocort"
"7625","CREBBP","Inh ENOX2 SPHKAP",0.0430986134305083,7.29187533830113,3.01847339652352,0.0832443102237756,0.382608998598156,0.34791051112041,"gpath_3neocort"
"7626","ADCY9","Inh ENOX2 SPHKAP",-0.0285412304390489,6.88542570991281,0.839794628369335,0.360117831445045,0.706645558303972,0.684968788098883,"gpath_3neocort"
"7627","DNAJA3","Inh ENOX2 SPHKAP",-0.112631187506169,4.95526202201106,3.81936665938226,0.0514989373705788,0.308815453547989,0.275298946298985,"gpath_3neocort"
"7628","NMRAL1","Inh ENOX2 SPHKAP",-0.16564592013266,4.64075392677306,6.37469747485135,0.0120392567839473,0.161063052809379,0.131742722796836,"gpath_3neocort"
"7629","HMOX2","Inh ENOX2 SPHKAP",-0.0878641489905147,5.06993314460437,2.53631568510331,0.11220164559754,0.431524338400018,0.401160205859283,"gpath_3neocort"
"7630","CDIP1","Inh ENOX2 SPHKAP",0.00795713076243127,6.22291994285693,0.0423656954400402,0.837049876179769,0.964409807647727,0.961270471024726,"gpath_3neocort"
"7631","UBALD1","Inh ENOX2 SPHKAP",0.163550821197887,4.37073758916184,5.6955852054563,0.0175648594933813,0.19415051276566,0.160804049291492,"gpath_3neocort"
"7632","MGRN1","Inh ENOX2 SPHKAP",-0.0227009092376481,5.91715404837389,0.348802024555166,0.555192143518247,0.836525002874932,0.822577454276085,"gpath_3neocort"
"7633","NUDT16L1","Inh ENOX2 SPHKAP",-0.0758631134499129,4.10774667210502,0.74314138407902,0.389275992198869,0.727649032330622,0.708549614591974,"gpath_3neocort"
"7634","ANKS3","Inh ENOX2 SPHKAP",-0.0647675849822813,6.15479160498732,3.62598646184616,0.0577443685424797,0.32391397515361,0.291722786610136,"gpath_3neocort"
"7635","ZNF500","Inh ENOX2 SPHKAP",0.0522194321293394,4.63250531058528,0.766488285084423,0.41182808427159,0.740496404540497,0.724760066873585,"gpath_3neocort"
"7636","ROGDI","Inh ENOX2 SPHKAP",-0.018330021094003,4.58007947316167,0.0654597785220731,0.798223591064434,0.951769478362368,0.946092120500017,"gpath_3neocort"
"7637","GLYR1","Inh ENOX2 SPHKAP",0.00548950850613935,6.11952572472721,0.0284336096000937,0.866195678081594,0.973907575702409,0.971206214390696,"gpath_3neocort"
"7638","UBN1","Inh ENOX2 SPHKAP",0.00217473462596966,4.9022268942784,0.00162803818911826,0.967839073775278,0.995859773924732,0.996051448286223,"gpath_3neocort"
"7639","NAGPA","Inh ENOX2 SPHKAP",-0.14800294971255,4.74062930113413,5.7712226739575,0.0168370134045233,0.188597546621741,0.157158779303854,"gpath_3neocort"
"7640","RBFOX1","Inh ENOX2 SPHKAP",-0.000914849553513305,13.4402465713125,0.00328555188098594,0.954324835105259,0.995247935921674,0.993721656638202,"gpath_3neocort"
"7641","METTL22","Inh ENOX2 SPHKAP",0.021333872721762,4.71952423124367,0.157757380594044,0.691483814670804,0.903848239901247,0.897193468329736,"gpath_3neocort"
"7642","ABAT","Inh ENOX2 SPHKAP",0.0322407935302544,7.76287016994999,1.74224938269427,0.187759537684848,0.540830947190562,0.511923912078209,"gpath_3neocort"
"7643","PMM2","Inh ENOX2 SPHKAP",-0.0918594562752757,4.85420179174345,2.31553996724064,0.129034575062174,0.45973237758398,0.428909140393239,"gpath_3neocort"
"7644","CARHSP1","Inh ENOX2 SPHKAP",-0.0515611719223852,4.38546556756091,0.634587820912558,0.635355499710229,0.87697971030166,0.868082007886835,"gpath_3neocort"
"7645","USP7","Inh ENOX2 SPHKAP",0.0478796478840241,6.15011219755728,2.10844012871331,0.147428873442271,0.487160627614808,0.456486056778822,"gpath_3neocort"
"7646","C16orf72","Inh ENOX2 SPHKAP",0.0858709784643518,5.46278915912015,3.84207092486379,0.0508142579436792,0.307990517734783,0.273534619187546,"gpath_3neocort"
"7647","GRIN2A","Inh ENOX2 SPHKAP",0.0708520533805035,9.25854479897155,5.93979122858825,0.0153251688434875,0.180892720239857,0.149466785890282,"gpath_3neocort"
"7648","ATF7IP2","Inh ENOX2 SPHKAP",-0.0146406506134231,5.56728409827923,0.0795996103463448,0.778015780394724,0.944495130113347,0.937425220661898,"gpath_3neocort"
"7649","NUBP1","Inh ENOX2 SPHKAP",-0.14117190530992,4.19988153342294,2.99704040840622,0.0843418038346134,0.384513336021285,0.350226651262,"gpath_3neocort"
"7650","TVP23A","Inh ENOX2 SPHKAP",-0.0449827999761284,6.04280000805537,1.3935719613603,0.238644251244927,0.598809416051132,0.571141873549048,"gpath_3neocort"
"7651","DEXI","Inh ENOX2 SPHKAP",-0.0758515021541482,4.3810854638273,1.09258504472099,0.296656335872756,0.654175588480276,0.628982405963657,"gpath_3neocort"
"7652","CLEC16A","Inh ENOX2 SPHKAP",-0.0146471077519762,7.27561269385136,0.240280071280061,0.624326292794827,0.872265342788525,0.862031280662709,"gpath_3neocort"
"7653","TXNDC11","Inh ENOX2 SPHKAP",-0.0877586932914814,5.51383528578463,4.31517476137893,0.038539018706044,0.274537647519719,0.238068109450058,"gpath_3neocort"
"7654","ZC3H7A","Inh ENOX2 SPHKAP",0.0820853658424253,5.69624175907727,5.03159401489062,0.0402133147791432,0.279712328085212,0.243245304668781,"gpath_3neocort"
"7655","RSL1D1","Inh ENOX2 SPHKAP",-0.0663214218325256,4.95928575304242,1.3576934537954,0.447356857383292,0.76479487795598,0.751334453718706,"gpath_3neocort"
"7656","AC007216.4","Inh ENOX2 SPHKAP",0.0141997180433888,5.06771028092028,0.0756603352990037,0.783437251467986,0.945835848598468,0.939650005874745,"gpath_3neocort"
"7657","GSPT1","Inh ENOX2 SPHKAP",-0.0110030668783399,5.93731037270251,0.0960523621760825,0.756813003590413,0.933938848735653,0.927820894703436,"gpath_3neocort"
"7658","SNX29","Inh ENOX2 SPHKAP",-0.0339384796137544,6.71796548114426,1.07006007715121,0.301681544057571,0.659137284279251,0.633720213145211,"gpath_3neocort"
"7659","SHISA9","Inh ENOX2 SPHKAP",-0.284232393113676,4.58228465084863,5.8508905877864,0.0161041151645798,0.18384744838532,0.153319061969403,"gpath_3neocort"
"7660","ERCC4","Inh ENOX2 SPHKAP",-0.0211114541259191,4.93510245214092,0.14834859714487,0.700364099636054,0.908105504900868,0.901370208116756,"gpath_3neocort"
"7661","MKL2","Inh ENOX2 SPHKAP",0.0605296585047956,7.56440950166552,5.61361310307952,0.018390623606139,0.197361266068111,0.164322145055623,"gpath_3neocort"
"7662","PARN","Inh ENOX2 SPHKAP",-0.0365386682952994,6.12759010063387,0.882928394649138,0.34808106528821,0.697747285960224,0.674908170716331,"gpath_3neocort"
"7663","BFAR","Inh ENOX2 SPHKAP",-0.0105089452998769,4.82038159771737,0.0345388245291061,0.996061820174696,0.99916057852693,0.999484192120354,"gpath_3neocort"
"7664","NOMO1","Inh ENOX2 SPHKAP",0.0624307473213687,4.45073775311689,0.809433292692893,0.368937144002569,0.71397255729273,0.692933559269474,"gpath_3neocort"
"7665","NPIPA1","Inh ENOX2 SPHKAP",0.135285406636297,5.0123400065078,4.92952846102997,0.0270734589723139,0.237551136655977,0.199147838421588,"gpath_3neocort"
"7666","PDXDC1","Inh ENOX2 SPHKAP",-0.0609427160158832,6.9184424197385,3.35426399883217,0.0679232391565258,0.348703300903467,0.315177638373008,"gpath_3neocort"
"7667","RRN3","Inh ENOX2 SPHKAP",-0.000507243107567833,5.17583288061202,9.59313821077222e-05,0.992191136672807,0.998951897108485,0.99909549392864,"gpath_3neocort"
"7668","C16orf45","Inh ENOX2 SPHKAP",0.0282207607260822,7.36631864084577,1.23581293023524,0.267080452123654,0.626242629519803,0.600858592827876,"gpath_3neocort"
"7669","MARF1","Inh ENOX2 SPHKAP",0.014200250450418,5.93661870894161,0.13480369619823,0.71373539967755,0.915122491383802,0.907737506620301,"gpath_3neocort"
"7670","FOPNL","Inh ENOX2 SPHKAP",0.0272886943310669,4.72612366157894,0.244997286753397,0.739762599895808,0.92735552117161,0.920392017639566,"gpath_3neocort"
"7671","ABCC1","Inh ENOX2 SPHKAP",-0.0630832809804349,5.79638926602159,2.15003614188088,0.143508982986611,0.482066985191928,0.451137431815893,"gpath_3neocort"
"7672","XYLT1","Inh ENOX2 SPHKAP",0.0490289726493311,8.16138724818818,2.12017411911772,0.146310958601472,0.485277968276954,0.45513625142792,"gpath_3neocort"
"7673","NPIPA8","Inh ENOX2 SPHKAP",0.266517411586283,3.81866960729778,5.307106701381,0.0218532104301021,0.214739216113354,0.179072483142577,"gpath_3neocort"
"7674","RPS15A","Inh ENOX2 SPHKAP",-0.10502558542835,4.24665695764406,1.32802066775546,0.249983191433153,0.608279939574223,0.583372735071574,"gpath_3neocort"
"7675","SMG1","Inh ENOX2 SPHKAP",0.00280403888111973,6.95206840018546,0.0120062886543352,0.939920954229593,0.993518947956843,0.990957079054606,"gpath_3neocort"
"7676","COQ7","Inh ENOX2 SPHKAP",-0.0837632640122872,4.44025746693444,1.31253326939694,0.252758098627798,0.610959791701137,0.586533988911574,"gpath_3neocort"
"7677","SYT17","Inh ENOX2 SPHKAP",-0.117077694985577,5.23683765001937,3.82465165956835,0.0513386900590522,0.308815453547989,0.274847332206794,"gpath_3neocort"
"7678","GDE1","Inh ENOX2 SPHKAP",-0.00370301151638996,4.89723051786746,0.00490377936809474,0.944214156654343,0.993812954766536,0.991767157415617,"gpath_3neocort"
"7679","CCP110","Inh ENOX2 SPHKAP",0.106140036416842,5.90436280702896,9.01900843854033,0.00287384374163807,0.0861013796263929,0.0607756681453479,"gpath_3neocort"
"7680","VPS35L","Inh ENOX2 SPHKAP",-0.0135786597866739,6.80757958873513,0.215344605561106,0.642913042687435,0.881042388079122,0.872268583585264,"gpath_3neocort"
"7681","KNOP1","Inh ENOX2 SPHKAP",0.0704136307838016,4.69914985562592,1.15504952743959,0.283271696415394,0.640385789146006,0.616225151664643,"gpath_3neocort"
"7682","IQCK","Inh ENOX2 SPHKAP",-0.0232145862274975,5.64462170237893,0.209130709042992,0.64774741795554,0.882081437008956,0.874747427752064,"gpath_3neocort"
"7683","GPRC5B","Inh ENOX2 SPHKAP",-0.0148251776031902,4.96067115898664,0.0618975491487658,0.803674713116415,0.952559922311815,0.948116420189773,"gpath_3neocort"
"7684","THUMPD1","Inh ENOX2 SPHKAP",0.0268858294273418,5.40552043761065,0.406573509011685,0.524151412692586,0.814974685741722,0.80315329804827,"gpath_3neocort"
"7685","METTL9","Inh ENOX2 SPHKAP",0.0359582053729762,5.64849118779315,0.853395355045267,0.356261613218047,0.704576510340379,0.68184812364147,"gpath_3neocort"
"7686","NPIPB4","Inh ENOX2 SPHKAP",0.134769833107977,4.16346071688407,3.05691848804969,0.0813143144275589,0.379233138838874,0.343944388742309,"gpath_3neocort"
"7687","UQCRC2","Inh ENOX2 SPHKAP",-0.0650534833707553,6.27352756453211,2.75903311617829,0.097646629494313,0.408104239491682,0.375409424587364,"gpath_3neocort"
"7688","MOSMO","Inh ENOX2 SPHKAP",0.021672040742543,7.00688005341957,0.612306611151584,0.434476013164051,0.757053424929146,0.741775695613954,"gpath_3neocort"
"7689","EEF2K","Inh ENOX2 SPHKAP",-0.0471378015844522,6.39755304055288,1.62992391212832,0.202602001902188,0.556754766278031,0.530242296880471,"gpath_3neocort"
"7690","POLR3E","Inh ENOX2 SPHKAP",-0.187532859036931,4.66048128707403,8.50477131153585,0.003782140269694,0.0992877553976048,0.0705379429055148,"gpath_3neocort"
"7691","CDR2","Inh ENOX2 SPHKAP",0.0613426957016528,7.31247280660722,3.30777420545627,0.069849790794976,0.353526253002525,0.319458392385929,"gpath_3neocort"
"7692","NPIPB5","Inh ENOX2 SPHKAP",0.0942072920094603,5.45804432012618,3.83957785241545,0.0508889651915451,0.307990517734783,0.273690389139551,"gpath_3neocort"
"7693","USP31","Inh ENOX2 SPHKAP",-0.0122177042241512,5.16776022825739,0.0577657720006614,0.810210428664704,0.954491792201414,0.950742736227165,"gpath_3neocort"
"7694","COG7","Inh ENOX2 SPHKAP",-0.113439500366887,5.78424318777769,7.21840999536049,0.00757750391395263,0.133194464104821,0.103419589540353,"gpath_3neocort"
"7695","GGA2","Inh ENOX2 SPHKAP",-0.0734470628537063,7.02191198707489,8.59425548461828,0.00360520849207186,0.0975208897105438,0.0688124210022576,"gpath_3neocort"
"7696","EARS2","Inh ENOX2 SPHKAP",-0.119839025204917,4.44287991056156,3.01019456778167,0.0836663862511316,0.383228254615955,0.348791447752672,"gpath_3neocort"
"7697","UBFD1","Inh ENOX2 SPHKAP",-0.0791335735514319,4.80280869082819,1.88729621368219,0.170430070224899,0.520265838197512,0.489001220151439,"gpath_3neocort"
"7698","NDUFAB1","Inh ENOX2 SPHKAP",-0.0721094376173268,4.56681968317665,1.24642806709234,0.265039686821581,0.624049525407754,0.598700543107918,"gpath_3neocort"
"7699","PALB2","Inh ENOX2 SPHKAP",-0.0628597419488491,4.37853670388108,0.677478099610185,0.411044769811169,0.740443860614422,0.72428495589463,"gpath_3neocort"
"7700","DCTN5","Inh ENOX2 SPHKAP",-0.0107807534511714,6.07362357013298,0.0888992864531146,0.765766885386669,0.936382097623262,0.931892345571022,"gpath_3neocort"
"7701","PRKCB","Inh ENOX2 SPHKAP",-0.0469214659413765,7.28643462456971,2.41433938968001,0.121177307547191,0.447997198517293,0.416436298822975,"gpath_3neocort"
"7702","CACNG3","Inh ENOX2 SPHKAP",-0.0125117127763256,8.32228932734342,0.241359733310338,0.623548981242448,0.871859213479292,0.861669798901525,"gpath_3neocort"
"7703","RBBP6","Inh ENOX2 SPHKAP",0.0269173456386137,6.87243234558963,0.744220623600096,0.38893226274722,0.727649032330622,0.708242080369613,"gpath_3neocort"
"7704","TNRC6A","Inh ENOX2 SPHKAP",-0.00658617671951128,10.2403679731926,0.109773140723093,0.740610693598615,0.927743429387176,0.920766010641748,"gpath_3neocort"
"7705","AC008731.1","Inh ENOX2 SPHKAP",-0.30991493584975,4.11373707508872,7.28287076078327,0.00731600931348783,0.130721648981182,0.101428801242734,"gpath_3neocort"
"7706","ARHGAP17","Inh ENOX2 SPHKAP",-0.0714733000023702,6.1731909320592,3.63847518908579,0.057317591932326,0.323162158741819,0.290715772454471,"gpath_3neocort"
"7707","LCMT1","Inh ENOX2 SPHKAP",-0.0566190285118403,6.28332030306266,2.94005396457099,0.0873370292024396,0.389774514378257,0.356368572963126,"gpath_3neocort"
"7708","HS3ST4","Inh ENOX2 SPHKAP",-0.151077347275615,4.20224926124072,2.10323674644231,0.147927702563864,0.487650632216287,0.457157689898835,"gpath_3neocort"
"7709","NSMCE1","Inh ENOX2 SPHKAP",-0.279540672466028,4.04037457431676,10.6023860613591,0.00124542490726935,0.0600393452821233,0.0376966019868626,"gpath_3neocort"
"7710","GTF3C1","Inh ENOX2 SPHKAP",0.13303179792005,6.39226982141448,15.0413279388084,0.000126718888348999,0.0199030408829444,0.00979088347661227,"gpath_3neocort"
"7711","KIAA0556","Inh ENOX2 SPHKAP",0.0148354042120207,5.91319948766197,0.149121476999502,0.69962261331113,0.908026790407009,0.901003162166749,"gpath_3neocort"
"7712","GSG1L","Inh ENOX2 SPHKAP",0.0898546073398698,4.48511646420642,1.3815209173433,0.240680868965707,0.601020356464349,0.573379387499663,"gpath_3neocort"
"7713","XPO6","Inh ENOX2 SPHKAP",-0.0913189482718989,6.51646476593849,7.79286780304307,0.00554761169727131,0.119887723524239,0.087386995215306,"gpath_3neocort"
"7714","SBK1","Inh ENOX2 SPHKAP",-0.044300225916734,4.36915795539427,0.44229697192035,0.648814397347286,0.882880312297119,0.87533748228569,"gpath_3neocort"
"7715","SGF29","Inh ENOX2 SPHKAP",-0.00376525886958379,4.20551138614777,0.002526421724654,0.959942487805981,0.995700592042286,0.994893480374796,"gpath_3neocort"
"7716","SULT1A1","Inh ENOX2 SPHKAP",-0.0605876781312387,6.17297830491162,2.46069777656297,0.117675400888199,0.443640361536695,0.410620606463972,"gpath_3neocort"
"7717","ATXN2L","Inh ENOX2 SPHKAP",0.0344432293637331,5.67107439205235,0.70702202080744,0.401036788785274,0.734067422065013,0.717037904082035,"gpath_3neocort"
"7718","TUFM","Inh ENOX2 SPHKAP",-0.118431647104763,4.7602421863872,2.56899666235827,0.109923681813311,0.427220481423924,0.397225546325765,"gpath_3neocort"
"7719","SH2B1","Inh ENOX2 SPHKAP",-0.0073498639664701,5.58095378264386,0.0290098025156989,0.864859705542932,0.973690993769157,0.970798413007781,"gpath_3neocort"
"7720","NFATC2IP","Inh ENOX2 SPHKAP",-0.0457429534515783,5.83179367365714,1.29394581203954,0.256138814642603,0.61496049728542,0.58983096426242,"gpath_3neocort"
"7721","SPNS1","Inh ENOX2 SPHKAP",-0.00875787032517413,4.51472326345229,0.0209414558509089,0.885025987633553,0.979658385812387,0.977023368686356,"gpath_3neocort"
"7722","AC009093.2","Inh ENOX2 SPHKAP",0.15867959019304,5.76994280856288,5.82374299977949,0.0163500700681476,0.185567578465759,0.154507816768624,"gpath_3neocort"
"7723","QPRT","Inh ENOX2 SPHKAP",-0.0794716435269216,4.26155943038549,0.91861237954605,0.338534025695908,0.688388422961949,0.666614207060626,"gpath_3neocort"
"7724","MAZ","Inh ENOX2 SPHKAP",0.18119214214393,5.13234321925256,11.2191484365413,0.000902294153991373,0.0499235254066363,0.0316193104588664,"gpath_3neocort"
"7725","CDIPT","Inh ENOX2 SPHKAP",-0.124611916081028,4.9013868694202,3.73212322871438,0.0542225477103994,0.315989927949653,0.28246024596221,"gpath_3neocort"
"7726","SEZ6L2","Inh ENOX2 SPHKAP",-0.072496810872385,7.03651642949123,4.09488873986454,0.0438103640426261,0.286573309709436,0.253732990573466,"gpath_3neocort"
"7727","ASPHD1","Inh ENOX2 SPHKAP",-0.0581943281580465,5.37293165573373,1.64125609674658,0.201043509722793,0.554954916763844,0.528222699697499,"gpath_3neocort"
"7728","KCTD13","Inh ENOX2 SPHKAP",-0.116731719022378,4.76045640937358,2.97360173035274,0.0855600134837818,0.386477689169805,0.352701559024919,"gpath_3neocort"
"7729","TMEM219","Inh ENOX2 SPHKAP",-0.083490436958493,4.48821380622552,1.35571056425567,0.245114683460251,0.602777188803576,0.578085374759737,"gpath_3neocort"
"7730","TAOK2","Inh ENOX2 SPHKAP",0.0703165620859799,4.68473885483192,1.32351799689348,0.250786057350271,0.608880426301453,0.584320628838823,"gpath_3neocort"
"7731","INO80E","Inh ENOX2 SPHKAP",-0.157815746204272,4.18417499156466,4.40296928544333,0.0392137751918051,0.277921210202182,0.240193232068519,"gpath_3neocort"
"7732","DOC2A","Inh ENOX2 SPHKAP",0.0409518752481384,5.0749073403498,0.604356000920047,0.43747203823743,0.758604397953195,0.743895022806129,"gpath_3neocort"
"7733","FAM57B","Inh ENOX2 SPHKAP",-0.0322963845265416,4.62998540905154,0.253112421613591,0.615224169573278,0.865943662026696,0.857119458090862,"gpath_3neocort"
"7734","PPP4C","Inh ENOX2 SPHKAP",0.0391790293584675,4.34865336591842,0.308243134377281,0.579132549249583,0.847855388854142,0.836557621883733,"gpath_3neocort"
"7735","YPEL3","Inh ENOX2 SPHKAP",0.0330583590760659,6.93446329959681,0.555110438760543,0.456761896562924,0.772289388908063,0.758036798844729,"gpath_3neocort"
"7736","MAPK3","Inh ENOX2 SPHKAP",0.023443075468,5.15233955807914,0.150471125390784,0.69833306482974,0.907293841048804,0.900315031984737,"gpath_3neocort"
"7737","CD2BP2","Inh ENOX2 SPHKAP",0.0598400478264309,4.33071658354091,0.673453637223973,0.412436402896155,0.74080992909015,0.725206051648165,"gpath_3neocort"
"7738","TBC1D10B","Inh ENOX2 SPHKAP",-0.125497905443013,4.36092470565225,2.83895153796083,0.0929399023289144,0.399756523356435,0.366880618646928,"gpath_3neocort"
"7739","SEPT1","Inh ENOX2 SPHKAP",-0.0970505002525627,3.9649807951415,1.16468203057773,0.281276695256976,0.639342488240587,0.614200388833288,"gpath_3neocort"
"7740","ZNF771","Inh ENOX2 SPHKAP",-0.0710838306604067,4.66059185106609,1.32857003042294,0.249885451900381,0.608194084130445,0.583238146465583,"gpath_3neocort"
"7741","SEPHS2","Inh ENOX2 SPHKAP",-0.00465342078788835,4.08104724733045,0.00377602947649957,0.951038123316209,0.994776274703702,0.993152503691458,"gpath_3neocort"
"7742","ZNF785","Inh ENOX2 SPHKAP",0.0735387438359722,5.2295652643611,2.40246353032796,0.122092949498488,0.449675167252753,0.417914835942291,"gpath_3neocort"
"7743","PRR14","Inh ENOX2 SPHKAP",-0.017232905744762,4.26021116084875,0.0581631763143858,0.92301312782638,0.990636355721171,0.987202166261027,"gpath_3neocort"
"7744","FBRS","Inh ENOX2 SPHKAP",0.127178062951869,4.38827274589593,3.63395349807408,0.057471721500419,0.323321147468498,0.291009091920863,"gpath_3neocort"
"7745","PHKG2","Inh ENOX2 SPHKAP",-0.100044115692307,4.39466708504403,2.06995957791775,0.15116351092867,0.492977317288474,0.461968593398674,"gpath_3neocort"
"7746","RNF40","Inh ENOX2 SPHKAP",-0.0617666879441793,4.76320454967269,1.19031964684414,0.276052855988754,0.635281253780055,0.609565626966185,"gpath_3neocort"
"7747","BCL7C","Inh ENOX2 SPHKAP",-0.0634319852160447,5.70812706356913,1.94222732593494,0.164355086185779,0.513306552045258,0.480607507002225,"gpath_3neocort"
"7748","MIR762HG","Inh ENOX2 SPHKAP",-0.0704194283258481,4.30146365606662,0.920539640929103,0.33802852150411,0.688088486705732,0.666290650495374,"gpath_3neocort"
"7749","FBXL19","Inh ENOX2 SPHKAP",-0.0424562734116756,4.9421649224176,0.63121728374896,0.4274742723345,0.750996699397502,0.737035529142711,"gpath_3neocort"
"7750","STX1B","Inh ENOX2 SPHKAP",-0.0140776271094076,6.23647203979513,0.140149710294955,0.708370192714901,0.9126897243527,0.905500203312637,"gpath_3neocort"
"7751","KAT8","Inh ENOX2 SPHKAP",0.00234562504157092,5.20579791814762,0.00219396648762354,0.962668952773635,0.995700592042286,0.995385519395733,"gpath_3neocort"
"7752","FUS","Inh ENOX2 SPHKAP",-0.013652622858852,6.97100442355181,0.23335899612227,0.629361325096014,0.874990779461874,0.864920904297508,"gpath_3neocort"
"7753","C16orf58","Inh ENOX2 SPHKAP",-0.163395876028571,4.91074540736187,7.48950730816778,0.00653853008515243,0.12419581335652,0.0958934153877472,"gpath_3neocort"
"7754","ZNF720","Inh ENOX2 SPHKAP",0.0903331130633044,4.97318204885089,2.78728087781619,0.0959538620708188,0.406092744744297,0.372389753311521,"gpath_3neocort"
"7755","VPS35","Inh ENOX2 SPHKAP",-0.0732814178394893,6.19133146962025,3.58766907940457,0.0590750868515569,0.326420132171676,0.294841464794622,"gpath_3neocort"
"7756","C16orf87","Inh ENOX2 SPHKAP",0.028443796318685,4.45182473727751,0.184606990380235,0.667721119942049,0.890181226045559,0.88530655595982,"gpath_3neocort"
"7757","GPT2","Inh ENOX2 SPHKAP",-0.0269971067856314,5.13629630065214,0.303120028069425,0.58230168902555,0.849829949917067,0.838530260499261,"gpath_3neocort"
"7758","DNAJA2","Inh ENOX2 SPHKAP",-0.0164457992062537,4.6731338217217,0.0813845452778155,0.998908924287804,0.999750704645697,0.999834438034748,"gpath_3neocort"
"7759","NETO2","Inh ENOX2 SPHKAP",-0.0857641925720052,7.58994852130243,5.75136680169126,0.017025002240374,0.189690471186226,0.158166280106703,"gpath_3neocort"
"7760","ITFG1","Inh ENOX2 SPHKAP",-0.0194145511835253,8.62508227804517,0.69098305349804,0.406425076468266,0.737250084133714,0.720840872922534,"gpath_3neocort"
"7761","PHKB","Inh ENOX2 SPHKAP",-0.0463725658512963,7.51479221217344,2.15481151080557,0.143066557925787,0.481403642391608,0.450423955176122,"gpath_3neocort"
"7762","LINC02133","Inh ENOX2 SPHKAP",-0.209509566677112,5.76297222761871,7.05777420923452,0.00827177586836165,0.13770032017321,0.108151489279964,"gpath_3neocort"
"7763","LONP2","Inh ENOX2 SPHKAP",0.0198994217042156,7.55544927923429,0.83646462536783,0.361070758209265,0.707323887234324,0.685882043489394,"gpath_3neocort"
"7764","SIAH1","Inh ENOX2 SPHKAP",-0.0689426399955217,4.56528288571156,1.06362389505947,0.303137600135753,0.660244676833362,0.635096909436288,"gpath_3neocort"
"7765","N4BP1","Inh ENOX2 SPHKAP",0.0740653147483335,6.41743344690746,6.41003128665065,0.0118065108545503,0.160541254450746,0.130433315727688,"gpath_3neocort"
"7766","CNEP1R1","Inh ENOX2 SPHKAP",0.104234047937009,4.23950943193516,2.40690472171585,0.121749630298751,0.449090113579256,0.41735879993954,"gpath_3neocort"
"7767","HEATR3","Inh ENOX2 SPHKAP",-0.0282700077206362,4.80981040660973,0.249130689514187,0.618017004236736,0.867689918599335,0.858722703125283,"gpath_3neocort"
"7768","TENT4B","Inh ENOX2 SPHKAP",-0.0144837213676641,6.03136806104057,0.1515574585451,0.953172347423846,0.994776274703702,0.993527973562698,"gpath_3neocort"
"7769","BRD7","Inh ENOX2 SPHKAP",-0.0194428539264438,4.96822955102678,0.131550976556616,0.717059122071127,0.916487955207854,0.909182386227804,"gpath_3neocort"
"7770","CYLD","Inh ENOX2 SPHKAP",0.0581006572366161,5.84410937998356,2.60969176443032,0.107158195576024,0.42418963760948,0.392540576456769,"gpath_3neocort"
"7771","TOX3","Inh ENOX2 SPHKAP",-0.0140199762075176,7.90813440759295,0.256558015778875,0.612829529371177,0.864137555316612,0.855664583612302,"gpath_3neocort"
"7772","CHD9","Inh ENOX2 SPHKAP",0.0356791431398339,8.55107986628204,3.48618807459103,0.0627602686186961,0.335964419011499,0.303358701292635,"gpath_3neocort"
"7773","RBL2","Inh ENOX2 SPHKAP",-0.0104889561232721,6.3804478380801,0.111743749330364,0.73837772813731,0.926920296883384,0.919747963697498,"gpath_3neocort"
"7774","AKTIP","Inh ENOX2 SPHKAP",-0.062181090008276,5.01208013955422,1.70460071163422,0.192587519000548,0.545815481574353,0.517855034468304,"gpath_3neocort"
"7775","RPGRIP1L","Inh ENOX2 SPHKAP",0.0583861262462908,5.39117354094911,1.84436949024007,0.175357919965712,0.525588003886152,0.495637231906526,"gpath_3neocort"
"7776","FTO","Inh ENOX2 SPHKAP",0.0247128247430315,8.55000859031426,1.67348557725557,0.196687742080019,0.551298311957687,0.523186914606805,"gpath_3neocort"
"7777","AC007495.1","Inh ENOX2 SPHKAP",0.0285403141785384,5.74132967330775,0.494644141993302,0.628558419473708,0.874539489760676,0.864448982288192,"gpath_3neocort"
"7778","GNAO1","Inh ENOX2 SPHKAP",0.0319187161845818,8.46964603525384,2.14364722109498,0.144103319463322,0.482723813186732,0.451932884228821,"gpath_3neocort"
"7779","AMFR","Inh ENOX2 SPHKAP",-0.0561381689004073,5.31774125350172,1.73158328729994,0.189112813198301,0.54265657073243,0.513629247454942,"gpath_3neocort"
"7780","NUDT21","Inh ENOX2 SPHKAP",0.0188334527389801,5.75485516290115,0.194207384314553,0.659723254557479,0.886317117013643,0.881258142995094,"gpath_3neocort"
"7781","OGFOD1","Inh ENOX2 SPHKAP",-0.0380005001256476,4.98440282283642,0.455313034701497,0.56602753309229,0.841855961712236,0.828855787305227,"gpath_3neocort"
"7782","BBS2","Inh ENOX2 SPHKAP",0.0483113615027446,6.10818013966781,2.02495829070551,0.155668113810464,0.50038093565194,0.468394777508958,"gpath_3neocort"
"7783","MT3","Inh ENOX2 SPHKAP",-0.000866516685455648,4.69852951205065,6.2040564892303e-05,0.993720171214818,0.998951897108485,0.999277645434445,"gpath_3neocort"
"7784","AC106779.1","Inh ENOX2 SPHKAP",-0.0682879035980068,4.28303760684676,0.761165847554151,0.383591740936354,0.724058223151428,0.704000096858345,"gpath_3neocort"
"7785","NUP93","Inh ENOX2 SPHKAP",-0.0446993119397194,6.93718881843622,2.10529587119729,0.147730073466046,0.487494224131601,0.45688780591716,"gpath_3neocort"
"7786","HERPUD1","Inh ENOX2 SPHKAP",-0.0655518491361743,5.22356127588937,1.33284644310925,0.249126221597311,0.606953001229575,0.582365445390785,"gpath_3neocort"
"7787","FAM192A","Inh ENOX2 SPHKAP",0.00939390235187474,5.19230074325136,0.0356223478404329,0.89644216647672,0.984043062491373,0.980442116008347,"gpath_3neocort"
"7788","RSPRY1","Inh ENOX2 SPHKAP",0.0551696407924053,5.40481925227447,1.55156862710896,0.299195531941529,0.657096547146282,0.631383368399115,"gpath_3neocort"
"7789","ARL2BP","Inh ENOX2 SPHKAP",0.0036354986347204,5.29424612068419,0.00622321422883868,0.937169545757541,0.993269159402148,0.990517514544442,"gpath_3neocort"
"7790","CX3CL1","Inh ENOX2 SPHKAP",0.0488614705453625,5.55890793119802,1.16347337736308,0.281526041237999,0.639342488240587,0.614450512828549,"gpath_3neocort"
"7791","CIAPIN1","Inh ENOX2 SPHKAP",-0.0987618305938147,4.55241341448353,2.20862840129344,0.138185551449017,0.473653959876989,0.442995805025222,"gpath_3neocort"
"7792","COQ9","Inh ENOX2 SPHKAP",-0.0786911854588997,5.19843677058263,2.54939687900266,0.111283643736529,0.429289746926646,0.399551151117664,"gpath_3neocort"
"7793","POLR2C","Inh ENOX2 SPHKAP",-0.104627942429336,4.53329313244511,2.23435892515035,0.135918378104133,0.471022478995746,0.439676987209006,"gpath_3neocort"
"7794","KATNB1","Inh ENOX2 SPHKAP",-0.0186719707240092,4.80289077286876,0.103171287794555,0.748257893928693,0.93023558931158,0.924169500834719,"gpath_3neocort"
"7795","KIFC3","Inh ENOX2 SPHKAP",0.0327496662502297,4.73384072508532,0.340452885011382,0.559962389389149,0.838007337924011,0.825388524109573,"gpath_3neocort"
"7796","CFAP20","Inh ENOX2 SPHKAP",-0.00762027094123123,4.28093956800351,0.0094490485150749,0.922621034738246,0.990636355721171,0.987151390489693,"gpath_3neocort"
"7797","CSNK2A2","Inh ENOX2 SPHKAP",-0.0366445441045476,5.13778124643534,0.508845297512151,0.522970429396654,0.814712541151888,0.80248162266756,"gpath_3neocort"
"7798","NDRG4","Inh ENOX2 SPHKAP",-0.0388273623391566,7.07709808420948,0.931173547964438,0.335257511293269,0.685869253145767,0.663963870445438,"gpath_3neocort"
"7799","CNOT1","Inh ENOX2 SPHKAP",-0.0209804721473616,5.92610556730031,0.33468948733001,0.563301263458151,0.840155822992941,0.827262570655529,"gpath_3neocort"
"7800","SLC38A7","Inh ENOX2 SPHKAP",-0.130815466608281,4.88052731589779,6.21462502932168,0.0131545407099026,0.167846191123169,0.137746767151995,"gpath_3neocort"
"7801","GOT2","Inh ENOX2 SPHKAP",-0.0709748899581778,5.35463519125846,2.34637636144974,0.126522814233575,0.456325616669094,0.425165999798394,"gpath_3neocort"
"7802","AC092378.1","Inh ENOX2 SPHKAP",0.0513691607092565,6.43975300594699,1.06895950220147,0.301929884172888,0.659383990149267,0.634021577372096,"gpath_3neocort"
"7803","CDH8","Inh ENOX2 SPHKAP",0.0758177235248712,9.08539638015694,6.46039988573168,0.011482729556561,0.159059488508948,0.12860210821447,"gpath_3neocort"
"7804","AC138305.1","Inh ENOX2 SPHKAP",-0.178517855712836,3.28495914535966,1.24499163624334,0.265314699419271,0.624076812805777,0.598944908166829,"gpath_3neocort"
"7805","CDH11","Inh ENOX2 SPHKAP",0.0392771084038329,7.47975161128971,1.2598295715158,0.262490945128303,0.621959067374577,0.596220689257233,"gpath_3neocort"
"7806","BEAN1","Inh ENOX2 SPHKAP",-0.135380527170707,4.44609395069307,3.04086565950788,0.0821142238468716,0.380859348939372,0.345622033086052,"gpath_3neocort"
"7807","AC010542.3","Inh ENOX2 SPHKAP",-0.164391725488341,4.3305510774214,4.10283751997494,0.0436074696407916,0.286295004582677,0.253137892630263,"gpath_3neocort"
"7808","CMTM4","Inh ENOX2 SPHKAP",0.00791726332222981,6.02739721570444,0.0577870549039046,0.810176139453294,0.954491792201414,0.950717462156978,"gpath_3neocort"
"7809","DYNC1LI2","Inh ENOX2 SPHKAP",0.0361119894315481,6.28805883647971,1.33047479275728,0.357829284956334,0.705087328390284,0.683141684206051,"gpath_3neocort"
"7810","NAE1","Inh ENOX2 SPHKAP",-0.0356430578193937,6.10312756869749,1.02669148145005,0.31167171403375,0.66620805586772,0.64271091961345,"gpath_3neocort"
"7811","PDP2","Inh ENOX2 SPHKAP",-0.0250448200476125,4.0777942668378,0.0841856585312428,0.77188364506099,0.940515882833324,0.934766150163721,"gpath_3neocort"
"7812","FAM96B","Inh ENOX2 SPHKAP",0.0458605060937392,4.56822153470012,0.389213489137314,0.533139688275369,0.821951971079401,0.809538635497864,"gpath_3neocort"
"7813","CES2","Inh ENOX2 SPHKAP",-0.133227616782044,4.74563791066769,5.5085444925926,0.0195083725098295,0.201536461208495,0.169258456668522,"gpath_3neocort"
"7814","CES4A","Inh ENOX2 SPHKAP",-0.231300238303204,5.4924429323796,15.5145568233656,9.97309165164108e-05,0.0178754319593295,0.00850797526213093,"gpath_3neocort"
"7815","CBFB","Inh ENOX2 SPHKAP",0.00173261913065336,4.77935706280999,0.00087302610835991,0.97644599982807,0.997368972015209,0.997282638562359,"gpath_3neocort"
"7816","C16orf70","Inh ENOX2 SPHKAP",-0.0277168420239144,5.12216350920909,0.344815470708882,0.557460149348138,0.836996892003553,0.823755174057862,"gpath_3neocort"
"7817","HSF4","Inh ENOX2 SPHKAP",-0.0270458234506778,5.38644342558982,0.29225620967777,0.58913925137192,0.852330713097571,0.842519112377789,"gpath_3neocort"
"7818","KIAA0895L","Inh ENOX2 SPHKAP",-0.144997381584818,5.09236270388438,7.49530121812695,0.00651799599183357,0.12419581335652,0.095728474487394,"gpath_3neocort"
"7819","E2F4","Inh ENOX2 SPHKAP",0.0742295696221342,4.30076353545944,1.12611327340355,0.289373943618102,0.646460991730461,0.622265673410057,"gpath_3neocort"
"7820","LRRC29","Inh ENOX2 SPHKAP",-0.0979344548244495,4.63840811241194,2.2217337782736,0.137025536002458,0.47264491535137,0.441267638730269,"gpath_3neocort"
"7821","TMEM208","Inh ENOX2 SPHKAP",-0.209305590487808,4.03886231020859,4.28531659900483,0.0392124735610138,0.277921210202182,0.240193047521734,"gpath_3neocort"
"7822","SLC9A5","Inh ENOX2 SPHKAP",-0.0412051441425665,4.76605012924076,0.469764326771829,0.493571833561601,0.796248150379289,0.782869753890447,"gpath_3neocort"
"7823","ZDHHC1","Inh ENOX2 SPHKAP",-0.0533529068154623,4.33038344441034,0.615602873461106,0.554466262044256,0.835948670039784,0.822125318073994,"gpath_3neocort"
"7824","ATP6V0D1","Inh ENOX2 SPHKAP",-0.039125378305526,5.36579957643159,0.556957397660578,0.456014607261257,0.771828987778146,0.757516010536752,"gpath_3neocort"
"7825","AC009061.2","Inh ENOX2 SPHKAP",-0.107709185927706,5.4053726498813,4.17877515225818,0.0417184583969254,0.281739229470101,0.247812473249487,"gpath_3neocort"
"7826","RIPOR1","Inh ENOX2 SPHKAP",-0.0584204091244992,5.74982593038302,2.0585633597133,0.174494501967246,0.525171197091898,0.494483988883427,"gpath_3neocort"
"7827","AC027682.4","Inh ENOX2 SPHKAP",0.0637135167940353,4.61631170107024,0.991261261182054,0.320156283118805,0.671996643316917,0.650617768959318,"gpath_3neocort"
"7828","CTCF","Inh ENOX2 SPHKAP",-0.0669672045971446,5.7787428515783,2.70353343415991,0.101068590152866,0.413184689718142,0.381556358282811,"gpath_3neocort"
"7829","CARMIL2","Inh ENOX2 SPHKAP",0.0842955444951134,4.58302325889195,1.31221004124374,0.25281641542644,0.610959791701137,0.586584377332192,"gpath_3neocort"
"7830","GFOD2","Inh ENOX2 SPHKAP",-0.00542952956933506,5.12535209928103,0.0109654336418538,0.916664154224944,0.989065400865346,0.98573104064982,"gpath_3neocort"
"7831","RANBP10","Inh ENOX2 SPHKAP",-0.0440024708024302,5.79625838925141,1.09220095171454,0.296741116911452,0.65421439811721,0.629069918466926,"gpath_3neocort"
"7832","CENPT","Inh ENOX2 SPHKAP",0.0291287188750621,4.66932567031095,0.199150791181469,0.655696846963066,0.885848338339017,0.879124192609049,"gpath_3neocort"
"7833","NUTF2","Inh ENOX2 SPHKAP",0.00215694371714289,4.24664377589331,0.00103467851441942,0.974358581965409,0.997170280740144,0.997078475436435,"gpath_3neocort"
"7834","DUS2","Inh ENOX2 SPHKAP",-0.110694736806596,4.55136487398007,2.42786560969822,0.120143715889775,0.446379055831601,0.41464337644172,"gpath_3neocort"
"7835","NFATC3","Inh ENOX2 SPHKAP",0.0624361466206161,6.3295574248444,2.41109793899259,0.121426466352715,0.448285031541001,0.41683231154453,"gpath_3neocort"
"7836","SLC7A6","Inh ENOX2 SPHKAP",-0.0367596601365353,5.89409843415581,0.73415974529308,0.392153555089078,0.729473031414984,0.7106413091683,"gpath_3neocort"
"7837","SLC7A6OS","Inh ENOX2 SPHKAP",0.00460231459805541,4.81650576535801,0.00593440289464409,0.938641845591547,0.993518947956843,0.990717297803001,"gpath_3neocort"
"7838","PRMT7","Inh ENOX2 SPHKAP",-0.109600759133289,5.94576504801187,6.34542878405961,0.0122356360843369,0.162284709338088,0.132838873706769,"gpath_3neocort"
"7839","SMPD3","Inh ENOX2 SPHKAP",0.126825871330286,5.38555249668095,7.16871817224398,0.00778562977502313,0.135251588714884,0.104943555738568,"gpath_3neocort"
"7840","ZFP90","Inh ENOX2 SPHKAP",-0.0688675024616316,6.86618442321222,5.90655683856981,0.0156116975321563,0.182134990769766,0.150909887001286,"gpath_3neocort"
"7841","CDH3","Inh ENOX2 SPHKAP",0.0469764730435296,5.73725386031873,1.05534322738048,0.305024358682019,0.662132680527308,0.636890359800542,"gpath_3neocort"
"7842","CDH1","Inh ENOX2 SPHKAP",-0.0498012517500892,4.32045558153134,0.407939278580202,0.5234557761066,0.8147851952215,0.802680038207422,"gpath_3neocort"
"7843","TANGO6","Inh ENOX2 SPHKAP",-0.0364719132838704,6.90331828277007,1.15236735292339,0.283830399875823,0.64050273604442,0.616742448752905,"gpath_3neocort"
"7844","CHTF8","Inh ENOX2 SPHKAP",0.0107967181903039,4.38673910877398,0.0239339164834556,0.877146779187003,0.978122005459182,0.974650621524301,"gpath_3neocort"
"7845","UTP4","Inh ENOX2 SPHKAP",0.0761422971512908,4.6076547196616,1.72703115625414,0.189693840111767,0.542986071431037,0.514462785465888,"gpath_3neocort"
"7846","SNTB2","Inh ENOX2 SPHKAP",0.0398531860121203,5.69832769707137,0.848472364163509,0.35765083110385,0.704883377262009,0.682973026181455,"gpath_3neocort"
"7847","VPS4A","Inh ENOX2 SPHKAP",0.0434182891676973,4.97818346211824,0.521254960180194,0.470812853544943,0.780957264084683,0.76759056177048,"gpath_3neocort"
"7848","TERF2","Inh ENOX2 SPHKAP",0.0189944481620589,4.65210435512258,0.109586924154839,0.740822849344289,0.927743429387176,0.920840131419075,"gpath_3neocort"
"7849","CYB5B","Inh ENOX2 SPHKAP",-0.0603874060970027,5.4221658474591,1.91080518427107,0.167799075336116,0.51824528881164,0.48552357416952,"gpath_3neocort"
"7850","NFAT5","Inh ENOX2 SPHKAP",-0.0034136309452638,7.77073710525316,0.0237932720536436,0.877505405588499,0.97826532794743,0.974770451709269,"gpath_3neocort"
"7851","WWP2","Inh ENOX2 SPHKAP",-0.0698251610472161,5.67204568101785,2.58059879820978,0.109127303779689,0.427094112662848,0.396049266411577,"gpath_3neocort"
"7852","PDPR","Inh ENOX2 SPHKAP",-0.0277100309374394,5.82676218300965,0.415907770597122,0.519429550562289,0.813144684464118,0.800125039185576,"gpath_3neocort"
"7853","EXOSC6","Inh ENOX2 SPHKAP",0.0327267758066837,5.54659743975077,0.501759173414568,0.479223075741964,0.786919482371632,0.773415707447046,"gpath_3neocort"
"7854","AARS","Inh ENOX2 SPHKAP",-0.0555683309359203,6.05844190319473,2.21907260038478,0.137260199282571,0.47264491535137,0.44153386211063,"gpath_3neocort"
"7855","AC012184.2","Inh ENOX2 SPHKAP",-0.0804464093530967,4.16877337298125,0.964830801713171,0.326684941099044,0.677584229269966,0.656306936500586,"gpath_3neocort"
"7856","DDX19A","Inh ENOX2 SPHKAP",0.0468907046285251,4.08829032660819,0.384610683161228,0.535569560626094,0.823395241838795,0.811009592952267,"gpath_3neocort"
"7857","ST3GAL2","Inh ENOX2 SPHKAP",0.0487717801005778,5.37846972509056,0.959304768696397,0.328072210328903,0.679446903286699,0.657669067968771,"gpath_3neocort"
"7858","FUK","Inh ENOX2 SPHKAP",-0.0905160350842734,4.3742024680095,1.86955046930897,0.172447583488984,0.52298180255862,0.491768329064127,"gpath_3neocort"
"7859","COG4","Inh ENOX2 SPHKAP",-0.0604110548986632,4.82189029395769,1.15487390376012,0.283308236492563,0.640385789146006,0.616254627275939,"gpath_3neocort"
"7860","SF3B3","Inh ENOX2 SPHKAP",-0.114546015190437,5.54212393410235,7.37491682067436,0.00695858197166623,0.127134467617422,0.098831835291401,"gpath_3neocort"
"7861","IL34","Inh ENOX2 SPHKAP",0.0231465070987141,4.84801699132453,0.160812251933295,0.856080248188585,0.971055265796207,0.968062773031789,"gpath_3neocort"
"7862","MTSS1L","Inh ENOX2 SPHKAP",0.0559675556458678,5.5019601911258,1.81979337002564,0.178253270857519,0.529684525561842,0.499432934381919,"gpath_3neocort"
"7863","VAC14","Inh ENOX2 SPHKAP",-0.0355563939226832,5.22569556890634,0.531230732763912,0.466601512875526,0.777775681681252,0.764682746578643,"gpath_3neocort"
"7864","HYDIN","Inh ENOX2 SPHKAP",0.0448184829543089,7.36022269619784,1.79233285945655,0.181554233312191,0.53332582925916,0.503892800385942,"gpath_3neocort"
"7865","PHLPP2","Inh ENOX2 SPHKAP",0.0203446462056627,6.21909267037485,0.381472772752126,0.664095535798978,0.888570078449307,0.88341546307368,"gpath_3neocort"
"7866","AP1G1","Inh ENOX2 SPHKAP",-0.017100551748727,6.16580135951284,0.299585040997502,0.584508843146025,0.850178807252576,0.839698159597093,"gpath_3neocort"
"7867","IST1","Inh ENOX2 SPHKAP",-0.026527501279676,5.90561366058102,0.546649251864066,0.460210237487662,0.774144693848911,0.760382151694456,"gpath_3neocort"
"7868","ZNF821","Inh ENOX2 SPHKAP",0.000893986898569689,6.28510138182132,0.000527259337457245,0.981694217502726,0.99819758693135,0.997958873458634,"gpath_3neocort"
"7869","TXNL4B","Inh ENOX2 SPHKAP",0.0698733954601412,4.31923029427087,0.893139219525173,0.345312348538412,0.694332366315724,0.672346266427176,"gpath_3neocort"
"7870","LINC01572","Inh ENOX2 SPHKAP",-0.0688240348158198,4.65299164624635,0.826911262959899,0.363824028484636,0.70993125763765,0.688521389887717,"gpath_3neocort"
"7871","AC004158.1","Inh ENOX2 SPHKAP",0.0684051560498412,5.75832477360203,2.03010610761307,0.155145154706467,0.499604337477374,0.467723806076661,"gpath_3neocort"
"7872","AC004943.2","Inh ENOX2 SPHKAP",-0.162398872343258,3.92917973543746,2.36482598022012,0.125046149092082,0.454874635733543,0.422788045157334,"gpath_3neocort"
"7873","ZFHX3","Inh ENOX2 SPHKAP",-0.133725670852755,5.22346928451287,3.66096577694657,0.0565574847087116,0.320953838049787,0.288594642237643,"gpath_3neocort"
"7874","AC138627.1","Inh ENOX2 SPHKAP",-0.00886280480525387,4.86467295996092,0.0128960492464592,0.909654328922092,0.98763781133435,0.983808448918367,"gpath_3neocort"
"7875","PSMD7","Inh ENOX2 SPHKAP",-0.0235857867695477,5.21862449186526,0.227270425799202,0.633867470080999,0.87637113870235,0.867224504004988,"gpath_3neocort"
"7876","NPIPB15","Inh ENOX2 SPHKAP",-0.0201401599787797,3.92756589451917,0.0305306755429617,0.861397612319005,0.97221719387604,0.969670009919868,"gpath_3neocort"
"7877","GLG1","Inh ENOX2 SPHKAP",0.0018066188187718,8.32177190703483,0.00788547581430795,0.929294009297307,0.992451853904102,0.988777172455372,"gpath_3neocort"
"7878","WDR59","Inh ENOX2 SPHKAP",0.0147390309626603,6.76113651521766,0.2849062810046,0.593859000166718,0.853453208917281,0.845043831571963,"gpath_3neocort"
"7879","ZNRF1","Inh ENOX2 SPHKAP",0.0115035291322158,6.05622268439371,0.104260718566733,0.911235089320789,0.98778742870664,0.984290903540983,"gpath_3neocort"
"7880","BCAR1","Inh ENOX2 SPHKAP",0.106945326519891,5.00461718126756,4.21150677669735,0.0409310656181126,0.280631910719649,0.245429489827499,"gpath_3neocort"
"7881","CFDP1","Inh ENOX2 SPHKAP",0.0152258990039064,6.36199225628033,0.206164267429229,0.650085979826207,0.883125333262741,0.875969916166203,"gpath_3neocort"
"7882","GABARAPL2","Inh ENOX2 SPHKAP",-0.0861149331091498,5.73299478080261,1.54936605666804,0.21410322034466,0.570422537231176,0.543717508600032,"gpath_3neocort"
"7883","KARS","Inh ENOX2 SPHKAP",0.005796240080723,4.43194179464687,0.00729276480772923,0.931996486782368,0.992648122966936,0.989388763087402,"gpath_3neocort"
"7884","TERF2IP","Inh ENOX2 SPHKAP",-0.0332864515804499,7.41945207196969,0.762052092857487,0.38331531151575,0.723993133352852,0.703831307871815,"gpath_3neocort"
"7885","CNTNAP4","Inh ENOX2 SPHKAP",0.0991050311901576,7.99401311553154,4.35890594137747,0.0375745624625161,0.273240750980963,0.235254876173601,"gpath_3neocort"
"7886","AC104151.1","Inh ENOX2 SPHKAP",0.0349333322865388,5.95631088505644,0.270938376431143,0.603048453456467,0.85937297334037,0.850147726939163,"gpath_3neocort"
"7887","AC106729.1","Inh ENOX2 SPHKAP",-0.0519073469645761,4.83133940697813,0.269604215442645,0.603941866476047,0.85942921878237,0.850625078773329,"gpath_3neocort"
"7888","VAT1L","Inh ENOX2 SPHKAP",0.0493649807142545,7.02716309393738,2.11904663076105,0.146417958092335,0.485302272261114,0.455246872910461,"gpath_3neocort"
"7889","WWOX","Inh ENOX2 SPHKAP",-0.02864543720412,9.91283169098894,0.641294291812041,0.423812747519461,0.747448071124422,0.7340955408291,"gpath_3neocort"
"7890","AC092376.2","Inh ENOX2 SPHKAP",0.163812956088598,4.44125515546868,6.14490646151542,0.0136731666212633,0.171143054701622,0.140740305692825,"gpath_3neocort"
"7891","MAF","Inh ENOX2 SPHKAP",0.0733440218901739,7.13941959212335,2.57354945097473,0.109610413176408,0.427094112662848,0.396721199166877,"gpath_3neocort"
"7892","AC105411.1","Inh ENOX2 SPHKAP",-0.104144484624921,3.65402352133755,0.674210868089467,0.412174026161473,0.74080992909015,0.724978362395412,"gpath_3neocort"
"7893","CDYL2","Inh ENOX2 SPHKAP",-0.0241347235341266,5.48104797934798,0.267740256001826,0.605194769462514,0.85972088475944,0.851285514486599,"gpath_3neocort"
"7894","CMC2","Inh ENOX2 SPHKAP",-0.0791039550459609,5.59000202243162,2.69521028580547,0.101593022324343,0.414111700039537,0.382521063620978,"gpath_3neocort"
"7895","ATMIN","Inh ENOX2 SPHKAP",-0.00222125876312749,5.06120011876779,0.00180718349802328,0.966116803289746,0.995700592042286,0.995849505805212,"gpath_3neocort"
"7896","BCO1","Inh ENOX2 SPHKAP",-0.143091149662209,3.35332248098837,1.3743198969359,0.241907959988563,0.601103189071614,0.574594979489357,"gpath_3neocort"
"7897","GAN","Inh ENOX2 SPHKAP",0.0584697511989814,5.87450449083778,2.31138973852399,0.129376866488257,0.460143143120031,0.429447027957318,"gpath_3neocort"
"7898","CMIP","Inh ENOX2 SPHKAP",0.0133929369406618,7.94812941070345,0.30244923518147,0.582719221197877,0.849860682346102,0.838724896460878,"gpath_3neocort"
"7899","PLCG2","Inh ENOX2 SPHKAP",0.209796844982344,5.5687436212823,4.35936365604366,0.0375646033946966,0.273240750980963,0.235213394931162,"gpath_3neocort"
"7900","AC092142.1","Inh ENOX2 SPHKAP",0.0234350230145273,5.10769147786943,0.192053033665476,0.661497143241223,0.886792288117158,0.882046097091558,"gpath_3neocort"
"7901","MPHOSPH6","Inh ENOX2 SPHKAP",-0.0216791287755573,5.83516818576497,0.282848565261975,0.763197109525826,0.936021845410894,0.930768382047804,"gpath_3neocort"
"7902","CDH13","Inh ENOX2 SPHKAP",-0.00956275416203619,10.0721652849566,0.100691268073642,0.751200264468021,0.931658994455486,0.92549557317232,"gpath_3neocort"
"7903","HSBP1","Inh ENOX2 SPHKAP",-0.0828858233730308,5.28362888602519,2.02249627017157,0.15591893697584,0.50046916828444,0.468753642746545,"gpath_3neocort"
"7904","MBTPS1","Inh ENOX2 SPHKAP",0.0198318099070826,6.78037476086709,0.508980039803194,0.476079762056051,0.784046122594593,0.771101655827385,"gpath_3neocort"
"7905","HSDL1","Inh ENOX2 SPHKAP",-0.0467700690127846,4.5528276304513,0.526444782063946,0.468614329537908,0.779529610700401,0.766053398175355,"gpath_3neocort"
"7906","DNAAF1","Inh ENOX2 SPHKAP",-0.0806507930063801,3.97471339061919,0.780294848658703,0.377687424404802,0.719608714313043,0.699506518661377,"gpath_3neocort"
"7907","TAF1C","Inh ENOX2 SPHKAP",-0.0243523855670274,4.42329360113896,0.113353337135699,0.736570040435586,0.926468490540137,0.918919334805807,"gpath_3neocort"
"7908","KLHL36","Inh ENOX2 SPHKAP",-0.0280862649689684,4.94943194508677,0.306007421302911,0.594992501920044,0.854829888418028,0.845729697447822,"gpath_3neocort"
"7909","USP10","Inh ENOX2 SPHKAP",0.00220829288342508,5.9641781554668,0.0035751910971679,0.952356399821404,0.994776274703702,0.993433964466364,"gpath_3neocort"
"7910","ZDHHC7","Inh ENOX2 SPHKAP",-0.0741905205129843,4.53259201551147,1.52822873453456,0.217248607661833,0.573635287801229,0.547092372588255,"gpath_3neocort"
"7911","KIAA0513","Inh ENOX2 SPHKAP",-0.0473612776961754,6.14050720702031,1.37170820913633,0.242354892509961,0.601287119302422,0.575046246581883,"gpath_3neocort"
"7912","GSE1","Inh ENOX2 SPHKAP",0.00827884166707323,6.16703460254365,0.0364411133482802,0.848723602833913,0.96901071828263,0.965616159264117,"gpath_3neocort"
"7913","EMC8","Inh ENOX2 SPHKAP",0.0316568813106362,4.2129598283623,0.20150573581839,0.653799799975678,0.885001730909529,0.878051457495832,"gpath_3neocort"
"7914","COX4I1","Inh ENOX2 SPHKAP",-0.149347655783904,5.94882527297594,4.4375937084482,0.035902597840987,0.270348089325986,0.23013322408499,"gpath_3neocort"
"7915","C16orf95","Inh ENOX2 SPHKAP",-0.0155613763362646,4.88749708188091,0.0606417502099844,0.805636015625396,0.952559922311815,0.949026066468279,"gpath_3neocort"
"7916","FBXO31","Inh ENOX2 SPHKAP",-0.00104446172389529,4.9807227309742,0.000442423061183591,0.983231230502365,0.998198786643165,0.998004807425511,"gpath_3neocort"
"7917","MAP1LC3B","Inh ENOX2 SPHKAP",0.0192683527199388,6.02694422103874,0.1879320180448,0.664923711717414,0.888662313744871,0.883823490850289,"gpath_3neocort"
"7918","ZCCHC14","Inh ENOX2 SPHKAP",0.0437214974160695,6.72772382004188,1.89066943830006,0.170049653807391,0.51971205280905,0.488516562807159,"gpath_3neocort"
"7919","JPH3","Inh ENOX2 SPHKAP",0.0605154637981886,6.62431909575697,3.60885850508981,0.0583352042593319,0.325196515296446,0.293192360196602,"gpath_3neocort"
"7920","KLHDC4","Inh ENOX2 SPHKAP",0.0295310387830763,5.17404049218576,0.329874787342482,0.56612009581782,0.841855961712236,0.828922260678989,"gpath_3neocort"
"7921","SLC7A5","Inh ENOX2 SPHKAP",0.0624306627441396,5.05763619494083,0.913046951577998,0.339999518582566,0.690205401700444,0.667820436263894,"gpath_3neocort"
"7922","BANP","Inh ENOX2 SPHKAP",-0.0435030871020835,6.06637520122582,0.918593678227839,0.33853893587644,0.688388422961949,0.666614207060626,"gpath_3neocort"
"7923","ZC3H18","Inh ENOX2 SPHKAP",-0.0151273342622279,5.18052421183489,0.101110295642092,0.750700336644975,0.931658994455486,0.925312595406896,"gpath_3neocort"
"7924","MVD","Inh ENOX2 SPHKAP",-0.0493314089789629,5.00418050483757,0.880681599280427,0.348694346355839,0.69790988776491,0.675461570953245,"gpath_3neocort"
"7925","SNAI3-AS1","Inh ENOX2 SPHKAP",-0.204173125798892,4.50672253320191,10.0220622095144,0.00168944587970876,0.068549266569183,0.0449770225921371,"gpath_3neocort"
"7926","GALNS","Inh ENOX2 SPHKAP",-0.0709092645515174,4.69944830142035,1.42974110415365,0.232656362716365,0.592006182422774,0.564795906877752,"gpath_3neocort"
"7927","TRAPPC2L","Inh ENOX2 SPHKAP",-0.0794273266587787,4.06772102669369,0.813390207934117,0.367770840616523,0.712848814873349,0.69200391497047,"gpath_3neocort"
"7928","CBFA2T3","Inh ENOX2 SPHKAP",-0.0934403499238452,4.40105610389755,1.77545208682133,0.278230131013401,0.63630930385357,0.611501283293662,"gpath_3neocort"
"7929","AC135782.1","Inh ENOX2 SPHKAP",-0.00472754921666607,4.43737823783331,0.00399552341750304,0.949637036042354,0.994776274703702,0.992835792264167,"gpath_3neocort"
"7930","ACSF3","Inh ENOX2 SPHKAP",-0.026091915649075,4.844442524196,0.201535895250692,0.653775591358947,0.885001730909529,0.878046208465493,"gpath_3neocort"
"7931","ANKRD11","Inh ENOX2 SPHKAP",0.020826412306292,7.90555393099829,0.830401522845462,0.362814777512867,0.708893738458235,0.687513425410287,"gpath_3neocort"
"7932","SPG7","Inh ENOX2 SPHKAP",-0.0265165806245691,6.70778025319003,0.641767504063732,0.423641965783219,0.747359685289309,0.733966661100858,"gpath_3neocort"
"7933","RPL13","Inh ENOX2 SPHKAP",-0.0788752909421977,6.71056902301944,1.81067872101202,0.179341137310712,0.530505466321907,0.5007827842806,"gpath_3neocort"
"7934","CPNE7","Inh ENOX2 SPHKAP",-0.148527980204426,4.9251442891036,5.74625415069654,0.0170737585533472,0.190016298048566,0.158354513314747,"gpath_3neocort"
"7935","CHMP1A","Inh ENOX2 SPHKAP",0.023833110753258,4.5860808462122,0.142360634989791,0.706185445358452,0.910845760572992,0.904475027804028,"gpath_3neocort"
"7936","SPATA33","Inh ENOX2 SPHKAP",-0.0407297076298667,4.41561759359592,0.293456541927349,0.588375761695765,0.851605702644672,0.842035590678514,"gpath_3neocort"
"7937","CDK10","Inh ENOX2 SPHKAP",-0.0669805147615261,5.37675739002608,1.8765025218726,0.17165394021406,0.522002084688595,0.49069826677635,"gpath_3neocort"
"7938","SPATA2L","Inh ENOX2 SPHKAP",-0.0105937655879001,3.95671804629111,0.0123024102487744,0.911749508320493,0.98778742870664,0.984461089372869,"gpath_3neocort"
"7939","VPS9D1","Inh ENOX2 SPHKAP",-0.119925796798524,5.83507612292039,8.46280046880561,0.00386816180209518,0.100181275608518,0.0713968298066366,"gpath_3neocort"
"7940","ZNF276","Inh ENOX2 SPHKAP",-0.114898617292986,4.86962149889735,4.22283585342168,0.0406621997424732,0.280430949782014,0.244604171164914,"gpath_3neocort"
"7941","FANCA","Inh ENOX2 SPHKAP",-0.0576256912445311,4.33183654664023,0.594701012082076,0.441153137230443,0.761558101462517,0.74675405918514,"gpath_3neocort"
"7942","SPIRE2","Inh ENOX2 SPHKAP",-0.0242150679988006,5.6048183662285,0.324666128333657,0.569200567518442,0.843238809142888,0.830553348893844,"gpath_3neocort"
"7943","TCF25","Inh ENOX2 SPHKAP",-0.0312536789843197,7.83278114515628,1.32323228551626,0.250837109243862,0.608880426301453,0.58437597065707,"gpath_3neocort"
"7944","DEF8","Inh ENOX2 SPHKAP",0.0169921198483065,5.31449930019328,0.121649612127489,0.727472330131221,0.921591595468346,0.914260803659727,"gpath_3neocort"
"7945","GAS8","Inh ENOX2 SPHKAP",-0.0936042592986295,5.59658487143454,3.70631699103143,0.0550572514288219,0.317059440812458,0.284788067708101,"gpath_3neocort"
"7946","FAM157C","Inh ENOX2 SPHKAP",-0.0734129494071196,5.44094595610328,1.35645380960685,0.244985615046032,0.602777188803576,0.577924615948592,"gpath_3neocort"
"7947","LINC02193","Inh ENOX2 SPHKAP",0.0408657705402473,4.43405610358835,0.374752312378141,0.563752485466367,0.840155822992941,0.827513992201349,"gpath_3neocort"
"7948","VPS53","Inh ENOX2 SPHKAP",-0.0221069572022921,7.70270868716753,0.917806733807022,0.338745641387856,0.688391465093233,0.666821920750313,"gpath_3neocort"
"7949","GLOD4","Inh ENOX2 SPHKAP",-0.0500807049478437,4.82353194669374,0.732937293883479,0.392547568867305,0.72978774830657,0.71081976209094,"gpath_3neocort"
"7950","NXN","Inh ENOX2 SPHKAP",0.0355860113520319,5.16171348767608,0.411191322669947,0.521805971695388,0.814710045273318,0.801734291016719,"gpath_3neocort"
"7951","TIMM22","Inh ENOX2 SPHKAP",-0.046054517203393,4.10311482248251,0.372684859815695,0.541960291144887,0.827990165542659,0.81470876350719,"gpath_3neocort"
"7952","ABR","Inh ENOX2 SPHKAP",0.0272269972916535,8.00469921740967,1.17170226715411,0.279833934505923,0.638594087367346,0.612922549525805,"gpath_3neocort"
"7953","YWHAE","Inh ENOX2 SPHKAP",-0.00143332335323703,6.89911222318613,0.00235864289050441,0.961294353805849,0.995700592042286,0.995091179141658,"gpath_3neocort"
"7954","CRK","Inh ENOX2 SPHKAP",-0.00824498991162791,5.92081919499768,0.0428121192180296,0.836205745205366,0.964374500911426,0.961005262690713,"gpath_3neocort"
"7955","PITPNA","Inh ENOX2 SPHKAP",0.0108971234380402,6.15661136034016,0.113585496501583,0.891394497071254,0.981581153911649,0.978711559697608,"gpath_3neocort"
"7956","SLC43A2","Inh ENOX2 SPHKAP",-0.0428776772580656,5.68168453242727,1.01968558368374,0.313325822571755,0.666484678943589,0.644274101068686,"gpath_3neocort"
"7957","PRPF8","Inh ENOX2 SPHKAP",0.000488180558414769,6.11383059051391,0.00015067196717862,0.990213672932384,0.998951897108485,0.998791122003379,"gpath_3neocort"
"7958","SMYD4","Inh ENOX2 SPHKAP",0.057321964426073,5.04595173123018,1.21269459096524,0.271593440938068,0.630548689292513,0.605350534521441,"gpath_3neocort"
"7959","RPA1","Inh ENOX2 SPHKAP",0.0190828705497883,5.06804627613207,0.153411902228988,0.695546117061315,0.906167192307011,0.899070444260996,"gpath_3neocort"
"7960","RTN4RL1","Inh ENOX2 SPHKAP",-0.0103509134352652,5.71539913697983,0.0468789667074311,0.82871834287817,0.962656371475264,0.958091395245094,"gpath_3neocort"
"7961","DPH1","Inh ENOX2 SPHKAP",-0.0814451640570791,4.41538716765401,1.05889190336477,0.304213929528249,0.661405502510849,0.636071003653097,"gpath_3neocort"
"7962","SMG6","Inh ENOX2 SPHKAP",-0.016169458039896,7.20297713728712,0.367595366067596,0.54473047134526,0.830104257705461,0.816332751709495,"gpath_3neocort"
"7963","SGSM2","Inh ENOX2 SPHKAP",-0.0599123568724194,6.32882897782348,2.75683669733165,0.0977796149569137,0.408156871329474,0.375612562304612,"gpath_3neocort"
"7964","MNT","Inh ENOX2 SPHKAP",0.158011505044375,4.20294462255321,5.40185518675986,0.0207157822526984,0.208830525441798,0.174301518785366,"gpath_3neocort"
"7965","METTL16","Inh ENOX2 SPHKAP",-0.0039384445790253,5.85984900811191,0.0104799558788277,0.918523218852404,0.990510435757082,0.986197645940362,"gpath_3neocort"
"7966","PAFAH1B1","Inh ENOX2 SPHKAP",-0.0613363864811986,7.88903108782822,7.33739103014114,0.00710208320046762,0.129030011578645,0.0999081683569512,"gpath_3neocort"
"7967","CLUH","Inh ENOX2 SPHKAP",0.0844263460612888,4.72682865690762,2.0969568796613,0.148532280357308,0.488816271077886,0.458061450709555,"gpath_3neocort"
"7968","AC005696.4","Inh ENOX2 SPHKAP",0.07463304473035,3.99916628163617,0.787008067874131,0.375645791451537,0.718107325707709,0.697950180065051,"gpath_3neocort"
"7969","RAP1GAP2","Inh ENOX2 SPHKAP",-0.00597309341689346,7.47428125465609,0.0482243129347394,0.826316796174679,0.961952094667183,0.957146688247449,"gpath_3neocort"
"7970","ITGAE","Inh ENOX2 SPHKAP",0.148687510466306,4.18269273389827,3.94685180578301,0.0477773300184555,0.299971398916647,0.265168723793217,"gpath_3neocort"
"7971","NCBP3","Inh ENOX2 SPHKAP",-0.0409889070467685,5.42462564288687,1.0278035422959,0.311410205148134,0.66620805586772,0.642599919719365,"gpath_3neocort"
"7972","CAMKK1","Inh ENOX2 SPHKAP",0.0389578824753408,6.08553068481844,0.877350522434958,0.349606303826568,0.698065652381201,0.676145421711741,"gpath_3neocort"
"7973","ZZEF1","Inh ENOX2 SPHKAP",0.0411802536240903,6.42729656404229,1.66041464488137,0.198440724428849,0.55219253877323,0.525251395517169,"gpath_3neocort"
"7974","CYB5D2","Inh ENOX2 SPHKAP",-0.0342415552191325,5.87539219208176,0.6665568553439,0.414837525919136,0.741572695131503,0.727067578473628,"gpath_3neocort"
"7975","ANKFY1","Inh ENOX2 SPHKAP",-0.00112867050063781,6.17659567812391,0.00105874082771939,0.974062243583745,0.997170280740144,0.99706220659204,"gpath_3neocort"
"7976","UBE2G1","Inh ENOX2 SPHKAP",-0.0178320674242391,6.03700603350054,0.228629769247616,0.632855042222954,0.876011713030152,0.866577509171506,"gpath_3neocort"
"7977","SPNS2","Inh ENOX2 SPHKAP",0.0632374566725308,5.61582443542643,1.66348924762218,0.198026731572498,0.551886530094301,0.524813892547101,"gpath_3neocort"
"7978","PELP1","Inh ENOX2 SPHKAP",0.0127926202598167,5.0735654166085,0.063508337373621,0.90232670123728,0.985604064755159,0.981946352168085,"gpath_3neocort"
"7979","ARRB2","Inh ENOX2 SPHKAP",0.061530756970071,5.11738137383527,1.69220614271403,0.194208682768002,0.547540287433354,0.520096182505638,"gpath_3neocort"
"7980","PSMB6","Inh ENOX2 SPHKAP",-0.0540103854326187,3.87599187188167,0.241305540370127,0.623587946383576,0.871859213479292,0.861669798901525,"gpath_3neocort"
"7981","MINK1","Inh ENOX2 SPHKAP",-0.0100425405792386,5.5455516552314,0.0573338117986726,0.810907815773415,0.954733893913413,0.95104297031857,"gpath_3neocort"
"7982","SLC25A11","Inh ENOX2 SPHKAP",-0.0771632247486512,4.30022323401894,0.954506850548183,0.329283057099276,0.680275139944147,0.658634757568793,"gpath_3neocort"
"7983","RNF167","Inh ENOX2 SPHKAP",0.0205950981135072,4.31988016719692,0.0805736224142804,0.992746202268453,0.998951897108485,0.999193584560602,"gpath_3neocort"
"7984","PFN1","Inh ENOX2 SPHKAP",0.157578075659495,4.13217750531736,3.1458048542084,0.0770351092089819,0.370271849007957,0.335160862502417,"gpath_3neocort"
"7985","CAMTA2","Inh ENOX2 SPHKAP",0.0484313360844277,5.49307389429333,1.34172949813529,0.247558174770542,0.605217510497873,0.580641732369158,"gpath_3neocort"
"7986","KIF1C","Inh ENOX2 SPHKAP",0.00753368449026587,4.74913059477986,0.0174739670515815,0.894914428160678,0.983043057126755,0.979924219104564,"gpath_3neocort"
"7987","ZNF594","Inh ENOX2 SPHKAP",0.0276551483233159,4.90847753669327,0.311968481329185,0.642546679509015,0.880718411936338,0.872078320344013,"gpath_3neocort"
"7988","AC087500.1","Inh ENOX2 SPHKAP",-0.0171173886696472,6.18421492904808,0.199251775331725,0.655615222787323,0.885848338339017,0.87906531715229,"gpath_3neocort"
"7989","RABEP1","Inh ENOX2 SPHKAP",0.0241874171150667,7.42090271564938,1.15175067435375,0.283959053406295,0.64050273604442,0.616836245398933,"gpath_3neocort"
"7990","NUP88","Inh ENOX2 SPHKAP",0.0162661576019306,5.7513468437945,0.187454340730198,0.66532377355065,0.888702981828081,0.884078542946018,"gpath_3neocort"
"7991","RPAIN","Inh ENOX2 SPHKAP",-0.121659186881332,5.63015037348779,6.0414759506109,0.014481833553593,0.175964444822338,0.145104417268466,"gpath_3neocort"
"7992","C1QBP","Inh ENOX2 SPHKAP",0.0240165074223162,4.52170275717623,0.116775755978285,0.732773366893154,0.924685477503285,0.916956056474903,"gpath_3neocort"
"7993","DERL2","Inh ENOX2 SPHKAP",-0.142396480860832,4.11092435990125,3.3396949492013,0.0685207671056672,0.349833623731172,0.316567445235069,"gpath_3neocort"
"7994","NLRP1","Inh ENOX2 SPHKAP",-0.133660982016139,5.92596302678397,6.28954919540627,0.0126198009479962,0.165399221576833,0.134939992153006,"gpath_3neocort"
"7995","AC007846.2","Inh ENOX2 SPHKAP",0.239650692999748,3.58895059012832,4.16494964093613,0.0420558343221519,0.283026755099596,0.24879454227193,"gpath_3neocort"
"7996","WSCD1","Inh ENOX2 SPHKAP",-0.0200999847512135,5.25866630109213,0.14691886222015,0.701741630348615,0.908838940861127,0.902099813322961,"gpath_3neocort"
"7997","PITPNM3","Inh ENOX2 SPHKAP",-0.0271323661182522,6.02960564093649,0.550049590645215,0.458819493730297,0.773146768073419,0.759466906159368,"gpath_3neocort"
"7998","KIAA0753","Inh ENOX2 SPHKAP",0.0135645246930133,5.40625034765114,0.0935574397349899,0.75989328708714,0.935051840478786,0.929185041996317,"gpath_3neocort"
"7999","MED31","Inh ENOX2 SPHKAP",-0.139956256561002,4.69031398308836,4.5599043057088,0.0334572561872585,0.261482151485974,0.221977591541264,"gpath_3neocort"
"8000","ALOX12-AS1","Inh ENOX2 SPHKAP",-0.0135245968707575,6.28072173989231,0.0893284542367762,0.765218819260375,0.936351870264121,0.931616579594684,"gpath_3neocort"
"8001","ASGR1","Inh ENOX2 SPHKAP",-0.0041359081603963,3.8300234262841,0.00206763866044473,0.963758875134319,0.995700592042286,0.995472894475778,"gpath_3neocort"
"8002","DLG4","Inh ENOX2 SPHKAP",-0.00344082160646671,5.70468478721564,0.00527364838716081,0.942152140550368,0.993518947956843,0.991391880151732,"gpath_3neocort"
"8003","ACADVL","Inh ENOX2 SPHKAP",-0.025197071253153,5.75537132626788,0.300851663007308,0.583716058074092,0.850178807252576,0.839319316967325,"gpath_3neocort"
"8004","DVL2","Inh ENOX2 SPHKAP",0.064199029669555,4.38064540803894,0.898087110020048,0.343981454844517,0.692603189094155,0.671309303329201,"gpath_3neocort"
"8005","EIF5A","Inh ENOX2 SPHKAP",0.0855631736504222,4.73476994160379,1.76999316465208,0.184292114712804,0.536194148701887,0.507486072038553,"gpath_3neocort"
"8006","GPS2","Inh ENOX2 SPHKAP",-0.0689439659669054,3.70039776442094,0.391050814421356,0.53217531650068,0.821422449516834,0.808870385017661,"gpath_3neocort"
"8007","NLGN2","Inh ENOX2 SPHKAP",-0.0125455469577528,5.21946190462855,0.0599250003362441,0.995791040663688,0.99916057852693,0.999450492980833,"gpath_3neocort"
"8008","ZBTB4","Inh ENOX2 SPHKAP",-0.0118981276895547,6.60505300795883,0.185322189942582,0.6671169017829,0.889970858297957,0.884968360227235,"gpath_3neocort"
"8009","POLR2A","Inh ENOX2 SPHKAP",0.0155355767181711,5.18703982082016,0.102179649639333,0.981913645024785,0.998198786643165,0.997958873458634,"gpath_3neocort"
"8010","EIF4A1","Inh ENOX2 SPHKAP",-0.0113802340657538,4.64503109770743,0.0248035589950365,0.874952868339606,0.976948901017904,0.973886240394211,"gpath_3neocort"
"8011","SOX15","Inh ENOX2 SPHKAP",0.0451301108059863,3.88239517492564,0.20042599437142,0.654667933717335,0.885684403798195,0.878555655372465,"gpath_3neocort"
"8012","FXR2","Inh ENOX2 SPHKAP",0.038202580447,5.07491962514803,0.6003523910536,0.438992717616725,0.759984192738075,0.744974395293392,"gpath_3neocort"
"8013","SAT2","Inh ENOX2 SPHKAP",-0.164852393772683,5.52937939175865,7.50074809335491,0.00649875217732931,0.12419581335652,0.0955996191501235,"gpath_3neocort"
"8014","ATP1B2","Inh ENOX2 SPHKAP",-0.0117220169626672,6.38435822503589,0.101932296716398,0.749722938790631,0.93104816393134,0.924848335669441,"gpath_3neocort"
"8015","EFNB3","Inh ENOX2 SPHKAP",0.0961685593395252,4.47941718758999,1.83892062983237,0.175995131601201,0.526359958634965,0.496528518133398,"gpath_3neocort"
"8016","KDM6B","Inh ENOX2 SPHKAP",0.139297351608591,5.26832859051337,6.21207262149017,0.0131731644937479,0.167846191123169,0.137854167232284,"gpath_3neocort"
"8017","NAA38","Inh ENOX2 SPHKAP",-0.101553390095538,5.13726316784518,3.19802377242957,0.0746351583024467,0.364335287951441,0.330194922074642,"gpath_3neocort"
"8018","CHD3","Inh ENOX2 SPHKAP",0.0652639890697462,6.14259256124821,2.73764936154264,0.0989498153425013,0.411080760155835,0.377686659936965,"gpath_3neocort"
"8019","KCNAB3","Inh ENOX2 SPHKAP",-0.0980758573691919,5.1413254468059,3.79343544464261,0.0522929422643348,0.311454845119323,0.277287823301565,"gpath_3neocort"
"8020","TRAPPC1","Inh ENOX2 SPHKAP",-0.00976125748185626,3.50384821072952,0.00537051427170175,0.941624230518443,0.993518947956843,0.991306371426488,"gpath_3neocort"
"8021","PER1","Inh ENOX2 SPHKAP",0.089410483440475,4.91012791676635,2.21273401139461,0.137820960936331,0.473649562449172,0.44247451055457,"gpath_3neocort"
"8022","CTC1","Inh ENOX2 SPHKAP",-0.0547294765478231,4.80892125819432,0.905120068706717,0.342101647473131,0.691302312324829,0.669709162430203,"gpath_3neocort"
"8023","NDEL1","Inh ENOX2 SPHKAP",-0.0938980677290845,5.19786512804012,3.39953419697206,0.0661019840345447,0.344700383007904,0.311069550846398,"gpath_3neocort"
"8024","MYH10","Inh ENOX2 SPHKAP",-0.0266232488551447,7.23931674733981,1.25150562963612,0.264070405372351,0.623200361901824,0.597798987535927,"gpath_3neocort"
"8025","STX8","Inh ENOX2 SPHKAP",0.00839273946932034,6.8856225770823,0.0660435295609114,0.797345497722747,0.951595316692155,0.945752956427857,"gpath_3neocort"
"8026","GAS7","Inh ENOX2 SPHKAP",-0.038030582561878,8.13802455613834,1.74940194479878,0.186858381310097,0.540033057029264,0.510772535315087,"gpath_3neocort"
"8027","TMEM220-AS1","Inh ENOX2 SPHKAP",-0.112924966104094,4.77265350774051,1.96858290540191,0.161528858792016,0.50790055760951,0.476529413532622,"gpath_3neocort"
"8028","SHISA6","Inh ENOX2 SPHKAP",0.060504390868553,9.35571168118665,6.00454010392936,0.0147824685522389,0.177498987375712,0.1466322835284,"gpath_3neocort"
"8029","DNAH9","Inh ENOX2 SPHKAP",-0.0213569596325303,5.57825394043043,0.171780537264618,0.678800725042496,0.896901147959813,0.891148807544447,"gpath_3neocort"
"8030","MAP2K4","Inh ENOX2 SPHKAP",0.0133099330272891,7.87711417443013,0.271384943501675,0.602750037227283,0.859337932288824,0.849988696211061,"gpath_3neocort"
"8031","ARHGAP44","Inh ENOX2 SPHKAP",-0.00992202237138411,8.10179763456558,0.231790746425136,0.630514996646914,0.875304445396154,0.865599239623135,"gpath_3neocort"
"8032","COX10","Inh ENOX2 SPHKAP",-0.0351008520388248,5.09651977085018,0.421686894079821,0.516543581124789,0.810735014843066,0.798246566979682,"gpath_3neocort"
"8033","TRIM16","Inh ENOX2 SPHKAP",-0.100792805881797,4.79890988804942,2.90921549995911,0.0948212815020422,0.403223608149029,0.370283101699556,"gpath_3neocort"
"8034","ZSWIM7","Inh ENOX2 SPHKAP",0.0156873484520557,4.55964149754662,0.066683584762776,0.796387452700322,0.951444119052354,0.945409632894573,"gpath_3neocort"
"8035","TTC19","Inh ENOX2 SPHKAP",-0.025589720951677,6.90606246882323,0.838784535434478,0.360406516008415,0.706798531549399,0.685236183592014,"gpath_3neocort"
"8036","NCOR1","Inh ENOX2 SPHKAP",-0.00572365490935158,7.69614214392425,0.0718125322991717,0.788881490081305,0.948261666964223,0.942126482286994,"gpath_3neocort"
"8037","PIGL","Inh ENOX2 SPHKAP",-0.01438954412126,6.5743555500579,0.133369783377211,0.715194946235972,0.915667681625808,0.908394398715609,"gpath_3neocort"
"8038","CENPV","Inh ENOX2 SPHKAP",-0.0621424077002026,5.33150457896846,1.9294329222298,0.238999296558599,0.599175491581905,0.571540387161349,"gpath_3neocort"
"8039","UBB","Inh ENOX2 SPHKAP",-0.0537133405957224,6.23373050768026,0.669986363949116,0.413640957562746,0.740992576296177,0.726161459043542,"gpath_3neocort"
"8040","LRRC75A","Inh ENOX2 SPHKAP",-0.184042005827596,3.80043775227537,3.34356058763012,0.0683616751997551,0.349833623731172,0.31613543182301,"gpath_3neocort"
"8041","ZNF624","Inh ENOX2 SPHKAP",0.140303412595615,4.17992815133531,3.93648372816214,0.0480690652608961,0.300747999066975,0.26601030644786,"gpath_3neocort"
"8042","AC098850.3","Inh ENOX2 SPHKAP",0.015212371033833,7.57472195623653,0.148438172312346,0.700278049385756,0.908105504900868,0.901332065670741,"gpath_3neocort"
"8043","MPRIP","Inh ENOX2 SPHKAP",-0.0409937732564963,7.01303723221935,2.45069110005591,0.175939146431751,0.526359958634965,0.496442370380749,"gpath_3neocort"
"8044","PLD6","Inh ENOX2 SPHKAP",-0.0659524249794844,4.19359108536709,0.689908889523806,0.4067897192453,0.737250084133714,0.721106717553256,"gpath_3neocort"
"8045","COPS3","Inh ENOX2 SPHKAP",-0.0731621257459972,4.53433558845639,1.28613248571171,0.257576598862067,0.616133854020833,0.591214045992551,"gpath_3neocort"
"8046","NT5M","Inh ENOX2 SPHKAP",-0.125029835911764,4.7774324327745,3.88374366083016,0.0495825901829519,0.304931980767736,0.270199437517424,"gpath_3neocort"
"8047","MED9","Inh ENOX2 SPHKAP",-0.0618618277212465,4.68638358743716,0.895216569788315,0.344752729587079,0.693493509753972,0.671866420510212,"gpath_3neocort"
"8048","PEMT","Inh ENOX2 SPHKAP",-0.102159256939787,4.26571595878417,1.98749851872054,0.1595347432956,0.505393997937379,0.473946994449586,"gpath_3neocort"
"8049","RAI1","Inh ENOX2 SPHKAP",-0.0257323331433626,6.64847203057905,0.443063192949122,0.506107874495423,0.802953024871318,0.790952898300185,"gpath_3neocort"
"8050","SMCR5","Inh ENOX2 SPHKAP",-0.0265204593937951,3.69972355153504,0.0606778213460021,0.805579380818964,0.952559922311815,0.949002514698891,"gpath_3neocort"
"8051","SREBF1","Inh ENOX2 SPHKAP",0.0350137886249828,4.53627113433177,0.237888973518766,0.626055527939186,0.873345016334033,0.863038967089218,"gpath_3neocort"
"8052","TOM1L2","Inh ENOX2 SPHKAP",-0.0128719772216008,7.2783728777551,0.312427490619047,0.576569591635589,0.846076701601355,0.835121134652472,"gpath_3neocort"
"8053","ATPAF2","Inh ENOX2 SPHKAP",0.0237722430237559,5.16380099610678,0.255131107746695,0.613818746523827,0.864666544807891,0.856231009732132,"gpath_3neocort"
"8054","GID4","Inh ENOX2 SPHKAP",-0.00901686254791428,4.28735330246641,0.0147028099780573,0.903561986900116,0.985974882947517,0.982252636701016,"gpath_3neocort"
"8055","DRG2","Inh ENOX2 SPHKAP",-0.0197114085040982,4.34675718354115,0.0736151001145437,0.868282391083832,0.974773868676512,0.97190777012702,"gpath_3neocort"
"8056","MYO15A","Inh ENOX2 SPHKAP",-0.0536465099013747,4.33516532805224,0.606673720893052,0.436595395412285,0.758584963925395,0.743303704435487,"gpath_3neocort"
"8057","ALKBH5","Inh ENOX2 SPHKAP",0.0840157073074176,5.5601506520211,3.72589160500408,0.0544228680930981,0.316486384759661,0.283035609345089,"gpath_3neocort"
"8058","TOP3A","Inh ENOX2 SPHKAP",-0.0530163924457499,5.43738074200472,1.38460971827099,0.240156850404367,0.600816096409937,0.572761760576945,"gpath_3neocort"
"8059","SMCR8","Inh ENOX2 SPHKAP",-0.0725858099062357,4.2741137975724,0.917242744365939,0.338893888237519,0.688391465093233,0.666924817824632,"gpath_3neocort"
"8060","SHMT1","Inh ENOX2 SPHKAP",0.0573128144243165,4.5215508980229,0.716432002028099,0.397923836159638,0.732377591644456,0.714687685663772,"gpath_3neocort"
"8061","ZNF286B","Inh ENOX2 SPHKAP",0.00826479834065898,4.30878138597772,0.0151319979146067,0.902171561304552,0.985567272154334,0.981942169671404,"gpath_3neocort"
"8062","PRPSAP2","Inh ENOX2 SPHKAP",-0.0392178082433449,5.91882591147063,1.20844303887348,0.272433780862509,0.630548689292513,0.606098413044012,"gpath_3neocort"
"8063","EPN2","Inh ENOX2 SPHKAP",-0.00866019073843473,6.78141876691014,0.078263815581557,0.969864196767856,0.995943372722374,0.99634835176736,"gpath_3neocort"
"8064","B9D1","Inh ENOX2 SPHKAP",0.0105513876409944,4.62906239439703,0.027911000661597,0.867419502783382,0.97463432045677,0.971598829879669,"gpath_3neocort"
"8065","RNF112","Inh ENOX2 SPHKAP",-0.0669932485486426,4.57417178832288,1.28813317350459,0.257207488477206,0.615892280085616,0.590883582909596,"gpath_3neocort"
"8066","SLC47A1","Inh ENOX2 SPHKAP",-0.0510714342436574,6.36089760501751,1.33115929117803,0.249425417622738,0.607474960647745,0.582716277092427,"gpath_3neocort"
"8067","ALDH3A2","Inh ENOX2 SPHKAP",-0.0326769663285887,5.4369452750793,0.528853397661855,0.467599602098415,0.778559095801445,0.765361131081196,"gpath_3neocort"
"8068","ULK2","Inh ENOX2 SPHKAP",-0.0816761958647545,6.72280976762512,7.5092646459184,0.00646877998122216,0.12419581335652,0.095338850593656,"gpath_3neocort"
"8069","AKAP10","Inh ENOX2 SPHKAP",-0.0115696671600659,6.37409529439525,0.132440621872028,0.716145473544342,0.916286132558312,0.908770380995653,"gpath_3neocort"
"8070","SPECC1","Inh ENOX2 SPHKAP",0.0306019321076337,7.1386015191596,1.00910729572188,0.315845241151835,0.668340060481653,0.646485476762507,"gpath_3neocort"
"8071","CCDC144NL","Inh ENOX2 SPHKAP",0.0982241756059646,4.31641564441239,0.975130366836244,0.324120036635214,0.67524003490342,0.654073725130152,"gpath_3neocort"
"8072","CCDC144NL-AS1","Inh ENOX2 SPHKAP",-0.0921837662007795,4.28821407363402,0.906424011745662,0.341754650776878,0.691302312324829,0.669435360446173,"gpath_3neocort"
"8073","USP22","Inh ENOX2 SPHKAP",-0.00256862532955042,7.18143254821197,0.0103824686995882,0.918901743251945,0.990539021012482,0.986298850257853,"gpath_3neocort"
"8074","LINC01563","Inh ENOX2 SPHKAP",0.0190863833584756,4.5129339984776,0.0750665835858711,0.784267479887956,0.946213564168876,0.939965354813362,"gpath_3neocort"
"8075","DHRS7B","Inh ENOX2 SPHKAP",0.0332276062628647,5.88399262985784,0.52037472348695,0.471187393451937,0.781008142542122,0.76780791408825,"gpath_3neocort"
"8076","TMEM11","Inh ENOX2 SPHKAP",-0.13327962182287,3.90529017884473,2.14409380412133,0.144061685252839,0.482723813186732,0.451890530214142,"gpath_3neocort"
"8077","C17orf51","Inh ENOX2 SPHKAP",0.00552448737032416,5.96404932535012,0.0199484794598898,0.887766361803978,0.980135034655871,0.977683968910567,"gpath_3neocort"
"8078","MTRNR2L1","Inh ENOX2 SPHKAP",0.0697582936420205,3.59236848872113,0.133877309978077,0.714677333695692,0.91560916499627,0.908164980419747,"gpath_3neocort"
"8079","WSB1","Inh ENOX2 SPHKAP",-0.1257855516535,7.78080185230233,9.39173122029737,0.0023574647209144,0.0791620394905669,0.0544762145365259,"gpath_3neocort"
"8080","KSR1","Inh ENOX2 SPHKAP",-0.04529320568659,6.33564616771964,1.57871228014441,0.209825842818483,0.566634513967384,0.538723830819744,"gpath_3neocort"
"8081","AC005697.1","Inh ENOX2 SPHKAP",-0.202854419487277,5.33277413881299,5.81753252355399,0.0164068815744907,0.185633509386508,0.154757007567835,"gpath_3neocort"
"8082","NLK","Inh ENOX2 SPHKAP",0.0283881667133605,7.33308720697912,1.12013288241889,0.290655972234125,0.647690585266799,0.623343967232505,"gpath_3neocort"
"8083","TMEM97","Inh ENOX2 SPHKAP",-0.0207970623257968,5.01592870704442,0.0961901496432378,0.756644172501924,0.933938848735653,0.927780155316706,"gpath_3neocort"
"8084","IFT20","Inh ENOX2 SPHKAP",0.0325429272769789,5.8403163184297,0.726493797752404,0.394633854111379,0.730978567885048,0.712331303433565,"gpath_3neocort"
"8085","TNFAIP1","Inh ENOX2 SPHKAP",-0.00579478346565339,4.43768166875964,0.00833643226290127,0.927305815417758,0.991576980101626,0.988167737318445,"gpath_3neocort"
"8086","POLDIP2","Inh ENOX2 SPHKAP",0.0293552526061137,4.60824694866732,0.216382030520345,0.642114215976392,0.880443288535357,0.871813944746495,"gpath_3neocort"
"8087","SARM1","Inh ENOX2 SPHKAP",-0.0573328854830661,6.35543279918424,2.30836995433378,0.12962656272629,0.460358668062951,0.429784761905302,"gpath_3neocort"
"8088","AC005726.1","Inh ENOX2 SPHKAP",0.139006016794304,6.38000346692524,8.32105043051772,0.00417376839848408,0.103949249781171,0.074651857720005,"gpath_3neocort"
"8089","AC005726.5","Inh ENOX2 SPHKAP",-0.381043897425881,3.8916824357935,7.84464032918491,0.0053945463208018,0.119243909094523,0.0861434863900125,"gpath_3neocort"
"8090","KIAA0100","Inh ENOX2 SPHKAP",0.0273843396890885,5.01655872962705,0.278756342215309,0.597868700868872,0.856813158066384,0.847230014565147,"gpath_3neocort"
"8091","SDF2","Inh ENOX2 SPHKAP",-0.0171300365620344,4.36312653179477,0.0530566100868839,0.817968676920529,0.958326597322361,0.953808007264232,"gpath_3neocort"
"8092","SUPT6H","Inh ENOX2 SPHKAP",0.0143526263729427,5.71933019733225,0.137682570440072,0.734826204365165,0.92570990661164,0.918134999083138,"gpath_3neocort"
"8093","RPL23A","Inh ENOX2 SPHKAP",-0.0180406723612197,5.23378685471497,0.0500753708978558,0.82306922017181,0.960576230349124,0.95578156804036,"gpath_3neocort"
"8094","FAM222B","Inh ENOX2 SPHKAP",-0.00203277901366603,7.0587003631603,0.00501315350899742,0.943596492934211,0.993751923679859,0.991637714424482,"gpath_3neocort"
"8095","FLOT2","Inh ENOX2 SPHKAP",-0.0322960160867571,5.7572818531719,0.610363698477257,0.633319007524138,0.876265674748388,0.866893423389361,"gpath_3neocort"
"8096","PHF12","Inh ENOX2 SPHKAP",0.00393636095140867,5.37334025531955,0.00803478188303356,0.928629542983474,0.992100327983881,0.988547633749811,"gpath_3neocort"
"8097","MYO18A","Inh ENOX2 SPHKAP",-0.0287361136995652,5.37275331223787,0.337082735873504,0.561910163226983,0.839116879236982,0.826400951891845,"gpath_3neocort"
"8098","NUFIP2","Inh ENOX2 SPHKAP",0.0406972034506244,6.34614993652756,1.21352826145542,0.271429043829618,0.630548689292513,0.605210629725999,"gpath_3neocort"
"8099","TAOK1","Inh ENOX2 SPHKAP",0.000384398233404327,7.8972158260328,0.000304400419227951,0.986090389793817,0.9984270842391,0.998320347655315,"gpath_3neocort"
"8100","ABHD15-AS1","Inh ENOX2 SPHKAP",-0.182974345458255,4.0179005270183,3.96568206429367,0.0472522765016077,0.298019863065191,0.263642715394266,"gpath_3neocort"
"8101","GIT1","Inh ENOX2 SPHKAP",0.0180068719899819,5.50825292237067,0.162981979431732,0.686684574821815,0.901203414076258,0.89499841257692,"gpath_3neocort"
"8102","CORO6","Inh ENOX2 SPHKAP",-0.0599162979084165,6.03270695742253,1.98797526824818,0.159484848586133,0.505393997937379,0.473901956245972,"gpath_3neocort"
"8103","SSH2","Inh ENOX2 SPHKAP",0.0189395619961968,8.2937211759852,0.798140242870199,0.372294342947611,0.716720870189757,0.695443455537745,"gpath_3neocort"
"8104","EFCAB5","Inh ENOX2 SPHKAP",0.0454107642070593,4.54219492550038,0.343882976136163,0.557993203442721,0.837028525953076,0.824105840393467,"gpath_3neocort"
"8105","NSRP1","Inh ENOX2 SPHKAP",0.00665774118979347,5.83937104281607,0.0305065678810483,0.91614010551981,0.989065400865346,0.98554958545819,"gpath_3neocort"
"8106","BLMH","Inh ENOX2 SPHKAP",-0.0618871692435952,5.03269761740592,1.50328495660789,0.221031819508281,0.57875984360625,0.551645805835424,"gpath_3neocort"
"8107","CPD","Inh ENOX2 SPHKAP",-0.0288594614343385,5.77369537501059,0.456139305576034,0.499901920786516,0.800401990236614,0.78717644515683,"gpath_3neocort"
"8108","GOSR1","Inh ENOX2 SPHKAP",-0.0266867899492268,6.18586755401973,0.629845185211819,0.427976519471036,0.751391920510999,0.737455368464394,"gpath_3neocort"
"8109","AC127024.2","Inh ENOX2 SPHKAP",0.00531149272171433,4.98405598534824,0.00628644118475079,0.936851845072997,0.993269159402148,0.99049044137175,"gpath_3neocort"
"8110","CRLF3","Inh ENOX2 SPHKAP",-0.0989654765455308,6.1934123860224,3.8498004313453,0.0505833756174904,0.307554248150814,0.272797281355383,"gpath_3neocort"
"8111","ATAD5","Inh ENOX2 SPHKAP",-0.0517887592262536,4.83476995709151,0.765733033136524,0.382170211947955,0.723056833873942,0.703024097855425,"gpath_3neocort"
"8112","AC130324.2","Inh ENOX2 SPHKAP",0.103309800377588,4.44782383719115,1.77897920421162,0.183185078226218,0.535341893612199,0.506045639583538,"gpath_3neocort"
"8113","TEFM","Inh ENOX2 SPHKAP",-0.0806579925704512,5.25584977676243,2.72420346908877,0.0997790008948245,0.412064423542748,0.379168364515235,"gpath_3neocort"
"8114","ADAP2","Inh ENOX2 SPHKAP",0.0125613842968806,4.04063736585649,0.022313183541195,0.88134727244078,0.978592348689236,0.975847140468882,"gpath_3neocort"
"8115","NF1","Inh ENOX2 SPHKAP",0.0151485761876323,8.73069787974371,0.848463300417064,0.357653395671759,0.704883377262009,0.682973026181455,"gpath_3neocort"
"8116","OMG","Inh ENOX2 SPHKAP",0.050080121125927,5.04362315328026,0.841488064623438,0.359634563471095,0.706241008870197,0.684603855030616,"gpath_3neocort"
"8117","RAB11FIP4","Inh ENOX2 SPHKAP",-0.0306989092930502,7.13263048363526,1.4165986521314,0.234810785237618,0.594845844600397,0.567081705515338,"gpath_3neocort"
"8118","COPRS","Inh ENOX2 SPHKAP",0.0193589139481193,4.86857148065077,0.0757750568935469,0.783277243494851,0.945835848598468,0.939604201850052,"gpath_3neocort"
"8119","UTP6","Inh ENOX2 SPHKAP",-0.0713257155010563,5.12952200675405,2.02466004151679,0.155698474029744,0.50038093565194,0.4684735256379,"gpath_3neocort"
"8120","SUZ12","Inh ENOX2 SPHKAP",-0.0220508440303691,6.94590158551419,0.591278183190142,0.442469602010061,0.762362226976863,0.747833639708433,"gpath_3neocort"
"8121","LRRC37B","Inh ENOX2 SPHKAP",0.02846259067802,6.60774854335233,0.668520287281708,0.414151850243272,0.741314515723575,0.726584340826954,"gpath_3neocort"
"8122","RHOT1","Inh ENOX2 SPHKAP",0.0143592606629296,6.99438854387661,0.289966345792239,0.590601393813811,0.852390391727358,0.843385303087694,"gpath_3neocort"
"8123","RHBDL3","Inh ENOX2 SPHKAP",0.00191686118522517,4.42022235116007,0.000287174711728363,0.986489647385,0.998496273208611,0.998404354565563,"gpath_3neocort"
"8124","C17orf75","Inh ENOX2 SPHKAP",0.0659563489097049,4.58188545484909,1.24603289203305,0.265115309777355,0.624049525407754,0.598762903028643,"gpath_3neocort"
"8125","ZNF207","Inh ENOX2 SPHKAP",0.00963860516064815,6.90186549289868,0.133539580579658,0.715021650581032,0.91560916499627,0.908308426424518,"gpath_3neocort"
"8126","PSMD11","Inh ENOX2 SPHKAP",0.037418960527401,5.93718505507159,0.9937519773725,0.319549970243385,0.671637375772545,0.650046321257313,"gpath_3neocort"
"8127","CDK5R1","Inh ENOX2 SPHKAP",-0.000475607839695102,6.05333828623851,0.000115580255678614,0.991428676828796,0.998951897108485,0.999006665289717,"gpath_3neocort"
"8128","MYO1D","Inh ENOX2 SPHKAP",0.0895025375538251,6.26952409778092,4.68895103675059,0.0310658869454297,0.2511503892161,0.213771262469718,"gpath_3neocort"
"8129","ASIC2","Inh ENOX2 SPHKAP",0.0698708617014141,9.17568002323917,6.97619620707123,0.008649080462808,0.140741382343208,0.110797489662755,"gpath_3neocort"
"8130","TMEM132E","Inh ENOX2 SPHKAP",0.109447707313342,4.49959555355712,2.49491165999046,0.115162944295294,0.43841155259874,0.406222108131074,"gpath_3neocort"
"8131","LINC02001","Inh ENOX2 SPHKAP",-0.0387327475497213,4.2541761943295,0.302285892918597,0.582820984233579,0.849881812588589,0.838813493736406,"gpath_3neocort"
"8132","AP2B1","Inh ENOX2 SPHKAP",0.0535108537726964,6.94838761397784,3.73312845684192,0.0541903074692085,0.315989927949653,0.282357897109647,"gpath_3neocort"
"8133","TAF15","Inh ENOX2 SPHKAP",-0.0342519099880184,7.55461312715657,2.46301462468198,0.117503359906587,0.443335032456546,0.410393933034559,"gpath_3neocort"
"8134","ZNHIT3","Inh ENOX2 SPHKAP",-0.0177291544382514,4.63401088517381,0.0728016780013859,0.787467292087991,0.948008961179712,0.941403828208657,"gpath_3neocort"
"8135","MYO19","Inh ENOX2 SPHKAP",-0.0639244927291633,5.34098137834144,1.76987156923328,0.184307148010017,0.536194148701887,0.507509444234152,"gpath_3neocort"
"8136","GGNBP2","Inh ENOX2 SPHKAP",-0.077964829318602,6.00809334337997,4.65004004519416,0.0317674694713867,0.254401001408194,0.216263789719976,"gpath_3neocort"
"8137","DHRS11","Inh ENOX2 SPHKAP",-0.156411227959069,4.25838304983967,3.86821837094124,0.0500377053401167,0.306072345855563,0.271304200217622,"gpath_3neocort"
"8138","AATF","Inh ENOX2 SPHKAP",0.00324552327496589,5.31913748633631,0.0049993476280299,0.94367408226946,0.993751923679859,0.9916581492569,"gpath_3neocort"
"8139","ACACA","Inh ENOX2 SPHKAP",-0.0019969190561792,7.90798603333502,0.00796434420333307,0.928942233805765,0.992216680136069,0.988595757656148,"gpath_3neocort"
"8140","TADA2A","Inh ENOX2 SPHKAP",0.0628040778910404,5.19701546110927,1.84963628840551,0.17474453470685,0.525171197091898,0.49480217906951,"gpath_3neocort"
"8141","SYNRG","Inh ENOX2 SPHKAP",-0.0202701659318164,6.10161922169542,0.398109484521882,0.842465758694073,0.967020502878925,0.963284958903464,"gpath_3neocort"
"8142","DDX52","Inh ENOX2 SPHKAP",0.0501590289891157,5.03983208387153,1.03293286858728,0.310207711989758,0.66620805586772,0.641592351529658,"gpath_3neocort"
"8143","MRPL45","Inh ENOX2 SPHKAP",-0.0921056148843944,4.99189688073693,2.66864113565789,0.103287215302581,0.416423470209642,0.385717508818623,"gpath_3neocort"
"8144","SOCS7","Inh ENOX2 SPHKAP",0.00179168912731563,5.91749822737843,0.00254458890740492,0.95979884356035,0.995700592042286,0.994851979397769,"gpath_3neocort"
"8145","ARHGAP23","Inh ENOX2 SPHKAP",0.0333357645372736,5.62249214600051,0.625393520152735,0.429612182195454,0.752981178945164,0.738591341833876,"gpath_3neocort"
"8146","SRCIN1","Inh ENOX2 SPHKAP",0.0194253986956146,7.49121127929594,0.609518722352747,0.435522988957578,0.757842345732091,0.742516653273897,"gpath_3neocort"
"8147","MLLT6","Inh ENOX2 SPHKAP",-0.0267035718824218,5.3125474575775,0.382063971108038,0.536922667731817,0.824052758098905,0.81170180617005,"gpath_3neocort"
"8148","PCGF2","Inh ENOX2 SPHKAP",0.0541659615292797,4.4304637859323,0.734254302991882,0.501515883628676,0.800919732507534,0.788213774724304,"gpath_3neocort"
"8149","PSMB3","Inh ENOX2 SPHKAP",-0.172368528300435,4.23599173459364,4.01403574343761,0.0459318150885411,0.293493448380718,0.260010785909197,"gpath_3neocort"
"8150","PIP4K2B","Inh ENOX2 SPHKAP",0.0164935880916047,6.2575429581904,0.209156597822598,0.647727097343678,0.882081437008956,0.874746391722098,"gpath_3neocort"
"8151","CWC25","Inh ENOX2 SPHKAP",-0.0701547269454637,4.51911255218591,1.1419216401324,0.286019665221196,0.642653322548224,0.618974117031175,"gpath_3neocort"
"8152","RPL23","Inh ENOX2 SPHKAP",-0.113964019723558,4.9505379050431,2.67082453932567,0.103146825251473,0.416423470209642,0.385463412761349,"gpath_3neocort"
"8153","LASP1","Inh ENOX2 SPHKAP",-0.0136455715022363,5.49650458108819,0.10180320824647,0.996170933036568,0.99916057852693,0.999517837154614,"gpath_3neocort"
"8154","LINC00672","Inh ENOX2 SPHKAP",-0.0273391866831062,4.52183482795304,0.162440690832953,0.740988567514075,0.92783164079363,0.920908232970974,"gpath_3neocort"
"8155","PLXDC1","Inh ENOX2 SPHKAP",-0.0294071278721493,4.1395925007997,0.110966852754482,0.739255423782781,0.927279625797829,0.920152772458692,"gpath_3neocort"
"8156","CACNB1","Inh ENOX2 SPHKAP",0.0982126931833174,5.0102295109582,3.55190839026533,0.0603465896564261,0.329218537856738,0.297846105934224,"gpath_3neocort"
"8157","RPL19","Inh ENOX2 SPHKAP",-0.0416093245244095,5.64803067691489,0.321217625826548,0.571258127594973,0.84494934070392,0.831857881934351,"gpath_3neocort"
"8158","STAC2","Inh ENOX2 SPHKAP",0.092249140309631,4.9235173371782,2.67281500498349,0.103019023625195,0.416423470209642,0.385276679878068,"gpath_3neocort"
"8159","FBXL20","Inh ENOX2 SPHKAP",-0.00161341589016126,7.87850294671822,0.00566182020335882,0.940064851624376,0.993518947956843,0.990967485394496,"gpath_3neocort"
"8160","MED1","Inh ENOX2 SPHKAP",-0.00864151767387696,4.94813305461203,0.0242269183444971,0.976403581327494,0.997368972015209,0.997282638562359,"gpath_3neocort"
"8161","CDK12","Inh ENOX2 SPHKAP",0.0336426599905548,6.75308025629715,1.49778959180131,0.543396132919702,0.829052612138547,0.815562722901412,"gpath_3neocort"
"8162","STARD3","Inh ENOX2 SPHKAP",-0.0340838103137898,4.81850564649232,0.382767646974228,0.53654817156511,0.823987714035805,0.811574462833753,"gpath_3neocort"
"8163","MIEN1","Inh ENOX2 SPHKAP",0.0383930597713273,3.85259777434747,0.161769057807538,0.687790692196608,0.901973157583322,0.895517741646103,"gpath_3neocort"
"8164","GSDMB","Inh ENOX2 SPHKAP",-0.0970188849332507,4.56233909613712,2.60591857322033,0.107411352252461,0.42467387260839,0.392944079040736,"gpath_3neocort"
"8165","PSMD3","Inh ENOX2 SPHKAP",-0.0322290173636656,5.20916172718508,0.340537492343536,0.559913657252587,0.838007337924011,0.825388378072572,"gpath_3neocort"
"8166","MED24","Inh ENOX2 SPHKAP",-0.0199784900665093,5.61641467509744,0.213640988737327,0.735451553866874,0.925976813418298,0.918425501739056,"gpath_3neocort"
"8167","THRA","Inh ENOX2 SPHKAP",-0.0115466902506659,6.28440793491315,0.0969422666457442,0.755724931882815,0.933086013271822,0.927473436236585,"gpath_3neocort"
"8168","NR1D1","Inh ENOX2 SPHKAP",0.125366171075607,4.25866639175501,2.54858948037975,0.111340063666771,0.429289746926646,0.399657494681006,"gpath_3neocort"
"8169","MSL1","Inh ENOX2 SPHKAP",-0.0221930634712788,5.74512666900178,0.310510330446277,0.631098261157355,0.875304445396154,0.865865441629568,"gpath_3neocort"
"8170","CASC3","Inh ENOX2 SPHKAP",0.0359949354103349,5.8559817713688,0.947845134556974,0.331287387278586,0.682501030147166,0.660557790678196,"gpath_3neocort"
"8171","RAPGEFL1","Inh ENOX2 SPHKAP",-0.0643176456841674,5.63598662119764,2.34539861471226,0.126601612279263,0.456440762819498,0.425271069339348,"gpath_3neocort"
"8172","WIPF2","Inh ENOX2 SPHKAP",-0.0799186553440113,6.84433593920578,7.09504680164776,0.00810506217956826,0.136316227123723,0.107034965739344,"gpath_3neocort"
"8173","IGFBP4","Inh ENOX2 SPHKAP",0.107438652732528,4.22157475800635,2.02850389837942,0.155307705842896,0.499962459338223,0.467920893168892,"gpath_3neocort"
"8174","KRT10","Inh ENOX2 SPHKAP",0.0911146321114246,4.35701092181365,1.13837570954313,0.286767723010195,0.643739992317491,0.619705636768592,"gpath_3neocort"
"8175","EIF1","Inh ENOX2 SPHKAP",-0.0250954834263435,6.85077841828281,0.226146140345885,0.634707641267981,0.876706810023773,0.86776262572178,"gpath_3neocort"
"8176","HAP1","Inh ENOX2 SPHKAP",0.049393363068251,4.2638268156175,0.380172204331378,0.537931834979815,0.824408680085461,0.81223810818492,"gpath_3neocort"
"8177","P3H4","Inh ENOX2 SPHKAP",0.0324094663542816,4.49135157935219,0.241716889715507,0.623292318831426,0.871821402008105,0.861568178511412,"gpath_3neocort"
"8178","NT5C3B","Inh ENOX2 SPHKAP",-0.0970198059840292,4.70005256996218,2.29494756978003,0.130742963475449,0.4616297963466,0.43154764966501,"gpath_3neocort"
"8179","ACLY","Inh ENOX2 SPHKAP",-0.0428018784319323,4.7957523015471,0.57635896355863,0.44827940373771,0.765122260199796,0.751880874524446,"gpath_3neocort"
"8180","TTC25","Inh ENOX2 SPHKAP",-0.0361193607897521,4.40673354575553,0.267921097130297,0.605072971003309,0.859696828834794,0.851230761837661,"gpath_3neocort"
"8181","CNP","Inh ENOX2 SPHKAP",0.0396398242339536,4.84494020501305,0.416937677050683,0.51891316336488,0.812586248661274,0.799747512250555,"gpath_3neocort"
"8182","DNAJC7","Inh ENOX2 SPHKAP",-0.0366974070914461,6.11046888378047,1.18183977787573,0.34836349525554,0.697873630281516,0.675166317040294,"gpath_3neocort"
"8183","KAT2A","Inh ENOX2 SPHKAP",-0.0622527023492535,5.85425340319866,2.01105580547267,0.157090520316529,0.502050373102185,0.470358940832896,"gpath_3neocort"
"8184","STAT5B","Inh ENOX2 SPHKAP",0.0263367579252184,7.53908637983983,1.11181574103636,0.292451042179059,0.649757756956348,0.625048878210402,"gpath_3neocort"
"8185","STAT3","Inh ENOX2 SPHKAP",0.0404621664844208,6.14015264038833,1.37297276783939,0.242138365414972,0.601287119302422,0.574842801684618,"gpath_3neocort"
"8186","ATP6V0A1","Inh ENOX2 SPHKAP",-0.0598779706337554,7.83603213573616,5.95224882338454,0.0152191742139942,0.180078151270808,0.148869661570502,"gpath_3neocort"
"8187","RETREG3","Inh ENOX2 SPHKAP",-0.0250612177970802,5.68322437812644,0.409082580576429,0.522874710598026,0.814712541151888,0.802411809664559,"gpath_3neocort"
"8188","TUBG2","Inh ENOX2 SPHKAP",-0.11812309733302,5.38219074682478,6.0331940399044,0.0145486884190728,0.175964444822338,0.145474527235879,"gpath_3neocort"
"8189","PLEKHH3","Inh ENOX2 SPHKAP",-0.0476586899314129,4.40447480322924,0.474713643627185,0.491305777345954,0.795903809580715,0.781514358532775,"gpath_3neocort"
"8190","CNTNAP1","Inh ENOX2 SPHKAP",0.0142420581742873,5.3156879385217,0.106814309567343,0.778152291750313,0.944495130113347,0.937463350214639,"gpath_3neocort"
"8191","EZH1","Inh ENOX2 SPHKAP",0.0404684375173202,6.33821559594527,1.82410868913732,0.177740891887235,0.528662432864354,0.498899670323344,"gpath_3neocort"
"8192","COA3","Inh ENOX2 SPHKAP",-0.0887472678012562,4.16870863463208,0.986266894325083,0.32137663921796,0.673005084127781,0.651629830732458,"gpath_3neocort"
"8193","BECN1","Inh ENOX2 SPHKAP",0.103414995120486,4.67813831378983,3.3119076231129,0.0696761441499609,0.353526253002525,0.319153637900752,"gpath_3neocort"
"8194","PSME3","Inh ENOX2 SPHKAP",-0.0107216749799326,4.30173021202147,0.0233230308731293,0.918636415972715,0.990510435757082,0.986216606737287,"gpath_3neocort"
"8195","RUNDC1","Inh ENOX2 SPHKAP",0.030457165422216,4.4508162086236,0.189966782946715,0.663226302832307,0.888111713552868,0.882995093380909,"gpath_3neocort"
"8196","RPL27","Inh ENOX2 SPHKAP",-0.101361396126338,4.72680046981311,1.53320939180557,0.216502505362355,0.57312408910278,0.546332926094661,"gpath_3neocort"
"8197","RND2","Inh ENOX2 SPHKAP",-0.172958868330517,4.13755535296236,3.73576718896826,0.0541057736282837,0.315989927949653,0.282114584278145,"gpath_3neocort"
"8198","BRCA1","Inh ENOX2 SPHKAP",-0.0798297162158604,4.10378895185734,0.849707173629878,0.357301680954728,0.704883377262009,0.682705410950319,"gpath_3neocort"
"8199","NBR1","Inh ENOX2 SPHKAP",-0.0231513531789563,5.49305606377517,0.313805273167776,0.575730618073943,0.845900315657619,0.834578423853802,"gpath_3neocort"
"8200","LINC00854","Inh ENOX2 SPHKAP",-0.0392942207795551,5.32355161282827,0.223209856309752,0.636914054666966,0.877517357760146,0.868940238666282,"gpath_3neocort"
"8201","ARL4D","Inh ENOX2 SPHKAP",0.00153182935843931,4.46515873201989,0.000436875673696057,0.983336675534288,0.998198786643165,0.998014598871365,"gpath_3neocort"
"8202","DHX8","Inh ENOX2 SPHKAP",-0.0390048137602549,4.9092861624789,0.559899056714991,0.454828372739526,0.770683607749696,0.756590540544423,"gpath_3neocort"
"8203","AC068675.1","Inh ENOX2 SPHKAP",-0.00435787583816518,5.0924747994746,0.00539291727936325,0.941502819387565,0.993518947956843,0.991251286829822,"gpath_3neocort"
"8204","DUSP3","Inh ENOX2 SPHKAP",-0.0688859685400907,5.18417364891851,1.76930426936872,0.18437730429803,0.536194148701887,0.507603859624009,"gpath_3neocort"
"8205","MPP3","Inh ENOX2 SPHKAP",-0.0276431866222738,4.2481408897923,0.125724316630117,0.723131220249108,0.919259021216929,0.912133051112666,"gpath_3neocort"
"8206","MPP2","Inh ENOX2 SPHKAP",-0.048677026485319,5.61212356149939,1.37775016780897,0.241322473758566,0.601020356464349,0.573978767154783,"gpath_3neocort"
"8207","LSM12","Inh ENOX2 SPHKAP",-0.0117715643505273,4.81905107972868,0.0437504511916407,0.88767100168991,0.980135034655871,0.977664879954932,"gpath_3neocort"
"8208","HDAC5","Inh ENOX2 SPHKAP",-0.0874241574754562,6.1829361740661,5.04894983278788,0.0252945773699582,0.229891892697469,0.19260336195158,"gpath_3neocort"
"8209","TMUB2","Inh ENOX2 SPHKAP",-0.056396323122468,4.59231954015161,0.834015520064266,0.361773830340629,0.708243731197599,0.68647310660755,"gpath_3neocort"
"8210","ATXN7L3","Inh ENOX2 SPHKAP",-0.0290353216960726,5.02445227472276,0.270893098453037,0.603078727697697,0.85937297334037,0.850164193368386,"gpath_3neocort"
"8211","UBTF","Inh ENOX2 SPHKAP",0.129512151340098,5.07746238258954,6.21758814803174,0.0131329542754251,0.167846191123169,0.137636129945979,"gpath_3neocort"
"8212","RUNDC3A","Inh ENOX2 SPHKAP",-0.0319847975305914,5.81773336786597,0.551184705206031,0.458356713627823,0.773146768073419,0.759184367774364,"gpath_3neocort"
"8213","SLC25A39","Inh ENOX2 SPHKAP",-0.0206561159485213,4.5815667421606,0.0930072231353898,0.760578625422846,0.93516599171309,0.929561186684369,"gpath_3neocort"
"8214","FAM171A2","Inh ENOX2 SPHKAP",-0.074641331589815,4.72471968465893,1.42068337488049,0.234138600525632,0.594679149493799,0.566460379112466,"gpath_3neocort"
"8215","GPATCH8","Inh ENOX2 SPHKAP",0.0191423145346687,8.57748742805534,1.01035027416064,0.315547827693121,0.668340060481653,0.646243361010676,"gpath_3neocort"
"8216","CCDC43","Inh ENOX2 SPHKAP",-0.0139810040297714,4.17886146795773,0.0318844384232043,0.948714857118316,0.994776274703702,0.992701343486594,"gpath_3neocort"
"8217","DBF4B","Inh ENOX2 SPHKAP",-0.0706812192595276,4.71892652385043,1.16819551369753,0.280553448756967,0.638921768941849,0.613591684801681,"gpath_3neocort"
"8218","ADAM11","Inh ENOX2 SPHKAP",-0.0830799219194124,5.57764953042171,3.82624085143852,0.0512906076094241,0.308815453547989,0.274664457761159,"gpath_3neocort"
"8219","EFTUD2","Inh ENOX2 SPHKAP",0.00486084273761898,5.12386197614258,0.00985956570166304,0.920963444166022,0.990636355721171,0.986710559943647,"gpath_3neocort"
"8220","C1QL1","Inh ENOX2 SPHKAP",0.112107859059045,4.80483664305182,2.52933352234674,0.112695059788351,0.432909069908859,0.402099909484871,"gpath_3neocort"
"8221","DCAKD","Inh ENOX2 SPHKAP",-0.133451808903774,5.70214781964003,8.04550295005441,0.00484051452967736,0.113309929062496,0.0809276575613097,"gpath_3neocort"
"8222","NMT1","Inh ENOX2 SPHKAP",-0.000493280340791638,6.39832551512703,0.000204292452771782,0.988604699938047,0.998951897108485,0.998728720282548,"gpath_3neocort"
"8223","HEXIM1","Inh ENOX2 SPHKAP",0.160766954655104,4.8417116836912,5.99466237284419,0.0148639566057772,0.178038387979161,0.147089599408411,"gpath_3neocort"
"8224","AC138150.1","Inh ENOX2 SPHKAP",-0.202418306667312,4.39326189387961,5.90127112325211,0.0156577768795297,0.182134990769766,0.151147003409345,"gpath_3neocort"
"8225","AC008105.3","Inh ENOX2 SPHKAP",-0.0120254806846594,6.11369774029991,0.0937461991284425,0.759658680284368,0.935051840478786,0.929080327671517,"gpath_3neocort"
"8226","FMNL1","Inh ENOX2 SPHKAP",0.034340796280705,4.69064962198103,0.330206058673392,0.565925273822338,0.841855961712236,0.828822853622468,"gpath_3neocort"
"8227","AC008105.1","Inh ENOX2 SPHKAP",-0.110987742421071,4.04314397458921,1.58582444737905,0.208804558766077,0.56537462040495,0.537666889273723,"gpath_3neocort"
"8228","MAP3K14","Inh ENOX2 SPHKAP",0.0195269071729918,5.49612001663295,0.138015829222319,0.710497527279888,0.913494928399883,0.906366300651237,"gpath_3neocort"
"8229","ARHGAP27","Inh ENOX2 SPHKAP",0.104146701485538,4.91862865523886,3.13958003141348,0.0773267127026349,0.370271849007957,0.335711277202711,"gpath_3neocort"
"8230","PLEKHM1","Inh ENOX2 SPHKAP",0.0596174721912721,5.3236683629839,1.95479240404425,0.176440865843442,0.526726288039067,0.49715272800563,"gpath_3neocort"
"8231","LINC02210-CRHR1","Inh ENOX2 SPHKAP",-0.0157759877649064,6.67405700023883,0.184352812221655,0.667936189942426,0.890257663782362,0.885408021183422,"gpath_3neocort"
"8232","MAPT-AS1","Inh ENOX2 SPHKAP",-0.0356943188017489,4.9399895555164,0.285597972798536,0.59341151175695,0.85343611858588,0.844804768114018,"gpath_3neocort"
"8233","MAPT","Inh ENOX2 SPHKAP",-0.00992137418284452,8.63476456739841,0.195883620521214,0.658351158121822,0.886317117013643,0.880642308959601,"gpath_3neocort"
"8234","KANSL1","Inh ENOX2 SPHKAP",0.0328193757730774,8.27729316592414,1.24973082503019,0.264408703392787,0.623312478613645,0.598062790867666,"gpath_3neocort"
"8235","ARL17B","Inh ENOX2 SPHKAP",0.105800176247475,6.04705080278779,1.34209589324969,0.247493759034711,0.605217510497873,0.580551522328128,"gpath_3neocort"
"8236","LRRC37A2","Inh ENOX2 SPHKAP",0.0312992919904158,5.48629389446135,0.238660572369813,0.625496337425833,0.873023266999105,0.862703345534572,"gpath_3neocort"
"8237","ARL17A","Inh ENOX2 SPHKAP",0.0471537731850708,5.19256680876945,0.658225641633512,0.417765816225191,0.743594136063043,0.729342477124246,"gpath_3neocort"
"8238","NSF","Inh ENOX2 SPHKAP",-0.00505578299116592,8.39802359448555,0.0265043911062033,0.870773197447025,0.976011670895388,0.972598980316516,"gpath_3neocort"
"8239","AC005670.2","Inh ENOX2 SPHKAP",0.084853957974841,5.19934655484811,2.98821759140045,0.0847981385413843,0.38551086513352,0.351143758947653,"gpath_3neocort"
"8240","CDC27","Inh ENOX2 SPHKAP",0.021591225002487,7.23276163953471,0.742212563142929,0.389572163138318,0.727649032330622,0.708765563930035,"gpath_3neocort"
"8241","AC040934.1","Inh ENOX2 SPHKAP",0.177503806758994,4.48652037545359,7.41792438575898,0.00679777399712349,0.125610480425026,0.097789754032451,"gpath_3neocort"
"8242","NPEPPS","Inh ENOX2 SPHKAP",-0.0312725712798171,7.38505466832864,1.72283989939288,0.19023065260216,0.543883175290614,0.515115696088643,"gpath_3neocort"
"8243","AC025682.1","Inh ENOX2 SPHKAP",-0.155140421993637,5.03394335581265,7.32593972343984,0.00714647636168467,0.129216696416702,0.100187049882888,"gpath_3neocort"
"8244","KPNB1","Inh ENOX2 SPHKAP",-0.0203606348903771,6.67741813490561,0.476917314574846,0.490302423114183,0.794938009867324,0.780791932876205,"gpath_3neocort"
"8245","TBKBP1","Inh ENOX2 SPHKAP",-0.0717102528484995,4.94115743325314,1.60207949214937,0.206492462444717,0.562921402061108,0.534894184031542,"gpath_3neocort"
"8246","OSBPL7","Inh ENOX2 SPHKAP",0.102470418453225,4.22113271320106,2.18935151375968,0.139911984228244,0.476103949939866,0.445822912439918,"gpath_3neocort"
"8247","PNPO","Inh ENOX2 SPHKAP",-0.186271868639352,4.27414411224099,5.96961384651471,0.0150726898123844,0.178987174313708,0.148040499250195,"gpath_3neocort"
"8248","CDK5RAP3","Inh ENOX2 SPHKAP",-0.203263347927032,5.27207392843265,12.0533629526582,0.000585059422926723,0.0401218919750735,0.0244839432702848,"gpath_3neocort"
"8249","NFE2L1","Inh ENOX2 SPHKAP",-0.0386989021051116,5.91704822364511,0.804896626553653,0.370280694501979,0.715443534456927,0.693912951908923,"gpath_3neocort"
"8250","CBX1","Inh ENOX2 SPHKAP",0.052285281332478,5.55982416607196,1.56661736421663,0.211576304999907,0.568296667997378,0.540697745213171,"gpath_3neocort"
"8251","CALCOCO2","Inh ENOX2 SPHKAP",0.051014984694265,5.20721628401207,1.11563699254965,0.291624552477349,0.648957927793516,0.624255913264203,"gpath_3neocort"
"8252","ATP5MC1","Inh ENOX2 SPHKAP",-0.117428752583587,4.65950755605397,1.96423672577775,0.161991061186963,0.508532867130447,0.47722579000041,"gpath_3neocort"
"8253","UBE2Z","Inh ENOX2 SPHKAP",-0.086799991341055,5.52777034541725,3.93928675003508,0.0479900084898423,0.300531641591051,0.265779980908979,"gpath_3neocort"
"8254","SNF8","Inh ENOX2 SPHKAP",-0.0897318604580893,4.88505506582862,2.44066471518635,0.119174705313572,0.445161909595969,0.413006898538129,"gpath_3neocort"
"8255","ZNF652","Inh ENOX2 SPHKAP",-0.00197439958244344,6.72574223954928,0.00512740990624246,0.942958447588611,0.993751923679859,0.9915423889276,"gpath_3neocort"
"8256","PHB","Inh ENOX2 SPHKAP",-0.0767839008345104,4.40447833447307,1.02554334061324,0.311942008693622,0.66620805586772,0.642997350128995,"gpath_3neocort"
"8257","SPOP","Inh ENOX2 SPHKAP",-0.015913194234849,6.4315730110846,0.272783909983537,0.60181720202512,0.858992566768831,0.849535814705919,"gpath_3neocort"
"8258","SLC35B1","Inh ENOX2 SPHKAP",-0.17604377398515,4.00340098401125,3.83614844557454,0.0509919212685368,0.308421943672678,0.273917481778761,"gpath_3neocort"
"8259","KAT7","Inh ENOX2 SPHKAP",-0.0364986445617511,5.26169061260606,0.696829488728561,0.404448780227768,0.735897276131914,0.719372033891231,"gpath_3neocort"
"8260","ITGA3","Inh ENOX2 SPHKAP",0.00144705419976856,5.5428026096533,0.00122984760830569,0.986741961584066,0.99853405610575,0.998427533574627,"gpath_3neocort"
"8261","PDK2","Inh ENOX2 SPHKAP",-0.0100078384750212,4.87502831725065,0.0251023451658861,0.874208219644442,0.976948901017904,0.973707170349602,"gpath_3neocort"
"8262","SAMD14","Inh ENOX2 SPHKAP",0.0236786009557816,4.43384003092488,0.120673017131581,0.728524858826952,0.922092083280535,0.914752903912733,"gpath_3neocort"
"8263","PPP1R9B","Inh ENOX2 SPHKAP",0.130062387070832,4.84070020307023,4.33504463985271,0.0380976120549007,0.273876430580498,0.236826719145489,"gpath_3neocort"
"8264","MRPL27","Inh ENOX2 SPHKAP",-0.20212252235633,4.3723234941235,5.57039468836392,0.0188421174653111,0.198576341858441,0.166355779623377,"gpath_3neocort"
"8265","RSAD1","Inh ENOX2 SPHKAP",0.117005001751026,4.79004623867532,4.90534076267409,0.0274494042802989,0.238025199360241,0.200473771470322,"gpath_3neocort"
"8266","SPATA20","Inh ENOX2 SPHKAP",-0.049527782463773,4.33516314000482,0.473435262411579,0.491889413669471,0.795963507013151,0.781875597380639,"gpath_3neocort"
"8267","CACNA1G","Inh ENOX2 SPHKAP",0.115156885090953,5.94667599880643,5.80823838346138,0.0164922839231045,0.185690381331989,0.155222189691321,"gpath_3neocort"
"8268","ANKRD40","Inh ENOX2 SPHKAP",0.00456063183349962,4.67445008367876,0.00632118255892441,0.93667796201197,0.993269159402148,0.990460427979182,"gpath_3neocort"
"8269","LUC7L3","Inh ENOX2 SPHKAP",-0.00823222992861542,8.51445832625112,0.107843763554546,0.742818598697026,0.928690141752682,0.921733284008085,"gpath_3neocort"
"8270","TOB1","Inh ENOX2 SPHKAP",0.198873510550801,4.95041432702975,11.548908194205,0.000760009658104102,0.0451278905525472,0.0285330178473286,"gpath_3neocort"
"8271","SPAG9","Inh ENOX2 SPHKAP",0.002220239689422,7.27741234776646,0.00868078068109463,0.92582390300964,0.991335444642429,0.98781690576798,"gpath_3neocort"
"8272","MBTD1","Inh ENOX2 SPHKAP",0.0587081473280358,6.74032159179701,3.33482296388425,0.0687218425636823,0.350373457007926,0.31706207896563,"gpath_3neocort"
"8273","UTP18","Inh ENOX2 SPHKAP",-0.0456713377676369,4.83480319445982,0.711525584637283,0.399542549994395,0.733272776450324,0.715899877641837,"gpath_3neocort"
"8274","CA10","Inh ENOX2 SPHKAP",-0.0124681660629053,3.67457044289491,0.0122321794688279,0.912000735272061,0.98778742870664,0.98449078930157,"gpath_3neocort"
"8275","TOM1L1","Inh ENOX2 SPHKAP",-0.164232023289019,5.34554905553581,8.43966289236665,0.00391643654962743,0.101162491035204,0.0719201519979712,"gpath_3neocort"
"8276","COX11","Inh ENOX2 SPHKAP",-0.0204029737926536,5.62623762507214,0.236587572808129,0.627001224517714,0.873852506011812,0.863601020931917,"gpath_3neocort"
"8277","STXBP4","Inh ENOX2 SPHKAP",0.12079060730678,5.33226813836525,5.3376184985888,0.0214799962378537,0.2132918371428,0.177470802588533,"gpath_3neocort"
"8278","HLF","Inh ENOX2 SPHKAP",0.043517430703838,6.36905899582658,1.49081370212343,0.22295293647587,0.581236233938273,0.553813321456753,"gpath_3neocort"
"8279","MMD","Inh ENOX2 SPHKAP",0.00771287620815014,4.51425537268123,0.0142800516607583,0.904951864281506,0.986272116197137,0.982618290153503,"gpath_3neocort"
"8280","TMEM100","Inh ENOX2 SPHKAP",0.356007317749888,3.31754542296791,7.77060183030098,0.00561480341846945,0.120006222789673,0.0880650174519449,"gpath_3neocort"
"8281","PCTP","Inh ENOX2 SPHKAP",-0.0519021814525841,5.63605139126445,1.3403406212174,0.247802539509552,0.605217510497873,0.580922308932833,"gpath_3neocort"
"8282","ANKFN1","Inh ENOX2 SPHKAP",0.00932271113894242,5.8992883197505,0.0187977335546061,0.891030687329169,0.981581153911649,0.978571496052339,"gpath_3neocort"
"8283","C17orf67","Inh ENOX2 SPHKAP",0.0231673221021536,4.99432562355854,0.14135738177998,0.707174401832796,0.911386092288313,0.90500602097641,"gpath_3neocort"
"8284","DGKE","Inh ENOX2 SPHKAP",-0.00528688054726428,7.10302885640573,0.0364118001475715,0.848783721042649,0.96901071828263,0.965622286622354,"gpath_3neocort"
"8285","TRIM25","Inh ENOX2 SPHKAP",0.00210391334023967,5.04717229139797,0.00161222090114524,0.967995601050237,0.995915600953746,0.996118178733187,"gpath_3neocort"
"8286","COIL","Inh ENOX2 SPHKAP",-0.104931890839189,4.81786563449331,3.14741870658648,0.0794371211584262,0.374769742253619,0.33975135960507,"gpath_3neocort"
"8287","SCPEP1","Inh ENOX2 SPHKAP",-0.195056018748125,4.9620587177293,10.4648521484353,0.0013385553966565,0.06076454582574,0.0392633896844244,"gpath_3neocort"
"8288","AKAP1","Inh ENOX2 SPHKAP",-0.0354738536565492,5.40063164359532,0.706741914799719,0.401129993644524,0.734067422065013,0.717117644389044,"gpath_3neocort"
"8289","MSI2","Inh ENOX2 SPHKAP",0.0332590895162161,7.39357053256179,1.32485058394017,0.250548115038626,0.608635712093112,0.584071753793095,"gpath_3neocort"
"8290","MRPS23","Inh ENOX2 SPHKAP",-0.013773871709496,4.47365427694151,0.0434728285016722,0.834964807885666,0.964212713611394,0.960549247848189,"gpath_3neocort"
"8291","CUEDC1","Inh ENOX2 SPHKAP",-0.0500602691703718,4.92686656821887,0.704856475432015,0.401758192379107,0.734432377959028,0.717550570355811,"gpath_3neocort"
"8292","VEZF1","Inh ENOX2 SPHKAP",-0.0270476220530822,4.50750606791323,0.179030986998421,0.789238398694303,0.948286629819015,0.942273605351214,"gpath_3neocort"
"8293","AC015813.2","Inh ENOX2 SPHKAP",0.120440449869023,5.29754696516023,6.39502253355058,0.0119048017473501,0.160541254450746,0.131027799028146,"gpath_3neocort"
"8294","DYNLL2","Inh ENOX2 SPHKAP",-0.0503631461068002,6.11430785531449,1.13173183718675,0.288176055966487,0.645520712065355,0.621116866203891,"gpath_3neocort"
"8295","TSPOAP1","Inh ENOX2 SPHKAP",-0.0247314725002611,6.31610635953642,0.508991207784993,0.490179054655453,0.794925262931243,0.780710341882971,"gpath_3neocort"
"8296","MTMR4","Inh ENOX2 SPHKAP",-0.116167597462562,5.57823929800545,6.11928362043415,0.0138690433768489,0.172046808157649,0.14181675390066,"gpath_3neocort"
"8297","SEPT4","Inh ENOX2 SPHKAP",-0.112325239904375,4.86705724032926,3.38085506305421,0.066847026472467,0.346622121293336,0.312851189027658,"gpath_3neocort"
"8298","TEX14","Inh ENOX2 SPHKAP",0.0496827452183605,3.63683116984408,0.183778982256025,0.668422376484435,0.890551300854765,0.885627380284648,"gpath_3neocort"
"8299","RAD51C","Inh ENOX2 SPHKAP",0.0444426148784846,5.06264836660212,0.764423428194444,0.382577057795499,0.723302022893408,0.703332913058617,"gpath_3neocort"
"8300","PPM1E","Inh ENOX2 SPHKAP",0.0571447156157617,8.05602936072506,4.65233340803832,0.0317256619472571,0.254291940384892,0.216117303874541,"gpath_3neocort"
"8301","TRIM37","Inh ENOX2 SPHKAP",-0.0169942989804639,7.24900295006999,0.418353675835798,0.518204666624952,0.812212625719264,0.799258333517715,"gpath_3neocort"
"8302","AC099850.1","Inh ENOX2 SPHKAP",-0.0245163698929839,4.49190264243703,0.125666777925543,0.723191965654435,0.919259021216929,0.912175562451292,"gpath_3neocort"
"8303","SKA2","Inh ENOX2 SPHKAP",0.068197062328149,5.31638509401613,2.26204690076633,0.133525312072764,0.466016611844553,0.4357750591953,"gpath_3neocort"
"8304","GDPD1","Inh ENOX2 SPHKAP",0.00995986807627715,6.38868892547072,0.0809456609237257,0.776196561610863,0.943999265263717,0.93660038461739,"gpath_3neocort"
"8305","YPEL2","Inh ENOX2 SPHKAP",-0.0398518487926937,6.08630478222452,1.28786633846134,0.551442229140701,0.833842302386979,0.820391550985655,"gpath_3neocort"
"8306","DHX40","Inh ENOX2 SPHKAP",-0.00813298216586202,5.13721378163704,0.0271507222640306,0.941724071858511,0.993518947956843,0.991306371426488,"gpath_3neocort"
"8307","CLTC","Inh ENOX2 SPHKAP",-0.0395905386308969,6.97934168269557,1.77048629537053,0.184231161753612,0.536194148701887,0.507393901427161,"gpath_3neocort"
"8308","PTRH2","Inh ENOX2 SPHKAP",-0.0587171582450914,4.86265600745425,1.10846835572681,0.293177508505401,0.650629575621148,0.625695093977871,"gpath_3neocort"
"8309","VMP1","Inh ENOX2 SPHKAP",-0.00582412003305179,6.69594816444889,0.036353025354586,0.848904337406974,0.96901071828263,0.965685833340264,"gpath_3neocort"
"8310","TUBD1","Inh ENOX2 SPHKAP",0.00118785191427577,4.68127596229605,0.000414650058707844,0.983766012822805,0.998198786643165,0.998033717203395,"gpath_3neocort"
"8311","RPS6KB1","Inh ENOX2 SPHKAP",-0.0274806912982245,5.58588085440064,0.471385306067641,0.49282773655143,0.796248150379289,0.782345963453773,"gpath_3neocort"
"8312","RNFT1","Inh ENOX2 SPHKAP",0.0177234407062532,4.45765087518183,0.0757004712002096,0.783381257075557,0.945835848598468,0.939630011270463,"gpath_3neocort"
"8313","HEATR6","Inh ENOX2 SPHKAP",0.0137249607498717,5.16137996484807,0.081232832578471,0.77581056313604,0.943883466244222,0.936461972174146,"gpath_3neocort"
"8314","USP32","Inh ENOX2 SPHKAP",-0.0321950487329246,7.14895290499739,1.24507071564897,0.265299549970886,0.624076812805777,0.59893488733385,"gpath_3neocort"
"8315","APPBP2","Inh ENOX2 SPHKAP",-0.000549081230688872,6.78942773962576,0.000364378068970314,0.984781771612098,0.9984270842391,0.998191079795293,"gpath_3neocort"
"8316","PPM1D","Inh ENOX2 SPHKAP",0.0515089930728388,5.45302447161084,1.37949279007122,0.241025701989005,0.601020356464349,0.573738433686218,"gpath_3neocort"
"8317","BCAS3","Inh ENOX2 SPHKAP",-0.00321647326452393,8.68453173377642,0.0181773581235568,0.892832826906189,0.982463337140764,0.97929084963733,"gpath_3neocort"
"8318","NACA2","Inh ENOX2 SPHKAP",-0.106939538274104,3.65520498697493,0.795927131702019,0.372957267227452,0.716934211355155,0.695851662303426,"gpath_3neocort"
"8319","BRIP1","Inh ENOX2 SPHKAP",0.164245517740357,4.07727641536819,3.25028175098582,0.0723139696922435,0.358368161253469,0.324947990170973,"gpath_3neocort"
"8320","INTS2","Inh ENOX2 SPHKAP",-0.0107746877174221,5.29414313564255,0.0521126152420852,0.819567046878273,0.958326597322361,0.954420915075382,"gpath_3neocort"
"8321","MED13","Inh ENOX2 SPHKAP",0.0110673856841832,7.33733724613607,0.186239815717764,0.666343690443898,0.889472637659,0.884544625449883,"gpath_3neocort"
"8322","TLK2","Inh ENOX2 SPHKAP",-0.0111308820001425,6.37741565937638,0.116446632200001,0.815853298807471,0.957796918594936,0.952971411871995,"gpath_3neocort"
"8323","TANC2","Inh ENOX2 SPHKAP",0.0271363364142044,8.93198278452179,1.53907917958046,0.215627139070929,0.572064751780574,0.545373254959293,"gpath_3neocort"
"8324","AC015923.1","Inh ENOX2 SPHKAP",-0.181804116527231,4.13153299191506,3.01436906657224,0.0834532700292407,0.382972640690267,0.348414122901539,"gpath_3neocort"
"8325","CYB561","Inh ENOX2 SPHKAP",-0.0165299200798673,5.17797467356303,0.0615353746380272,0.804238171428952,0.952559922311815,0.948416510295921,"gpath_3neocort"
"8326","DCAF7","Inh ENOX2 SPHKAP",-0.0846099782227076,6.2747632486904,6.04176254004737,0.0144795257880552,0.175964444822338,0.145104417268466,"gpath_3neocort"
"8327","MAP3K3","Inh ENOX2 SPHKAP",-0.00395504683633728,6.40814230431596,0.01356850786923,0.907339141536542,0.986765245127383,0.983140099876645,"gpath_3neocort"
"8328","CCDC47","Inh ENOX2 SPHKAP",-0.101776075473642,4.57582236641623,2.40699939279409,0.121742323610102,0.449090113579256,0.41735879993954,"gpath_3neocort"
"8329","DDX42","Inh ENOX2 SPHKAP",-0.020660398898112,5.75169440920285,0.289966887504763,0.67278768484015,0.893563349014373,0.888076091331848,"gpath_3neocort"
"8330","PSMC5","Inh ENOX2 SPHKAP",-0.114710595418805,4.15019446057613,1.65539717949019,0.19911851356508,0.553071617908874,0.52597489616966,"gpath_3neocort"
"8331","SNHG25","Inh ENOX2 SPHKAP",-0.0174729351010813,4.05256266390052,0.0366787084241493,0.848237243066866,0.96901071828263,0.965435805420629,"gpath_3neocort"
"8332","TEX2","Inh ENOX2 SPHKAP",-0.0131056886786335,5.55756557034535,0.0867874639743557,0.768484989146465,0.938135492579701,0.933155797053685,"gpath_3neocort"
"8333","PECAM1","Inh ENOX2 SPHKAP",-0.0409537673291348,4.54105656629645,0.285078470133574,0.593747537570134,0.85343611858588,0.844998665447632,"gpath_3neocort"
"8334","DDX5","Inh ENOX2 SPHKAP",-0.046294088367478,7.28131313017065,1.97752459261016,0.160582678758207,0.506118025180843,0.475166880247934,"gpath_3neocort"
"8335","CEP95","Inh ENOX2 SPHKAP",0.000649535291235811,6.25546865012129,0.000400530865630934,0.984044759584082,0.998198786643165,0.998073411121613,"gpath_3neocort"
"8336","SMURF2","Inh ENOX2 SPHKAP",0.0137619273036267,6.0676031627873,0.168849344043136,0.681400418634718,0.898377315469825,0.892438630742694,"gpath_3neocort"
"8337","LRRC37A3","Inh ENOX2 SPHKAP",0.0499674613451017,7.4787037160351,2.35142337585784,0.126116937914616,0.456010421391836,0.424503608355845,"gpath_3neocort"
"8338","GNA13","Inh ENOX2 SPHKAP",0.0165465154179085,5.08068891593537,0.107600388631489,0.743098658041141,0.928816093994719,0.921845559175085,"gpath_3neocort"
"8339","RGS9","Inh ENOX2 SPHKAP",0.036971020394245,4.92746881643903,0.351550215057942,0.553638822328189,0.835191388279173,0.821618745511307,"gpath_3neocort"
"8340","AC004805.1","Inh ENOX2 SPHKAP",0.0719435589732338,6.21675134503259,2.84709250669217,0.0924745412394504,0.39902009088589,0.36603927776581,"gpath_3neocort"
"8341","CEP112","Inh ENOX2 SPHKAP",0.0266498278440283,8.23911323112392,0.907345572958396,0.341509697881249,0.691302312324829,0.669229758042626,"gpath_3neocort"
"8342","PRKCA","Inh ENOX2 SPHKAP",0.0276797540493241,8.16514031584319,0.662144299124122,0.416384654431694,0.742321970341054,0.728274782615966,"gpath_3neocort"
"8343","CACNG4","Inh ENOX2 SPHKAP",0.027723131092932,6.56246401452748,0.547968854044219,0.459669724787617,0.773904526276248,0.760019359773909,"gpath_3neocort"
"8344","HELZ","Inh ENOX2 SPHKAP",0.000550956012845827,7.4580929105481,0.000655410297617639,0.979590917300316,0.997825265393623,0.997879967632151,"gpath_3neocort"
"8345","PSMD12","Inh ENOX2 SPHKAP",0.026693009101847,5.60465992047154,0.403097692715537,0.525929217731161,0.816472080317622,0.804349559116802,"gpath_3neocort"
"8346","PITPNC1","Inh ENOX2 SPHKAP",-0.117062514361819,8.17730761866811,7.22938878177241,0.00753229743500444,0.132639262969391,0.103079625795662,"gpath_3neocort"
"8347","NOL11","Inh ENOX2 SPHKAP",-0.0508903768073351,4.54369496554975,0.607213463608576,0.544731963001669,0.830104257705461,0.816332751709495,"gpath_3neocort"
"8348","BPTF","Inh ENOX2 SPHKAP",0.0764392535845376,8.20487768090188,11.339847083928,0.000847314954416523,0.048106485094445,0.0304169886565306,"gpath_3neocort"
"8349","AMZ2","Inh ENOX2 SPHKAP",0.0245813426284423,4.41236740089147,0.126891292973181,0.841112149609208,0.966118201568113,0.962746105775414,"gpath_3neocort"
"8350","ARSG","Inh ENOX2 SPHKAP",-0.17047944898911,5.4912378939473,7.49667662613207,0.00651313116131021,0.12419581335652,0.0957009793478332,"gpath_3neocort"
"8351","PRKAR1A","Inh ENOX2 SPHKAP",-0.00738558438936409,6.45054485753228,0.0349019498699213,0.851914886477176,0.970401727505604,0.966710278800384,"gpath_3neocort"
"8352","FAM20A","Inh ENOX2 SPHKAP",0.21341398321714,4.12181355121656,5.86920919339546,0.0159403188259405,0.183483244358166,0.152569381912931,"gpath_3neocort"
"8353","LINC01482","Inh ENOX2 SPHKAP",-0.142561571839633,4.38851358569651,1.89146497486831,0.169960079573223,0.51971205280905,0.48839723225871,"gpath_3neocort"
"8354","ABCA9","Inh ENOX2 SPHKAP",0.0876912738508227,6.07968348736576,3.77945021500054,0.0527265586890503,0.313061959507303,0.278612113442287,"gpath_3neocort"
"8355","ABCA6","Inh ENOX2 SPHKAP",0.140297232739779,6.11440551903728,10.9139717896999,0.00105805846568368,0.0547463358755129,0.0346055820533106,"gpath_3neocort"
"8356","ABCA10","Inh ENOX2 SPHKAP",0.0891332796841212,7.3641311606626,6.49608312200734,0.0112589046588497,0.157301597658362,0.12703618907511,"gpath_3neocort"
"8357","ABCA5","Inh ENOX2 SPHKAP",0.0224357023237235,7.98731646215765,1.03729753837567,0.309189250360512,0.665977642116935,0.640741013027347,"gpath_3neocort"
"8358","MAP2K6","Inh ENOX2 SPHKAP",-0.0164247136180757,6.55886268071066,0.177253204229196,0.674015743964892,0.894543015588851,0.888794984470789,"gpath_3neocort"
"8359","LINC01483","Inh ENOX2 SPHKAP",-0.0603844924799056,3.9954301368397,0.265732484121014,0.606550542705916,0.860642457361243,0.851993833276181,"gpath_3neocort"
"8360","LINC00511","Inh ENOX2 SPHKAP",-0.0819677088930113,6.07359861531682,3.01559793823793,0.0833906460392572,0.382920028691687,0.348300838344607,"gpath_3neocort"
"8361","SLC39A11","Inh ENOX2 SPHKAP",-0.0291541772909994,4.42566162641877,0.153746627376864,0.695230859922312,0.906070411392328,0.898914392285403,"gpath_3neocort"
"8362","COG1","Inh ENOX2 SPHKAP",-0.0897842075606713,4.99561781140887,2.58617712078011,0.108746672851645,0.426765487411064,0.39545064346424,"gpath_3neocort"
"8363","FAM104A","Inh ENOX2 SPHKAP",-0.102029420645507,4.45453727350333,2.14238169011108,0.144221376778389,0.482787132027485,0.452093471875762,"gpath_3neocort"
"8364","C17orf80","Inh ENOX2 SPHKAP",0.0569921615506954,4.70666395312681,1.03000786411886,0.310892690418681,0.66620805586772,0.642182177556484,"gpath_3neocort"
"8365","SDK2","Inh ENOX2 SPHKAP",-0.109013579953167,4.10480904310322,1.39875922294531,0.237774076022527,0.598151369751322,0.570251787103775,"gpath_3neocort"
"8366","RPL38","Inh ENOX2 SPHKAP",-0.0607301964873542,4.78569063128707,0.457334764394306,0.499341031034235,0.800107578037865,0.78687714038157,"gpath_3neocort"
"8367","RAB37","Inh ENOX2 SPHKAP",-0.0135707743231432,6.2782020882624,0.105629914533507,0.745379177500515,0.929268051996626,0.922934307981182,"gpath_3neocort"
"8368","NAT9","Inh ENOX2 SPHKAP",-0.118637934937843,4.34777573586952,2.43640653131537,0.119496121553077,0.445161909595969,0.413573786752771,"gpath_3neocort"
"8369","FADS6","Inh ENOX2 SPHKAP",-0.0551018021320141,4.70432728571622,0.797972556497218,0.372344514509137,0.716720870189757,0.69548545695092,"gpath_3neocort"
"8370","HID1","Inh ENOX2 SPHKAP",0.0220230215433105,5.12729131950284,0.21162137390027,0.947581543651989,0.994776274703702,0.992485135171506,"gpath_3neocort"
"8371","MRPL58","Inh ENOX2 SPHKAP",-0.0067291495819815,3.79474857407413,0.00653706270408365,0.935608078692264,0.993269159402148,0.990296605727138,"gpath_3neocort"
"8372","KCTD2","Inh ENOX2 SPHKAP",0.0105982190759622,5.2218523163639,0.0453689057009062,0.831457303131407,0.962944947667719,0.959142299181169,"gpath_3neocort"
"8373","ATP5PD","Inh ENOX2 SPHKAP",-0.0908231337494098,4.52829502141593,1.47324738477014,0.225693077988637,0.58433222366501,0.557025856532894,"gpath_3neocort"
"8374","JPT1","Inh ENOX2 SPHKAP",-0.043420815288521,4.92855226077293,0.464858198510525,0.495835507412179,0.798222213784063,0.784487156477677,"gpath_3neocort"
"8375","NUP85","Inh ENOX2 SPHKAP",-0.0393980402154026,4.74312831452249,0.397581577222731,0.528772800241545,0.818176213655797,0.806367885646307,"gpath_3neocort"
"8376","GGA3","Inh ENOX2 SPHKAP",0.0249122788586154,5.18580517254976,0.276449965631829,0.803171981318896,0.952559922311815,0.94798526214385,"gpath_3neocort"
"8377","MRPS7","Inh ENOX2 SPHKAP",-0.231145653887668,4.37763414040298,7.52788719511156,0.00640373513665306,0.12419581335652,0.0948416790771166,"gpath_3neocort"
"8378","GRB2","Inh ENOX2 SPHKAP",-0.010587461280442,6.34294982317267,0.106692088249416,0.744146978304579,0.929084265444896,0.922384019255797,"gpath_3neocort"
"8379","TMEM94","Inh ENOX2 SPHKAP",-0.0321291744059148,5.05685312565296,0.510239349368285,0.475535020221793,0.783413978501069,0.770712102790318,"gpath_3neocort"
"8380","TSEN54","Inh ENOX2 SPHKAP",-0.195177547016007,4.34186734181244,7.47345293134699,0.00659577572220368,0.12419581335652,0.0962833459060393,"gpath_3neocort"
"8381","SAP30BP","Inh ENOX2 SPHKAP",-0.128396365734462,4.97630414932522,6.31578524593611,0.012437903682763,0.163897572480035,0.133974434479184,"gpath_3neocort"
"8382","H3F3B","Inh ENOX2 SPHKAP",-0.12583741732258,6.58523942433688,4.38527451583983,0.0370053349059496,0.271448531517172,0.233494790327157,"gpath_3neocort"
"8383","UNK","Inh ENOX2 SPHKAP",0.0338771536783784,5.8360514499275,0.741690168510919,0.389738879826126,0.727649032330622,0.70891872941675,"gpath_3neocort"
"8384","WBP2","Inh ENOX2 SPHKAP",0.0187606068942174,6.05922615079218,0.184545611101667,0.667773039254755,0.890181226045559,0.885336411895949,"gpath_3neocort"
"8385","ACOX1","Inh ENOX2 SPHKAP",-0.0519444046279754,5.37581943833525,1.3802304031228,0.240900219348522,0.601020356464349,0.573572072936545,"gpath_3neocort"
"8386","CDK3","Inh ENOX2 SPHKAP",-0.0661181459361159,3.51997317455543,0.354080535411484,0.552215887339878,0.834493840924229,0.820856386326295,"gpath_3neocort"
"8387","SRP68","Inh ENOX2 SPHKAP",0.044270788637706,4.89024537042214,0.679040617986427,0.410506328999047,0.740253909758388,0.723906652921091,"gpath_3neocort"
"8388","EXOC7","Inh ENOX2 SPHKAP",-0.0456830391377457,6.01455935662305,1.43747998381998,0.231398946382715,0.590782864882049,0.563317069290573,"gpath_3neocort"
"8389","RNF157","Inh ENOX2 SPHKAP",-0.0496037501006368,7.47753344956086,4.03423718913517,0.0453917706662664,0.291958429820411,0.258438584122003,"gpath_3neocort"
"8390","UBALD2","Inh ENOX2 SPHKAP",-0.0819098721222199,4.06766851077444,0.826787740125333,0.36385981791636,0.70993125763765,0.688559810182283,"gpath_3neocort"
"8391","QRICH2","Inh ENOX2 SPHKAP",0.0914785289701678,5.03077579165741,2.95958159247732,0.0862978290514287,0.387981652494373,0.354260684827581,"gpath_3neocort"
"8392","PRPSAP1","Inh ENOX2 SPHKAP",0.0143793957780634,6.0986992013528,0.158217422146499,0.691057560018653,0.90363380184538,0.897031372345243,"gpath_3neocort"
"8393","UBE2O","Inh ENOX2 SPHKAP",-0.0145708692599377,6.97572575809758,0.342429477067546,0.558826027167878,0.837336182883643,0.824584501503649,"gpath_3neocort"
"8394","CYGB","Inh ENOX2 SPHKAP",0.00444958901853187,5.48782817003204,0.00767318351828705,0.930249801404468,0.992451853904102,0.988992022204034,"gpath_3neocort"
"8395","PRCD","Inh ENOX2 SPHKAP",-0.126245461589225,4.05007868745057,2.05166862037323,0.15297628922069,0.496433393037775,0.464538275172048,"gpath_3neocort"
"8396","MXRA7","Inh ENOX2 SPHKAP",-0.00597546853872382,5.44047752066057,0.0180195054596656,0.92204633140403,0.990636355721171,0.986942953944779,"gpath_3neocort"
"8397","JMJD6","Inh ENOX2 SPHKAP",-0.00643626441449487,4.3387092060482,0.00558981086762963,0.940446494754069,0.993518947956843,0.991025939058109,"gpath_3neocort"
"8398","SRSF2","Inh ENOX2 SPHKAP",-0.067404347226795,5.60697018243909,1.78729573688925,0.18216741190783,0.533934219897856,0.50472647183858,"gpath_3neocort"
"8399","MFSD11","Inh ENOX2 SPHKAP",0.0204733636886666,6.59542955859481,0.43946946949409,0.757102644014709,0.933958138765548,0.927877310046773,"gpath_3neocort"
"8400","MGAT5B","Inh ENOX2 SPHKAP",0.0039300078333459,6.08663986123553,0.0118623628855808,0.913335840640052,0.988120897321575,0.984814831346907,"gpath_3neocort"
"8401","SEC14L1","Inh ENOX2 SPHKAP",0.000854559363309647,6.36308174639884,0.000596071487331908,0.980536527004772,0.997825265393623,0.997915368014525,"gpath_3neocort"
"8402","SEPT9","Inh ENOX2 SPHKAP",-0.0274104186632709,5.61942964511739,0.399301416828602,0.527883266781517,0.817833034307666,0.805761290634571,"gpath_3neocort"
"8403","AC021683.2","Inh ENOX2 SPHKAP",-0.0332662288231241,4.25730367783353,0.174234771466554,0.676643974950335,0.895219391241871,0.890009825887001,"gpath_3neocort"
"8404","TNRC6C","Inh ENOX2 SPHKAP",-0.00444126895256157,8.31347569073305,0.0524027880632257,0.819074116372516,0.958326597322361,0.954263655337084,"gpath_3neocort"
"8405","AFMID","Inh ENOX2 SPHKAP",-0.0406139064314688,4.28172975484454,0.247340045049063,0.619282083217943,0.868874814393541,0.859507307191884,"gpath_3neocort"
"8406","PGS1","Inh ENOX2 SPHKAP",0.0307321417570351,4.78666219465631,0.281387982898865,0.836226975323073,0.964374500911426,0.961008619259743,"gpath_3neocort"
"8407","CYTH1","Inh ENOX2 SPHKAP",0.0200895648304595,6.69754568717824,0.414446839277115,0.520163606101472,0.813290654399328,0.800639467312554,"gpath_3neocort"
"8408","USP36","Inh ENOX2 SPHKAP",-0.0141689849350685,5.91006177472856,0.130879596915561,0.717750933781381,0.916890803248471,0.909431825617898,"gpath_3neocort"
"8409","TIMP2","Inh ENOX2 SPHKAP",-0.0615072966610333,7.32454078829856,3.30064596584013,0.0701503456567879,0.353759990048026,0.320106448294641,"gpath_3neocort"
"8410","ENGASE","Inh ENOX2 SPHKAP",-0.132351087479922,4.17492598519733,2.74232650987392,0.0986631568220114,0.410766062904124,0.377255007149616,"gpath_3neocort"
"8411","RBFOX3","Inh ENOX2 SPHKAP",0.087457273681969,8.70739646150106,9.86703529259775,0.0018333557306639,0.070449373222505,0.0470877073361616,"gpath_3neocort"
"8412","CBX4","Inh ENOX2 SPHKAP",-0.0366943192020759,4.81384405552082,0.32685081139503,0.56790455045303,0.843019287868637,0.82983001644899,"gpath_3neocort"
"8413","TBC1D16","Inh ENOX2 SPHKAP",-0.164751213729674,4.4705886782698,5.25990765744729,0.0224438919777571,0.216167843801549,0.1813574875751,"gpath_3neocort"
"8414","CCDC40","Inh ENOX2 SPHKAP",0.0843917246124485,4.3303606400748,1.18006933335734,0.278126590645143,0.63630930385357,0.61144027674989,"gpath_3neocort"
"8415","GAA","Inh ENOX2 SPHKAP",-0.13358839324616,4.78405404073917,4.78258683510671,0.0294433114083164,0.246213865163732,0.20794716219953,"gpath_3neocort"
"8416","SLC26A11","Inh ENOX2 SPHKAP",-0.0447383692945694,5.64310687288268,1.14412726048213,0.285555615749135,0.641906875846047,0.618570068264982,"gpath_3neocort"
"8417","RNF213","Inh ENOX2 SPHKAP",-0.223468487222684,4.45201374027588,8.76295659783856,0.00329430296681463,0.0916569208309739,0.0655114670981564,"gpath_3neocort"
"8418","AC124319.2","Inh ENOX2 SPHKAP",-0.0274224180060166,6.24150057609584,0.481673949603835,0.488148305103609,0.794027547784085,0.779435076765179,"gpath_3neocort"
"8419","ENDOV","Inh ENOX2 SPHKAP",-0.0322587820112467,4.7124243516966,0.292416830766733,0.589036968499491,0.852309360958104,0.842469791812515,"gpath_3neocort"
"8420","NPTX1","Inh ENOX2 SPHKAP",0.227219968705873,4.83342003240454,12.0584735258616,0.000583513993153823,0.0401218919750735,0.024450627145185,"gpath_3neocort"
"8421","RPTOR","Inh ENOX2 SPHKAP",0.0483262828098641,7.09390500790265,2.66279650977745,0.103664052131792,0.41679625914921,0.386346204388134,"gpath_3neocort"
"8422","BAIAP2","Inh ENOX2 SPHKAP",0.114361977393247,5.85068786883522,4.72861672148067,0.0303673906202384,0.248793277764384,0.211395313948,"gpath_3neocort"
"8423","AATK","Inh ENOX2 SPHKAP",0.0269983619688856,6.45901553270759,0.748589960646766,0.57570767205796,0.845900315657619,0.834574645454287,"gpath_3neocort"
"8424","NDUFAF8","Inh ENOX2 SPHKAP",-0.0710291538104099,4.5976869724462,0.961663334635709,0.327479153533274,0.678508935554686,0.65706449957371,"gpath_3neocort"
"8425","SLC38A10","Inh ENOX2 SPHKAP",-0.0663919093009067,4.92706527889845,1.46420908614179,0.227118742922719,0.586653134902238,0.55860297471765,"gpath_3neocort"
"8426","BAHCC1","Inh ENOX2 SPHKAP",-0.0811689730990904,5.49354245287635,3.2195349837651,0.0736700914074733,0.361592414378011,0.328062904959487,"gpath_3neocort"
"8427","ACTG1","Inh ENOX2 SPHKAP",-0.0567271042304873,6.82590887746945,1.02191965487118,0.312797108269996,0.66620805586772,0.643815485665359,"gpath_3neocort"
"8428","NPLOC4","Inh ENOX2 SPHKAP",-0.0328098029553014,6.16729679678552,0.783380319631282,0.376747129071219,0.719108744443093,0.69877754670707,"gpath_3neocort"
"8429","ARL16","Inh ENOX2 SPHKAP",-0.0831077194684857,4.06721065862927,0.955670756420448,0.328988776984749,0.679900829855154,0.65834545818252,"gpath_3neocort"
"8430","HGS","Inh ENOX2 SPHKAP",0.0390492257421595,4.97232104824663,0.587402201415175,0.574023528243988,0.84549412279749,0.833586465199496,"gpath_3neocort"
"8431","MCRIP1","Inh ENOX2 SPHKAP",-0.0238415561883354,5.01631445350912,0.15413774342364,0.69486299302498,0.906070411392328,0.898773797614224,"gpath_3neocort"
"8432","P4HB","Inh ENOX2 SPHKAP",0.0835303145481144,5.05173576193389,2.52300953337271,0.113144034565405,0.433902824132111,0.402756753017776,"gpath_3neocort"
"8433","ARHGDIA","Inh ENOX2 SPHKAP",0.013361148438858,4.90356118619905,0.0530139884362234,0.818040519532325,0.958326597322361,0.953826256787029,"gpath_3neocort"
"8434","ANAPC11","Inh ENOX2 SPHKAP",-0.0853691165324644,4.32271419195845,0.866720417115441,0.352538402330271,0.70118851345837,0.678887197035318,"gpath_3neocort"
"8435","MAFG","Inh ENOX2 SPHKAP",0.0500881766829514,4.87509726040755,0.695892897603807,0.404764432539482,0.736334026540159,0.719624466747187,"gpath_3neocort"
"8436","ASPSCR1","Inh ENOX2 SPHKAP",-0.0944628261213959,4.60053118396051,2.05959490594908,0.152187713847962,0.495294945453222,0.463370312682582,"gpath_3neocort"
"8437","CENPX","Inh ENOX2 SPHKAP",-0.010088406946763,4.02826430761585,0.0101162158358601,0.919944799417724,0.990636355721171,0.986528922444722,"gpath_3neocort"
"8438","RAC3","Inh ENOX2 SPHKAP",-0.11959237847974,4.30998717771115,2.07736845930866,0.150436189688823,0.491758178982798,0.460981382200439,"gpath_3neocort"
"8439","DCXR","Inh ENOX2 SPHKAP",0.0720205192700164,4.04300266900524,0.577361603824484,0.447885251877752,0.764942049963661,0.751600623589421,"gpath_3neocort"
"8440","RFNG","Inh ENOX2 SPHKAP",-0.0671954535576591,4.86830558040505,1.20472152631446,0.273172039075215,0.631264669319991,0.606762341837297,"gpath_3neocort"
"8441","GPS1","Inh ENOX2 SPHKAP",0.0307908214277409,4.91256690476141,0.324420920324311,0.569346392494813,0.843238809142888,0.830563551115438,"gpath_3neocort"
"8442","DUS1L","Inh ENOX2 SPHKAP",-0.0216970613082609,4.80380635435357,0.127948301522933,0.720795184310737,0.918385260046279,0.911006947879454,"gpath_3neocort"
"8443","FASN","Inh ENOX2 SPHKAP",-0.124030870147986,4.8476606921469,4.57712850107638,0.0331272083405991,0.259945813715354,0.221005360029693,"gpath_3neocort"
"8444","CCDC57","Inh ENOX2 SPHKAP",-0.000874322729392405,6.90038152865168,0.000840783876270051,0.976884910154145,0.997368972015209,0.997329671365262,"gpath_3neocort"
"8445","CSNK1D","Inh ENOX2 SPHKAP",-0.0640164201903079,5.47411601832895,2.18918459820399,0.139927038891753,0.476103949939866,0.445854985560489,"gpath_3neocort"
"8446","OGFOD3","Inh ENOX2 SPHKAP",-0.000518454924804893,5.01150849380749,0.00016227717546853,0.989843796964549,0.998951897108485,0.998790808820012,"gpath_3neocort"
"8447","HEXDC","Inh ENOX2 SPHKAP",0.0200381854895819,5.33139706285589,0.156946777651875,0.692236639288028,0.904346712286936,0.897483777684568,"gpath_3neocort"
"8448","CYBC1","Inh ENOX2 SPHKAP",-0.100416703284071,4.20949238351671,1.63047878242957,0.202525360216153,0.556754766278031,0.530148783409554,"gpath_3neocort"
"8449","NARF","Inh ENOX2 SPHKAP",-0.0834506581514061,5.72330895360854,4.41737538400264,0.0363245864222552,0.27089218172312,0.231348844672794,"gpath_3neocort"
"8450","FOXK2","Inh ENOX2 SPHKAP",-0.0080742380377723,6.53297919523528,0.0542196256720165,0.816019916442235,0.957796918594936,0.953020221430592,"gpath_3neocort"
"8451","WDR45B","Inh ENOX2 SPHKAP",0.0398134688298417,5.54319505601824,0.91902919144823,0.338424613284115,0.688388422961949,0.666546519882504,"gpath_3neocort"
"8452","RAB40B","Inh ENOX2 SPHKAP",-0.0399629764545346,5.29031329053212,0.722160735563161,0.396045827357315,0.731820543985869,0.713326288253409,"gpath_3neocort"
"8453","FN3KRP","Inh ENOX2 SPHKAP",0.0205988009587386,4.36518185668572,0.0868190852148855,0.768444026111235,0.938135492579701,0.933135335497181,"gpath_3neocort"
"8454","FN3K","Inh ENOX2 SPHKAP",-0.171467309792706,4.59989652519507,6.76238762762735,0.00972432784940703,0.147771602677457,0.118253092186757,"gpath_3neocort"
"8455","TBCD","Inh ENOX2 SPHKAP",-0.00796867231420551,6.68225684285224,0.0722765783771143,0.788216743589285,0.948079872662112,0.94178911137898,"gpath_3neocort"
"8456","B3GNTL1","Inh ENOX2 SPHKAP",-0.0179674626361407,4.33120555304295,0.0564933685384002,0.812272692054288,0.955534123607715,0.951581467852814,"gpath_3neocort"
"8457","USP14","Inh ENOX2 SPHKAP",-0.0270324632645309,6.24225312029891,0.651236431815677,0.420246228592631,0.745156180120621,0.73132261294875,"gpath_3neocort"
"8458","THOC1","Inh ENOX2 SPHKAP",-0.00969697683067474,6.21958783503982,0.0850981882343668,0.770685228465543,0.939525883174444,0.934249782480941,"gpath_3neocort"
"8459","AP005230.1","Inh ENOX2 SPHKAP",-0.199053879407164,4.53073838309478,5.12660031045552,0.0242037283467795,0.225049639702215,0.18830350806358,"gpath_3neocort"
"8460","METTL4","Inh ENOX2 SPHKAP",0.0656866495492688,4.81102530099715,1.22577485306611,0.269028380079818,0.628399703818007,0.602779932119147,"gpath_3neocort"
"8461","SMCHD1","Inh ENOX2 SPHKAP",0.0561408429023618,7.37472899486116,5.14446300471994,0.0239598034868341,0.223916090551623,0.187391551391882,"gpath_3neocort"
"8462","LPIN2","Inh ENOX2 SPHKAP",0.035755455654764,6.86222788823839,1.350772717678,0.24597428523019,0.604262762253176,0.578973793010422,"gpath_3neocort"
"8463","MYL12B","Inh ENOX2 SPHKAP",-0.0558921166954134,5.07643859215751,0.665746646733843,0.415120960366294,0.741572695131503,0.727336147657693,"gpath_3neocort"
"8464","DLGAP1","Inh ENOX2 SPHKAP",0.00741236795279038,12.0648561777959,0.190484286118895,0.662796326903827,0.887940899027516,0.882703857178958,"gpath_3neocort"
"8465","DLGAP1-AS3","Inh ENOX2 SPHKAP",-0.307346761356138,3.50584282225845,5.59517044671953,0.0185819005393644,0.198193370703538,0.165212580274488,"gpath_3neocort"
"8466","DLGAP1-AS4","Inh ENOX2 SPHKAP",-0.220516081065046,4.26756855224218,4.71789750293724,0.030554513734885,0.24977248336751,0.211982545548281,"gpath_3neocort"
"8467","LINC00667","Inh ENOX2 SPHKAP",-0.0145617625529296,5.20087424837576,0.0998187517297361,0.788760196617482,0.948261666964223,0.942066391371714,"gpath_3neocort"
"8468","EPB41L3","Inh ENOX2 SPHKAP",0.00207693004089415,8.57558721368015,0.00966810170562851,0.921732114477864,0.990636355721171,0.986871095906691,"gpath_3neocort"
"8469","TMEM200C","Inh ENOX2 SPHKAP",0.12656961529886,6.12145163837496,9.05513124594163,0.00281910435486787,0.0856982292316283,0.0602043232004201,"gpath_3neocort"
"8470","AP005433.1","Inh ENOX2 SPHKAP",-0.00496853898082719,5.18459292801118,0.00812006523923182,0.928252791833827,0.99194652368676,0.988441843962727,"gpath_3neocort"
"8471","L3MBTL4","Inh ENOX2 SPHKAP",0.0535977069789763,9.26188349820583,4.27037694045155,0.0395540844754633,0.278915457457457,0.241260284946447,"gpath_3neocort"
"8472","ARHGAP28","Inh ENOX2 SPHKAP",0.111658814648588,7.52668471659566,7.44498311937774,0.00669855990004772,0.124723855270869,0.0970214488568409,"gpath_3neocort"
"8473","PTPRM","Inh ENOX2 SPHKAP",0.00940256307009947,9.97462330853586,0.224527635084187,0.635921649883469,0.877252323786555,0.868456310054914,"gpath_3neocort"
"8474","RAB12","Inh ENOX2 SPHKAP",-0.0006444750331515,6.20366230652146,0.000347228110397852,0.985144178722502,0.9984270842391,0.998236551772474,"gpath_3neocort"
"8475","GACAT2","Inh ENOX2 SPHKAP",0.205433012700798,4.23368319049731,6.74807161727018,0.00980106654421177,0.147771602677457,0.118605851381335,"gpath_3neocort"
"8476","MTCL1","Inh ENOX2 SPHKAP",-0.0200274045162075,7.40161166668908,0.585473278250096,0.444716170974396,0.762971304613294,0.749553197427646,"gpath_3neocort"
"8477","NDUFV2","Inh ENOX2 SPHKAP",-0.0667419249713406,5.41836586061911,1.72987466072006,0.189330655333756,0.54265657073243,0.513933598481972,"gpath_3neocort"
"8478","NDUFV2-AS1","Inh ENOX2 SPHKAP",0.128330317998345,4.2832923642239,2.78166228286659,0.0962879844674992,0.406437968246427,0.373000461599437,"gpath_3neocort"
"8479","ANKRD12","Inh ENOX2 SPHKAP",0.0603471953411343,8.88851261058428,7.06352149956512,0.00824584107335582,0.13770032017321,0.108014250237562,"gpath_3neocort"
"8480","TWSG1","Inh ENOX2 SPHKAP",-0.0137536675463817,5.63361301335787,0.106889263030261,0.743918989214721,0.928992448957804,0.922285217027513,"gpath_3neocort"
"8481","RALBP1","Inh ENOX2 SPHKAP",0.0394690493373258,6.1478560438456,1.21405299391618,0.27132563235476,0.630548689292513,0.605088621841924,"gpath_3neocort"
"8482","PPP4R1","Inh ENOX2 SPHKAP",0.0356179801718663,6.53661120402789,1.36110136168116,0.244180428383143,0.602439577297959,0.576988191912562,"gpath_3neocort"
"8483","RAB31","Inh ENOX2 SPHKAP",0.0459569764685047,6.91925350954952,1.7288042549586,0.189467276698528,0.54265657073243,0.514117282146754,"gpath_3neocort"
"8484","VAPA","Inh ENOX2 SPHKAP",0.0412953976614739,7.21870891873315,2.264391479793,0.133324852999112,0.465847656442537,0.435476576870501,"gpath_3neocort"
"8485","NAPG","Inh ENOX2 SPHKAP",-0.0539761753123135,5.86752873459409,1.81689617274057,0.178598230046403,0.529798217713884,0.499856491973443,"gpath_3neocort"
"8486","PIEZO2","Inh ENOX2 SPHKAP",-0.00499299060096978,6.28536807665867,0.0049753047229413,0.943809461358727,0.993751923679859,0.991677411860337,"gpath_3neocort"
"8487","GNAL","Inh ENOX2 SPHKAP",0.00521301533206388,4.65094051055786,0.00404231275638623,0.949343404093959,0.994776274703702,0.992794799667823,"gpath_3neocort"
"8488","MPPE1","Inh ENOX2 SPHKAP",-0.100174587418959,4.70507223639399,2.71355873520817,0.100440849003544,0.412672634080867,0.380475717080573,"gpath_3neocort"
"8489","AFG3L2","Inh ENOX2 SPHKAP",-0.0618180561379409,5.39695347085584,1.81736117464638,0.178542811775214,0.529798217713884,0.499788938149243,"gpath_3neocort"
"8490","PRELID3A","Inh ENOX2 SPHKAP",-0.125923262369412,4.9124434699818,5.8430252125305,0.0161749778138873,0.184224484153958,0.153749584072247,"gpath_3neocort"
"8491","SPIRE1","Inh ENOX2 SPHKAP",0.00673541003761914,7.97371914426643,0.0796814483511767,0.995004107972154,0.99916057852693,0.999427520085317,"gpath_3neocort"
"8492","PSMG2","Inh ENOX2 SPHKAP",-0.00308812821687019,6.31088933096966,0.00724068873016151,0.932239131770391,0.992689411173326,0.989476142551237,"gpath_3neocort"
"8493","CEP76","Inh ENOX2 SPHKAP",-0.00632781862629813,4.52302259192198,0.0109635927054898,0.91667112434927,0.989065400865346,0.98573104064982,"gpath_3neocort"
"8494","PTPN2","Inh ENOX2 SPHKAP",0.00811006071712899,6.00061735555863,0.0498983324083764,0.823377069474555,0.960590140474807,0.955897910308961,"gpath_3neocort"
"8495","SEH1L","Inh ENOX2 SPHKAP",-0.113985142072531,4.34049542157025,2.83378271310901,0.0932366938602469,0.400554830865968,0.367370854965886,"gpath_3neocort"
"8496","CEP192","Inh ENOX2 SPHKAP",-0.0451312420457003,6.80400258770648,2.18654814685639,0.140165071496168,0.476747281253819,0.44621934128454,"gpath_3neocort"
"8497","LDLRAD4","Inh ENOX2 SPHKAP",0.054548580565519,8.79940346635857,4.65221947947514,0.0317277374787065,0.254291940384892,0.216119653233246,"gpath_3neocort"
"8498","FAM210A","Inh ENOX2 SPHKAP",-0.0151001924159385,4.94809599194057,0.0739542445912989,0.889418778966544,0.980989927463609,0.978142113962635,"gpath_3neocort"
"8499","RNMT","Inh ENOX2 SPHKAP",-0.0530845104019666,6.7460832762839,2.91170377520464,0.0888700473851481,0.391945888331781,0.359155544358555,"gpath_3neocort"
"8500","ZNF519","Inh ENOX2 SPHKAP",0.0528409682666093,6.02584743580264,1.66616387902288,0.19766742141446,0.551886530094301,0.524451135537923,"gpath_3neocort"
"8501","ANKRD30B","Inh ENOX2 SPHKAP",-0.146553863334109,4.11733087836059,1.81339824245585,0.17901574851525,0.530069410446744,0.500380156498547,"gpath_3neocort"
"8502","ROCK1","Inh ENOX2 SPHKAP",0.0585657789508099,6.95792750153361,3.63790601589223,0.0573369688899498,0.323162158741819,0.290785634019581,"gpath_3neocort"
"8503","GREB1L","Inh ENOX2 SPHKAP",0.0719633247394699,4.63708562084539,0.995428340690909,0.319142746786521,0.671228787249916,0.649656096702398,"gpath_3neocort"
"8504","ESCO1","Inh ENOX2 SPHKAP",0.0639668751846492,5.984008093813,3.4835406247241,0.0628596397041437,0.335964419011499,0.303584304624043,"gpath_3neocort"
"8505","SNRPD1","Inh ENOX2 SPHKAP",-0.0629561116152956,4.66219105286899,0.944590501819587,0.331804587041116,0.683042374507283,0.661026161358517,"gpath_3neocort"
"8506","ABHD3","Inh ENOX2 SPHKAP",0.0278275152894755,5.45723224720337,0.160147304909625,0.68927719640014,0.902538838045525,0.896226669312072,"gpath_3neocort"
"8507","MIB1","Inh ENOX2 SPHKAP",0.0178114964213444,7.28579138820154,0.198955005759278,0.655855168525798,0.885848338339017,0.879200801997875,"gpath_3neocort"
"8508","RBBP8","Inh ENOX2 SPHKAP",0.0367192592677997,4.51930165188817,0.262665308023229,0.608634268224082,0.861842648605367,0.853201094883108,"gpath_3neocort"
"8509","CABLES1","Inh ENOX2 SPHKAP",-0.00321310412527905,6.97243425922427,0.00668245387097078,0.934897525347951,0.993269159402148,0.990069067949542,"gpath_3neocort"
"8510","TMEM241","Inh ENOX2 SPHKAP",-0.0962836013933316,6.0200751970483,4.68683313083131,0.0311036526385928,0.2511503892161,0.213914010196729,"gpath_3neocort"
"8511","RIOK3","Inh ENOX2 SPHKAP",0.00383980928920784,5.72198690613252,0.0109786234644887,0.916614232417747,0.989065400865346,0.985718198653222,"gpath_3neocort"
"8512","NPC1","Inh ENOX2 SPHKAP",0.0475165645841624,5.07684350003027,0.766489499693061,0.381935485628291,0.723056833873942,0.702829288717951,"gpath_3neocort"
"8513","TTC39C","Inh ENOX2 SPHKAP",-0.104087497128855,5.54354581463945,4.52926873070253,0.0340528505575515,0.264018040389679,0.224046178800539,"gpath_3neocort"
"8514","CABYR","Inh ENOX2 SPHKAP",0.0411179370148739,4.39511305610844,0.334106444595448,0.563641168956542,0.840155822992941,0.827437472933263,"gpath_3neocort"
"8515","OSBPL1A","Inh ENOX2 SPHKAP",0.0134879233910899,7.99669829549331,0.151894514756838,0.696980250042503,0.906665989070995,0.899698175642352,"gpath_3neocort"
"8516","IMPACT","Inh ENOX2 SPHKAP",-0.1287990498839,4.61452706788118,4.56444738179575,0.0333698685662625,0.261088385138783,0.221707223013541,"gpath_3neocort"
"8517","SS18","Inh ENOX2 SPHKAP",0.051466417428444,4.9111491188213,0.991821524341727,0.327445008980662,0.678508935554686,0.65703875165138,"gpath_3neocort"
"8518","TAF4B","Inh ENOX2 SPHKAP",-0.0643743907889271,5.32889276194655,1.93659843971519,0.164966020738892,0.514060515185705,0.481520746037395,"gpath_3neocort"
"8519","KCTD1","Inh ENOX2 SPHKAP",-0.178361454977559,5.94120063973265,11.0191222920241,0.00100151800150707,0.0529055914788155,0.0336114850855368,"gpath_3neocort"
"8520","AQP4-AS1","Inh ENOX2 SPHKAP",-0.234231798780244,4.87235625861379,6.4421911467531,0.0115987088759041,0.15975703965142,0.12929856568559,"gpath_3neocort"
"8521","CDH2","Inh ENOX2 SPHKAP",0.0341349241663108,8.32482984959569,2.01153984984119,0.157040747787449,0.502050373102185,0.47028541059938,"gpath_3neocort"
"8522","B4GALT6","Inh ENOX2 SPHKAP",-0.0631823252098399,6.36184338726925,2.63696568104874,0.105347723488342,0.419409702097085,0.389344284612391,"gpath_3neocort"
"8523","TRAPPC8","Inh ENOX2 SPHKAP",-0.00455276229541088,6.19548829873365,0.0176248589990055,0.930950766888955,0.992579123934825,0.989160064642873,"gpath_3neocort"
"8524","RNF138","Inh ENOX2 SPHKAP",-0.0480081602505702,5.62051580832928,1.37816909816176,0.241251088435069,0.601020356464349,0.573937065529123,"gpath_3neocort"
"8525","GAREM1","Inh ENOX2 SPHKAP",0.0585171157486574,7.41751711132266,3.89211213135246,0.0493390974477426,0.30466970890686,0.269616657860614,"gpath_3neocort"
"8526","AC025887.2","Inh ENOX2 SPHKAP",-0.0970877633445383,4.43748909465886,1.21884411478328,0.270383706682461,0.63005420810572,0.604222830185611,"gpath_3neocort"
"8527","KLHL14","Inh ENOX2 SPHKAP",-0.116500766206689,3.90062339008954,1.02940075632557,0.311035110597621,0.66620805586772,0.642344289164888,"gpath_3neocort"
"8528","CCDC178","Inh ENOX2 SPHKAP",0.228943639625538,4.07486493914493,6.01564789704662,0.0146913849136693,0.176841416921276,0.146182547547797,"gpath_3neocort"
"8529","ASXL3","Inh ENOX2 SPHKAP",-0.0205964623219832,7.89630252871878,0.618289312477022,0.90107818752872,0.985533466494216,0.98158562512659,"gpath_3neocort"
"8530","NOL4","Inh ENOX2 SPHKAP",0.0625169465450067,7.88109816974599,6.74773451687498,0.00980288101557167,0.147771602677457,0.118615019282458,"gpath_3neocort"
"8531","DTNA","Inh ENOX2 SPHKAP",0.0380529950332296,9.65254641888603,2.78034951228929,0.0963662346623749,0.406592024758322,0.373116195591468,"gpath_3neocort"
"8532","MAPRE2","Inh ENOX2 SPHKAP",0.01081075476433,7.89070790894224,0.181101153687267,0.670703170715297,0.892498971908385,0.886875644782707,"gpath_3neocort"
"8533","ZNF397","Inh ENOX2 SPHKAP",0.0174417301839738,5.34257834921685,0.15093689074395,0.697889585205134,0.907107418676935,0.90009133440351,"gpath_3neocort"
"8534","ZSCAN30","Inh ENOX2 SPHKAP",0.044950804326776,4.88678055106246,0.674321660343644,0.583827192354043,0.850178807252576,0.839376596197124,"gpath_3neocort"
"8535","ZNF24","Inh ENOX2 SPHKAP",0.112575267053021,5.54323002352437,6.36583558534808,0.0120983700855335,0.161063052809379,0.132048696106516,"gpath_3neocort"
"8536","GALNT1","Inh ENOX2 SPHKAP",0.0121524192422245,6.16877592595301,0.105854687306289,0.745117854902083,0.929268051996626,0.922784413821403,"gpath_3neocort"
"8537","RPRD1A","Inh ENOX2 SPHKAP",0.0169220286917841,6.93737864216594,0.508648689393866,0.476223263986843,0.784149838468698,0.771167421075962,"gpath_3neocort"
"8538","SLC39A6","Inh ENOX2 SPHKAP",-0.0658943327055432,4.97749463088436,1.536342090107,0.216034796245776,0.572603931911097,0.545762038906585,"gpath_3neocort"
"8539","ELP2","Inh ENOX2 SPHKAP",-0.0365224140288769,6.71976090854593,1.6533966748841,0.19938951401699,0.553101325719946,0.526258086775651,"gpath_3neocort"
"8540","FHOD3","Inh ENOX2 SPHKAP",0.0329637002776774,8.0401233655986,1.18889553238762,0.276339797826717,0.635281253780055,0.609813092374223,"gpath_3neocort"
"8541","TPGS2","Inh ENOX2 SPHKAP",0.00217724665070171,6.14452949422457,0.00419854605516493,0.993342056534508,0.998951897108485,0.99920245299568,"gpath_3neocort"
"8542","KIAA1328","Inh ENOX2 SPHKAP",0.0546158954138661,7.64815019688273,4.13332295046864,0.0428384841336338,0.284372339166754,0.250986300212042,"gpath_3neocort"
"8543","CELF4","Inh ENOX2 SPHKAP",0.0362731282556535,9.43802064118443,3.54117482283506,0.0607339138372313,0.330775644824921,0.298847784350956,"gpath_3neocort"
"8544","AC016205.1","Inh ENOX2 SPHKAP",-0.174671354592768,3.77667237243291,2.3372657917983,0.127259176800773,0.457758405933599,0.42632748619829,"gpath_3neocort"
"8545","LINC01902","Inh ENOX2 SPHKAP",0.102906512844114,5.60092726365667,3.71874770775814,0.054653484124896,0.316795016909665,0.283595378535756,"gpath_3neocort"
"8546","PIK3C3","Inh ENOX2 SPHKAP",0.00364626697856807,7.26616939957456,0.0158748795617201,0.899811382004853,0.985032569195535,0.981181341378083,"gpath_3neocort"
"8547","LINC00907","Inh ENOX2 SPHKAP",-0.07547653130618,4.90968015056454,0.974558364636447,0.324261780622297,0.67524003490342,0.654198937016707,"gpath_3neocort"
"8548","RIT2","Inh ENOX2 SPHKAP",0.192348045555274,5.18008020732026,4.32574806382554,0.0383034675746985,0.273876430580498,0.237361277369544,"gpath_3neocort"
"8549","SYT4","Inh ENOX2 SPHKAP",0.0718549062655013,5.99340888611085,2.93315043308803,0.0877076639778061,0.389998735988984,0.356979783944168,"gpath_3neocort"
"8550","SETBP1","Inh ENOX2 SPHKAP",0.0189087607294102,9.47341533837874,0.719429635414522,0.396939539760064,0.732221488574257,0.713977786397066,"gpath_3neocort"
"8551","SLC14A2","Inh ENOX2 SPHKAP",-0.142503859598743,4.15266945028371,1.92448988178484,0.166289087738506,0.51669532112239,0.48340714530619,"gpath_3neocort"
"8552","SLC14A2-AS1","Inh ENOX2 SPHKAP",0.100647305947258,3.69124651827947,0.748153814788125,0.387683242848569,0.726785510760968,0.707238777330571,"gpath_3neocort"
"8553","EPG5","Inh ENOX2 SPHKAP",0.0075600782998721,6.27327936705154,0.0516686687046769,0.853087037151987,0.970401727505604,0.967068942652922,"gpath_3neocort"
"8554","ATP5F1A","Inh ENOX2 SPHKAP",-0.0518615976383263,5.79494732336843,1.1857373758466,0.276977471754218,0.635743398069418,0.610420196654567,"gpath_3neocort"
"8555","C18orf25","Inh ENOX2 SPHKAP",-0.0136725485328937,5.75319798991587,0.128244055525503,0.832733914838353,0.963312290650497,0.959618530202507,"gpath_3neocort"
"8556","RNF165","Inh ENOX2 SPHKAP",-0.0189833767864697,6.37604463643271,0.273267403338252,0.601495515383769,0.858992566768831,0.849396204032343,"gpath_3neocort"
"8557","ST8SIA5","Inh ENOX2 SPHKAP",-0.0481650160374379,6.10923968723783,1.10548549426559,0.293826815197084,0.650922557064796,0.626321214419557,"gpath_3neocort"
"8558","PIAS2","Inh ENOX2 SPHKAP",0.006770859371907,7.14860846382693,0.0655573175970767,0.79807658073343,0.951769478362368,0.946068268518554,"gpath_3neocort"
"8559","KATNAL2","Inh ENOX2 SPHKAP",-0.0504590253332838,5.66775019153054,0.930359373441691,0.335468590032401,0.6861569270606,0.664160094464576,"gpath_3neocort"
"8560","SMAD2","Inh ENOX2 SPHKAP",0.0520385942098351,6.08378548434593,2.2163552833909,0.137500279590012,0.473137004469094,0.44193117377647,"gpath_3neocort"
"8561","CTIF","Inh ENOX2 SPHKAP",0.00735099964867116,7.84179978121413,0.0940544770286131,0.759276080309688,0.934981091306998,0.928956990984506,"gpath_3neocort"
"8562","DYM","Inh ENOX2 SPHKAP",0.0122872790954492,7.98569024343405,0.324916219104195,0.569051913926514,0.843238809142888,0.830482472918729,"gpath_3neocort"
"8563","SNHG22","Inh ENOX2 SPHKAP",-0.10080850664323,5.51697364308137,3.60333342951227,0.0585271677964897,0.325499397953194,0.293711610894551,"gpath_3neocort"
"8564","MYO5B","Inh ENOX2 SPHKAP",-0.0977823988471148,5.63485557478793,1.43925585177026,0.231111564373416,0.590674359921662,0.563002600307357,"gpath_3neocort"
"8565","CFAP53","Inh ENOX2 SPHKAP",0.0678478856629642,4.37107316637339,0.980001324094583,0.322916316433704,0.673798434128273,0.652840526073538,"gpath_3neocort"
"8566","MBD1","Inh ENOX2 SPHKAP",0.0108264065263047,4.79883481162234,0.0370930883696928,0.847392895039418,0.968761682542129,0.965157004795913,"gpath_3neocort"
"8567","CXXC1","Inh ENOX2 SPHKAP",0.0885439758965347,4.64615100933791,2.32847133468976,0.127974534305016,0.458284368559596,0.427328762414802,"gpath_3neocort"
"8568","ME2","Inh ENOX2 SPHKAP",0.00909913098666862,6.15614739356075,0.0651744265508077,0.798654343318484,0.9520320723109,0.946264230806029,"gpath_3neocort"
"8569","SMAD4","Inh ENOX2 SPHKAP",-0.0238052434859803,4.84202019138665,0.18456991794393,0.983183959091827,0.998198786643165,0.998004807425511,"gpath_3neocort"
"8570","LINC01630","Inh ENOX2 SPHKAP",-0.24809377017656,5.04649362365453,7.0023867364351,0.00852605523671622,0.140019816759425,0.109945610596329,"gpath_3neocort"
"8571","DCC","Inh ENOX2 SPHKAP",0.186942849840232,8.88133734752268,16.4465482452401,6.23520886161318e-05,0.0137996508850884,0.00640063218620696,"gpath_3neocort"
"8572","MBD2","Inh ENOX2 SPHKAP",-0.0607399383958176,5.57804386184911,1.97971529540118,0.160351834051223,0.506118025180843,0.474923647000405,"gpath_3neocort"
"8573","POLI","Inh ENOX2 SPHKAP",0.0334137393469556,5.06015687098017,0.396890779699207,0.529130851267871,0.818274770469514,0.806682919455076,"gpath_3neocort"
"8574","RAB27B","Inh ENOX2 SPHKAP",-0.0211577494716248,6.7365706475846,0.269052102211206,0.604312407411479,0.859470457627133,0.850848533080605,"gpath_3neocort"
"8575","TCF4","Inh ENOX2 SPHKAP",0.0573946308204081,10.5706358744902,9.89909213952062,0.00180260660297528,0.070449373222505,0.0466263648193781,"gpath_3neocort"
"8576","TXNL1","Inh ENOX2 SPHKAP",-0.0169623669674801,6.01467682413863,0.217302099019566,0.882882047038027,0.979283194009388,0.97628759728592,"gpath_3neocort"
"8577","WDR7","Inh ENOX2 SPHKAP",0.0183586325242272,7.95192065714421,0.713785126935728,0.452704824396536,0.769597238929851,0.755152802269004,"gpath_3neocort"
"8578","ST8SIA3","Inh ENOX2 SPHKAP",0.0471775568215284,6.57236498819104,1.69455225295136,0.193900595485202,0.54710479455605,0.519703501779298,"gpath_3neocort"
"8579","FECH","Inh ENOX2 SPHKAP",-0.0777565513327978,4.88018857045435,1.875194822623,0.171802904233615,0.522002084688595,0.490894154649398,"gpath_3neocort"
"8580","NARS","Inh ENOX2 SPHKAP",-0.0389531081029304,5.39637499350143,0.613647050075605,0.433973986623268,0.757014870419149,0.741511047922422,"gpath_3neocort"
"8581","NEDD4L","Inh ENOX2 SPHKAP",0.0153986928010782,8.6048195981146,0.494411825224281,0.482456524392707,0.788656397601099,0.775539761643443,"gpath_3neocort"
"8582","MALT1","Inh ENOX2 SPHKAP",-0.0565284823900105,5.90877099037854,1.98292337488616,0.160014468178607,0.505962965017542,0.474544263270216,"gpath_3neocort"
"8583","ZNF532","Inh ENOX2 SPHKAP",0.0100865347152392,7.33682867418227,0.155781833310648,0.693322498991823,0.905522330362443,0.898071599043379,"gpath_3neocort"
"8584","SEC11C","Inh ENOX2 SPHKAP",-0.128468383285892,4.27631618582545,2.60663064588269,0.107363526369237,0.424657197312602,0.392815705015003,"gpath_3neocort"
"8585","LMAN1","Inh ENOX2 SPHKAP",-0.0120255823934432,4.9751145657586,0.0540887194775327,0.816238156776507,0.957796918594936,0.953142712200287,"gpath_3neocort"
"8586","CCBE1","Inh ENOX2 SPHKAP",0.00628833866686554,3.90964122629751,0.00270575301989954,0.958546413485151,0.995700592042286,0.994596808951282,"gpath_3neocort"
"8587","CDH20","Inh ENOX2 SPHKAP",0.0711271357109379,3.75977607218659,0.378991623359241,0.538563377051504,0.825130611347946,0.812625864406586,"gpath_3neocort"
"8588","RNF152","Inh ENOX2 SPHKAP",-0.0894814000745461,5.16651203905313,2.31170755971056,0.12935061819602,0.460143143120031,0.429398133430848,"gpath_3neocort"
"8589","PIGN","Inh ENOX2 SPHKAP",0.0349652966983901,5.87292326051383,0.720119733637714,0.396713439945811,0.73214083328248,0.71386143034543,"gpath_3neocort"
"8590","KIAA1468","Inh ENOX2 SPHKAP",0.0322578710411008,6.68352039552338,1.25631381702073,0.263156616758324,0.622297021367791,0.596856027996986,"gpath_3neocort"
"8591","ZCCHC2","Inh ENOX2 SPHKAP",-0.0593167271259223,5.90105617813644,2.13614846555146,0.144804452524253,0.483907261043643,0.452924709424544,"gpath_3neocort"
"8592","PHLPP1","Inh ENOX2 SPHKAP",0.0333380171115365,6.84733364133631,1.12326383934062,0.289983879004792,0.64693310738801,0.622839437044004,"gpath_3neocort"
"8593","BCL2","Inh ENOX2 SPHKAP",0.0791232715559316,6.01871994612197,2.81574606413767,0.0942804865210999,0.401922427948076,0.369310780616187,"gpath_3neocort"
"8594","KDSR","Inh ENOX2 SPHKAP",0.0548784748853902,5.33857364148808,1.67494133231422,0.238169858205303,0.598526199484418,0.570703947092818,"gpath_3neocort"
"8595","AC036176.1","Inh ENOX2 SPHKAP",0.0615866059629487,4.46497379197488,0.698164329317254,0.403999530651128,0.735897276131914,0.71914265088994,"gpath_3neocort"
"8596","VPS4B","Inh ENOX2 SPHKAP",0.00948662802215496,5.81895356075248,0.0711739632255898,0.789800016161388,0.948347180002838,0.942430222800114,"gpath_3neocort"
"8597","CDH7","Inh ENOX2 SPHKAP",-0.0642593265897409,5.91173724284592,1.58597175731097,0.208783468044125,0.56537462040495,0.537655216968051,"gpath_3neocort"
"8598","DSEL","Inh ENOX2 SPHKAP",-0.115775957731468,4.70447354118147,2.58056916072496,0.109129329984347,0.427094112662848,0.39605019405245,"gpath_3neocort"
"8599","AC114689.3","Inh ENOX2 SPHKAP",0.141044565048568,4.22305283648845,1.85077250927781,0.174612532995654,0.525171197091898,0.494627749161659,"gpath_3neocort"
"8600","TMX3","Inh ENOX2 SPHKAP",-0.00435004147597007,5.44378098633213,0.00940709663268648,0.922792458615345,0.990636355721171,0.987193516137182,"gpath_3neocort"
"8601","CCDC102B","Inh ENOX2 SPHKAP",-0.110725896502785,5.09669181995905,3.2645569474463,0.0716935100839668,0.357109598488891,0.323581330962688,"gpath_3neocort"
"8602","DOK6","Inh ENOX2 SPHKAP",0.0566641154177586,8.12095056449235,3.77851581505531,0.0527556660044654,0.313061959507303,0.278696062245246,"gpath_3neocort"
"8603","RTTN","Inh ENOX2 SPHKAP",0.0623028631148063,5.88416383074503,2.06668634041872,0.151486112685893,0.493698716644988,0.462449027891871,"gpath_3neocort"
"8604","SOCS6","Inh ENOX2 SPHKAP",0.00907550134812635,4.86216335674536,0.0245754256260714,0.946026975517014,0.994450792876699,0.992169401465342,"gpath_3neocort"
"8605","CBLN2","Inh ENOX2 SPHKAP",0.305983281697367,6.02629788606598,19.2584251078646,1.53395326235721e-05,0.00597505474753379,0.00271667616529946,"gpath_3neocort"
"8606","NETO1","Inh ENOX2 SPHKAP",-0.0202961889303301,9.80769138089934,0.645118479118758,0.422435554733308,0.746602424271648,0.733003958748428,"gpath_3neocort"
"8607","AC091138.1","Inh ENOX2 SPHKAP",0.0220019568005125,6.85525873700172,0.411572241503518,0.521613329566826,0.814670505745268,0.801565836869852,"gpath_3neocort"
"8608","AC090125.1","Inh ENOX2 SPHKAP",0.401555780323485,3.74991424609852,9.01908993880012,0.00287371902479383,0.0861013796263929,0.0607756681453479,"gpath_3neocort"
"8609","FBXO15","Inh ENOX2 SPHKAP",0.0446131619478253,4.29385845261552,0.293919322577713,0.588081942620888,0.851588997986641,0.841887578287745,"gpath_3neocort"
"8610","TIMM21","Inh ENOX2 SPHKAP",-0.0639138156537564,4.38397650709733,0.825745136120474,0.421291017988514,0.745779300703899,0.732079393995554,"gpath_3neocort"
"8611","CNDP2","Inh ENOX2 SPHKAP",-0.011602859870079,4.6927843739463,0.0345580995849785,0.852637721007254,0.970401727505604,0.966959980560744,"gpath_3neocort"
"8612","ZNF407","Inh ENOX2 SPHKAP",0.0704271052994758,6.74897566881229,3.47750585600165,0.0630867828015244,0.336773396745504,0.304061850613321,"gpath_3neocort"
"8613","ZADH2","Inh ENOX2 SPHKAP",0.135744164542629,4.69799771844325,4.70115662745274,0.0308491759507417,0.250264493100595,0.213103136176513,"gpath_3neocort"
"8614","TSHZ1","Inh ENOX2 SPHKAP",0.018735352264832,4.7465944849716,0.0677747888360111,0.794765365149092,0.950809763991382,0.944622973470158,"gpath_3neocort"
"8615","ZNF516","Inh ENOX2 SPHKAP",0.0908563382569303,5.81723044684154,3.56159908872019,0.0599991652579451,0.328239017503634,0.297053637244255,"gpath_3neocort"
"8616","ZNF236-DT","Inh ENOX2 SPHKAP",-0.00802032308663034,4.07591234575682,0.00924173218317476,0.923471958341904,0.990817571500511,0.987324671337502,"gpath_3neocort"
"8617","ZNF236","Inh ENOX2 SPHKAP",0.0168113904253007,5.52702762028069,0.140624937327847,0.762781955556417,0.935802325349804,0.930533498043788,"gpath_3neocort"
"8618","MBP","Inh ENOX2 SPHKAP",0.0789526016120082,7.16966739360124,6.54788315849045,0.0109419648219611,0.154726104886612,0.125378291754577,"gpath_3neocort"
"8619","ATP9B","Inh ENOX2 SPHKAP",0.0286304141388677,7.5095422181704,1.23854709368108,0.266552936475503,0.625618822703893,0.60023675971062,"gpath_3neocort"
"8620","PQLC1","Inh ENOX2 SPHKAP",-0.0161041928116294,5.60041688438819,0.137786149267245,0.710727616073156,0.913494928399883,0.906450515147102,"gpath_3neocort"
"8621","TXNL4A","Inh ENOX2 SPHKAP",0.00293463339073841,5.48289487919987,0.00392094337105665,0.950108663551796,0.994776274703702,0.992926357095487,"gpath_3neocort"
"8622","ADNP2","Inh ENOX2 SPHKAP",0.0625340719121299,5.69459164440928,2.3468742974163,0.126482705892917,0.456325616669094,0.425112480432358,"gpath_3neocort"
"8623","PARD6G-AS1","Inh ENOX2 SPHKAP",0.0418636755551233,4.32600165256326,0.199399680059447,0.655495718096313,0.885848338339017,0.879023133671269,"gpath_3neocort"
"8624","ZCCHC3","Inh ENOX2 SPHKAP",0.0811559275957263,4.4883532518264,1.45258301777051,0.228968599515059,0.588620966757561,0.560668271972324,"gpath_3neocort"
"8625","NRSN2-AS1","Inh ENOX2 SPHKAP",0.10820473368016,4.70775207541065,2.91843460216397,0.0885034490825924,0.39113667572126,0.358516063498195,"gpath_3neocort"
"8626","SOX12","Inh ENOX2 SPHKAP",0.0288863767577625,4.87152078345761,0.265889413812288,0.783358312804647,0.945835848598468,0.939630011270463,"gpath_3neocort"
"8627","NRSN2","Inh ENOX2 SPHKAP",-0.00453821343808821,5.975722636128,0.0136876514833794,0.906935058322229,0.986765245127383,0.983054650736207,"gpath_3neocort"
"8628","RBCK1","Inh ENOX2 SPHKAP",-0.021190035685896,4.88161376535596,0.155001530082489,0.694052457458603,0.905685825651283,0.898470185450302,"gpath_3neocort"
"8629","TBC1D20","Inh ENOX2 SPHKAP",0.00884292175580125,5.17422593019576,0.034348017668285,0.853081182892741,0.970401727505604,0.967068942652922,"gpath_3neocort"
"8630","CSNK2A1","Inh ENOX2 SPHKAP",-0.023007493999357,6.64847392633829,0.721547319439783,0.396246305102971,0.731949594765672,0.713497257124186,"gpath_3neocort"
"8631","PSMF1","Inh ENOX2 SPHKAP",-0.0365514533099226,5.66463562091935,0.788750652539139,0.375118376952912,0.717631135657407,0.697613456231901,"gpath_3neocort"
"8632","SNPH","Inh ENOX2 SPHKAP",0.116023816419434,5.86444721261058,8.06642687609583,0.00478625762399629,0.112853696713017,0.0804051739837112,"gpath_3neocort"
"8633","AL136531.2","Inh ENOX2 SPHKAP",-0.0228816013081014,4.93685282147903,0.0981985039246642,0.754198238102329,0.932681581508696,0.92681322762555,"gpath_3neocort"
"8634","SDCBP2-AS1","Inh ENOX2 SPHKAP",0.0240600174998992,4.97074160662205,0.176271875603592,0.674867305132859,0.894792301984542,0.889273074558754,"gpath_3neocort"
"8635","NSFL1C","Inh ENOX2 SPHKAP",0.0371251046902248,5.99796504641924,1.13010639984827,0.288521950146931,0.645948223594981,0.621515036218105,"gpath_3neocort"
"8636","SIRPA","Inh ENOX2 SPHKAP",0.0145031274144087,6.22865489673619,0.192250131507527,0.661334361356817,0.886696132575064,0.881977613581049,"gpath_3neocort"
"8637","STK35","Inh ENOX2 SPHKAP",-0.000443158113769379,5.05134264572434,5.36725433305763e-05,0.994159007796008,0.999137047031017,0.999322139414447,"gpath_3neocort"
"8638","AL049650.1","Inh ENOX2 SPHKAP",-0.124169644203301,4.81873416648298,3.76200468280022,0.053272830463236,0.314419400676765,0.279964288016519,"gpath_3neocort"
"8639","NOP56","Inh ENOX2 SPHKAP",-0.103709472800085,5.42292679866946,4.81683588921153,0.0288722060353716,0.244504554395975,0.205867358067516,"gpath_3neocort"
"8640","IDH3B","Inh ENOX2 SPHKAP",0.0292255290451314,3.95215902402394,0.106331120527982,0.74456496277798,0.929084265444896,0.922486785176173,"gpath_3neocort"
"8641","EBF4","Inh ENOX2 SPHKAP",0.0197938380121012,5.08786497717717,0.132288398840907,0.716301556678096,0.916286132558312,0.908797619980331,"gpath_3neocort"
"8642","PCED1A","Inh ENOX2 SPHKAP",0.0256339064138462,4.3838163127261,0.138323825483294,0.710189324604812,0.913365480509959,0.906259766116001,"gpath_3neocort"
"8643","PTPRA","Inh ENOX2 SPHKAP",-0.0176041920717038,7.81301026830556,0.819908340372474,0.365860794561409,0.711865305342764,0.690397754567017,"gpath_3neocort"
"8644","MRPS26","Inh ENOX2 SPHKAP",-0.159916625183963,4.89285170988271,6.39029938613363,0.0119359076013904,0.160541254450746,0.131158112857673,"gpath_3neocort"
"8645","UBOX5","Inh ENOX2 SPHKAP",0.00314531570928168,4.61610975537279,0.00247854056150338,0.960323574396554,0.995700592042286,0.994983496225378,"gpath_3neocort"
"8646","LZTS3","Inh ENOX2 SPHKAP",0.0187309290132832,6.17815109270724,0.272148961825674,0.602240209210678,0.859058680221053,0.849715786649343,"gpath_3neocort"
"8647","DDRGK1","Inh ENOX2 SPHKAP",0.00170192854298744,4.6978023849298,0.000416121818499979,0.983737231869264,0.998198786643165,0.998033717203395,"gpath_3neocort"
"8648","ITPA","Inh ENOX2 SPHKAP",-0.143647775411116,4.27783646993032,4.05272594500885,0.0449033996717985,0.290931008652012,0.257027926210684,"gpath_3neocort"
"8649","C20orf194","Inh ENOX2 SPHKAP",-0.0475499422776069,8.12755604454103,4.08781219915349,0.0439918342158885,0.286981077439037,0.254258301806107,"gpath_3neocort"
"8650","ATRN","Inh ENOX2 SPHKAP",-0.0138767407888063,7.05315410631664,0.249123742373357,0.618021901356027,0.867689918599335,0.858722703125283,"gpath_3neocort"
"8651","SPEF1","Inh ENOX2 SPHKAP",-0.247296256717571,3.95246860936586,6.44243255404736,0.0115971633682538,0.15975703965142,0.129295972654856,"gpath_3neocort"
"8652","CDC25B","Inh ENOX2 SPHKAP",0.0257889763117174,5.94204588709306,0.463180821035424,0.496613463131584,0.798555437376563,0.785008412054831,"gpath_3neocort"
"8653","MAVS","Inh ENOX2 SPHKAP",0.0117021507716691,5.24948792821051,0.0579669177256832,0.809886626101307,0.954456730603235,0.950553722132961,"gpath_3neocort"
"8654","PANK2","Inh ENOX2 SPHKAP",0.0104213418650355,5.8255157984857,0.0775873895284852,0.974468975613431,0.997170280740144,0.997096109120047,"gpath_3neocort"
"8655","RNF24","Inh ENOX2 SPHKAP",0.0120338906293887,7.47043025876102,0.24313106686256,0.6222783593021,0.871529794748145,0.861079912445889,"gpath_3neocort"
"8656","PRNP","Inh ENOX2 SPHKAP",0.050069439011667,8.29902618692587,2.67667191140924,0.102771878696539,0.416303059378907,0.384860735609992,"gpath_3neocort"
"8657","SLC23A2","Inh ENOX2 SPHKAP",-0.0224050290085952,7.52480746367601,1.03329962385564,0.310121964202633,0.66620805586772,0.641550585304499,"gpath_3neocort"
"8658","TMEM230","Inh ENOX2 SPHKAP",0.0506559756911356,5.96319400447763,2.08357906259123,0.149829563264541,0.491068244107327,0.459940140795899,"gpath_3neocort"
"8659","CDS2","Inh ENOX2 SPHKAP",-0.021140593246765,6.53809701068818,0.559353292367687,0.4550480863925,0.770921758053265,0.756776118324229,"gpath_3neocort"
"8660","GPCPD1","Inh ENOX2 SPHKAP",-0.165423186118744,4.67621021058185,5.67665075134316,0.0177521194140565,0.194236111072003,0.161605625438752,"gpath_3neocort"
"8661","SHLD1","Inh ENOX2 SPHKAP",-0.0546107529480544,5.00288076780088,0.737220733422791,0.391169445947162,0.728338062071408,0.709893170517039,"gpath_3neocort"
"8662","CHGB","Inh ENOX2 SPHKAP",-0.117906783865024,5.59542417880772,3.02417951909482,0.0829547425160909,0.382176210746273,0.347357560265567,"gpath_3neocort"
"8663","CRLS1","Inh ENOX2 SPHKAP",-0.0129955746101144,5.09152813657017,0.0732227384837275,0.786868423619062,0.947863026868188,0.941210843465995,"gpath_3neocort"
"8664","TMX4","Inh ENOX2 SPHKAP",-0.0384614308257294,6.49804496213546,1.07524732993769,0.300514612537483,0.657839953893813,0.632688989938224,"gpath_3neocort"
"8665","PLCB1","Inh ENOX2 SPHKAP",0.086479408336186,10.7146584301419,14.0638312860541,0.000208293999232978,0.0235856623782644,0.0133308755486214,"gpath_3neocort"
"8666","PLCB4","Inh ENOX2 SPHKAP",0.0198842390020702,8.10332710251514,0.411271852823879,0.521765234671,0.814710045273318,0.801693590157269,"gpath_3neocort"
"8667","PAK5","Inh ENOX2 SPHKAP",-0.0355606448978949,8.16764349323136,1.78716766931965,0.182183033177385,0.533934219897856,0.504727900946293,"gpath_3neocort"
"8668","SNAP25-AS1","Inh ENOX2 SPHKAP",-0.0429605068057406,6.24773809143427,0.461137490187252,0.497563936262564,0.799330939234136,0.785639207313203,"gpath_3neocort"
"8669","AL354824.1","Inh ENOX2 SPHKAP",0.0977288649473578,4.41624526483197,1.74263189215773,0.187711216804018,0.540830947190562,0.511891533783973,"gpath_3neocort"
"8670","SNAP25","Inh ENOX2 SPHKAP",0.0746264502094799,9.91172500771643,9.33155248890123,0.00243393954494454,0.0806180383968363,0.0554659389895689,"gpath_3neocort"
"8671","MKKS","Inh ENOX2 SPHKAP",-0.0552432694748553,4.61639208221884,0.79652100071428,0.472453198149613,0.781699038975728,0.76869051866324,"gpath_3neocort"
"8672","SLX4IP","Inh ENOX2 SPHKAP",-0.00982428722342539,5.92340967025009,0.0477028274017968,0.827243470154112,0.961952094667183,0.957429897900002,"gpath_3neocort"
"8673","AL050403.2","Inh ENOX2 SPHKAP",0.24883389017281,3.90041199361392,4.25958379612318,0.0398028322508004,0.278915457457457,0.242084382105427,"gpath_3neocort"
"8674","BTBD3","Inh ENOX2 SPHKAP",-0.0818193803930785,4.94260194823335,1.90115072606807,0.168873850096579,0.518440590239748,0.486808063192896,"gpath_3neocort"
"8675","TASP1","Inh ENOX2 SPHKAP",-0.0627895031131146,7.14683953704787,4.91352097138875,0.0273216537874022,0.237551136655977,0.200055510332875,"gpath_3neocort"
"8676","ESF1","Inh ENOX2 SPHKAP",-0.0026782964274704,6.63577036977746,0.00448299991142492,0.946657491389592,0.994771841065269,0.992263541619103,"gpath_3neocort"
"8677","NDUFAF5","Inh ENOX2 SPHKAP",-0.137126466246421,5.31805346735011,8.21508464453354,0.00441828208451768,0.108103595324204,0.0769347236613058,"gpath_3neocort"
"8678","MACROD2","Inh ENOX2 SPHKAP",0.0290728451561735,10.317881504248,1.36408628197589,0.243665000394337,0.602037940859763,0.576473155429164,"gpath_3neocort"
"8679","FLRT3","Inh ENOX2 SPHKAP",0.138803712280581,5.30922424603467,7.61787558047757,0.00609875162480237,0.12377566237523,0.092426995087078,"gpath_3neocort"
"8680","KIF16B","Inh ENOX2 SPHKAP",-0.0491113892747163,6.44375512289094,1.78702874263565,0.182199980768184,0.533934219897856,0.504747287806339,"gpath_3neocort"
"8681","SNRPB2","Inh ENOX2 SPHKAP",-0.0291044701631435,4.77587661773931,0.195792152994601,0.658425848102308,0.886317117013643,0.880642308959601,"gpath_3neocort"
"8682","PCSK2","Inh ENOX2 SPHKAP",0.0193073642317556,6.18996579378162,0.188120586115994,0.664765949497486,0.888605465505356,0.883735821216854,"gpath_3neocort"
"8683","DSTN","Inh ENOX2 SPHKAP",-0.0427688922452783,5.96752746573369,1.02110174996144,0.312990537645802,0.66620805586772,0.644044048433292,"gpath_3neocort"
"8684","SNX5","Inh ENOX2 SPHKAP",-0.0583404324818975,4.7747139780914,1.05304270157204,0.305551239254575,0.662685516227405,0.637399368578197,"gpath_3neocort"
"8685","KAT14","Inh ENOX2 SPHKAP",0.0736243310856336,4.56066283185877,1.47137814090673,0.256390332380824,0.615412634144555,0.59010192761586,"gpath_3neocort"
"8686","ZNF133","Inh ENOX2 SPHKAP",0.026513031759438,6.18887108225165,0.522170710178198,0.470423713253652,0.780957264084683,0.76730846687053,"gpath_3neocort"
"8687","DZANK1","Inh ENOX2 SPHKAP",-0.063898903606848,5.15168665719972,1.55373579961188,0.21345976862434,0.570038875104407,0.542933839712604,"gpath_3neocort"
"8688","POLR3F","Inh ENOX2 SPHKAP",-0.157499000460856,4.55010789511358,5.46401008707953,0.0200032243433508,0.204663911540515,0.17136504114688,"gpath_3neocort"
"8689","SEC23B","Inh ENOX2 SPHKAP",-0.00497915329025234,4.8128875724892,0.00933806065634109,0.923075395652015,0.990636355721171,0.987240441108898,"gpath_3neocort"
"8690","DTD1","Inh ENOX2 SPHKAP",-0.00129382843901938,4.87158971356503,0.000448772566776323,0.983111347246243,0.998198786643165,0.998004807425511,"gpath_3neocort"
"8691","SLC24A3","Inh ENOX2 SPHKAP",-0.00447490863929747,9.05253717985702,0.0185760746979156,0.891671060189966,0.981584081407403,0.978851851522395,"gpath_3neocort"
"8692","RIN2","Inh ENOX2 SPHKAP",-0.0308715197003557,5.24914230046257,0.292940862285999,0.588703519680085,0.851953466286917,0.842240605739548,"gpath_3neocort"
"8693","NAA20","Inh ENOX2 SPHKAP",-0.0158925424168114,4.96104354986106,0.0807920409780169,0.886408705720157,0.979658385812387,0.977430753961674,"gpath_3neocort"
"8694","CRNKL1","Inh ENOX2 SPHKAP",0.0752082086795362,4.30640625930671,1.16760998735628,0.280673814952112,0.639046436755593,0.61372696029851,"gpath_3neocort"
"8695","CFAP61","Inh ENOX2 SPHKAP",0.0462460802530069,4.89362283294471,0.541361535584988,0.462386272365223,0.775333429049331,0.761915811802378,"gpath_3neocort"
"8696","RALGAPA2","Inh ENOX2 SPHKAP",-0.0162071399581076,6.91700579374148,0.269981400654949,0.603689002339532,0.85942921878237,0.850461715061432,"gpath_3neocort"
"8697","KIZ","Inh ENOX2 SPHKAP",0.0178866284330082,7.68068999996226,0.355278057733319,0.551544856043062,0.8338428551833,0.820465858087026,"gpath_3neocort"
"8698","KIZ-AS1","Inh ENOX2 SPHKAP",-0.161870459314314,3.93172033896628,2.32571979240524,0.128199272136872,0.458485782367296,0.427669372510653,"gpath_3neocort"
"8699","XRN2","Inh ENOX2 SPHKAP",-0.106213628223215,5.97202154080416,8.90094437051847,0.00306044545462496,0.0884350677659877,0.0629902339715218,"gpath_3neocort"
"8700","NAPB","Inh ENOX2 SPHKAP",0.00622064024791798,6.68409052101987,0.0326311366346022,0.856759191050274,0.971235029632888,0.968284211584469,"gpath_3neocort"
"8701","CST3","Inh ENOX2 SPHKAP",-0.051768551382552,4.13377234259525,0.255502900577288,0.613560663620622,0.864666544807891,0.856054883072651,"gpath_3neocort"
"8702","SYNDIG1","Inh ENOX2 SPHKAP",0.0373057262945857,4.17336553768885,0.127801092114652,0.72094909973396,0.918385260046279,0.91106763450313,"gpath_3neocort"
"8703","APMAP","Inh ENOX2 SPHKAP",0.00315583356165811,4.95847024664555,0.0031926990335259,0.954974174102437,0.995337913222174,0.993927710892076,"gpath_3neocort"
"8704","ENTPD6","Inh ENOX2 SPHKAP",-0.0636285696280746,5.40544830730949,2.26357906259862,0.133394275567921,0.465923047159402,0.435606887211237,"gpath_3neocort"
"8705","PYGB","Inh ENOX2 SPHKAP",-0.0582996815620987,5.73353718014939,1.93247385515214,0.165415339929586,0.51496629802887,0.48225387989864,"gpath_3neocort"
"8706","ABHD12","Inh ENOX2 SPHKAP",0.00327006439761779,6.36311154984752,0.0138841322868824,0.910278282178383,0.98778742870664,0.983979647102325,"gpath_3neocort"
"8707","NINL","Inh ENOX2 SPHKAP",0.0313144496037056,5.62723208702126,0.391940040606375,0.531709712898027,0.82121953754179,0.808579595728349,"gpath_3neocort"
"8708","ZNF337-AS1","Inh ENOX2 SPHKAP",-0.189670349832312,4.23410662258722,4.25980427930134,0.0397977343431058,0.278915457457457,0.242084016318703,"gpath_3neocort"
"8709","ZNF337","Inh ENOX2 SPHKAP",-0.0233384419885222,5.75958925214805,0.336680664953989,0.562143408650468,0.839297177961911,0.82659496703466,"gpath_3neocort"
"8710","FAM182B","Inh ENOX2 SPHKAP",0.0557931035786839,6.74005764576102,1.34079606435655,0.247722374335505,0.605217510497873,0.580856317561089,"gpath_3neocort"
"8711","LINC01598","Inh ENOX2 SPHKAP",0.119594548711194,4.05864974345176,1.37105848384372,0.24246623530489,0.601342732927012,0.575170106043154,"gpath_3neocort"
"8712","HM13","Inh ENOX2 SPHKAP",0.00440842122529002,6.50081736803613,0.0177162070871933,0.954028002329474,0.995214213892278,0.99366054660127,"gpath_3neocort"
"8713","BCL2L1","Inh ENOX2 SPHKAP",0.0353872290267801,6.0741378801622,0.969735805718226,0.32546009988996,0.676125540928555,0.655152221464729,"gpath_3neocort"
"8714","XKR7","Inh ENOX2 SPHKAP",0.122175915446872,4.55165929692023,3.70039001247671,0.0552508856371382,0.317798655838424,0.285257977666624,"gpath_3neocort"
"8715","TM9SF4","Inh ENOX2 SPHKAP",-0.0156558267190562,6.05326661904805,0.209419722523796,0.824300032825407,0.961206289025723,0.956294406543434,"gpath_3neocort"
"8716","KIF3B","Inh ENOX2 SPHKAP",-0.0126689311747261,6.31558114785341,0.136979079503114,0.711537857751541,0.91386911880566,0.906796061080591,"gpath_3neocort"
"8717","ASXL1","Inh ENOX2 SPHKAP",-0.032879338189897,6.96171031863367,1.44857071759094,0.229611227369932,0.589339518220454,0.561412163454782,"gpath_3neocort"
"8718","NOL4L","Inh ENOX2 SPHKAP",0.0594559244323117,5.86339910490262,2.27616339016851,0.132323456157236,0.464348041823123,0.433901087990041,"gpath_3neocort"
"8719","FO393400.1","Inh ENOX2 SPHKAP",-0.026809114385541,4.93399284762815,0.193030270095158,0.660691024604177,0.886412322509415,0.881677285655191,"gpath_3neocort"
"8720","DNMT3B","Inh ENOX2 SPHKAP",-0.0614774363432013,4.28841884122201,0.740374554284109,0.39015919767756,0.727649032330622,0.709284643770775,"gpath_3neocort"
"8721","CDK5RAP1","Inh ENOX2 SPHKAP",-0.0272577792451895,5.47345420562111,0.442965115215825,0.506154920450264,0.802953024871318,0.791009842529418,"gpath_3neocort"
"8722","SNTA1","Inh ENOX2 SPHKAP",-0.0940632184068286,4.66230967640178,2.22340721527518,0.136878203085897,0.47264491535137,0.44109164617727,"gpath_3neocort"
"8723","CBFA2T2","Inh ENOX2 SPHKAP",0.0163077100107831,7.40221044760696,0.444906342854211,0.505225147331024,0.802205677317532,0.790396188085935,"gpath_3neocort"
"8724","NECAB3","Inh ENOX2 SPHKAP",-0.0783903287646406,4.42753233636394,1.22118081852489,0.269925802995643,0.629584050915439,0.603802925544961,"gpath_3neocort"
"8725","PXMP4","Inh ENOX2 SPHKAP",0.00167225079377433,4.35665573953393,0.000497306138996758,0.982221699494519,0.998198786643165,0.997958873458634,"gpath_3neocort"
"8726","CHMP4B","Inh ENOX2 SPHKAP",-0.0311745864215717,4.94978568819522,0.296788749304881,0.586266801040673,0.851005482030775,0.840780981379962,"gpath_3neocort"
"8727","RALY","Inh ENOX2 SPHKAP",0.0930520028086007,5.7335770174118,5.35821674569359,0.0212317978458026,0.212192078606805,0.176489270279348,"gpath_3neocort"
"8728","EIF2S2","Inh ENOX2 SPHKAP",-0.0570044690862938,5.20988411759002,1.16258662450068,0.281709157184635,0.63938330024141,0.614637454893208,"gpath_3neocort"
"8729","ITCH","Inh ENOX2 SPHKAP",-0.00255884415135455,6.68465196987876,0.00866818532109677,0.92587757948479,0.991335444642429,0.98781690576798,"gpath_3neocort"
"8730","DYNLRB1","Inh ENOX2 SPHKAP",-0.0441655110759794,6.01121695818374,0.739897385567346,0.390311806206878,0.727715176879682,0.709359071550084,"gpath_3neocort"
"8731","MAP1LC3A","Inh ENOX2 SPHKAP",-0.235099240638492,6.14260355954685,12.7825150218893,0.000401575656473523,0.0339101879449048,0.0197590946800823,"gpath_3neocort"
"8732","PIGU","Inh ENOX2 SPHKAP",-0.0203922507436521,6.21336752930374,0.329987104537986,0.566054027046207,0.841855961712236,0.828868927929475,"gpath_3neocort"
"8733","NCOA6","Inh ENOX2 SPHKAP",-0.00897114455554336,6.42682016122165,0.0881243635116191,0.791275734606524,0.948595728622225,0.94311445999351,"gpath_3neocort"
"8734","GGT7","Inh ENOX2 SPHKAP",-0.0360296676158442,6.76709026797682,1.61017878277453,0.205351767484729,0.561875670628349,0.533420358533116,"gpath_3neocort"
"8735","ACSS2","Inh ENOX2 SPHKAP",-0.0268942525594421,4.85078532052097,0.211128813263606,0.646183519031765,0.881583474433582,0.874012696799644,"gpath_3neocort"
"8736","GSS","Inh ENOX2 SPHKAP",-0.209718763090744,4.35591120076849,7.57274712858828,0.00624978971235075,0.123857366202723,0.0937488273710967,"gpath_3neocort"
"8737","TRPC4AP","Inh ENOX2 SPHKAP",-0.00398499508906283,6.77658904873275,0.0194123445521479,0.999237380192706,0.999750704645697,0.999894496760603,"gpath_3neocort"
"8738","MMP24OS","Inh ENOX2 SPHKAP",-0.0326625280742195,4.2809990003735,0.207195380959846,0.649270822071371,0.882880312297119,0.875636375842576,"gpath_3neocort"
"8739","MMP24","Inh ENOX2 SPHKAP",-0.0305485041239943,6.39825980169784,0.879990530621449,0.348883275173504,0.69790988776491,0.675584228810745,"gpath_3neocort"
"8740","UQCC1","Inh ENOX2 SPHKAP",-0.0538284961786163,6.51104249258664,3.41589740156503,0.065456634487343,0.341961752488061,0.309445323021523,"gpath_3neocort"
"8741","CEP250","Inh ENOX2 SPHKAP",0.034739102841546,5.89437955148882,0.798773962836573,0.561583700818765,0.839116879236982,0.826264061622772,"gpath_3neocort"
"8742","ERGIC3","Inh ENOX2 SPHKAP",-0.0133750676237768,4.76922837771561,0.0603168519220469,0.806146941365493,0.952816957763948,0.9492112039479,"gpath_3neocort"
"8743","CPNE1","Inh ENOX2 SPHKAP",-0.00761273834020323,5.45188018636347,0.0333366166298371,0.855236046365572,0.970776153340475,0.967800014187622,"gpath_3neocort"
"8744","RBM39","Inh ENOX2 SPHKAP",-0.0132634454509682,7.42636131197961,0.369723977607216,0.73371867567673,0.925032685621439,0.917444842610335,"gpath_3neocort"
"8745","PHF20","Inh ENOX2 SPHKAP",-0.0676968296502633,6.40249874442855,5.17957727867703,0.0234877400861113,0.220988998027586,0.185463683036629,"gpath_3neocort"
"8746","SCAND1","Inh ENOX2 SPHKAP",-0.0678674057987585,4.26876916308823,0.556152584306122,0.45634000147823,0.772170101545614,0.757726083122032,"gpath_3neocort"
"8747","NORAD","Inh ENOX2 SPHKAP",-0.0527395667899068,7.41417053493828,1.88497030519395,0.170692946560023,0.520578738992014,0.489332326600973,"gpath_3neocort"
"8748","EPB41L1","Inh ENOX2 SPHKAP",0.0263270475473572,7.91180754356446,1.50119346372892,0.221352609466253,0.5792891135379,0.552007540769944,"gpath_3neocort"
"8749","DLGAP4","Inh ENOX2 SPHKAP",0.0287450154272411,7.41049949146981,0.920118908669608,0.338138789234675,0.688088486705732,0.666407239969351,"gpath_3neocort"
"8750","RAB5IF","Inh ENOX2 SPHKAP",0.00698069065592976,3.66604049229844,0.00475081715381251,0.945089702389023,0.993875110352517,0.99203927694258,"gpath_3neocort"
"8751","NDRG3","Inh ENOX2 SPHKAP",-0.0614224493926265,6.9733765710729,4.59604415657113,0.0327686826441711,0.258800836649585,0.21975570254035,"gpath_3neocort"
"8752","SOGA1","Inh ENOX2 SPHKAP",-0.0241214487170596,6.37579707143517,0.530040863529972,0.467100633699188,0.778341199685608,0.765010693456614,"gpath_3neocort"
"8753","SAMHD1","Inh ENOX2 SPHKAP",-0.0696730720593966,4.45054431775945,1.07795446789132,0.299907927439278,0.657622922180519,0.632089937977434,"gpath_3neocort"
"8754","RBL1","Inh ENOX2 SPHKAP",0.0412152082126817,5.74371488064248,0.852828921992147,0.356421076513946,0.704576510340379,0.681989929989015,"gpath_3neocort"
"8755","MROH8","Inh ENOX2 SPHKAP",-0.00101609110574274,5.19346813889895,0.000308533072106156,0.985996296773281,0.9984270842391,0.998311917346934,"gpath_3neocort"
"8756","RPN2","Inh ENOX2 SPHKAP",-0.0408705825722936,5.02194782206899,0.537197357452333,0.464111508773036,0.775749720637114,0.76299821377815,"gpath_3neocort"
"8757","MANBAL","Inh ENOX2 SPHKAP",-0.20657166351224,4.39778043794653,7.50164831266428,0.00649557732146083,0.12419581335652,0.0955942648096374,"gpath_3neocort"
"8758","SRC","Inh ENOX2 SPHKAP",-0.00170822410871803,4.6610966890768,0.000699460021392882,0.978916383602778,0.997825265393623,0.997795729267521,"gpath_3neocort"
"8759","BLCAP","Inh ENOX2 SPHKAP",0.0244158053182399,6.1081591493501,0.473524865461494,0.514962975309095,0.809894388544427,0.797415270784651,"gpath_3neocort"
"8760","NNAT","Inh ENOX2 SPHKAP",0.0568409579492436,4.98281384314834,0.659621592784814,0.417273021253895,0.74310619605892,0.72899015002462,"gpath_3neocort"
"8761","CTNNBL1","Inh ENOX2 SPHKAP",-0.00208980725277377,5.95171926359626,0.00379580377745543,0.950910251196172,0.994776274703702,0.993101793357912,"gpath_3neocort"
"8762","VSTM2L","Inh ENOX2 SPHKAP",-0.00734908351729098,7.28368521397924,0.0552277427510494,0.814348461132086,0.956704706780583,0.95234863604993,"gpath_3neocort"
"8763","TTI1","Inh ENOX2 SPHKAP",-0.0393255039864842,5.10681917249546,0.541424511854572,0.462360259626141,0.775333429049331,0.761884173395766,"gpath_3neocort"
"8764","RPRD1B","Inh ENOX2 SPHKAP",-0.0556930708633485,5.42716296907674,1.7188489867437,0.190743458029197,0.545029282361597,0.515809365001074,"gpath_3neocort"
"8765","RALGAPB","Inh ENOX2 SPHKAP",-0.00623248282867411,6.29855540472611,0.034289660473656,0.85320461791089,0.970401727505604,0.967091474776975,"gpath_3neocort"
"8766","SLC32A1","Inh ENOX2 SPHKAP",-0.0806043960148213,4.91969108948287,1.35531239631114,0.245183861660604,0.602777188803576,0.578140345981021,"gpath_3neocort"
"8767","PPP1R16B","Inh ENOX2 SPHKAP",0.0319685605972028,6.44689028410114,1.04686728853115,0.306971430262046,0.663843612678616,0.638642761404872,"gpath_3neocort"
"8768","DHX35","Inh ENOX2 SPHKAP",-0.0758372561918517,4.68252191159425,1.6095673220936,0.205437623944998,0.561952691566401,0.533543408706225,"gpath_3neocort"
"8769","MAFB","Inh ENOX2 SPHKAP",-0.00231553769175101,6.5497803430298,0.00242788138533244,0.960730810812764,0.995700592042286,0.994983496225378,"gpath_3neocort"
"8770","TOP1","Inh ENOX2 SPHKAP",0.028964899896124,6.80368719149434,1.05751960468293,0.30452699661556,0.661790647855908,0.636440026254486,"gpath_3neocort"
"8771","PLCG1","Inh ENOX2 SPHKAP",-0.0550188901404687,4.67573215406494,0.727735084452342,0.394230707312796,0.730978567885048,0.712109759334641,"gpath_3neocort"
"8772","ZHX3","Inh ENOX2 SPHKAP",0.0725856621969409,7.33677511027335,6.54697326849795,0.0109474518655654,0.154726104886612,0.125388558703512,"gpath_3neocort"
"8773","CHD6","Inh ENOX2 SPHKAP",-0.0253150312329086,8.08329780610562,1.21712616368029,0.270720980254445,0.630296859997167,0.604584061344794,"gpath_3neocort"
"8774","PTPRT","Inh ENOX2 SPHKAP",0.0198240180292784,10.8749223816879,0.541246392839075,0.462433838824578,0.775333429049331,0.7619451619881,"gpath_3neocort"
"8775","AL021395.1","Inh ENOX2 SPHKAP",0.0283586082792657,4.34795320857886,0.176859221287004,0.674357293743522,0.894748370810399,0.889004289530775,"gpath_3neocort"
"8776","SRSF6","Inh ENOX2 SPHKAP",0.0652083448402228,5.38416149667749,1.86510472241723,0.172957328098388,0.523224125822335,0.492335968978676,"gpath_3neocort"
"8777","L3MBTL1","Inh ENOX2 SPHKAP",-0.0386148614867636,5.58254032899201,0.817111690774993,0.366678616923322,0.711865305342764,0.691049180934373,"gpath_3neocort"
"8778","IFT52","Inh ENOX2 SPHKAP",0.072464113059357,5.59110147383793,3.26032957711707,0.0718766495212801,0.357109598488891,0.323974436791811,"gpath_3neocort"
"8779","TOX2","Inh ENOX2 SPHKAP",-0.00901817958904405,6.4354439227791,0.0407173572586584,0.840207529102726,0.96576262020802,0.962390276251526,"gpath_3neocort"
"8780","OSER1-DT","Inh ENOX2 SPHKAP",-0.105251172130189,4.38695304776429,2.38740342692571,0.123265197637952,0.451261840074579,0.41980209878546,"gpath_3neocort"
"8781","GDAP1L1","Inh ENOX2 SPHKAP",-0.0735277581507105,5.53263226004269,2.92238977925896,0.0882887963409264,0.390798959620442,0.358015564730933,"gpath_3neocort"
"8782","TTPAL","Inh ENOX2 SPHKAP",0.0563221998811874,4.1107697457234,0.468520745553889,0.494143969988205,0.79655255417069,0.783343968865789,"gpath_3neocort"
"8783","SERINC3","Inh ENOX2 SPHKAP",-0.0420813407209311,6.4017381822828,1.53542554738353,0.298725178597368,0.656804197150862,0.630904765840115,"gpath_3neocort"
"8784","PKIG","Inh ENOX2 SPHKAP",-4.54651384358793e-05,6.28495905192057,8.14383671905316e-09,0.999928050303926,0.999957609370886,0.999990249194985,"gpath_3neocort"
"8785","AL139352.1","Inh ENOX2 SPHKAP",-0.181272072256121,4.33897345317084,4.85605715802884,0.0282323986389256,0.24155824305894,0.203496834716711,"gpath_3neocort"
"8786","RIMS4","Inh ENOX2 SPHKAP",-0.0128414767568799,4.90732043769924,0.0660115546857432,0.79739348780119,0.951595316692155,0.945769757222627,"gpath_3neocort"
"8787","YWHAB","Inh ENOX2 SPHKAP",-0.0419070507028904,6.81350570434936,0.940618922230522,0.332821713909056,0.683942498612255,0.66188171178926,"gpath_3neocort"
"8788","STK4","Inh ENOX2 SPHKAP",-0.0203209341260122,5.69139628842349,0.29010856825166,0.866961419170375,0.974431013375013,0.971461958058967,"gpath_3neocort"
"8789","PIGT","Inh ENOX2 SPHKAP",-0.196454766055322,4.50031597679654,8.19607692453772,0.00446366946712656,0.108668033177196,0.0774708039528975,"gpath_3neocort"
"8790","WFDC2","Inh ENOX2 SPHKAP",-0.0440383411605913,3.69879928955085,0.161308045737821,0.688212373585017,0.901973157583322,0.895635461989727,"gpath_3neocort"
"8791","DNTTIP1","Inh ENOX2 SPHKAP",-0.062674232206147,4.34374892110165,0.791284575486384,0.374353311531085,0.717216387462269,0.697103187489166,"gpath_3neocort"
"8792","ACOT8","Inh ENOX2 SPHKAP",-0.0100681701960569,4.63899245452076,0.0289043638671766,0.865103150348198,0.973690993769157,0.970874848219226,"gpath_3neocort"
"8793","ZSWIM3","Inh ENOX2 SPHKAP",-0.0300609138563092,4.24420523801317,0.14565173694976,0.702968931223088,0.908977752257393,0.902725766213706,"gpath_3neocort"
"8794","CTSA","Inh ENOX2 SPHKAP",-0.0294721657908484,5.43494521523724,0.343387417090695,0.558276881912634,0.837028525953076,0.824269013149261,"gpath_3neocort"
"8795","ZNF335","Inh ENOX2 SPHKAP",-0.0593201521360912,5.09383469617985,1.49892319559693,0.293772887602185,0.650922557064796,0.626262167762811,"gpath_3neocort"
"8796","SLC12A5","Inh ENOX2 SPHKAP",0.0118698873710261,7.1827825546318,0.1298654363921,0.718799774710124,0.917529682108315,0.909964291905131,"gpath_3neocort"
"8797","NCOA5","Inh ENOX2 SPHKAP",0.0493465898380672,5.59748530384345,1.17609964906305,0.278934978407428,0.637023644402331,0.611991679499151,"gpath_3neocort"
"8798","CDH22","Inh ENOX2 SPHKAP",0.0155552038811807,5.81672867594437,0.103799565662668,0.747518694423718,0.930037313045212,0.92384504193226,"gpath_3neocort"
"8799","SLC35C2","Inh ENOX2 SPHKAP",-0.128137193993078,4.83557338336863,4.13954655621965,0.0426832644229653,0.284372339166754,0.250569122362893,"gpath_3neocort"
"8800","ELMO2","Inh ENOX2 SPHKAP",-0.0325197724153414,4.74647029449787,0.257071299991128,0.612474536042948,0.863977905269201,0.85546366031389,"gpath_3neocort"
"8801","ZNF334","Inh ENOX2 SPHKAP",-0.0948154627216358,4.87317636822375,2.70963753896194,0.100685866449005,0.412750134912095,0.380803035876096,"gpath_3neocort"
"8802","SLC13A3","Inh ENOX2 SPHKAP",-0.0203097648100339,6.39483295266535,0.196552622313523,0.657805502161593,0.886317117013643,0.880305079595604,"gpath_3neocort"
"8803","EYA2","Inh ENOX2 SPHKAP",-0.487456894874849,3.30978138326429,9.01340972060435,0.00288242449765908,0.0861013796263929,0.060870513975013,"gpath_3neocort"
"8804","ZMYND8","Inh ENOX2 SPHKAP",0.0737526432678974,7.96348761769174,7.54805521380754,0.0063340489185619,0.123857366202723,0.0943213075316049,"gpath_3neocort"
"8805","NCOA3","Inh ENOX2 SPHKAP",0.0327640633813323,5.79938423020407,0.532334104690648,0.466139440165381,0.777271552796315,0.76444003062606,"gpath_3neocort"
"8806","SULF2","Inh ENOX2 SPHKAP",-0.07128314144828,4.64158866223106,0.594976210473628,0.441047554902816,0.761510831497097,0.746661695997112,"gpath_3neocort"
"8807","ARFGEF2","Inh ENOX2 SPHKAP",-0.00813321475227814,6.86866170034741,0.0727270136280107,0.787573680010667,0.948008961179712,0.941442293329902,"gpath_3neocort"
"8808","CSE1L","Inh ENOX2 SPHKAP",0.00344811446536503,5.34150740919048,0.00527884233217694,0.942123710988938,0.993518947956843,0.991389639572423,"gpath_3neocort"
"8809","STAU1","Inh ENOX2 SPHKAP",0.014796813930407,6.08142626038626,0.190908331584153,0.762578804378972,0.935802325349804,0.930458205147705,"gpath_3neocort"
"8810","DDX27","Inh ENOX2 SPHKAP",-0.00979671086109785,4.7110598653395,0.0269042917903233,0.869810626350155,0.975493740143932,0.972282592429602,"gpath_3neocort"
"8811","ZNFX1","Inh ENOX2 SPHKAP",0.0381981903090686,4.98650159649827,0.544420367426687,0.461125491251983,0.774614461585614,0.761036108503878,"gpath_3neocort"
"8812","ZFAS1","Inh ENOX2 SPHKAP",0.0157983759937489,4.95606892345694,0.0638735876220661,0.800630863212553,0.952191419878339,0.946945244884165,"gpath_3neocort"
"8813","KCNB1","Inh ENOX2 SPHKAP",0.023867075477341,8.15056830528123,1.01865834110921,0.313569322132921,0.666629813047172,0.644445359060007,"gpath_3neocort"
"8814","PTGIS","Inh ENOX2 SPHKAP",0.0508610721757357,4.43283086808121,0.595932873800507,0.440680825378698,0.761510831497097,0.746423399401272,"gpath_3neocort"
"8815","B4GALT5","Inh ENOX2 SPHKAP",-0.016556794845843,6.53705932665052,0.321168786923396,0.571287372178601,0.84494934070392,0.831863448574569,"gpath_3neocort"
"8816","SLC9A8","Inh ENOX2 SPHKAP",-0.0361077755082762,5.14534002727487,0.391709583934892,0.531830310594658,0.821275541479667,0.808692850567115,"gpath_3neocort"
"8817","SPATA2","Inh ENOX2 SPHKAP",-0.00681028104001679,4.14290846623235,0.00796139424453932,0.952867041102736,0.994776274703702,0.993517151284313,"gpath_3neocort"
"8818","RNF114","Inh ENOX2 SPHKAP",-0.0421372099699974,5.48244295737278,1.02831599349912,0.311289795193131,0.66620805586772,0.642460525927882,"gpath_3neocort"
"8819","CEBPB","Inh ENOX2 SPHKAP",0.0724613023448173,3.6481961751111,0.470669128606142,0.493156259345009,0.796248150379289,0.78264675179574,"gpath_3neocort"
"8820","PTPN1","Inh ENOX2 SPHKAP",-0.026835063608775,5.92766836241628,0.464448705114639,0.496025237583874,0.798395663403598,0.784630195567017,"gpath_3neocort"
"8821","BCAS4","Inh ENOX2 SPHKAP",0.00975133342823131,5.33104510787426,0.0393747894251245,0.842828938971618,0.967020502878925,0.963532760391038,"gpath_3neocort"
"8822","ADNP","Inh ENOX2 SPHKAP",0.0170869070036241,6.9872567395223,0.4539981614616,0.500909192278141,0.800833275668438,0.787775030244907,"gpath_3neocort"
"8823","DPM1","Inh ENOX2 SPHKAP",0.00681496151916442,5.59638298191605,0.0298852252048192,0.862855801992235,0.97297782263384,0.970242145972457,"gpath_3neocort"
"8824","ATP9A","Inh ENOX2 SPHKAP",-0.0136924167885697,7.60902088234252,0.344303002218821,0.557752978265818,0.836996892003553,0.823974109750787,"gpath_3neocort"
"8825","ZFP64","Inh ENOX2 SPHKAP",-0.0239344243429014,5.21616429138994,0.211703642430106,0.645735266606658,0.881583474433582,0.873803706452028,"gpath_3neocort"
"8826","TSHZ2","Inh ENOX2 SPHKAP",0.0481442811433033,3.87404764044272,0.163791215589319,0.685949256752736,0.900825161273175,0.894572819840463,"gpath_3neocort"
"8827","PFDN4","Inh ENOX2 SPHKAP",-0.0304990097211365,4.6743022286616,0.232576991656973,0.629936001495313,0.875205704460174,0.865284845128856,"gpath_3neocort"
"8828","DOK5","Inh ENOX2 SPHKAP",-0.0493612829765515,5.52899835905628,0.650583180636414,0.420479185331319,0.745269420362709,0.731524491914454,"gpath_3neocort"
"8829","CBLN4","Inh ENOX2 SPHKAP",0.162663960892601,3.31857042322344,1.7872000644453,0.182179081577151,0.533934219897856,0.504727900946293,"gpath_3neocort"
"8830","FAM210B","Inh ENOX2 SPHKAP",0.14657853433688,4.06917964100369,3.54369448403302,0.0606427529644904,0.330463977822164,0.298598399636184,"gpath_3neocort"
"8831","RTF2","Inh ENOX2 SPHKAP",-0.113064667881407,4.67025385542145,3.21411211430998,0.0739121045721525,0.36258747178965,0.328695643222467,"gpath_3neocort"
"8832","RAE1","Inh ENOX2 SPHKAP",-0.100203332267772,4.32126543752057,2.02624040704566,0.155537677862051,0.500324776099923,0.468288215956535,"gpath_3neocort"
"8833","PMEPA1","Inh ENOX2 SPHKAP",0.0301795241726856,4.80318631467379,0.166531292292528,0.683475059670229,0.899184258755943,0.893473039379202,"gpath_3neocort"
"8834","RAB22A","Inh ENOX2 SPHKAP",0.0381088669084404,5.31382184230749,0.63053733263495,0.427723052297818,0.751187245386098,0.737260208994662,"gpath_3neocort"
"8835","VAPB","Inh ENOX2 SPHKAP",-0.0433835350209066,5.76710172252971,1.31549481381508,0.252224548751174,0.61089714980321,0.585879364555239,"gpath_3neocort"
"8836","GNAS","Inh ENOX2 SPHKAP",0.076519824037605,9.510231549141,4.91271329783558,0.0273342395465185,0.237551136655977,0.200083281468741,"gpath_3neocort"
"8837","NELFCD","Inh ENOX2 SPHKAP",-0.0798646115767048,5.05493024745087,2.51818284473473,0.113488039691024,0.434412944383328,0.403355277530694,"gpath_3neocort"
"8838","ATP5F1E","Inh ENOX2 SPHKAP",-0.144633308001707,4.63836502188944,2.92238710323349,0.0882889413806708,0.390798959620442,0.358015564730933,"gpath_3neocort"
"8839","PHACTR3","Inh ENOX2 SPHKAP",-0.0197311552302533,7.60089007651875,0.445033161630694,0.50516450810873,0.802205677317532,0.790356221405181,"gpath_3neocort"
"8840","SYCP2","Inh ENOX2 SPHKAP",0.142854103964291,5.15436898083891,7.24654908751997,0.00746219217680351,0.132195007453682,0.102555922961156,"gpath_3neocort"
"8841","FAM217B","Inh ENOX2 SPHKAP",0.0455920834632126,6.67083255264283,1.4367907719108,0.231510595445166,0.590788830829408,0.563426411704603,"gpath_3neocort"
"8842","MIR646HG","Inh ENOX2 SPHKAP",0.0545884211497697,7.59422780923379,0.898022761231211,0.343998718838934,0.692603189094155,0.671321150393416,"gpath_3neocort"
"8843","CDH4","Inh ENOX2 SPHKAP",0.147091947066071,7.58693758124706,15.4766125307138,0.000101661961907686,0.0178754319593295,0.00860380223286914,"gpath_3neocort"
"8844","TAF4","Inh ENOX2 SPHKAP",0.0272781095709278,5.40090694053591,0.319450696476682,0.572318034465298,0.845326168242279,0.832573808496564,"gpath_3neocort"
"8845","LSM14B","Inh ENOX2 SPHKAP",0.0467672569843591,4.60707568154193,0.576436490615944,0.499283882175055,0.800107578037865,0.786869006191774,"gpath_3neocort"
"8846","PSMA7","Inh ENOX2 SPHKAP",-0.16349636835006,5.08220431234949,6.58897602877472,0.0106970895075579,0.15289390571495,0.124006118160826,"gpath_3neocort"
"8847","SS18L1","Inh ENOX2 SPHKAP",-0.0472436834749358,5.73995294450541,1.89376921887475,0.208891128859838,0.56537462040495,0.537733028864607,"gpath_3neocort"
"8848","MTG2","Inh ENOX2 SPHKAP",-0.0032432007275346,5.4799535560797,0.00482053157327103,0.944688931593102,0.993827758391978,0.991917364958674,"gpath_3neocort"
"8849","HRH3","Inh ENOX2 SPHKAP",0.0347027752969021,5.63612814497371,0.419060196512201,0.517851794168602,0.811858550021052,0.799010135476233,"gpath_3neocort"
"8850","OSBPL2","Inh ENOX2 SPHKAP",-0.105035899333754,4.9500026328479,4.43041364426742,0.036051863728369,0.270348089325986,0.23055377511247,"gpath_3neocort"
"8851","LAMA5","Inh ENOX2 SPHKAP",-0.0140488666585333,4.41312441465378,0.0448136392817099,0.832476414339409,0.963271206034437,0.959516385362278,"gpath_3neocort"
"8852","CABLES2","Inh ENOX2 SPHKAP",-0.0614236828485762,4.03876956513908,0.586752374084216,0.444219630580555,0.762971304613294,0.749219532412067,"gpath_3neocort"
"8853","OGFR","Inh ENOX2 SPHKAP",-0.0463738060178683,5.8506815164885,1.18544012448937,0.277037586332357,0.635743398069418,0.610468474208277,"gpath_3neocort"
"8854","TCFL5","Inh ENOX2 SPHKAP",-0.0344357560177647,4.60504295120344,0.317576088415886,0.57344677217175,0.845326168242279,0.833267647894432,"gpath_3neocort"
"8855","DIDO1","Inh ENOX2 SPHKAP",0.00223797642601315,6.24130818960935,0.0049412917997005,0.944001541653649,0.993751923679859,0.991697509609718,"gpath_3neocort"
"8856","GID8","Inh ENOX2 SPHKAP",0.0344290122923116,5.13717852580903,0.476366644471232,0.490552827564733,0.795107096342438,0.781005951866165,"gpath_3neocort"
"8857","YTHDF1","Inh ENOX2 SPHKAP",0.0113521665788873,5.10703532262179,0.0527977985447065,0.818405396224266,0.958326597322361,0.954010165066933,"gpath_3neocort"
"8858","ARFGAP1","Inh ENOX2 SPHKAP",-0.0416053857714689,5.00133762753835,0.556976547904947,0.45600686908399,0.771828987778146,0.757516010536752,"gpath_3neocort"
"8859","CHRNA4","Inh ENOX2 SPHKAP",0.0649223519080672,4.45446501476546,0.957878914176119,0.328431432003135,0.679446903286699,0.657847833810194,"gpath_3neocort"
"8860","KCNQ2","Inh ENOX2 SPHKAP",-0.0145486190808315,7.01391634795244,0.219913116426026,0.639412591488627,0.879090754753106,0.870486706816436,"gpath_3neocort"
"8861","EEF1A2","Inh ENOX2 SPHKAP",0.105854193423182,6.49847774084689,4.21068240759861,0.0409507029300289,0.280631910719649,0.245481432762282,"gpath_3neocort"
"8862","PPDPF","Inh ENOX2 SPHKAP",-0.0240300347257298,4.65681229845428,0.0932661994825172,0.760255774523734,0.935120606977018,0.929429632700866,"gpath_3neocort"
"8863","STMN3","Inh ENOX2 SPHKAP",-0.052669723695297,6.69372644168212,1.83464245132718,0.176497317407723,0.526733336474533,0.497236626762684,"gpath_3neocort"
"8864","ARFRP1","Inh ENOX2 SPHKAP",-0.0407011229483316,4.53364359590667,0.37156870460574,0.542565576639154,0.828524946732333,0.81516943792088,"gpath_3neocort"
"8865","TPD52L2","Inh ENOX2 SPHKAP",-0.10716551071787,5.72283468864826,6.27923611331671,0.0126920528974627,0.166036044793492,0.135326510763384,"gpath_3neocort"
"8866","DNAJC5","Inh ENOX2 SPHKAP",-0.0624545980878714,6.25800971091536,3.19707836820332,0.0746778840368737,0.364335287951441,0.330269169370503,"gpath_3neocort"
"8867","ZNF512B","Inh ENOX2 SPHKAP",0.0346568283074102,4.80589412308403,0.344414335475864,0.557689336569123,0.836996892003553,0.823929066281278,"gpath_3neocort"
"8868","PRPF6","Inh ENOX2 SPHKAP",-0.0466617022542296,5.64005732614648,1.26684152349211,0.261169550979086,0.620460865438969,0.594775377636885,"gpath_3neocort"
"8869","TCEA2","Inh ENOX2 SPHKAP",-0.0296429364603017,4.97586005318506,0.265312790591251,0.606834765275514,0.86066952290314,0.852134635287066,"gpath_3neocort"
"8870","PCMTD2","Inh ENOX2 SPHKAP",0.066543389181417,5.61627028344871,2.91762052635152,0.0885477005280703,0.39113667572126,0.358614865215758,"gpath_3neocort"
"8871","SHC2","Inh ENOX2 SPHKAP",0.00201666232359854,6.33840612899943,0.00325014526025261,0.954571341292713,0.995247935921674,0.993770174681396,"gpath_3neocort"
"8872","MADCAM1","Inh ENOX2 SPHKAP",-0.13593666752483,4.07186381356801,2.35746325472416,0.125633125788628,0.455401141059378,0.423749662593652,"gpath_3neocort"
"8873","BSG","Inh ENOX2 SPHKAP",0.120508459377518,6.02058323529345,8.74861916222384,0.00331962629499406,0.0920983500303482,0.0657600001944908,"gpath_3neocort"
"8874","HCN2","Inh ENOX2 SPHKAP",-0.00394436486697482,5.05724795569503,0.00589329409874059,0.938854315162765,0.993518947956843,0.99075857091782,"gpath_3neocort"
"8875","RNF126","Inh ENOX2 SPHKAP",0.0429871705802918,4.52780277799671,0.403005578055856,0.525976478613335,0.816472080317622,0.80438944907502,"gpath_3neocort"
"8876","PALM","Inh ENOX2 SPHKAP",0.0474393439785428,5.98001214921183,1.51665198235627,0.218994722148113,0.57683814018889,0.549315613555788,"gpath_3neocort"
"8877","PTBP1","Inh ENOX2 SPHKAP",-0.0137195201456774,4.61524602443202,0.0585390771145085,0.808968806380225,0.954404217104297,0.950212448071999,"gpath_3neocort"
"8878","PLPPR3","Inh ENOX2 SPHKAP",-0.122681309737411,4.9689734025127,4.21888579520284,0.0407557317835758,0.280510951461368,0.244910291411657,"gpath_3neocort"
"8879","R3HDM4","Inh ENOX2 SPHKAP",0.0563161571483871,3.845234062853,0.384639620964789,0.53555422121579,0.823395241838795,0.811003342737588,"gpath_3neocort"
"8880","ARID3A","Inh ENOX2 SPHKAP",-0.0185320855828845,4.85060604369517,0.112799029047717,0.749771996462268,0.93104816393134,0.924848335669441,"gpath_3neocort"
"8881","WDR18","Inh ENOX2 SPHKAP",-0.146838728131423,4.09358931423044,2.89109525876669,0.0900028243440465,0.394406042715752,0.361370201846831,"gpath_3neocort"
"8882","TMEM259","Inh ENOX2 SPHKAP",-0.121093181726648,5.75300488958021,6.10910901172465,0.0139476271102889,0.172581947649293,0.142199246473616,"gpath_3neocort"
"8883","ABCA7","Inh ENOX2 SPHKAP",0.0165924616619338,3.89061761276756,0.0345081881923444,0.852742952376237,0.970401727505604,0.966980614985371,"gpath_3neocort"
"8884","POLR2E","Inh ENOX2 SPHKAP",-0.096715344132574,4.72758402119441,2.29827961099673,0.130464821357387,0.461063524463921,0.431148465359176,"gpath_3neocort"
"8885","GPX4","Inh ENOX2 SPHKAP",0.00476565770427176,5.75899593112778,0.00630567111297621,0.936755538334488,0.993269159402148,0.990460427979182,"gpath_3neocort"
"8886","STK11","Inh ENOX2 SPHKAP",0.0130441788681743,4.8847039439998,0.0614095347981057,0.804434360587468,0.952559922311815,0.948542168539742,"gpath_3neocort"
"8887","CBARP","Inh ENOX2 SPHKAP",-0.0379960102610812,4.21481744878737,0.210039031739339,0.64703536546905,0.882038885678308,0.874374411976346,"gpath_3neocort"
"8888","ATP5F1D","Inh ENOX2 SPHKAP",-0.0168176682745055,5.21100503209997,0.0575690446052954,0.810527696058117,0.954634579609815,0.950885566137161,"gpath_3neocort"
"8889","MIDN","Inh ENOX2 SPHKAP",-0.109581889404201,4.06982054890551,1.27979285629269,0.258750552572764,0.617728090451968,0.592455623855099,"gpath_3neocort"
"8890","CIRBP","Inh ENOX2 SPHKAP",-0.249257502667605,6.75955643119402,18.66177299767,2.06200528086062e-05,0.00647735723387764,0.00328981029406693,"gpath_3neocort"
"8891","MUM1","Inh ENOX2 SPHKAP",0.00808212271923847,6.562736225732,0.0534930991283892,0.817234678143663,0.958326597322361,0.953622359235498,"gpath_3neocort"
"8892","NDUFS7","Inh ENOX2 SPHKAP",0.0823434631410161,5.05519423646973,2.24637032722611,0.13487436881407,0.468906320425352,0.43797848045498,"gpath_3neocort"
"8893","GAMT","Inh ENOX2 SPHKAP",-0.100554071474928,4.44485038656553,2.05089381723481,0.153053622408257,0.496481070956566,0.464653256883256,"gpath_3neocort"
"8894","DAZAP1","Inh ENOX2 SPHKAP",-0.00917693700221557,5.20006410272968,0.0316475302945135,0.858911480891168,0.97158870817798,0.968860744021429,"gpath_3neocort"
"8895","RPS15","Inh ENOX2 SPHKAP",-0.0730327901026666,6.19740108905616,0.969002116584452,0.325642923043213,0.676287222135808,0.655298237603099,"gpath_3neocort"
"8896","APC2","Inh ENOX2 SPHKAP",-0.0645908905130562,6.06206387703122,2.70560359333326,0.100938613772676,0.412888834093168,0.381264414507913,"gpath_3neocort"
"8897","C19orf25","Inh ENOX2 SPHKAP",-0.0645163625223914,4.68128847757201,1.15366290371434,0.283560358903847,0.640385789146006,0.616492021263548,"gpath_3neocort"
"8898","MBD3","Inh ENOX2 SPHKAP",0.101774658700341,4.53764266169307,2.53112246676469,0.112568410703099,0.432593205772211,0.401899645248759,"gpath_3neocort"
"8899","REXO1","Inh ENOX2 SPHKAP",0.024190717370557,4.41989918514743,0.130253526256122,0.905534441256327,0.986434110724821,0.982712718954833,"gpath_3neocort"
"8900","ABHD17A","Inh ENOX2 SPHKAP",0.0817043195673827,5.23982686025219,3.0052016587647,0.0839220598939823,0.383678629007777,0.349338986436016,"gpath_3neocort"
"8901","SCAMP4","Inh ENOX2 SPHKAP",-0.00534759462449022,4.4579025971559,0.00771386669118712,0.930065613404845,0.992451853904102,0.988990043194991,"gpath_3neocort"
"8902","CSNK1G2","Inh ENOX2 SPHKAP",0.0838842104346309,5.0164695843381,2.56657332578223,0.110090830002052,0.427628441388106,0.39748017692503,"gpath_3neocort"
"8903","BTBD2","Inh ENOX2 SPHKAP",0.00237901728224605,5.81495942583559,0.00380160303330433,0.950872813277153,0.994776274703702,0.993101793357912,"gpath_3neocort"
"8904","MKNK2","Inh ENOX2 SPHKAP",0.184796692056715,4.17807465812441,5.02061443925029,0.0257053083532414,0.231134157658232,0.194198178338715,"gpath_3neocort"
"8905","MOB3A","Inh ENOX2 SPHKAP",-0.119076951106458,4.44862958800887,2.91967878006081,0.0884358647027678,0.39113667572126,0.358379347364407,"gpath_3neocort"
"8906","AP3D1","Inh ENOX2 SPHKAP",-0.0928071373565878,6.06502535505469,6.91481838555503,0.00894459935489902,0.14232436032354,0.112882923059308,"gpath_3neocort"
"8907","DOT1L","Inh ENOX2 SPHKAP",0.202569718712372,4.25065809034979,7.8916848162942,0.00525921385889083,0.118826507094847,0.0848824745775712,"gpath_3neocort"
"8908","PLEKHJ1","Inh ENOX2 SPHKAP",-0.116784374092902,4.09709855953184,1.62802654659515,0.202864335405144,0.557104596214125,0.530598799776649,"gpath_3neocort"
"8909","AMH","Inh ENOX2 SPHKAP",-0.0517155342048723,5.133029100442,0.624545702911418,0.429924766552188,0.753165829875897,0.738756894050259,"gpath_3neocort"
"8910","LSM7","Inh ENOX2 SPHKAP",-0.0635051342206451,4.46948077842473,0.678861445230004,0.410568018751803,0.740253909758388,0.723918216951143,"gpath_3neocort"
"8911","SPPL2B","Inh ENOX2 SPHKAP",-0.0615913105429252,5.06115028149351,1.14622786948699,0.285114550605087,0.64121143043703,0.618139687065255,"gpath_3neocort"
"8912","TIMM13","Inh ENOX2 SPHKAP",-0.161149140021409,4.33369181404847,3.58122701350606,0.0593020095062883,0.326445996931733,0.29541518837415,"gpath_3neocort"
"8913","LMNB2","Inh ENOX2 SPHKAP",-0.0347385452474628,4.11128529886584,0.180788361534207,0.670970883139345,0.892619175128322,0.887028440711426,"gpath_3neocort"
"8914","GNG7","Inh ENOX2 SPHKAP",-0.0136111706313305,6.32792223786957,0.126589238395597,0.722219975354302,0.918983159545302,0.911714434150445,"gpath_3neocort"
"8915","DIRAS1","Inh ENOX2 SPHKAP",0.037412193867621,5.62322733324431,0.510358475383275,0.475483542257842,0.783413978501069,0.770680031721475,"gpath_3neocort"
"8916","SGTA","Inh ENOX2 SPHKAP",0.0714887925898668,4.83787379750444,1.60198619271183,0.206505646316546,0.562921402061108,0.534899985472851,"gpath_3neocort"
"8917","THOP1","Inh ENOX2 SPHKAP",0.0338461571646987,4.98389633420554,0.428024081527109,0.65733882734856,0.886317117013643,0.880064919556559,"gpath_3neocort"
"8918","TLE2","Inh ENOX2 SPHKAP",-0.0858326172938458,4.95914238989243,2.35536525477306,0.125800946551281,0.455401141059378,0.423966226293874,"gpath_3neocort"
"8919","AES","Inh ENOX2 SPHKAP",0.0522206521129274,6.8514391717656,1.86444423793533,0.173033206878389,0.523291108255202,0.492438206927656,"gpath_3neocort"
"8920","GNA11","Inh ENOX2 SPHKAP",0.00525046692728129,5.43606106383884,0.014172710990589,0.90530807245567,0.986434110724821,0.982671693405549,"gpath_3neocort"
"8921","NCLN","Inh ENOX2 SPHKAP",-0.200549648502959,5.03051933150917,15.5305253002719,9.89293929530322e-05,0.0178754319593295,0.00848815709441013,"gpath_3neocort"
"8922","CELF5","Inh ENOX2 SPHKAP",0.065552468545195,7.93865127865437,7.52654103040887,0.00640841443498064,0.12419581335652,0.0948935908517551,"gpath_3neocort"
"8923","NFIC","Inh ENOX2 SPHKAP",-0.000155808269116162,6.24065557600839,1.27280841410962e-05,0.997155571442049,0.999341080892678,0.999645107634177,"gpath_3neocort"
"8924","DOHH","Inh ENOX2 SPHKAP",0.0451682180406123,4.04128550742443,0.272588147638728,0.601947553463802,0.858992566768831,0.849581536860967,"gpath_3neocort"
"8925","FZR1","Inh ENOX2 SPHKAP",0.0461883254645092,5.0680129892083,0.868554635583284,0.394584204076998,0.730978567885048,0.712298138412874,"gpath_3neocort"
"8926","AC005786.3","Inh ENOX2 SPHKAP",-0.0368136696496697,4.12197417919216,0.196459766589131,0.657881171311796,0.886317117013643,0.880337873629703,"gpath_3neocort"
"8927","PIP5K1C","Inh ENOX2 SPHKAP",0.00874353404791441,5.4277195457632,0.0427044250626049,0.8799130611959,0.978345111313283,0.975446952736032,"gpath_3neocort"
"8928","MATK","Inh ENOX2 SPHKAP",0.0351976017230601,4.78129581077713,0.447973639471157,0.503761991360722,0.802187554689946,0.789559979448818,"gpath_3neocort"
"8929","ZFR2","Inh ENOX2 SPHKAP",-0.0756990354179898,6.99063845478569,6.07050328688727,0.0142500119004914,0.175160305720983,0.143799373450953,"gpath_3neocort"
"8930","ATCAY","Inh ENOX2 SPHKAP",-0.022079802806848,7.69365791872004,0.704384603774741,0.401915636818831,0.734446312147668,0.717687459072813,"gpath_3neocort"
"8931","DAPK3","Inh ENOX2 SPHKAP",-0.0757629429621792,4.48465701208297,1.23167353740497,0.267881572053469,0.627074699196317,0.601693365299221,"gpath_3neocort"
"8932","EEF2","Inh ENOX2 SPHKAP",0.0240869057346044,5.98236676957776,0.223657486133749,0.63657654828645,0.877421433434316,0.868756620748265,"gpath_3neocort"
"8933","PIAS4","Inh ENOX2 SPHKAP",0.164654530448519,4.89545723716366,10.5387363057535,0.00128767632665771,0.0605767732801583,0.0383611296054017,"gpath_3neocort"
"8934","ZBTB7A","Inh ENOX2 SPHKAP",0.127495460703767,6.45498553594042,13.4684827452042,0.000282371667735693,0.0274973530041018,0.0160514076541788,"gpath_3neocort"
"8935","MAP2K2","Inh ENOX2 SPHKAP",0.0519717160593215,5.62676145162366,1.31517227144565,0.252282590324562,0.61089714980321,0.585922917282432,"gpath_3neocort"
"8936","SIRT6","Inh ENOX2 SPHKAP",-0.0393342325971188,4.40852159810748,0.334795673501498,0.690591746394142,0.903451653231898,0.896770190678813,"gpath_3neocort"
"8937","ANKRD24","Inh ENOX2 SPHKAP",-0.0478843665086698,5.42291886447376,0.967610657105542,0.325990026248917,0.676812332986321,0.655646945658266,"gpath_3neocort"
"8938","YJU2","Inh ENOX2 SPHKAP",-0.121761502230922,3.92915515574093,1.95874929421023,0.162576797320923,0.509550322597729,0.478013310394096,"gpath_3neocort"
"8939","FSD1","Inh ENOX2 SPHKAP",0.0636200466060978,5.67835753156091,2.62044289303098,0.130679054005575,0.461571500872793,0.431470809775058,"gpath_3neocort"
"8940","SH3GL1","Inh ENOX2 SPHKAP",0.0119115097182405,5.34986726885818,0.071112347710738,0.789888877888735,0.948347180002838,0.942452971445365,"gpath_3neocort"
"8941","UBXN6","Inh ENOX2 SPHKAP",-0.0272857110820598,4.71985169686571,0.19602245301566,0.658237831006308,0.886317117013643,0.880584338236846,"gpath_3neocort"
"8942","HDGFL2","Inh ENOX2 SPHKAP",-0.0416148089980297,4.7901864323469,0.61110579885194,0.434926499450828,0.757523564952989,0.742155511555805,"gpath_3neocort"
"8943","SEMA6B","Inh ENOX2 SPHKAP",0.0459800729565689,5.2886781925724,1.02669795318918,0.516079689483918,0.810186041624116,0.797932059091415,"gpath_3neocort"
"8944","MYDGF","Inh ENOX2 SPHKAP",-0.00142296129290561,4.46509794342666,0.000579090457605086,0.980815715788433,0.997825265393623,0.997918766603205,"gpath_3neocort"
"8945","DPP9","Inh ENOX2 SPHKAP",0.0857062573682795,4.87842268558989,2.66315500399409,0.103640894469993,0.41679625914921,0.38631558026899,"gpath_3neocort"
"8946","KDM4B","Inh ENOX2 SPHKAP",-0.0127814906147152,6.35290195369882,0.129104185031001,0.719590102947526,0.918059391730033,0.910385237067951,"gpath_3neocort"
"8947","PTPRS","Inh ENOX2 SPHKAP",-0.0748759005695229,7.03243171319733,5.93360827546382,0.0153780596174466,0.181297269436677,0.149724895677291,"gpath_3neocort"
"8948","TINCR","Inh ENOX2 SPHKAP",-0.24966483583061,4.16782624661931,7.29329663832906,0.00727459441999084,0.130220589084321,0.101130426007332,"gpath_3neocort"
"8949","SAFB2","Inh ENOX2 SPHKAP",0.031658369801584,6.25527630916518,0.8783220136436,0.349340000613312,0.697963259329592,0.675998580056852,"gpath_3neocort"
"8950","SAFB","Inh ENOX2 SPHKAP",0.0140220813697946,5.98945574823431,0.152232181985106,0.789838996481867,0.948347180002838,0.942434977013604,"gpath_3neocort"
"8951","RPL36","Inh ENOX2 SPHKAP",-0.0527594470840172,5.07123565017623,0.477570674325845,0.490005599868252,0.794881647762292,0.780585056352103,"gpath_3neocort"
"8952","C19orf70","Inh ENOX2 SPHKAP",-0.110924001503497,4.08549025262393,1.36999698507749,0.242648277876287,0.601555226568045,0.575355247358138,"gpath_3neocort"
"8953","LONP1","Inh ENOX2 SPHKAP",0.0314190616859397,5.12563742394765,0.366497785926904,0.545331315756145,0.830315585181026,0.816699117295334,"gpath_3neocort"
"8954","RANBP3","Inh ENOX2 SPHKAP",0.0857210727721428,5.13458675357304,3.3895674750262,0.0925638103626232,0.39902009088589,0.366188921678642,"gpath_3neocort"
"8955","MLLT1","Inh ENOX2 SPHKAP",0.0831691551233714,4.97689967896591,2.7246215419161,0.0997531045737202,0.412064423542748,0.379109026879948,"gpath_3neocort"
"8956","CLPP","Inh ENOX2 SPHKAP",0.00251950047849836,4.12334905807597,0.000658541134889781,0.979542239886458,0.997825265393623,0.997879967632151,"gpath_3neocort"
"8957","GTF2F1","Inh ENOX2 SPHKAP",-0.0259445277870935,4.54781148203466,0.163951991183848,0.979985970812826,0.997825265393623,0.997915368014525,"gpath_3neocort"
"8958","KHSRP","Inh ENOX2 SPHKAP",0.0706570332639238,5.41161612460931,2.45433036579566,0.118149664385755,0.443976461465386,0.411397369013185,"gpath_3neocort"
"8959","SLC25A41","Inh ENOX2 SPHKAP",-0.0165207447557072,4.38406605765731,0.0532963630299204,0.817565117009337,0.958326597322361,0.953691251410765,"gpath_3neocort"
"8960","SLC25A23","Inh ENOX2 SPHKAP",-0.00176574848930838,5.35988656634245,0.00171422324724139,0.966999259242716,0.995859773924732,0.995971473609641,"gpath_3neocort"
"8961","TUBB4A","Inh ENOX2 SPHKAP",0.0166160160120592,5.8249826025469,0.0886004693818396,0.766149339299327,0.936458173226666,0.932058424359923,"gpath_3neocort"
"8962","INSR","Inh ENOX2 SPHKAP",0.0305510356300916,7.5786119550499,1.46596593113386,0.226840777162789,0.586090604407332,0.55830606584967,"gpath_3neocort"
"8963","ZNF358","Inh ENOX2 SPHKAP",0.0584386312254729,4.32033743800802,0.586759134882877,0.444217008345879,0.762971304613294,0.749219532412067,"gpath_3neocort"
"8964","PNPLA6","Inh ENOX2 SPHKAP",0.0836842384255837,5.25137636607942,4.22519882451167,0.0412145598528447,0.280662506186714,0.246179734626524,"gpath_3neocort"
"8965","CAMSAP3","Inh ENOX2 SPHKAP",-0.0587890038691952,4.60135827545108,1.05433136518538,0.305255956126957,0.662487742537176,0.637144057729963,"gpath_3neocort"
"8966","EVI5L","Inh ENOX2 SPHKAP",-6.7477652620894e-05,5.3889631044368,8.85529687604948e-06,0.997627450099635,0.99947490834056,0.999702358006204,"gpath_3neocort"
"8967","PRR36","Inh ENOX2 SPHKAP",0.0790020157876842,4.86964580199016,1.56040687839631,0.212481881891728,0.569385956483668,0.541847637970708,"gpath_3neocort"
"8968","MAP2K7","Inh ENOX2 SPHKAP",0.00647799486529844,5.43476414213919,0.0215807750647785,0.883296604849604,0.979451416308978,0.976430138538442,"gpath_3neocort"
"8969","TIMM44","Inh ENOX2 SPHKAP",-0.103323308746003,4.81503304297896,3.20718463820789,0.0795853391452335,0.37492729145304,0.340091094401364,"gpath_3neocort"
"8970","ELAVL1","Inh ENOX2 SPHKAP",0.0510144910622136,5.69246537775005,1.40724986237391,0.23635806900195,0.596688648958344,0.56880563934742,"gpath_3neocort"
"8971","CERS4","Inh ENOX2 SPHKAP",-0.00418317805832962,6.4106160928947,0.0101659729026331,0.919748829935294,0.990636355721171,0.986464292089964,"gpath_3neocort"
"8972","AC022146.2","Inh ENOX2 SPHKAP",-0.215600154394241,3.92595884434661,4.17444242173696,0.0418238789775842,0.282050507952711,0.248115822134598,"gpath_3neocort"
"8973","CD320","Inh ENOX2 SPHKAP",-0.04801713763685,4.36302085338973,0.451601488822037,0.502040780285739,0.801323245111052,0.788569187921116,"gpath_3neocort"
"8974","RPS28","Inh ENOX2 SPHKAP",-0.0741300885691819,4.93456296089504,1.08600594621043,0.298112863752757,0.655902184189866,0.630328775983699,"gpath_3neocort"
"8975","RAB11B","Inh ENOX2 SPHKAP",0.0693792036933282,5.60156626054821,2.05587218568607,0.152557504932312,0.49560707269664,0.463915266538391,"gpath_3neocort"
"8976","MARCH2","Inh ENOX2 SPHKAP",-0.105591602966916,4.23341807698724,1.53215130822435,0.21666074965299,0.57312408910278,0.546541108164139,"gpath_3neocort"
"8977","HNRNPM","Inh ENOX2 SPHKAP",-0.0337915779645689,6.18498156675193,1.08078038565958,0.299276309310042,0.657125749731947,0.631473179042733,"gpath_3neocort"
"8978","ADAMTS10","Inh ENOX2 SPHKAP",-0.025359527441702,5.85713963653166,0.406917743516769,0.639095902990359,0.879090754753106,0.870299228511162,"gpath_3neocort"
"8979","ZNF559-ZNF177","Inh ENOX2 SPHKAP",0.0906617958015274,4.5143721549085,1.74112459277668,0.187901712057739,0.541036922536445,0.512093120375108,"gpath_3neocort"
"8980","ZNF266","Inh ENOX2 SPHKAP",-0.0453619141763144,4.77191238459597,0.604090876430321,0.437572489556695,0.758604397953195,0.743969307914538,"gpath_3neocort"
"8981","ZNF121","Inh ENOX2 SPHKAP",0.00332798244791113,4.37193271145224,0.00211969139509577,0.963305845307109,0.995700592042286,0.995452744554919,"gpath_3neocort"
"8982","ZNF561","Inh ENOX2 SPHKAP",-0.0391149999053993,4.20138087876339,0.256062815645001,0.655880726989558,0.885848338339017,0.879205012756266,"gpath_3neocort"
"8983","ZNF562","Inh ENOX2 SPHKAP",-0.0157324636450562,5.28816729255569,0.110473521364953,0.739814536521652,0.92735552117161,0.920418169516557,"gpath_3neocort"
"8984","ZNF846","Inh ENOX2 SPHKAP",-0.102770062778372,5.27050141742868,4.24468207924072,0.0401489837908758,0.279464477595103,0.243081535200351,"gpath_3neocort"
"8985","FBXL12","Inh ENOX2 SPHKAP",-0.158731868450205,4.42507794498975,4.64651939066649,0.0318317627144112,0.254706413568559,0.216477471518719,"gpath_3neocort"
"8986","UBL5","Inh ENOX2 SPHKAP",-0.0947988781086632,4.09665934723119,1.06571081456049,0.302664481827036,0.659687526632259,0.634652613115132,"gpath_3neocort"
"8987","PIN1","Inh ENOX2 SPHKAP",-0.119968948179568,5.51439116157048,5.29349063185267,0.0220219315345294,0.215562168384263,0.179647690108906,"gpath_3neocort"
"8988","OLFM2","Inh ENOX2 SPHKAP",0.0413261758542664,6.6819736580124,1.33511974700099,0.248723776158662,0.606427674570118,0.581929448296574,"gpath_3neocort"
"8989","C19orf66","Inh ENOX2 SPHKAP",-0.127715504783687,5.24303450431195,4.85435352610102,0.028259879169021,0.24155824305894,0.203574700731242,"gpath_3neocort"
"8990","P2RY11","Inh ENOX2 SPHKAP",0.00998703977028065,4.05153582381659,0.0122543339695631,0.911921406366964,0.98778742870664,0.98449078930157,"gpath_3neocort"
"8991","DNMT1","Inh ENOX2 SPHKAP",-0.012709713480211,5.32682964649194,0.0660859888873139,0.797281791003905,0.951595316692155,0.945723566818824,"gpath_3neocort"
"8992","MRPL4","Inh ENOX2 SPHKAP",0.0144960785428687,4.80802020104982,0.0647099360647257,0.799357667614784,0.952155674743958,0.946535981794746,"gpath_3neocort"
"8993","ZGLP1","Inh ENOX2 SPHKAP",0.0434872480259406,4.06506042598636,0.270253298879355,0.603506861533902,0.85942921878237,0.850348587042636,"gpath_3neocort"
"8994","TYK2","Inh ENOX2 SPHKAP",-0.12227886480124,4.78251415323344,4.21505592304575,0.0408466347476093,0.280510951461368,0.245206499879423,"gpath_3neocort"
"8995","CDC37","Inh ENOX2 SPHKAP",-0.0247598666487897,5.27472950446706,0.198371163465103,0.656327847085887,0.88624338021991,0.879479944190949,"gpath_3neocort"
"8996","PDE4A","Inh ENOX2 SPHKAP",0.0243161933592634,6.66916969480956,0.648956781824571,0.421060017405348,0.74550589990787,0.731900080131532,"gpath_3neocort"
"8997","ATG4D","Inh ENOX2 SPHKAP",0.0049119946271015,4.34149140773113,0.00434805312225503,0.947465296829199,0.994776274703702,0.992485135171506,"gpath_3neocort"
"8998","KRI1","Inh ENOX2 SPHKAP",0.0912086012219143,4.1616263046618,1.38381455691266,0.240291617271303,0.600914167690793,0.57290308389993,"gpath_3neocort"
"8999","CDKN2D","Inh ENOX2 SPHKAP",-0.102920776415806,4.8680232852391,2.68712418012105,0.102105381724327,0.414811100221734,0.383591432473617,"gpath_3neocort"
"9000","SLC44A2","Inh ENOX2 SPHKAP",-0.109985572518722,5.04714321413939,4.98052346204457,0.0262983730355692,0.233892138256704,0.196304976209067,"gpath_3neocort"
"9001","ILF3-DT","Inh ENOX2 SPHKAP",-0.171462016277957,4.71047818614348,6.68889716675456,0.010124940078063,0.149881079397524,0.120626190231755,"gpath_3neocort"
"9002","ILF3","Inh ENOX2 SPHKAP",-0.00773632143576214,5.89960096925223,0.0418770325040221,0.860873740924009,0.97185120439578,0.969459831175098,"gpath_3neocort"
"9003","QTRT1","Inh ENOX2 SPHKAP",-0.0670605272932044,5.73931050802039,1.99593319892969,0.158654631139478,0.504274505562355,0.472644325660722,"gpath_3neocort"
"9004","DNM2","Inh ENOX2 SPHKAP",0.0398343139766502,6.18636051013883,1.18475095144,0.277177024493023,0.635743398069418,0.610630856083072,"gpath_3neocort"
"9005","CARM1","Inh ENOX2 SPHKAP",0.0535787812537291,5.43954618572424,1.77499313579866,0.183675184353451,0.535999084577137,0.506711176618003,"gpath_3neocort"
"9006","YIPF2","Inh ENOX2 SPHKAP",0.00122629804659724,4.54509699974976,0.000344079344035669,0.985211682814309,0.9984270842391,0.998252095831144,"gpath_3neocort"
"9007","TIMM29","Inh ENOX2 SPHKAP",-0.0919979309165284,4.26079488112176,1.60832774940867,0.237352470511025,0.597475111204917,0.569950944945966,"gpath_3neocort"
"9008","SMARCA4","Inh ENOX2 SPHKAP",-0.0314891806675301,7.09475563244947,1.02715575084896,0.311562502944663,0.66620805586772,0.642643659744126,"gpath_3neocort"
"9009","LDLR","Inh ENOX2 SPHKAP",-0.0160196433048875,4.06447143211235,0.025081517638451,0.874259979176287,0.976948901017904,0.973723411811472,"gpath_3neocort"
"9010","PLPPR2","Inh ENOX2 SPHKAP",0.0803829656931163,5.34350571401151,3.14967842199625,0.07685425082169,0.369994322902771,0.334740562908791,"gpath_3neocort"
"9011","PRKCSH","Inh ENOX2 SPHKAP",0.0936907974150603,4.94260094066829,2.84659974782625,0.0925026363074573,0.39902009088589,0.366070786513248,"gpath_3neocort"
"9012","ELAVL3","Inh ENOX2 SPHKAP",0.0555356210873907,7.91870405580562,3.20868254498203,0.0741552758978255,0.363058862087996,0.329194559471719,"gpath_3neocort"
"9013","ECSIT","Inh ENOX2 SPHKAP",-0.0130820434273448,5.41638237462667,0.10057989617991,0.75133333114429,0.931658994455486,0.925528410371241,"gpath_3neocort"
"9014","ELOF1","Inh ENOX2 SPHKAP",-0.0713117856674773,4.48814328006029,0.921231678602031,0.337847253861341,0.687987569657411,0.666125921975788,"gpath_3neocort"
"9015","ZNF439","Inh ENOX2 SPHKAP",0.0254341385156652,5.25203467761848,0.233696401114475,0.629113741082143,0.874812167736386,0.864793589293537,"gpath_3neocort"
"9016","ZNF136","Inh ENOX2 SPHKAP",-0.0508025147301144,4.50420985128641,0.56545192599603,0.45260235683825,0.769597238929851,0.755077662685894,"gpath_3neocort"
"9017","ZNF44","Inh ENOX2 SPHKAP",-0.136466712402618,5.35063487136564,8.98056287900601,0.00293329621129366,0.0870389060724616,0.0614749957686103,"gpath_3neocort"
"9018","ZNF490","Inh ENOX2 SPHKAP",-0.194668920077424,4.56349405917986,8.41188612184432,0.00397520550668801,0.101191644815108,0.0725681827259839,"gpath_3neocort"
"9019","ZNF791","Inh ENOX2 SPHKAP",0.0182267285065949,5.68874546289157,0.22615432300886,0.634701517170405,0.876706810023773,0.867759556875624,"gpath_3neocort"
"9020","WDR83","Inh ENOX2 SPHKAP",-0.087969648142041,4.01068743892886,0.939079462784746,0.333217093174835,0.684282592437061,0.662244843253014,"gpath_3neocort"
"9021","DHPS","Inh ENOX2 SPHKAP",-0.0287081691623931,4.62907547482553,0.165734305822764,0.684192248612767,0.899630585605066,0.893760077970172,"gpath_3neocort"
"9022","TNPO2","Inh ENOX2 SPHKAP",-0.00138725272921333,5.96274545375841,0.00158040714307805,0.97214218049156,0.996773599712099,0.996666628812994,"gpath_3neocort"
"9023","TRIR","Inh ENOX2 SPHKAP",-0.098823759960242,5.06612915255306,2.3791144871545,0.123915738554582,0.453132355255172,0.420879131282201,"gpath_3neocort"
"9024","ASNA1","Inh ENOX2 SPHKAP",0.0564509465331255,4.01152716830193,0.426606451228967,0.514108939342255,0.809351298906063,0.796870637246309,"gpath_3neocort"
"9025","HOOK2","Inh ENOX2 SPHKAP",-0.0633120750732918,6.12776237403767,1.90778191593613,0.168134789539136,0.518440590239748,0.48603098692437,"gpath_3neocort"
"9026","JUNB","Inh ENOX2 SPHKAP",0.49664553457906,3.64336562669795,14.2990019092575,0.000184767021919331,0.0222197291041148,0.0123960588504822,"gpath_3neocort"
"9027","MAST1","Inh ENOX2 SPHKAP",-0.0299231613992704,7.28268218609555,1.35832266939404,0.24466144550388,0.602777188803576,0.577529488404831,"gpath_3neocort"
"9028","FARSA","Inh ENOX2 SPHKAP",-0.129053723423836,4.62749820565601,3.87898324688216,0.0497216701176972,0.304931980767736,0.270557644047786,"gpath_3neocort"
"9029","CALR","Inh ENOX2 SPHKAP",-0.208299555407738,4.99395503332506,9.22649718918588,0.00257356455989389,0.082984674451148,0.0572622594570402,"gpath_3neocort"
"9030","RAD23A","Inh ENOX2 SPHKAP",-0.00944419899173612,5.38124299576029,0.0361886088862546,0.849242287111786,0.969169271287305,0.965805038632592,"gpath_3neocort"
"9031","GADD45GIP1","Inh ENOX2 SPHKAP",-9.89204385572605e-05,4.47001650313408,6.39997131157005e-06,0.997983013532115,0.999625445975698,0.999715995247819,"gpath_3neocort"
"9032","TRMT1","Inh ENOX2 SPHKAP",-0.0262478533414738,4.62828506739987,0.160293900877782,0.689142467776483,0.902483775041339,0.896188904529613,"gpath_3neocort"
"9033","NACC1","Inh ENOX2 SPHKAP",0.053328548897635,4.52198925387368,0.701550751775336,0.402863073411886,0.73514177712993,0.718361616525,"gpath_3neocort"
"9034","STX10","Inh ENOX2 SPHKAP",-0.0588133204351915,4.15716950576467,0.467175012866081,0.494764361606406,0.797215642524353,0.78374941390213,"gpath_3neocort"
"9035","CACNA1A","Inh ENOX2 SPHKAP",0.0393949451954251,9.86098370459921,2.1559084290656,0.142965149180139,0.481403642391608,0.450294824250005,"gpath_3neocort"
"9036","CCDC130","Inh ENOX2 SPHKAP",0.00286504311400734,5.41872747720709,0.00355113325017255,0.952516778996992,0.994776274703702,0.99347055531685,"gpath_3neocort"
"9037","MRI1","Inh ENOX2 SPHKAP",-0.126909942729314,4.95319404341519,4.76611002872072,0.02972226426485,0.247380691804367,0.208980787509066,"gpath_3neocort"
"9038","C19orf53","Inh ENOX2 SPHKAP",-0.187957958325423,4.2698561450529,3.29083318449355,0.0705663694239476,0.354351829068376,0.320976819568855,"gpath_3neocort"
"9039","CC2D1A","Inh ENOX2 SPHKAP",0.00680600386856333,6.61368027018384,0.0438896239540313,0.834187043251781,0.963733945567189,0.96028412507205,"gpath_3neocort"
"9040","RFX1","Inh ENOX2 SPHKAP",0.061383711688076,5.36171893140611,1.86154451082866,0.173366792936526,0.523974497087488,0.492974557426427,"gpath_3neocort"
"9041","MISP3","Inh ENOX2 SPHKAP",-0.0626768362514559,4.12401947438579,0.48759248202019,0.485489913408019,0.791455934067025,0.777655103842766,"gpath_3neocort"
"9042","PRKACA","Inh ENOX2 SPHKAP",-0.023859242892152,5.81376451080132,0.353534507861494,0.55252236414811,0.834827429336586,0.821048129761663,"gpath_3neocort"
"9043","ADGRL1","Inh ENOX2 SPHKAP",0.0448713191205086,7.23538670395968,2.89267575164389,0.0899153956800477,0.394339268274025,0.361210700600389,"gpath_3neocort"
"9044","AC011509.2","Inh ENOX2 SPHKAP",-0.228488742314838,3.76017134718308,3.93426312877278,0.0481317933441981,0.30083915506149,0.266258629084298,"gpath_3neocort"
"9045","PKN1","Inh ENOX2 SPHKAP",-0.0103441434959681,4.87165674508098,0.0323890165797311,0.857285846613265,0.971235029632888,0.968423656922098,"gpath_3neocort"
"9046","GIPC1","Inh ENOX2 SPHKAP",-0.106552570202082,5.81910685288907,4.38467185267184,0.0370182429507911,0.271448531517172,0.233543297178844,"gpath_3neocort"
"9047","DNAJB1","Inh ENOX2 SPHKAP",0.216854403961142,5.1497058222302,3.85565684211356,0.0504091851260951,0.307454341853496,0.272310887970393,"gpath_3neocort"
"9048","TECR","Inh ENOX2 SPHKAP",0.0479608454087756,5.36804638059547,0.879136798499205,0.349116866671414,0.697963259329592,0.67577155933755,"gpath_3neocort"
"9049","NDUFB7","Inh ENOX2 SPHKAP",-0.0522155983233319,4.54045275344554,0.490841980708604,0.484040547337843,0.789872340363129,0.776534653506298,"gpath_3neocort"
"9050","ZNF333","Inh ENOX2 SPHKAP",-0.132167867977171,4.89395900277823,5.4919965999276,0.0196907451260001,0.202908440250782,0.170104998454048,"gpath_3neocort"
"9051","BRD4","Inh ENOX2 SPHKAP",-0.00874468515274664,6.80490384421902,0.111677700494967,0.738452214337779,0.926920296883384,0.919781960875315,"gpath_3neocort"
"9052","AKAP8","Inh ENOX2 SPHKAP",0.0139161241999247,4.94002921932335,0.082028277890889,0.871562684544439,0.976110111799166,0.972862981394205,"gpath_3neocort"
"9053","AKAP8L","Inh ENOX2 SPHKAP",0.035090098486143,6.7985522588022,1.23051478555558,0.268106370134886,0.627450091894622,0.601881821976971,"gpath_3neocort"
"9054","TPM4","Inh ENOX2 SPHKAP",-0.00513563267941809,5.44168533946559,0.0122195972231537,0.91204582106075,0.98778742870664,0.98449078930157,"gpath_3neocort"
"9055","AP1M1","Inh ENOX2 SPHKAP",0.0229383433364634,5.6196409866406,0.303030208168409,0.582357562097443,0.849829949917067,0.838530260499261,"gpath_3neocort"
"9056","AC020911.2","Inh ENOX2 SPHKAP",0.248236592362542,4.32118714458934,9.19114980575557,0.00262235959888367,0.0835658319251458,0.0578701674662488,"gpath_3neocort"
"9057","EPS15L1","Inh ENOX2 SPHKAP",-0.0125737201507821,6.69994146921772,0.167406982284792,0.682689352676721,0.899013615177865,0.893100762249995,"gpath_3neocort"
"9058","C19orf44","Inh ENOX2 SPHKAP",0.102603921806148,4.26412545697303,2.01338973497631,0.156850696530147,0.501815280951383,0.47003725316256,"gpath_3neocort"
"9059","TMEM38A","Inh ENOX2 SPHKAP",-0.0339150654172484,5.62805275637866,0.593947670682315,0.451918324123291,0.76896394204309,0.754615837054701,"gpath_3neocort"
"9060","SIN3B","Inh ENOX2 SPHKAP",0.0408285182125584,5.98561378043613,1.18066108395554,0.278006340070336,0.63630930385357,0.611344463647268,"gpath_3neocort"
"9061","MYO9B","Inh ENOX2 SPHKAP",0.0387365735265798,6.599992202325,0.972731921683748,0.324714929451742,0.675487442604072,0.654612125929189,"gpath_3neocort"
"9062","NR2F6","Inh ENOX2 SPHKAP",-0.0120773154338797,4.17811275882239,0.0198794649018394,0.887959384894373,0.980157389492338,0.977739172802262,"gpath_3neocort"
"9063","ABHD8","Inh ENOX2 SPHKAP",0.0219990876202522,5.69155792729412,0.309046852336664,0.868066569183211,0.974773868676512,0.971853881637351,"gpath_3neocort"
"9064","MRPL34","Inh ENOX2 SPHKAP",-0.0768194245040307,4.43292367727943,0.900670741095061,0.343289266743343,0.691979068421999,0.67066646701502,"gpath_3neocort"
"9065","DDA1","Inh ENOX2 SPHKAP",-0.174446381614017,4.32915879453157,4.80350752205819,0.0290930670836308,0.245288560398612,0.206635588554178,"gpath_3neocort"
"9066","ANO8","Inh ENOX2 SPHKAP",-0.0217954729655252,5.05679599396668,0.170069939541981,0.751059365425166,0.931658994455486,0.925408082190992,"gpath_3neocort"
"9067","MVB12A","Inh ENOX2 SPHKAP",0.0104300776365535,4.03513698931464,0.0149029161460079,0.902911182336797,0.98582229998831,0.982106108659045,"gpath_3neocort"
"9068","SLC27A1","Inh ENOX2 SPHKAP",-0.0662199855765454,6.12078226131219,2.78960507854429,0.095816019309939,0.406029763289898,0.372150382948451,"gpath_3neocort"
"9069","AC010618.3","Inh ENOX2 SPHKAP",0.0129826478205427,4.72113184489322,0.0530196172538816,0.818031029912998,0.958326597322361,0.953825895076859,"gpath_3neocort"
"9070","COLGALT1","Inh ENOX2 SPHKAP",0.0789899105958981,4.69296619578835,1.83768397186007,0.176140124185953,0.526359958634965,0.496718303534314,"gpath_3neocort"
"9071","UNC13A","Inh ENOX2 SPHKAP",-0.117158032197178,6.55403305946255,7.6320662322237,0.00605203560729898,0.12377566237523,0.0920713716028187,"gpath_3neocort"
"9072","MAP1S","Inh ENOX2 SPHKAP",0.0555339690687396,4.37490537808887,0.563335995279336,0.453448560210399,0.76995662865787,0.75565167831682,"gpath_3neocort"
"9073","FCHO1","Inh ENOX2 SPHKAP",-0.123980801883557,4.98408813608116,5.5502866156148,0.019056090883217,0.199711473784883,0.167259654696601,"gpath_3neocort"
"9074","CCDC124","Inh ENOX2 SPHKAP",0.00407185338170623,4.23851100588602,0.00317329888267864,0.955111034738682,0.995337913222174,0.993943920550501,"gpath_3neocort"
"9075","MAST3","Inh ENOX2 SPHKAP",0.0502252971229081,4.9187373510194,0.897922447313586,0.344025634180368,0.692603189094155,0.671357894311556,"gpath_3neocort"
"9076","RAB3A","Inh ENOX2 SPHKAP",-0.137924196556988,6.28249308061182,4.25706732306361,0.0398610657522843,0.278915457457457,0.242188321296664,"gpath_3neocort"
"9077","JUND","Inh ENOX2 SPHKAP",0.169317516680938,7.09789053268814,12.2982903335271,0.00051546541545876,0.0380972234612505,0.0228128719807462,"gpath_3neocort"
"9078","LSM4","Inh ENOX2 SPHKAP",-0.0555653080867087,4.31592007706587,0.453047505757334,0.501357523234594,0.800919732507534,0.788088770673417,"gpath_3neocort"
"9079","PGPEP1","Inh ENOX2 SPHKAP",-0.0530865848807925,4.57900473222649,0.620234254027131,0.431519720512506,0.754683068671423,0.739825109828216,"gpath_3neocort"
"9080","SSBP4","Inh ENOX2 SPHKAP",0.011509939884826,5.63145004617211,0.067499673915541,0.795173004512818,0.950809763991382,0.944834490424603,"gpath_3neocort"
"9081","ELL","Inh ENOX2 SPHKAP",-0.0889845963037576,4.90037279004065,2.67961005778549,0.102584043820068,0.41571511390754,0.384462117045432,"gpath_3neocort"
"9082","FKBP8","Inh ENOX2 SPHKAP",0.0302746700451302,6.66509980628829,0.528698736185031,0.467664653295276,0.778559095801445,0.765392306498336,"gpath_3neocort"
"9083","UBA52","Inh ENOX2 SPHKAP",0.0493044594946923,5.26259529824667,0.661983336055213,0.416441253231996,0.742321970341054,0.728314719262116,"gpath_3neocort"
"9084","CRLF1","Inh ENOX2 SPHKAP",-0.155282491000922,4.3919018796866,2.66660793959477,0.103418136099129,0.416550998328037,0.386020627119935,"gpath_3neocort"
"9085","REX1BD","Inh ENOX2 SPHKAP",-0.273732048354948,5.15106300339349,17.7095827785107,3.31244253262088e-05,0.00939911530109707,0.00432602036479315,"gpath_3neocort"
"9086","TMEM59L","Inh ENOX2 SPHKAP",-0.086017210685837,6.82703814452326,3.97431851221551,0.0470135108377475,0.297284135414276,0.262942682977445,"gpath_3neocort"
"9087","CRTC1","Inh ENOX2 SPHKAP",0.0267248773266657,6.36956337131229,0.628896921366604,0.428324146420894,0.751535232044444,0.737682371748439,"gpath_3neocort"
"9088","UPF1","Inh ENOX2 SPHKAP",0.127312573467272,5.03824666314239,5.91770500103981,0.0155149709239316,0.181701280890391,0.150416271291433,"gpath_3neocort"
"9089","COPE","Inh ENOX2 SPHKAP",-0.101659059858262,4.35419509194073,1.64567761537761,0.200439268467596,0.554954916763844,0.527625579707915,"gpath_3neocort"
"9090","DDX49","Inh ENOX2 SPHKAP",-0.13822410618564,4.33096148674764,3.65699588170879,0.0566908687617465,0.321336251456279,0.288925931679833,"gpath_3neocort"
"9091","SUGP2","Inh ENOX2 SPHKAP",0.00681424366209194,7.33711141813763,0.0646639272126624,0.799427479637153,0.952155674743958,0.946535981794746,"gpath_3neocort"
"9092","SLC25A42","Inh ENOX2 SPHKAP",0.0307344813263024,5.55728083748069,0.441598361631205,0.506811308807083,0.803537695402699,0.791500967631604,"gpath_3neocort"
"9093","TMEM161A","Inh ENOX2 SPHKAP",-0.0693088859422011,4.60487117970918,1.16453889137363,0.281306210355638,0.639342488240587,0.614227163353434,"gpath_3neocort"
"9094","NCAN","Inh ENOX2 SPHKAP",0.0254342612881711,4.94674035593161,0.205845540406222,0.650338450466289,0.883125333262741,0.87610955822879,"gpath_3neocort"
"9095","SUGP1","Inh ENOX2 SPHKAP",-0.0425171617923338,5.24179146370245,0.692844554969696,0.405794292939126,0.737250084133714,0.720377794330363,"gpath_3neocort"
"9096","MAU2","Inh ENOX2 SPHKAP",-0.0574230137104661,5.9268715123443,2.56968490110073,0.109876262068249,0.427220481423924,0.397156443218461,"gpath_3neocort"
"9097","GATAD2A","Inh ENOX2 SPHKAP",-0.0346888011167627,4.84099627854155,0.298274583210751,0.585331362046828,0.850666039752185,0.84021603836328,"gpath_3neocort"
"9098","YJEFN3","Inh ENOX2 SPHKAP",0.0537068683898006,4.32258244148447,0.466752964086613,0.49495919908772,0.797338739572576,0.783925175503193,"gpath_3neocort"
"9099","PBX4","Inh ENOX2 SPHKAP",0.0276551247325862,5.06710644386367,0.205836366592801,0.65034572073451,0.883125333262741,0.876111818737545,"gpath_3neocort"
"9100","ATP13A1","Inh ENOX2 SPHKAP",0.0215816407981515,4.48202107755176,0.105570037987173,0.745448842301722,0.929268051996626,0.922959983617942,"gpath_3neocort"
"9101","ZNF14","Inh ENOX2 SPHKAP",-0.078266832827661,5.07857568716675,2.26158750365756,0.133564629662985,0.466016611844553,0.435820162873718,"gpath_3neocort"
"9102","AC011477.4","Inh ENOX2 SPHKAP",0.12816668186494,4.22328762641746,2.94677964454911,0.0869775808721651,0.389172668132209,0.355606294680278,"gpath_3neocort"
"9103","ZNF253","Inh ENOX2 SPHKAP",0.158841547100548,4.974591456164,9.96662514867952,0.00173953652851252,0.0692185583552552,0.045685249528497,"gpath_3neocort"
"9104","ZNF682","Inh ENOX2 SPHKAP",-0.0709959258770326,4.26982949659459,0.78226086886179,0.377087898833811,0.719108744443093,0.69903282944271,"gpath_3neocort"
"9105","ZNF90","Inh ENOX2 SPHKAP",0.0199779164643107,4.78356195063451,0.0641017872136436,0.800282593112454,0.952177907887809,0.946857682097108,"gpath_3neocort"
"9106","AC011447.3","Inh ENOX2 SPHKAP",0.0951041082452596,4.43937460572591,1.45637916378564,0.228362591042086,0.58783899327725,0.559833987931927,"gpath_3neocort"
"9107","ZNF737","Inh ENOX2 SPHKAP",0.100019510913417,4.68910313798778,2.66821317810846,0.103314757037019,0.416423470209642,0.385774003883426,"gpath_3neocort"
"9108","ZNF66","Inh ENOX2 SPHKAP",0.0577812711144294,4.21025820255256,0.600002244089671,0.585523972973984,0.850666039752185,0.840303782208466,"gpath_3neocort"
"9109","ZNF430","Inh ENOX2 SPHKAP",0.051596753467662,4.92096780996971,0.76838934842969,0.381346877214786,0.722660603378654,0.702339348872336,"gpath_3neocort"
"9110","ZNF714","Inh ENOX2 SPHKAP",0.0225531084242071,5.33715256553561,0.150809097435584,0.698011185416786,0.907136581230076,0.900139172947209,"gpath_3neocort"
"9111","ZNF431","Inh ENOX2 SPHKAP",0.102735180699041,5.01050252055853,3.7087812150802,0.0549769581732037,0.316971947122947,0.284587280579954,"gpath_3neocort"
"9112","ZNF708","Inh ENOX2 SPHKAP",0.00950842220744772,5.70267062552312,0.0528768397195141,0.818271902609212,0.958326597322361,0.953931951402406,"gpath_3neocort"
"9113","ZNF493","Inh ENOX2 SPHKAP",-0.00657241709482589,4.73335600317555,0.0121153707623585,0.912420201398257,0.98778742870664,0.984522691738625,"gpath_3neocort"
"9114","AC010615.4","Inh ENOX2 SPHKAP",0.078995097003757,5.92084073595706,2.20973708718003,0.138086989915095,0.473649562449172,0.442843122405966,"gpath_3neocort"
"9115","ZNF429","Inh ENOX2 SPHKAP",-0.0295389542938011,5.37796372980683,0.470796534866429,0.628210683045728,0.87435858199262,0.864304718179125,"gpath_3neocort"
"9116","ZNF43","Inh ENOX2 SPHKAP",-0.0742598917955545,4.80112773848757,1.5078244362895,0.220337477995706,0.578117695772738,0.550846157630963,"gpath_3neocort"
"9117","ZNF91","Inh ENOX2 SPHKAP",0.0637368391952694,7.71450283696196,4.78211613469676,0.0294512422331387,0.246213865163732,0.207978268367775,"gpath_3neocort"
"9118","ZNF675","Inh ENOX2 SPHKAP",0.100416678498061,6.27681105412774,4.87117209102502,0.0279898068413319,0.240569054740415,0.202548948045162,"gpath_3neocort"
"9119","AC011503.1","Inh ENOX2 SPHKAP",0.191030610142619,3.51015227126378,2.10175668673119,0.148069939741792,0.487789266984292,0.457331881517567,"gpath_3neocort"
"9120","ZNF254","Inh ENOX2 SPHKAP",0.00150553526318485,6.35621526772666,0.00190597090915962,0.96520360800256,0.995700592042286,0.99569894597143,"gpath_3neocort"
"9121","LINC00662","Inh ENOX2 SPHKAP",0.03581471287256,6.76258910889518,1.27282005972745,0.260049429392228,0.619462168155949,0.593738520947985,"gpath_3neocort"
"9122","AC006504.5","Inh ENOX2 SPHKAP",0.00790534490390152,5.74974241192355,0.0275095767108864,0.868367561179785,0.974773868676512,0.971968888572715,"gpath_3neocort"
"9123","UQCRFS1","Inh ENOX2 SPHKAP",-0.0686051444757854,4.79204303240934,0.932013482426511,0.335039940853495,0.685568174833228,0.663826855369201,"gpath_3neocort"
"9124","AC011474.2","Inh ENOX2 SPHKAP",0.0249276551254755,5.42634743340902,0.258506502705956,0.611484293135188,0.863698360056991,0.854885578754161,"gpath_3neocort"
"9125","VSTM2B","Inh ENOX2 SPHKAP",0.0981101215359632,7.31836595834576,7.59362779121988,0.00617943393516466,0.123857366202723,0.0931730341794113,"gpath_3neocort"
"9126","C19orf12","Inh ENOX2 SPHKAP",-0.0076205778868649,5.80051460681662,0.0362873538631388,0.849039226632004,0.969051100438637,0.96571442321673,"gpath_3neocort"
"9127","URI1","Inh ENOX2 SPHKAP",-0.065135634905872,6.78005254291206,4.53885871341468,0.0338652211869895,0.26319195843488,0.223411978420545,"gpath_3neocort"
"9128","ZNF536","Inh ENOX2 SPHKAP",0.139987448991273,4.90218713645246,1.91856422557695,0.166941006810137,0.518007871580616,0.484288269969889,"gpath_3neocort"
"9129","TSHZ3","Inh ENOX2 SPHKAP",0.0299052995549331,8.5581241770504,1.35880223908833,0.24457834480225,0.602777188803576,0.577438118192379,"gpath_3neocort"
"9130","AC025809.1","Inh ENOX2 SPHKAP",-0.0436109854348463,6.89999609947321,0.917318614521017,0.338873940380786,0.688391465093233,0.666924430943214,"gpath_3neocort"
"9131","ZNF507","Inh ENOX2 SPHKAP",-0.0181279646526544,5.45642803008772,0.197276043056307,0.964729781092817,0.995700592042286,0.995638497316582,"gpath_3neocort"
"9132","DPY19L3","Inh ENOX2 SPHKAP",0.0352379795605833,5.61759591895141,0.590410249777009,0.442804384934521,0.762731209473165,0.748043684421778,"gpath_3neocort"
"9133","PDCD5","Inh ENOX2 SPHKAP",-0.0159592958774094,5.16326095139629,0.0959853240300744,0.756895193491659,0.933938848735653,0.92786602239009,"gpath_3neocort"
"9134","ANKRD27","Inh ENOX2 SPHKAP",-0.058239288048585,5.247233769788,1.50391339269009,0.220935539956633,0.578663337304382,0.551521457503275,"gpath_3neocort"
"9135","CEP89","Inh ENOX2 SPHKAP",-0.0736376993906103,5.42984419233855,2.56145206378399,0.11044499016342,0.428153428105986,0.398105645713384,"gpath_3neocort"
"9136","GPATCH1","Inh ENOX2 SPHKAP",-0.0487337513631292,4.6083502846309,0.594202344837742,0.441344554718538,0.761594977531638,0.746902857194717,"gpath_3neocort"
"9137","LRP3","Inh ENOX2 SPHKAP",0.0534319093928104,5.53697738037664,1.66316092812067,0.198070891002174,0.551886530094301,0.524847685981663,"gpath_3neocort"
"9138","PEPD","Inh ENOX2 SPHKAP",-0.0487780644590732,4.89590070557935,0.853510962809163,0.356229079157511,0.704576510340379,0.681832133338003,"gpath_3neocort"
"9139","LSM14A","Inh ENOX2 SPHKAP",0.042572579977246,6.683193124998,2.43315064442479,0.119742532382599,0.445578097132208,0.413986976195125,"gpath_3neocort"
"9140","KIAA0355","Inh ENOX2 SPHKAP",-0.0695741348980541,5.90547919446972,2.97851281315804,0.0853031892039071,0.386184312630241,0.352159437900394,"gpath_3neocort"
"9141","GPI","Inh ENOX2 SPHKAP",0.0305207230559489,8.47670491419698,1.12909295218743,0.288737880754024,0.645948223594981,0.621699515259662,"gpath_3neocort"
"9142","UBA2","Inh ENOX2 SPHKAP",0.00737603925622803,6.37486375615156,0.0588035332482968,0.808546188274848,0.954262850735726,0.9500430066158,"gpath_3neocort"
"9143","SCGB2B2","Inh ENOX2 SPHKAP",0.0297706924318962,5.8708125317724,0.42917965556741,0.512843454222094,0.8090699797897,0.79595996064312,"gpath_3neocort"
"9144","ZNF302","Inh ENOX2 SPHKAP",-0.142575550961275,5.79166828011827,7.91846641640727,0.00518373053449273,0.117667058146597,0.0840767188518503,"gpath_3neocort"
"9145","ZNF30","Inh ENOX2 SPHKAP",0.0185583756635047,4.34010069539511,0.0673444239079807,0.800264648211333,0.952177907887809,0.946855593340205,"gpath_3neocort"
"9146","GRAMD1A","Inh ENOX2 SPHKAP",-0.036220671361932,5.13772119110553,0.521609722612211,0.470662038516703,0.780957264084683,0.767506910726582,"gpath_3neocort"
"9147","SCN1B","Inh ENOX2 SPHKAP",-0.16347377651834,4.95245247293811,5.51672410216803,0.0194188748791966,0.201536461208495,0.168829032643563,"gpath_3neocort"
"9148","FXYD7","Inh ENOX2 SPHKAP",-0.00327134056240607,4.38323337813483,0.00207983923653517,0.963652181981223,0.995700592042286,0.995452744554919,"gpath_3neocort"
"9149","USF2","Inh ENOX2 SPHKAP",0.164034794164562,5.28986479540188,11.9589684095977,0.000614363523796737,0.0415463332967544,0.0252149444708951,"gpath_3neocort"
"9150","TMEM147","Inh ENOX2 SPHKAP",-0.110238109966861,3.83502702080611,1.26029435190491,0.262403100753853,0.621959067374577,0.596185450781838,"gpath_3neocort"
"9151","HAUS5","Inh ENOX2 SPHKAP",0.0362581750584543,3.97743407979984,0.174969357843553,0.67600190140017,0.895024679243352,0.889665511476873,"gpath_3neocort"
"9152","RBM42","Inh ENOX2 SPHKAP",0.00210426623320875,3.76840227789393,0.000625421738133317,0.98006319696717,0.997825265393623,0.997915368014525,"gpath_3neocort"
"9153","COX6B1","Inh ENOX2 SPHKAP",-0.166636912582037,5.21332310755292,4.80405276448366,0.029083997410891,0.245288560398612,0.206623396057345,"gpath_3neocort"
"9154","KMT2B","Inh ENOX2 SPHKAP",-0.00354954156653276,5.0308968797452,0.00542558783162838,0.941326217774669,0.993518947956843,0.991153993287652,"gpath_3neocort"
"9155","ARHGAP33","Inh ENOX2 SPHKAP",0.0133153664338751,4.77187871760303,0.05803257078876,0.809781067104696,0.954456730603235,0.950504723517888,"gpath_3neocort"
"9156","APLP1","Inh ENOX2 SPHKAP",-0.0127086482149443,6.49284836638341,0.0843010607045073,0.771731700605906,0.940448417031699,0.934682641342968,"gpath_3neocort"
"9157","LRFN3","Inh ENOX2 SPHKAP",0.0820387658037508,3.77550562881584,0.781396985822525,0.377351169039249,0.719108744443093,0.699207956144273,"gpath_3neocort"
"9158","CLIP3","Inh ENOX2 SPHKAP",0.0539878885248038,6.68834548036341,1.82859014545915,0.177210592369837,0.527848260640308,0.498110564626877,"gpath_3neocort"
"9159","TBCB","Inh ENOX2 SPHKAP",0.0987148345650938,5.21380969729303,2.94639448207039,0.086998122064292,0.389172668132209,0.355651490267251,"gpath_3neocort"
"9160","CAPNS1","Inh ENOX2 SPHKAP",-0.0481638326890918,4.98719494007393,0.601929138877152,0.438392858778359,0.759350704159314,0.74460607958147,"gpath_3neocort"
"9161","ZNF565","Inh ENOX2 SPHKAP",-0.115320073732893,5.66078149219543,5.41437737512589,0.0205701312588271,0.208008243196738,0.173671028721437,"gpath_3neocort"
"9162","ZNF146","Inh ENOX2 SPHKAP",0.00570112845862836,5.51709402296041,0.0180027420317649,0.893345700359463,0.98246587773482,0.979430442669342,"gpath_3neocort"
"9163","LINC00665","Inh ENOX2 SPHKAP",-0.0136325567371226,4.7782180563121,0.0507290150460218,0.885865957759717,0.979658385812387,0.97728022222379,"gpath_3neocort"
"9164","ZFP14","Inh ENOX2 SPHKAP",-0.0179925996036575,6.03736599854383,0.2226469367762,0.637339076185583,0.877851191498614,0.869213508000481,"gpath_3neocort"
"9165","ZFP82","Inh ENOX2 SPHKAP",0.0775766864853183,5.40628266692537,3.29250027415822,0.0704955045391596,0.354278144614827,0.320839641454818,"gpath_3neocort"
"9166","ZNF566","Inh ENOX2 SPHKAP",-0.0781370453461604,5.48694817481055,2.95140221758543,0.0867314644209906,0.388887375889681,0.355135263250007,"gpath_3neocort"
"9167","ZNF260","Inh ENOX2 SPHKAP",-0.0141681200961895,4.30694599785164,0.0390916304311493,0.91410176990762,0.988618728938294,0.984963929991346,"gpath_3neocort"
"9168","ZNF529","Inh ENOX2 SPHKAP",-0.0178977279396709,5.8046785015668,0.202986024842973,0.652614150105705,0.884704822077308,0.877473167744127,"gpath_3neocort"
"9169","ZNF529-AS1","Inh ENOX2 SPHKAP",-0.0184976503892753,4.97218612626717,0.127639992292903,0.721117652984069,0.918385260046279,0.911162056367201,"gpath_3neocort"
"9170","ZNF382","Inh ENOX2 SPHKAP",-0.0179878943168025,5.52140861715342,0.207484947589348,0.649042342738702,0.882880312297119,0.875486595986971,"gpath_3neocort"
"9171","ZNF461","Inh ENOX2 SPHKAP",-0.0121070902377583,4.52873198296945,0.0384477084170959,0.844666315359041,0.967689479878393,0.964217690176633,"gpath_3neocort"
"9172","AC020928.1","Inh ENOX2 SPHKAP",-0.0673977549060552,4.96850549099759,1.21481260611482,0.271176019631948,0.630548689292513,0.604984320813057,"gpath_3neocort"
"9173","ZNF790","Inh ENOX2 SPHKAP",-0.00865318838830341,4.92965327604355,0.0245426750472215,0.875606823185288,0.976948901017904,0.974086168515208,"gpath_3neocort"
"9174","ZNF345","Inh ENOX2 SPHKAP",0.106612002470301,5.77058737720773,6.66511051775821,0.0102582179817044,0.151126364154066,0.121416108818293,"gpath_3neocort"
"9175","ZNF568","Inh ENOX2 SPHKAP",0.00845926302556572,5.34913712837042,0.0340020146735229,0.853814629444541,0.970401727505604,0.967311483867098,"gpath_3neocort"
"9176","ZNF420","Inh ENOX2 SPHKAP",-0.00863297862601344,5.52871439521871,0.041712334072829,0.838293701925869,0.965157728701125,0.961717441319296,"gpath_3neocort"
"9177","ZNF383","Inh ENOX2 SPHKAP",0.0120167005391412,4.63617202653482,0.0420479221797576,0.994407983601122,0.999137047031017,0.999322139414447,"gpath_3neocort"
"9178","HKR1","Inh ENOX2 SPHKAP",-0.0365272292200791,5.90269792305098,0.936814433453089,0.333799964434909,0.684552562691184,0.662684919186695,"gpath_3neocort"
"9179","ZNF569","Inh ENOX2 SPHKAP",0.0451847136454233,4.99993590806698,0.788074166037784,0.375322999990057,0.717631135657407,0.697756145886533,"gpath_3neocort"
"9180","ZNF793","Inh ENOX2 SPHKAP",0.00938076992444438,5.15420813742951,0.0440194896875213,0.833945494622924,0.963569201072382,0.960178727893337,"gpath_3neocort"
"9181","ZNF540","Inh ENOX2 SPHKAP",-0.0803624123415887,5.86296853215383,3.47462624492475,0.063195478291355,0.337019478423447,0.30428879966342,"gpath_3neocort"
"9182","ZFP30","Inh ENOX2 SPHKAP",0.0284549677614466,5.51376890453771,0.42529225402556,0.55542020980779,0.83656297887069,0.82268427794963,"gpath_3neocort"
"9183","ZNF573","Inh ENOX2 SPHKAP",-0.118372229699217,5.60612771168818,7.6481449129312,0.00599954747909748,0.123256526057914,0.0916218187800918,"gpath_3neocort"
"9184","SIPA1L3","Inh ENOX2 SPHKAP",-0.0126990281737896,7.54274267512717,0.223993716702508,0.636323307142473,0.877421433434316,0.868677483522888,"gpath_3neocort"
"9185","DPF1","Inh ENOX2 SPHKAP",0.0879375769266773,5.75489837889076,3.8009289968547,0.0520621639309486,0.310538094051062,0.27674889826846,"gpath_3neocort"
"9186","YIF1B","Inh ENOX2 SPHKAP",-7.84154188596861e-05,4.2288360060406,1.78866262548473e-05,0.996628079294332,0.999341080892678,0.999585109283905,"gpath_3neocort"
"9187","PSMD8","Inh ENOX2 SPHKAP",0.0172899269400301,4.82990454038557,0.0707825403449308,0.79036522783286,0.948347180002838,0.942672186491924,"gpath_3neocort"
"9188","SPRED3","Inh ENOX2 SPHKAP",-0.105038323357988,3.99002068249411,0.921231700540109,0.337847248117104,0.687987569657411,0.666125921975788,"gpath_3neocort"
"9189","FAM98C","Inh ENOX2 SPHKAP",-0.0158976882696173,4.5998588512358,0.0647206238542958,0.799341454166347,0.952155674743958,0.946535981794746,"gpath_3neocort"
"9190","RYR1","Inh ENOX2 SPHKAP",0.0184814327240243,5.73562516275208,0.152225135885343,0.696667067879037,0.906665989070995,0.899633843602683,"gpath_3neocort"
"9191","EIF3K","Inh ENOX2 SPHKAP",-0.0575139361486181,5.610433296721,1.6324860153883,0.202248396307141,0.556754766278031,0.529831980301174,"gpath_3neocort"
"9192","ACTN4","Inh ENOX2 SPHKAP",0.0688629023334586,6.16268301601337,3.63704517145835,0.0573662887948729,0.323162158741819,0.290830958187893,"gpath_3neocort"
"9193","ECH1","Inh ENOX2 SPHKAP",-0.128986177735912,4.17859049253425,2.30749412176948,0.129699083359657,0.460448295208291,0.429918596758184,"gpath_3neocort"
"9194","HNRNPL","Inh ENOX2 SPHKAP",-0.0397644986295387,6.07483451188501,0.842750597093073,0.359274847983546,0.706200697452677,0.684266533963698,"gpath_3neocort"
"9195","SIRT2","Inh ENOX2 SPHKAP",-0.0335174496439354,5.76432045758597,0.7181107092228,0.397372184487103,0.732377591644456,0.714301333421136,"gpath_3neocort"
"9196","FBXO17","Inh ENOX2 SPHKAP",0.014942806202323,5.999165250227,0.0949042118253104,0.75822502387909,0.934500463278774,0.928422741710737,"gpath_3neocort"
"9197","FBXO27","Inh ENOX2 SPHKAP",-0.0310852474840651,5.74928460600062,0.577316092822621,0.447903131183514,0.764942049963661,0.751600623589421,"gpath_3neocort"
"9198","PAK4","Inh ENOX2 SPHKAP",0.05782951730017,4.15835319974341,0.50181179318159,0.479200047099107,0.786919482371632,0.773398089057332,"gpath_3neocort"
"9199","LRFN1","Inh ENOX2 SPHKAP",0.0245361239019804,4.26684190936388,0.138515254390203,0.709997964246377,0.913365480509959,0.906182731680088,"gpath_3neocort"
"9200","SAMD4B","Inh ENOX2 SPHKAP",-0.0531695557637238,6.16306330626991,1.95478270871562,0.163001707361849,0.510135298961067,0.478721474021242,"gpath_3neocort"
"9201","MED29","Inh ENOX2 SPHKAP",-0.138682708493739,4.72244042557704,4.67089062101396,0.0313894823999959,0.253031058653804,0.214939372076979,"gpath_3neocort"
"9202","RPS16","Inh ENOX2 SPHKAP",-0.0463644283955263,5.07259405541659,0.383802611573019,0.535998228032735,0.823621628574317,0.811237860700299,"gpath_3neocort"
"9203","SUPT5H","Inh ENOX2 SPHKAP",0.0231278222454735,5.64944564456503,0.289206177593868,0.907411348736095,0.986765245127383,0.983161188569649,"gpath_3neocort"
"9204","TIMM50","Inh ENOX2 SPHKAP",-0.0858814009093213,4.53922349117784,2.24108105446229,0.165346551683146,0.514916763764144,0.48215784774581,"gpath_3neocort"
"9205","DLL3","Inh ENOX2 SPHKAP",-0.0868446077000987,3.72739507908584,0.741072230884378,0.389936220157671,0.727649032330622,0.709114163355769,"gpath_3neocort"
"9206","EID2B","Inh ENOX2 SPHKAP",0.00717642984184846,4.53201331462559,0.0115252857234763,0.914571219029968,0.98867639437572,0.98512523353268,"gpath_3neocort"
"9207","DYRK1B","Inh ENOX2 SPHKAP",0.07073884624974,4.66773643876958,1.3679687561764,0.242996575482084,0.601805862676636,0.575774801118717,"gpath_3neocort"
"9208","PSMC4","Inh ENOX2 SPHKAP",-0.0504668412378152,4.1620421347059,0.387399200013807,0.534095078409801,0.822815673715337,0.810097983073023,"gpath_3neocort"
"9209","ZNF546","Inh ENOX2 SPHKAP",0.0129033944269099,4.5963847323592,0.0463755818668203,0.829626187553088,0.962916920097718,0.95851026706453,"gpath_3neocort"
"9210","ZNF780B","Inh ENOX2 SPHKAP",0.0432885481474628,6.84880907531974,1.56785838654692,0.211395897635919,0.568038976594532,0.540503598051685,"gpath_3neocort"
"9211","MAP3K10","Inh ENOX2 SPHKAP",-0.0468952594505754,5.27111621363468,1.02208471012776,0.312758092714871,0.66620805586772,0.643777772081525,"gpath_3neocort"
"9212","TTC9B","Inh ENOX2 SPHKAP",0.0776890034080668,5.10468400726051,1.11288947423347,0.292218504086793,0.649705732916414,0.624814575747163,"gpath_3neocort"
"9213","AKT2","Inh ENOX2 SPHKAP",0.00402703037713933,6.06414268472524,0.0127299407152151,0.990049468566165,0.998951897108485,0.998790808820012,"gpath_3neocort"
"9214","PLD3","Inh ENOX2 SPHKAP",-0.0352829743469265,7.8473514246769,2.11226255722648,0.147063645746271,0.486448974958284,0.455955192861304,"gpath_3neocort"
"9215","SPTBN4","Inh ENOX2 SPHKAP",0.010933263013876,8.78981857979633,0.233276498330269,0.62942189465295,0.874990779461874,0.864956713695011,"gpath_3neocort"
"9216","LTBP4","Inh ENOX2 SPHKAP",0.0135475141660887,5.28583337822665,0.0613585624812804,0.804513889113972,0.952559922311815,0.948542168539742,"gpath_3neocort"
"9217","NUMBL","Inh ENOX2 SPHKAP",0.015735519741674,5.03042246824388,0.0931908501131522,0.760349657634425,0.935120606977018,0.929457066023946,"gpath_3neocort"
"9218","SNRPA","Inh ENOX2 SPHKAP",0.0684135481002455,4.13911002295958,0.832233503830294,0.362286590535679,0.708707677508324,0.68696647980817,"gpath_3neocort"
"9219","AC008537.1","Inh ENOX2 SPHKAP",-0.0155955795654892,5.70161927430647,0.0869186202406966,0.768315138579101,0.938135492579701,0.933046768820799,"gpath_3neocort"
"9220","HNRNPUL1","Inh ENOX2 SPHKAP",0.026345335831097,5.63767258748992,0.445966960615636,0.504718390304714,0.80219023236465,0.790089679206024,"gpath_3neocort"
"9221","TGFB1","Inh ENOX2 SPHKAP",-0.0323713687741358,4.09926062795193,0.125166737471283,0.723720534529954,0.91947322843822,0.912412166352875,"gpath_3neocort"
"9222","DMAC2","Inh ENOX2 SPHKAP",-0.151383619592675,3.99722015378129,3.05515062158644,0.0814019916574039,0.379288201620888,0.344162967475712,"gpath_3neocort"
"9223","RPS19","Inh ENOX2 SPHKAP",-0.0600039872457725,5.88468124198233,0.865595487408124,0.352850656341032,0.701203589896446,0.679151071240064,"gpath_3neocort"
"9224","ARHGEF1","Inh ENOX2 SPHKAP",-0.0434175354521102,4.23831710971615,0.380030600950141,0.53800751303585,0.824408680085461,0.812298741298494,"gpath_3neocort"
"9225","RABAC1","Inh ENOX2 SPHKAP",0.0011732662888055,4.98161741929757,0.00030901428136778,0.985985381589177,0.9984270842391,0.998311917346934,"gpath_3neocort"
"9226","GRIK5","Inh ENOX2 SPHKAP",-0.00487863094583175,5.96023151406058,0.0173349065328976,0.895330979574792,0.983306856487617,0.980033518060582,"gpath_3neocort"
"9227","POU2F2","Inh ENOX2 SPHKAP",0.00990222342423003,5.78163596868771,0.0522022090938283,0.819414695722215,0.958326597322361,0.954358945467349,"gpath_3neocort"
"9228","DEDD2","Inh ENOX2 SPHKAP",0.0561762132048458,4.22546193476697,0.447683009697198,0.503900315469131,0.802187554689946,0.789602772786135,"gpath_3neocort"
"9229","GSK3A","Inh ENOX2 SPHKAP",0.00439726542161743,5.18674896679868,0.00630235154331784,0.936772152737712,0.993269159402148,0.990460427979182,"gpath_3neocort"
"9230","CIC","Inh ENOX2 SPHKAP",0.10508973221127,4.46593676149816,2.82056206594622,0.0940005377419656,0.401922427948076,0.368823407296913,"gpath_3neocort"
"9231","PAFAH1B3","Inh ENOX2 SPHKAP",0.0495659117223063,3.93301571308458,0.27515043224127,0.600246109154788,0.858451551027953,0.848636023444487,"gpath_3neocort"
"9232","TMEM145","Inh ENOX2 SPHKAP",0.022592704112257,6.07301624613428,0.357921390439778,0.572626985556479,0.845326168242279,0.832801976295724,"gpath_3neocort"
"9233","MEGF8","Inh ENOX2 SPHKAP",-0.0375746740242388,5.73804121860328,0.800917853806711,0.371464661764838,0.716159745845573,0.694743517233334,"gpath_3neocort"
"9234","LIPE-AS1","Inh ENOX2 SPHKAP",-0.0466679051903326,6.02178586143583,1.00924154563665,0.315813100799984,0.668340060481653,0.646438325111186,"gpath_3neocort"
"9235","LIPE","Inh ENOX2 SPHKAP",0.0080219429159013,4.23986298131507,0.0105857802981335,0.918114330834234,0.99031871440671,0.986155552601892,"gpath_3neocort"
"9236","AC004784.1","Inh ENOX2 SPHKAP",-0.0364289921019766,4.98492251967882,0.209140198179145,0.647739969569478,0.882081437008956,0.874747427752064,"gpath_3neocort"
"9237","PHLDB3","Inh ENOX2 SPHKAP",-0.0716611322446961,4.78719707934874,1.5906197817212,0.208119296338806,0.564845514979736,0.53676816419402,"gpath_3neocort"
"9238","ETHE1","Inh ENOX2 SPHKAP",0.000945538172025143,4.09616581555071,0.000192275931775036,0.988944893292332,0.998951897108485,0.998728720282548,"gpath_3neocort"
"9239","XRCC1","Inh ENOX2 SPHKAP",0.0629322049505572,4.5409460900937,1.02334403315245,0.312460625088482,0.66620805586772,0.643503006881593,"gpath_3neocort"
"9240","ZNF428","Inh ENOX2 SPHKAP",-0.238173424706536,5.13033861032613,11.7918561928385,0.00066994857145706,0.0437849609989856,0.0264775949434069,"gpath_3neocort"
"9241","CADM4","Inh ENOX2 SPHKAP",-0.0445962400692871,5.38014382265833,0.882305854439102,0.34825084546641,0.697791508878993,0.67506489070684,"gpath_3neocort"
"9242","SMG9","Inh ENOX2 SPHKAP",-0.0204387839838993,5.47625177552146,0.221327579596617,0.638337812764576,0.878600606103109,0.869907700865698,"gpath_3neocort"
"9243","LYPD5","Inh ENOX2 SPHKAP",-0.0945109509690623,4.25951683414672,1.34615425571936,0.246781634731191,0.605164006163079,0.579776362706058,"gpath_3neocort"
"9244","ZNF283","Inh ENOX2 SPHKAP",-0.014033206341077,4.71902555650521,0.063150199192982,0.916404014739465,0.989065400865346,0.985648023049651,"gpath_3neocort"
"9245","AC006213.3","Inh ENOX2 SPHKAP",0.0684606429384833,4.65112054470097,1.14230145677065,0.285939685654129,0.642621892199378,0.618883283486252,"gpath_3neocort"
"9246","ZNF155","Inh ENOX2 SPHKAP",0.0980373724703341,5.51855208714687,4.84396900014227,0.0284279934972763,0.241985839752164,0.204141934867402,"gpath_3neocort"
"9247","ZNF224","Inh ENOX2 SPHKAP",-0.0252416349252172,5.08822543199198,0.269945162646752,0.603713286472578,0.85942921878237,0.850479856603305,"gpath_3neocort"
"9248","ZNF226","Inh ENOX2 SPHKAP",0.0529250387852396,4.58184292110432,0.88029387503656,0.348800327743225,0.69790988776491,0.675517554755357,"gpath_3neocort"
"9249","ZNF235","Inh ENOX2 SPHKAP",-0.0210951784704769,5.95419547011422,0.299631086877462,0.584479984657366,0.850178807252576,0.839694352038037,"gpath_3neocort"
"9250","ZNF229","Inh ENOX2 SPHKAP",0.0530247538768662,4.31334549549458,0.580671727637215,0.489203177694132,0.79437394436976,0.779989136792817,"gpath_3neocort"
"9251","AC243964.2","Inh ENOX2 SPHKAP",-0.213314683084909,3.93912086180173,3.89475305364134,0.0492625196733628,0.304583121637592,0.269421982519315,"gpath_3neocort"
"9252","CEACAM19","Inh ENOX2 SPHKAP",0.0362078273714908,5.33641808696581,0.644373709659556,0.422703238991687,0.746616900324902,0.733229546113636,"gpath_3neocort"
"9253","NECTIN2","Inh ENOX2 SPHKAP",0.062040898788389,4.3777268766243,0.64421338981707,0.422760894268999,0.746616900324902,0.73327837772165,"gpath_3neocort"
"9254","TOMM40","Inh ENOX2 SPHKAP",-0.0842887694304829,4.83261411300946,2.00154620232311,0.15807201958169,0.503562676465659,0.471928061704316,"gpath_3neocort"
"9255","CLPTM1","Inh ENOX2 SPHKAP",-0.00162767749783557,5.87403217836747,0.00179450377079915,0.966829563012237,0.995859773924732,0.995951933039508,"gpath_3neocort"
"9256","CLASRP","Inh ENOX2 SPHKAP",0.0393261833966411,5.7189413164434,0.97505549711264,0.394678369197957,0.730978567885048,0.712362373988476,"gpath_3neocort"
"9257","MARK4","Inh ENOX2 SPHKAP",0.00174690204748106,6.52761709116067,0.00277993240117175,0.957982542489968,0.995700592042286,0.994485173465761,"gpath_3neocort"
"9258","ERCC2","Inh ENOX2 SPHKAP",-0.119013032136458,4.28304512627556,2.69448140396431,0.101639090434627,0.414126135001003,0.382630296693695,"gpath_3neocort"
"9259","ERCC1","Inh ENOX2 SPHKAP",0.190637300330939,4.96209184088803,9.05755938496576,0.00281546323548685,0.0856982292316283,0.0601610271280984,"gpath_3neocort"
"9260","FOSB","Inh ENOX2 SPHKAP",1.0551841126706,3.38668320934974,27.92710386109,2.28477481646727e-07,0.000325374700590704,0.000189281746563783,"gpath_3neocort"
"9261","RTN2","Inh ENOX2 SPHKAP",0.0170018862080486,5.08571198821485,0.102304819243198,0.749281422254517,0.930795061859227,0.924619069303335,"gpath_3neocort"
"9262","OPA3","Inh ENOX2 SPHKAP",-0.0486950485693904,4.47127496404891,0.431170622814998,0.511868026301299,0.808314871808687,0.79531246407093,"gpath_3neocort"
"9263","EML2","Inh ENOX2 SPHKAP",0.0237566380137608,6.32380868529703,0.487737384304615,0.682140663201472,0.898996586582207,0.892782615505415,"gpath_3neocort"
"9264","SNRPD2","Inh ENOX2 SPHKAP",-0.151376654003457,4.45661624160613,2.93191622374344,0.0877741059948332,0.390116040245407,0.35710076033158,"gpath_3neocort"
"9265","FBXO46","Inh ENOX2 SPHKAP",-0.137327772566417,4.11879037997674,3.02899600825351,0.082711171212613,0.382176210746273,0.346912892575538,"gpath_3neocort"
"9266","DMPK","Inh ENOX2 SPHKAP",-0.0488828245325874,4.89156268344764,0.741687091154113,0.389739862234862,0.727649032330622,0.70891872941675,"gpath_3neocort"
"9267","SYMPK","Inh ENOX2 SPHKAP",-0.0523951518047443,6.0865579393264,2.35771371955494,0.125613107599352,0.455401141059378,0.423740762462388,"gpath_3neocort"
"9268","MYPOP","Inh ENOX2 SPHKAP",-0.044784364367708,4.44138437538111,0.480823947217505,0.488532083054708,0.794027547784085,0.779663840334482,"gpath_3neocort"
"9269","NOVA2","Inh ENOX2 SPHKAP",0.0884372437616024,6.27527610206556,6.02680774065492,0.01460045917195,0.175964444822338,0.145731606784514,"gpath_3neocort"
"9270","IGFL4","Inh ENOX2 SPHKAP",-0.119970509902962,5.77323993720835,5.51090880085689,0.0194824593594731,0.201536461208495,0.169125470252117,"gpath_3neocort"
"9271","AC007785.1","Inh ENOX2 SPHKAP",-0.134800533517038,5.69398694570426,7.00023347464398,0.00853610152760675,0.140019816759425,0.110005399884577,"gpath_3neocort"
"9272","PPP5C","Inh ENOX2 SPHKAP",-0.0756861822267152,5.58155933790727,3.39435125645754,0.0663078151875628,0.344963101222821,0.311618589985907,"gpath_3neocort"
"9273","PNMA8C","Inh ENOX2 SPHKAP",-0.0423965886548637,4.84231899978444,0.443531692216058,0.505883248314798,0.80295171907116,0.790839443028587,"gpath_3neocort"
"9274","PNMA8A","Inh ENOX2 SPHKAP",-0.00519421411791971,5.83534472890478,0.0101649319257475,0.91975292488134,0.990636355721171,0.986464292089964,"gpath_3neocort"
"9275","PPP5D1","Inh ENOX2 SPHKAP",0.0342734285982149,4.72568050733979,0.286492329349857,0.592833941920706,0.853113185521477,0.844478561969478,"gpath_3neocort"
"9276","CALM3","Inh ENOX2 SPHKAP",-0.0572780424231147,7.5945328048006,1.70643879528329,0.192348458103368,0.54568240803677,0.517496938381279,"gpath_3neocort"
"9277","DACT3","Inh ENOX2 SPHKAP",-0.016852920690497,4.77719483698716,0.0795586267242598,0.77807143038279,0.944495130113347,0.937441669015765,"gpath_3neocort"
"9278","STRN4","Inh ENOX2 SPHKAP",-0.0392016176058471,5.07364164829299,0.612894984021892,0.895595825707866,0.983347857790416,0.980120308086761,"gpath_3neocort"
"9279","FKRP","Inh ENOX2 SPHKAP",-0.0416304889396912,4.72239244497733,0.417770947105863,0.51849602941672,0.812415803749566,0.799482587415157,"gpath_3neocort"
"9280","AP2S1","Inh ENOX2 SPHKAP",-0.0352628643395759,4.99993415640311,0.320871370872464,0.571465527461473,0.84494934070392,0.831939077362267,"gpath_3neocort"
"9281","ARHGAP35","Inh ENOX2 SPHKAP",0.071020091713944,6.9612199760407,7.47204003684602,0.00660083829499631,0.12419581335652,0.0962994512488407,"gpath_3neocort"
"9282","NPAS1","Inh ENOX2 SPHKAP",0.0656362662151467,7.15637917704537,3.63392143525045,0.0574728159940735,0.323321147468498,0.291009091920863,"gpath_3neocort"
"9283","TMEM160","Inh ENOX2 SPHKAP",-0.151552755500205,5.18247454936122,4.32099432119674,0.0384091828446874,0.273876430580498,0.237659873523721,"gpath_3neocort"
"9284","ZC3H4","Inh ENOX2 SPHKAP",-0.0771143381305164,4.70445057637258,1.71061758152396,0.191806258693565,0.54568240803677,0.51685880578782,"gpath_3neocort"
"9285","SAE1","Inh ENOX2 SPHKAP",-0.0638209891066045,5.38121521627719,2.33090234872808,0.127776342671528,0.458284368559596,0.42704237704556,"gpath_3neocort"
"9286","BBC3","Inh ENOX2 SPHKAP",-0.0376970984015161,4.27382469491008,0.24570028827658,0.620445583454964,0.870168415362743,0.860193435847661,"gpath_3neocort"
"9287","INAFM1","Inh ENOX2 SPHKAP",-0.094700142823844,4.13084223745928,1.10945179986049,0.292963836743159,0.650451856407863,0.625491673353082,"gpath_3neocort"
"9288","DHX34","Inh ENOX2 SPHKAP",-0.0382100085062331,4.62956220944863,0.288470202307441,0.591560753054948,0.852390391727358,0.843797194189904,"gpath_3neocort"
"9289","MEIS3","Inh ENOX2 SPHKAP",-0.0467058710155425,5.27326764033554,0.817200419255348,0.366652631047689,0.711865305342764,0.691029949264342,"gpath_3neocort"
"9290","SLC8A2","Inh ENOX2 SPHKAP",0.0226177948808995,5.16092502906279,0.209529739300442,0.647434380104263,0.882081437008956,0.874599261857205,"gpath_3neocort"
"9291","NAPA","Inh ENOX2 SPHKAP",-0.023394815459458,5.18291599664329,0.188710431155646,0.664273071790421,0.888570078449307,0.883530387729419,"gpath_3neocort"
"9292","SELENOW","Inh ENOX2 SPHKAP",-0.093394300576408,6.27378118643762,2.25334227130239,0.134272513647197,0.467314416689209,0.437001078528674,"gpath_3neocort"
"9293","PLA2G4C","Inh ENOX2 SPHKAP",-0.0302322582448096,6.92046404017064,0.693896537812677,0.405438455046677,0.736871906540602,0.720095911253739,"gpath_3neocort"
"9294","LIG1","Inh ENOX2 SPHKAP",0.065212292590282,4.70950687082795,1.26077909973458,0.565473029845283,0.841695913104471,0.828591136193277,"gpath_3neocort"
"9295","ZSWIM9","Inh ENOX2 SPHKAP",-0.042062274453385,4.42390349467347,0.356726431715309,0.684133208307878,0.899630585605066,0.893730965608992,"gpath_3neocort"
"9296","TMEM143","Inh ENOX2 SPHKAP",-0.190300485944543,4.46799318343833,6.21223718365715,0.013171962935527,0.167846191123169,0.13785232963934,"gpath_3neocort"
"9297","KDELR1","Inh ENOX2 SPHKAP",-0.0417996765734604,4.81053133983005,0.543362379809038,0.520170682500798,0.813290654399328,0.800639467312554,"gpath_3neocort"
"9298","GRIN2D","Inh ENOX2 SPHKAP",0.00725752944813257,6.5062786631581,0.0428326857605069,0.836166967316693,0.964374500911426,0.96098900368433,"gpath_3neocort"
"9299","CYTH2","Inh ENOX2 SPHKAP",-0.0279243873268158,4.09150458601493,0.133115735507051,0.715454462133731,0.915879525733965,0.908476404689793,"gpath_3neocort"
"9300","LMTK3","Inh ENOX2 SPHKAP",0.0360908014278452,6.84440984050164,1.31352656848918,0.252578991506808,0.610959791701137,0.586294754202696,"gpath_3neocort"
"9301","RPL18","Inh ENOX2 SPHKAP",-0.0454016820184966,5.58307975783857,0.407154518592705,0.523855282435898,0.814882676199217,0.80295806532227,"gpath_3neocort"
"9302","SPHK2","Inh ENOX2 SPHKAP",-0.00193615781116163,4.32441820611616,0.000446127479670629,0.983161184622614,0.998198786643165,0.998004807425511,"gpath_3neocort"
"9303","DBP","Inh ENOX2 SPHKAP",-0.0703122643412931,4.29566314795134,0.836028931093644,0.361195695992677,0.707426324934973,0.685950437888115,"gpath_3neocort"
"9304","CA11","Inh ENOX2 SPHKAP",0.0291093228537429,5.25133191903658,0.373567358371791,0.541482597070262,0.827990165542659,0.814454320267049,"gpath_3neocort"
"9305","BCAT2","Inh ENOX2 SPHKAP",-0.0873419697796526,5.04445179675624,2.41857059121279,0.120852925596038,0.447477486484494,0.415884665388422,"gpath_3neocort"
"9306","HSD17B14","Inh ENOX2 SPHKAP",-0.0531194600840063,4.6501200190235,0.687875198734174,0.407481405431651,0.737658513747666,0.721513705312271,"gpath_3neocort"
"9307","PPP1R15A","Inh ENOX2 SPHKAP",0.312745517985667,4.18341415365958,9.45479413375211,0.00227995190430406,0.0781607934881385,0.0534799416826216,"gpath_3neocort"
"9308","NUCB1","Inh ENOX2 SPHKAP",-0.06017366133602,5.2276915293618,1.66014975460674,0.225420341291216,0.583814703056879,0.55662810658281,"gpath_3neocort"
"9309","BAX","Inh ENOX2 SPHKAP",-0.208130879216573,3.74198788251909,3.95513881142013,0.0475455014339283,0.299287713615768,0.26442788995854,"gpath_3neocort"
"9310","FTL","Inh ENOX2 SPHKAP",-0.0309742527317528,7.00538351023968,0.267251401202902,0.605524279796237,0.859856544731685,0.85144512667844,"gpath_3neocort"
"9311","GYS1","Inh ENOX2 SPHKAP",0.0144545272708033,5.34014043160523,0.0917155973074114,0.828046267175586,0.962118428559343,0.957766781703593,"gpath_3neocort"
"9312","RUVBL2","Inh ENOX2 SPHKAP",-0.175304268635917,4.0750079679502,4.33344122099063,0.0381330334805971,0.273876430580498,0.236964331623681,"gpath_3neocort"
"9313","SNRNP70","Inh ENOX2 SPHKAP",-0.051538878754709,7.56704839530285,3.3421005500974,0.0684217169373592,0.349833623731172,0.316309638654531,"gpath_3neocort"
"9314","LIN7B","Inh ENOX2 SPHKAP",-0.149947155005248,4.54611499942061,4.02134507605338,0.0457356338754415,0.292816306823833,0.259411552518023,"gpath_3neocort"
"9315","PPFIA3","Inh ENOX2 SPHKAP",-0.0221380539250655,5.8352757479352,0.300524384271319,0.583920695138186,0.850178807252576,0.839408393305188,"gpath_3neocort"
"9316","SLC6A16","Inh ENOX2 SPHKAP",-0.0188888262437411,5.49587772234286,0.123450473816242,0.725543806611585,0.920875843394561,0.913390801426651,"gpath_3neocort"
"9317","SLC17A7","Inh ENOX2 SPHKAP",0.0221334403371265,3.9643842962593,0.0478049827304491,0.827061524745935,0.961952094667183,0.957344522867276,"gpath_3neocort"
"9318","PIH1D1","Inh ENOX2 SPHKAP",-0.075880242420022,4.33719081038462,0.972129171462174,0.324864658777052,0.675535350666439,0.654709642719824,"gpath_3neocort"
"9319","RPL13A","Inh ENOX2 SPHKAP",0.00521169530946379,5.61978370353609,0.0059830716545193,0.93839125733308,0.993518947956843,0.990705150657861,"gpath_3neocort"
"9320","RPS11","Inh ENOX2 SPHKAP",0.0930529237926154,5.22916909887887,2.75217281439507,0.0980626550830224,0.40861537663606,0.376116750143616,"gpath_3neocort"
"9321","NOSIP","Inh ENOX2 SPHKAP",-0.0649627898784506,4.44821449038729,0.962525388222765,0.327262747722102,0.678493642179653,0.65684829892079,"gpath_3neocort"
"9322","PRR12","Inh ENOX2 SPHKAP",-0.0351326592627383,5.26569848436159,0.539015078919928,0.463357157301956,0.7754810090113,0.762504738221212,"gpath_3neocort"
"9323","SCAF1","Inh ENOX2 SPHKAP",0.0337383335908992,4.97059706310759,0.398775402222778,0.604010641131998,0.85942921878237,0.850657390063854,"gpath_3neocort"
"9324","PRMT1","Inh ENOX2 SPHKAP",-0.0457348173246946,5.07894977819208,0.727564930578604,0.394285934969154,0.730978567885048,0.712145799276789,"gpath_3neocort"
"9325","CPT1C","Inh ENOX2 SPHKAP",0.0494079957981265,5.91957624884119,1.8514517601385,0.1745336753398,0.525171197091898,0.494525596588712,"gpath_3neocort"
"9326","AP2A1","Inh ENOX2 SPHKAP",-0.0346294631560623,5.53447261252319,0.646366568757643,0.42198753734779,0.746602424271648,0.732685086466273,"gpath_3neocort"
"9327","MED25","Inh ENOX2 SPHKAP",0.00541074436782844,5.31765119306323,0.0138766178007365,0.926635152963325,0.991428242913786,0.987937601672461,"gpath_3neocort"
"9328","PTOV1","Inh ENOX2 SPHKAP",0.162906782319015,5.40929648029284,12.0649119572024,0.000581572919370077,0.0401218919750735,0.0244014593590399,"gpath_3neocort"
"9329","PNKP","Inh ENOX2 SPHKAP",-0.298872580753935,4.12135064542365,13.1064074509134,0.000339982527417635,0.0309415874018031,0.0179654220919688,"gpath_3neocort"
"9330","TBC1D17","Inh ENOX2 SPHKAP",0.00361332900315312,4.94311822071165,0.00410328313442549,0.948963325945968,0.994776274703702,0.992748038434,"gpath_3neocort"
"9331","VRK3","Inh ENOX2 SPHKAP",-0.0661780356042724,4.93795311983678,1.70330571382504,0.192756155384494,0.545815481574353,0.51810199816528,"gpath_3neocort"
"9332","MYH14","Inh ENOX2 SPHKAP",-0.235848239293322,4.83160810679557,15.2606488880278,0.000113396271026237,0.0190388428836809,0.00915262689306031,"gpath_3neocort"
"9333","KCNC3","Inh ENOX2 SPHKAP",-0.0228029255605788,4.85367839973196,0.155051861396385,0.694005309517749,0.905685825651283,0.898454121912939,"gpath_3neocort"
"9334","NR1H2","Inh ENOX2 SPHKAP",0.0864939133525855,4.37249095948339,1.45743464863363,0.22819443996294,0.587561463870732,0.559624165656353,"gpath_3neocort"
"9335","EMC10","Inh ENOX2 SPHKAP",0.00942404155283649,4.71282877025401,0.0231449006126985,0.879172880842098,0.978345111313283,0.975225733496857,"gpath_3neocort"
"9336","LRRC4B","Inh ENOX2 SPHKAP",0.0122691849928453,7.10569141134796,0.189497453550562,0.680023898557378,0.897543063723468,0.891739037240607,"gpath_3neocort"
"9337","SHANK1","Inh ENOX2 SPHKAP",-0.0450279100138717,5.70650279077454,0.992390076715502,0.319881308700014,0.671637375772545,0.650364100070818,"gpath_3neocort"
"9338","IGLON5","Inh ENOX2 SPHKAP",-0.0163432656652334,5.42229957292598,0.123312501915174,0.72569099812595,0.920875843394561,0.913478419294593,"gpath_3neocort"
"9339","SPACA6","Inh ENOX2 SPHKAP",-0.0747296718367762,4.78676745311136,1.38051139212317,0.240852438510128,0.601020356464349,0.573537673643809,"gpath_3neocort"
"9340","ZNF577","Inh ENOX2 SPHKAP",0.045653209072039,5.66840225845456,1.00333324107214,0.317231666384455,0.669820756871124,0.647813147821089,"gpath_3neocort"
"9341","ZNF432","Inh ENOX2 SPHKAP",0.0634260016035835,4.97650798817497,1.52824336137031,0.304853629893987,0.66190962049223,0.636718687144786,"gpath_3neocort"
"9342","PPP2R1A","Inh ENOX2 SPHKAP",0.0355144682590737,6.66870757868715,0.749042128642077,0.38740194537724,0.726462573480369,0.707019692271944,"gpath_3neocort"
"9343","ZNF766","Inh ENOX2 SPHKAP",-0.171944238317481,4.78406144257402,8.04912564366388,0.00483107578997717,0.113309929062496,0.0808299228420856,"gpath_3neocort"
"9344","ZNF880","Inh ENOX2 SPHKAP",0.0126002667209278,3.94588221131621,0.0203770673567337,0.886575218168072,0.979658385812387,0.977444551758671,"gpath_3neocort"
"9345","ZNF528","Inh ENOX2 SPHKAP",-0.00888451699614158,4.63637255625812,0.024109142037841,0.967493125591395,0.995859773924732,0.996013502758743,"gpath_3neocort"
"9346","ZNF534","Inh ENOX2 SPHKAP",0.0720313622480971,4.15367450121297,0.749343440520146,0.387306596872305,0.726423659542084,0.70693254569108,"gpath_3neocort"
"9347","ZNF83","Inh ENOX2 SPHKAP",-0.00209243243740567,5.98065745121805,0.00189343757128403,0.965318131613094,0.995700592042286,0.995712645053327,"gpath_3neocort"
"9348","ZNF611","Inh ENOX2 SPHKAP",-0.138092158017038,5.36534062930231,7.50844045774909,0.00647167432551044,0.12419581335652,0.0953554169557013,"gpath_3neocort"
"9349","ZNF160","Inh ENOX2 SPHKAP",-0.0440603308539178,5.33954259198743,1.00300755091733,0.317310106953897,0.669820756871124,0.647889019019211,"gpath_3neocort"
"9350","ZNF347","Inh ENOX2 SPHKAP",0.0574322675233171,4.98030696701453,1.27346893085295,0.263931953130218,0.623071359898681,0.59769335258388,"gpath_3neocort"
"9351","ZNF525","Inh ENOX2 SPHKAP",-0.0482744057732819,4.15746913339371,0.324451597294103,0.569328144933424,0.843238809142888,0.830563551115438,"gpath_3neocort"
"9352","ZNF765","Inh ENOX2 SPHKAP",0.0748198358249015,4.75265219395664,1.56267748814816,0.212150260497994,0.568967016449866,0.541366049311533,"gpath_3neocort"
"9353","ZNF761","Inh ENOX2 SPHKAP",-0.00889857973267842,5.0166891831217,0.016783077481397,0.897000959906276,0.984064107190086,0.980538384262194,"gpath_3neocort"
"9354","ZNF331","Inh ENOX2 SPHKAP",-0.0135413091775266,6.34733243138813,0.177730593634619,0.759982683665727,0.935051840478786,0.929230253656709,"gpath_3neocort"
"9355","MYADM","Inh ENOX2 SPHKAP",0.0692106267575355,4.75571183378305,1.09716198307125,0.295648460367257,0.652544131245774,0.628078855423447,"gpath_3neocort"
"9356","PRKCG","Inh ENOX2 SPHKAP",0.0130803424550483,6.78220069683764,0.127616779967084,0.721141949136738,0.918385260046279,0.911162056367201,"gpath_3neocort"
"9357","CACNG7","Inh ENOX2 SPHKAP",-0.0392269536626593,6.53423208070202,1.54594927805454,0.214607958792836,0.571037358381676,0.544184817588837,"gpath_3neocort"
"9358","CACNG8","Inh ENOX2 SPHKAP",-0.00985151308891132,7.61434795736584,0.137377285418645,0.711137748407966,0.913596226120946,0.906649437812602,"gpath_3neocort"
"9359","NDUFA3","Inh ENOX2 SPHKAP",0.0468665546407928,4.01648230835038,0.264375376267815,0.607470625041084,0.860775842704527,0.852458888718586,"gpath_3neocort"
"9360","PRPF31","Inh ENOX2 SPHKAP",0.00587624913665729,4.97328698273866,0.0115109433276616,0.91462418621393,0.98867639437572,0.985136371464126,"gpath_3neocort"
"9361","MBOAT7","Inh ENOX2 SPHKAP",0.115510810394853,5.5331726447972,6.23998954010801,0.0129709390712124,0.167846191123169,0.136783377590342,"gpath_3neocort"
"9362","RPS9","Inh ENOX2 SPHKAP",-0.163722958187499,5.33204842440547,6.40497254458101,0.0118395461493376,0.160541254450746,0.130630963460266,"gpath_3neocort"
"9363","LENG8","Inh ENOX2 SPHKAP",-0.0139873171502901,6.22846992019728,0.111830975360087,0.738279396977721,0.926920296883384,0.919698910960345,"gpath_3neocort"
"9364","AC011476.3","Inh ENOX2 SPHKAP",-0.0667179189394301,4.79534157154282,0.83944916758964,0.360216528180419,0.706645558303972,0.685062663666904,"gpath_3neocort"
"9365","GP6","Inh ENOX2 SPHKAP",-0.10958250712626,4.85228105024548,2.95411406263513,0.0865874320718171,0.388887375889681,0.354835840477135,"gpath_3neocort"
"9366","RDH13","Inh ENOX2 SPHKAP",-0.0491236830999161,5.06323484671181,0.957276969913195,0.328583239611384,0.679446903286699,0.657950906861601,"gpath_3neocort"
"9367","PPP1R12C","Inh ENOX2 SPHKAP",0.0250124902706469,4.95830554123792,0.210348991099813,0.646792808618174,0.881971667150877,0.874307307838606,"gpath_3neocort"
"9368","SYT5","Inh ENOX2 SPHKAP",-0.100319474920618,5.21637497706608,2.85076396138309,0.0922655030956678,0.39902009088589,0.365640885192346,"gpath_3neocort"
"9369","PPP6R1","Inh ENOX2 SPHKAP",0.0257883773458551,4.79507716758587,0.221508908580028,0.638200333746705,0.878600606103109,0.869827338588416,"gpath_3neocort"
"9370","HSPBP1","Inh ENOX2 SPHKAP",-0.0205276182852571,4.54477951028153,0.109736989031453,0.740651865433806,0.927743429387176,0.920771373163715,"gpath_3neocort"
"9371","BRSK1","Inh ENOX2 SPHKAP",-0.007263627764578,5.8832772671313,0.0347767752707433,0.993237408067607,0.998951897108485,0.999193584560602,"gpath_3neocort"
"9372","KMT5C","Inh ENOX2 SPHKAP",-0.163240548097518,4.25070645585097,4.42987589426745,0.0360630692169291,0.270348089325986,0.230569032410753,"gpath_3neocort"
"9373","RPL28","Inh ENOX2 SPHKAP",-0.084516788366451,6.19615089948998,2.4692815423897,0.117039397760592,0.442367199771922,0.409577141804714,"gpath_3neocort"
"9374","UBE2S","Inh ENOX2 SPHKAP",-0.0111836056952758,4.24137359536733,0.0162708911444707,0.898576136825665,0.984621854440005,0.980849371953596,"gpath_3neocort"
"9375","SHISA7","Inh ENOX2 SPHKAP",0.0355871891323242,5.49417945276796,0.668115065148671,0.511310458056814,0.808302149441113,0.794944886033628,"gpath_3neocort"
"9376","ISOC2","Inh ENOX2 SPHKAP",-0.163196513004766,4.30701091048723,4.27876698520131,0.0393618528932757,0.278767798890704,0.240678437948193,"gpath_3neocort"
"9377","NAT14","Inh ENOX2 SPHKAP",-0.0492023706410903,4.8351824635069,0.644744143854259,0.422570066123357,0.746602424271648,0.733129304422147,"gpath_3neocort"
"9378","ZNF865","Inh ENOX2 SPHKAP",0.0782012185454419,3.8896062449728,0.87003455383257,0.412789686017548,0.740820732092338,0.725462264844558,"gpath_3neocort"
"9379","CCDC106","Inh ENOX2 SPHKAP",-0.00261951725623294,3.99374340097661,0.00101369083080154,0.974619883794784,0.997170280740144,0.997098238544584,"gpath_3neocort"
"9380","U2AF2","Inh ENOX2 SPHKAP",0.0889671438951575,4.80598464704995,2.38918073695407,0.123126205062328,0.450922521585917,0.419566944105191,"gpath_3neocort"
"9381","EPN1","Inh ENOX2 SPHKAP",-0.0241931212335511,4.95769726385471,0.170539877072245,0.679897879614114,0.89749838032835,0.891688779694254,"gpath_3neocort"
"9382","ZNF444","Inh ENOX2 SPHKAP",-0.105815755197134,4.78854711526334,3.6516558872954,0.0568708159395479,0.321988062068383,0.289446740421129,"gpath_3neocort"
"9383","ZSCAN5A","Inh ENOX2 SPHKAP",-0.0885816018508864,5.5136184217588,3.44750143918939,0.0642292468579695,0.338309213257707,0.306617341779867,"gpath_3neocort"
"9384","ZNF583","Inh ENOX2 SPHKAP",0.084655711428228,4.99007364801541,2.71161953383768,0.10056193886567,0.412672634080867,0.380650754698729,"gpath_3neocort"
"9385","ZNF667","Inh ENOX2 SPHKAP",-0.0377026876892199,5.58649124323636,0.713148788005173,0.399005970333019,0.733117007377914,0.715500123860092,"gpath_3neocort"
"9386","ZNF667-AS1","Inh ENOX2 SPHKAP",-0.24169406027804,4.87357326104302,14.2743238856619,0.000187103900856173,0.0222197291041148,0.012500474207709,"gpath_3neocort"
"9387","ZNF471","Inh ENOX2 SPHKAP",-0.0705033467249614,4.87495714571526,1.75802593356875,0.185778542326226,0.538426025349043,0.509391381574352,"gpath_3neocort"
"9388","AC005498.3","Inh ENOX2 SPHKAP",-0.0206607213464197,4.46835671835515,0.0904366350192747,0.763810224972803,0.936302600649689,0.931028812296244,"gpath_3neocort"
"9389","SMIM17","Inh ENOX2 SPHKAP",0.00342335845250162,5.07108571212754,0.00348622085709894,0.952952251389089,0.994776274703702,0.993523266382469,"gpath_3neocort"
"9390","AC006115.3","Inh ENOX2 SPHKAP",0.166006690028744,7.54979625423243,19.0625320314049,1.69025084725187e-05,0.00633063951943795,0.00289144261420718,"gpath_3neocort"
"9391","ZIM2-AS1","Inh ENOX2 SPHKAP",0.11991947596879,4.28198049398589,2.7704999747725,0.0969555599643312,0.40731373724446,0.374143963234874,"gpath_3neocort"
"9392","ZIM2","Inh ENOX2 SPHKAP",0.0419510935417562,5.41562658734077,0.38875035017892,0.53338327901534,0.821979169338722,0.80967822108577,"gpath_3neocort"
"9393","ZNF264","Inh ENOX2 SPHKAP",-0.0553233167348585,5.23730772807189,1.51168509604196,0.219749023478743,0.577419317494873,0.550137454903845,"gpath_3neocort"
"9394","AC005261.1","Inh ENOX2 SPHKAP",0.0207705511106551,5.19192200061866,0.179618238383123,0.962120154852299,0.995700592042286,0.995252007825313,"gpath_3neocort"
"9395","AC003002.2","Inh ENOX2 SPHKAP",0.0858611126105884,4.6283614033054,2.34772857674446,0.126413927453207,0.456270876775142,0.42501080258317,"gpath_3neocort"
"9396","ZNF749","Inh ENOX2 SPHKAP",-0.218829688022354,3.71755755418798,4.10725458355596,0.0434951526830067,0.286045634981411,0.252836152213097,"gpath_3neocort"
"9397","AC004076.1","Inh ENOX2 SPHKAP",-0.0108946086764369,6.07120322483996,0.0849249502725967,0.770912202154735,0.93968494487205,0.934345140355683,"gpath_3neocort"
"9398","ZNF549","Inh ENOX2 SPHKAP",-0.0371464446595285,5.27124241401637,0.588712483021479,0.443460388103039,0.762896553788801,0.748563624964349,"gpath_3neocort"
"9399","ZNF134","Inh ENOX2 SPHKAP",-0.00283181734376139,4.28927095706513,0.0013180215979115,0.971061233217693,0.996227801208796,0.996477201598729,"gpath_3neocort"
"9400","ZNF586","Inh ENOX2 SPHKAP",0.0419068153560941,6.6098598097718,1.56639592477995,0.211608514906397,0.568296667997378,0.540731924503656,"gpath_3neocort"
"9401","ZNF552","Inh ENOX2 SPHKAP",-0.13917202586186,4.27772396251404,3.34554425260172,0.0682801908025282,0.349833623731172,0.31599661178551,"gpath_3neocort"
"9402","ZNF814","Inh ENOX2 SPHKAP",-0.0806802862704643,5.49747601088006,3.33953692134489,0.0685272792644256,0.349833623731172,0.316575112107767,"gpath_3neocort"
"9403","ZNF587","Inh ENOX2 SPHKAP",0.0109235445584427,4.91209283322125,0.0403341089189502,0.958241157418999,0.995700592042286,0.994526422734845,"gpath_3neocort"
"9404","ZNF135","Inh ENOX2 SPHKAP",-0.0545195215069057,5.14141925699535,0.957034219624883,0.328644486569347,0.679446903286699,0.658003807770551,"gpath_3neocort"
"9405","ZSCAN18","Inh ENOX2 SPHKAP",-0.0977643699660466,5.49290456392916,3.61014401798007,0.0582906367835312,0.325196515296446,0.293125332757291,"gpath_3neocort"
"9406","ZNF329","Inh ENOX2 SPHKAP",-0.0471646569887843,4.6597139686284,0.63310541616277,0.426784589095994,0.750863293336366,0.736458504122498,"gpath_3neocort"
"9407","AC010642.2","Inh ENOX2 SPHKAP",0.0329013128982501,4.14679042772859,0.161549249994691,0.687991660170663,0.901973157583322,0.895593126610647,"gpath_3neocort"
"9408","A1BG-AS1","Inh ENOX2 SPHKAP",0.00494651356486032,3.83940561618509,0.00260233584712532,0.959345632130854,0.995700592042286,0.994829893532096,"gpath_3neocort"
"9409","RPS5","Inh ENOX2 SPHKAP",-0.0809031092019762,4.89383180632048,1.0238544658694,0.312340160029604,0.66620805586772,0.643390850186423,"gpath_3neocort"
"9410","ZNF324","Inh ENOX2 SPHKAP",-0.0180265205798023,4.74668649284718,0.0824691669638919,0.774157129265145,0.942342765597998,0.935658775131608,"gpath_3neocort"
"9411","SLC27A5","Inh ENOX2 SPHKAP",0.0296245231181075,4.57811941627584,0.240612082259997,0.624087028359505,0.872265342788525,0.861945667564956,"gpath_3neocort"
"9412","TRIM28","Inh ENOX2 SPHKAP",0.114192849619068,4.90808732495838,4.41579267569006,0.0363578394983958,0.27089218172312,0.231426478951671,"gpath_3neocort"
"9413","CHMP2A","Inh ENOX2 SPHKAP",-0.0149687346407248,4.00275676560175,0.022580689091265,0.880643468147094,0.978345111313283,0.975716103339269,"gpath_3neocort"
"9414","UBE2M","Inh ENOX2 SPHKAP",0.0122794735895854,5.15743399138877,0.0413932145217281,0.83890491001751,0.965404870450309,0.961983562769014,"gpath_3neocort"
"9415","MZF1","Inh ENOX2 SPHKAP",-0.109659259743748,5.41276601691192,5.07137200874588,0.0249744173628946,0.229683360521378,0.191292081298141,"gpath_3neocort"
"9416","RPS4Y1","Inh ENOX2 SPHKAP",-0.175310129379429,4.66900295887163,1.43403142702144,0.231958250035859,0.591311371426491,0.563959454625765,"gpath_3neocort"
"9417","ZFY","Inh ENOX2 SPHKAP",-0.0478733065454462,4.49576253251564,0.108065233415525,0.742564050373802,0.928690141752682,0.921570796422755,"gpath_3neocort"
"9418","PCDH11Y","Inh ENOX2 SPHKAP",-0.101392665304583,8.03487602888616,0.554412099016549,0.457044952585455,0.772289388908063,0.75820840469961,"gpath_3neocort"
"9419","TBL1Y","Inh ENOX2 SPHKAP",-0.528056568996398,3.49560956489051,7.17622071750446,0.00775383390300886,0.135251588714884,0.104736206534757,"gpath_3neocort"
"9420","TTTY15","Inh ENOX2 SPHKAP",-0.2439321503351,5.03856734846283,2.66905009606957,0.103260903694143,0.416423470209642,0.385671862933251,"gpath_3neocort"
"9421","USP9Y","Inh ENOX2 SPHKAP",-0.168671300773508,6.84019500371328,1.27926602899462,0.258848407193355,0.617729630578043,0.592528046270999,"gpath_3neocort"
"9422","DDX3Y","Inh ENOX2 SPHKAP",-0.0797676530957781,4.92949306665576,0.290146715594395,0.590485952692189,0.852390391727358,0.843296610890678,"gpath_3neocort"
"9423","UTY","Inh ENOX2 SPHKAP",-0.256139912420797,6.62032332889297,2.76250109849549,0.0974370584470513,0.407863516548783,0.374970043398926,"gpath_3neocort"
"9424","NLGN4Y","Inh ENOX2 SPHKAP",-0.172910727106842,7.54518246484064,1.18107946942663,0.27792135893365,0.63630930385357,0.611308013522358,"gpath_3neocort"
"9425","TTTY14","Inh ENOX2 SPHKAP",-0.183737657277272,7.69026661538501,1.28976486645941,0.256906939588984,0.61574200780643,0.590596130302921,"gpath_3neocort"
"9426","KDM5D","Inh ENOX2 SPHKAP",-0.170487129097823,5.29433051633452,1.26992423801386,0.260591235281313,0.619843050603181,0.594315831266536,"gpath_3neocort"
"9427","TTTY10","Inh ENOX2 SPHKAP",-0.125298167702842,5.13513836555114,0.751901477097893,0.386498469193508,0.726388849781961,0.706494868655802,"gpath_3neocort"
"9428","IL17RA","Inh ENOX2 SPHKAP",-0.050039457244029,3.99824397305129,0.289334926080943,0.591005883380392,0.852390391727358,0.843500309956639,"gpath_3neocort"
"9429","HDHD5","Inh ENOX2 SPHKAP",0.00464028498095083,4.81311156514122,0.00635665740421298,0.936500903362223,0.993269159402148,0.990409059624623,"gpath_3neocort"
"9430","HDHD5-AS1","Inh ENOX2 SPHKAP",-0.093559588451114,4.43179973967288,1.48151273754479,0.224398761511174,0.582843048188689,0.555424802186355,"gpath_3neocort"
"9431","ATP6V1E1","Inh ENOX2 SPHKAP",-0.0483826453262282,5.74288161114675,1.16497486020005,0.281216326435416,0.639342488240587,0.614180039360199,"gpath_3neocort"
"9432","BCL2L13","Inh ENOX2 SPHKAP",-0.025594563227731,5.93796719968338,0.437819577171552,0.508633736893906,0.805771161521533,0.792801018090992,"gpath_3neocort"
"9433","BID","Inh ENOX2 SPHKAP",-0.037599186302297,4.81767843880745,0.264327228528223,0.607503322734103,0.860775842704527,0.852479584525206,"gpath_3neocort"
"9434","MICAL3","Inh ENOX2 SPHKAP",0.0160884294315434,8.80957963941704,0.454892326512979,0.500488125166369,0.800833275668438,0.787557224338988,"gpath_3neocort"
"9435","PEX26","Inh ENOX2 SPHKAP",0.00141778547562811,5.25504737391991,0.00106139908516691,0.974029713631918,0.997170280740144,0.997061700279621,"gpath_3neocort"
"9436","DGCR2","Inh ENOX2 SPHKAP",0.014390842126641,6.74093054580031,0.244838517488347,0.62105899938656,0.870322713487742,0.86046918255342,"gpath_3neocort"
"9437","CLTCL1","Inh ENOX2 SPHKAP",-0.00996493233869447,4.50966614391243,0.0160213607521883,0.899352670835635,0.984807861081458,0.981001346711261,"gpath_3neocort"
"9438","HIRA","Inh ENOX2 SPHKAP",0.0764994210101029,4.75389049807964,2.03252829007,0.15489978165491,0.499144299720554,0.467308724378937,"gpath_3neocort"
"9439","UFD1","Inh ENOX2 SPHKAP",0.0625275830376128,3.97794411569547,0.622393708267554,0.649422024746792,0.882880312297119,0.875671344023602,"gpath_3neocort"
"9440","TXNRD2","Inh ENOX2 SPHKAP",0.0374446704613312,4.90534197021606,0.494906676766298,0.627487932746486,0.874174175834804,0.863923707787345,"gpath_3neocort"
"9441","COMT","Inh ENOX2 SPHKAP",-0.0395919232297443,5.51823581428509,0.79452948182819,0.373376778535443,0.717194161834608,0.696227690506476,"gpath_3neocort"
"9442","ARVCF","Inh ENOX2 SPHKAP",-0.185384842384371,4.44455671216016,6.93246355382572,0.00885859327618044,0.141982798215111,0.112336243699151,"gpath_3neocort"
"9443","TANGO2","Inh ENOX2 SPHKAP",-0.00729899685002128,5.11138796192971,0.0188479438260335,0.890886164958679,0.981581153911649,0.978500327989385,"gpath_3neocort"
"9444","DGCR8","Inh ENOX2 SPHKAP",-0.00142717716758118,5.20765693615865,0.000760720411110495,0.978012707951986,0.997825265393623,0.997542363482839,"gpath_3neocort"
"9445","RANBP1","Inh ENOX2 SPHKAP",-0.0154364037367939,4.65908064783544,0.0466458667484828,0.829138096489441,0.962697839944459,0.95825917278951,"gpath_3neocort"
"9446","ZDHHC8","Inh ENOX2 SPHKAP",0.105729357018581,4.75047258851803,3.61396985374685,0.0581582137065595,0.325196515296446,0.292755590064293,"gpath_3neocort"
"9447","DGCR6L","Inh ENOX2 SPHKAP",-0.117295687927578,4.1377939181657,1.76706027836572,0.184655117057156,0.536607439541206,0.507930260176439,"gpath_3neocort"
"9448","ZNF74","Inh ENOX2 SPHKAP",-0.123522966301294,4.32891744649022,2.94430847408162,0.08710946316337,0.389472889019696,0.355872512964746,"gpath_3neocort"
"9449","KLHL22","Inh ENOX2 SPHKAP",-0.0288230823642064,6.5647641407859,0.623780512619519,0.430207183119303,0.753389390408717,0.738939788731196,"gpath_3neocort"
"9450","MED15","Inh ENOX2 SPHKAP",0.00228787121778992,6.46179244475706,0.00626320783333827,0.936968399577239,0.993269159402148,0.990496842965193,"gpath_3neocort"
"9451","PI4KA","Inh ENOX2 SPHKAP",0.0075694076038706,8.0073029236352,0.122499785196011,0.726559905819669,0.921207839972531,0.913852192971409,"gpath_3neocort"
"9452","SNAP29","Inh ENOX2 SPHKAP",0.00333324198391253,4.67366310258516,0.00302146780093489,0.956196974489535,0.995423896649278,0.99406950527709,"gpath_3neocort"
"9453","CRKL","Inh ENOX2 SPHKAP",0.059905877698039,5.40272390111658,1.9818311754741,0.160129234081982,0.505962965017542,0.474713162172318,"gpath_3neocort"
"9454","LZTR1","Inh ENOX2 SPHKAP",-0.045334991796179,4.42400695025269,0.498356368995641,0.480716151992071,0.787735901619491,0.77444429749306,"gpath_3neocort"
"9455","THAP7","Inh ENOX2 SPHKAP",0.0391247964204896,3.92722473912423,0.200739938135189,0.654415227584918,0.88558858896914,0.878358810703875,"gpath_3neocort"
"9456","HIC2","Inh ENOX2 SPHKAP",-0.0383014869477999,6.55049906532467,1.18192940044462,0.277748824644675,0.63630930385357,0.611188096754676,"gpath_3neocort"
"9457","TMEM191C","Inh ENOX2 SPHKAP",-0.0242130036793531,4.28897217501552,0.0930089159528055,0.760576513490264,0.93516599171309,0.929561186684369,"gpath_3neocort"
"9458","UBE2L3","Inh ENOX2 SPHKAP",0.0322073587243277,6.05306476402834,0.948705060741882,0.330755219372185,0.682131570872368,0.66007173244205,"gpath_3neocort"
"9459","PPIL2","Inh ENOX2 SPHKAP",-0.0421725553997501,6.01383564362643,1.50650328719435,0.220539285685065,0.578117695772738,0.551018769796583,"gpath_3neocort"
"9460","YPEL1","Inh ENOX2 SPHKAP",0.0147278895385854,6.36296671799712,0.137748938998157,0.710764913118353,0.913494928399883,0.906458179332043,"gpath_3neocort"
"9461","MAPK1","Inh ENOX2 SPHKAP",0.0448559890326248,7.54084531062395,3.03772609092691,0.082271662974773,0.381142461488268,0.345985455974823,"gpath_3neocort"
"9462","PPM1F","Inh ENOX2 SPHKAP",-0.0548888227100967,5.18494573547751,1.29711244208699,0.255558931031384,0.614600792881619,0.589285884769147,"gpath_3neocort"
"9463","AC245060.5","Inh ENOX2 SPHKAP",0.150230284264317,5.27997493999819,4.79605101527445,0.029217397594139,0.245486641735742,0.207116644891443,"gpath_3neocort"
"9464","ZNF280B","Inh ENOX2 SPHKAP",-0.0666423982904625,4.80123078776309,1.39454136721363,0.238481336874678,0.598809416051132,0.570978413780859,"gpath_3neocort"
"9465","GNAZ","Inh ENOX2 SPHKAP",-0.00599350584202699,4.80372264491806,0.0131086829362126,0.908915783617726,0.98761633144303,0.983626650778076,"gpath_3neocort"
"9466","BCR","Inh ENOX2 SPHKAP",-0.0145370263776626,6.0368317419382,0.140027768941302,0.708491260651378,0.912694428429984,0.905582510035833,"gpath_3neocort"
"9467","CHCHD10","Inh ENOX2 SPHKAP",-0.175938236113802,5.69723533931856,6.86321087533145,0.00920111126833897,0.143820901334005,0.114688757069919,"gpath_3neocort"
"9468","SMARCB1","Inh ENOX2 SPHKAP",0.0619217534473309,5.71694192694227,2.66199292941956,0.103715981710839,0.416832946719004,0.386405750158776,"gpath_3neocort"
"9469","DDT","Inh ENOX2 SPHKAP",-0.2856163871756,4.01818701274055,6.75307944140093,0.00977415221367066,0.147771602677457,0.118504642056809,"gpath_3neocort"
"9470","CABIN1","Inh ENOX2 SPHKAP",-0.0150159795822951,5.99234700899496,0.157575463762546,0.691652569552158,0.903861011209662,0.897254773378883,"gpath_3neocort"
"9471","SNRPD3","Inh ENOX2 SPHKAP",-0.0204679718135262,5.42251461530402,0.226458209264961,0.8289518363299,0.962697839944459,0.958192431965668,"gpath_3neocort"
"9472","SGSM1","Inh ENOX2 SPHKAP",0.0142153377201656,7.91623381920552,0.236611331793047,0.626983930626434,0.873852506011812,0.863600434659019,"gpath_3neocort"
"9473","KIAA1671","Inh ENOX2 SPHKAP",-0.0622954072828353,5.45486980121294,1.6659667266108,0.19769388066747,0.551886530094301,0.524451135537923,"gpath_3neocort"
"9474","GRK3","Inh ENOX2 SPHKAP",-0.0242887956575244,7.95217240675082,0.68610687866672,0.408084240130728,0.738069936409195,0.721996268016972,"gpath_3neocort"
"9475","SEZ6L","Inh ENOX2 SPHKAP",0.0956202818176686,7.2744706789046,2.95729406914552,0.0864188657978641,0.388346522907061,0.354462506336085,"gpath_3neocort"
"9476","ASPHD2","Inh ENOX2 SPHKAP",0.0887879300766576,4.81720215256207,2.00824240001552,0.157380169274771,0.502646142472195,0.470859223250461,"gpath_3neocort"
"9477","HPS4","Inh ENOX2 SPHKAP",-0.0716225909341179,5.38392934977343,2.25729000088739,0.133933062222078,0.466466437739125,0.436429714044878,"gpath_3neocort"
"9478","TPST2","Inh ENOX2 SPHKAP",-0.0492900438205588,5.18187383940032,0.694762703757369,0.405145813474413,0.736614998434248,0.719892165455059,"gpath_3neocort"
"9479","MIAT","Inh ENOX2 SPHKAP",-0.0219448865785772,8.00694608643146,0.540036730785368,0.462934032648197,0.77537867387825,0.762240041198547,"gpath_3neocort"
"9480","MIATNB","Inh ENOX2 SPHKAP",0.110154473261237,4.16528044366073,1.9545621661907,0.163025369723438,0.510135298961067,0.478752163243944,"gpath_3neocort"
"9481","PITPNB","Inh ENOX2 SPHKAP",0.0192774023597664,5.65381931183187,0.223206641283614,0.636916480247352,0.877517357760146,0.868940238666282,"gpath_3neocort"
"9482","TTC28","Inh ENOX2 SPHKAP",0.0427183909285823,7.44484756919282,1.34961168066603,0.246176939942145,0.604455633171107,0.579163247717103,"gpath_3neocort"
"9483","HSCB","Inh ENOX2 SPHKAP",-0.152220505811365,4.68728081513225,5.57681632388572,0.0187743106038837,0.198290929132993,0.165988504795024,"gpath_3neocort"
"9484","CCDC117","Inh ENOX2 SPHKAP",0.0567180788407579,4.20068806070059,0.514777038006623,0.473580534804004,0.782517560486982,0.769433354195378,"gpath_3neocort"
"9485","XBP1","Inh ENOX2 SPHKAP",-0.0380201880699055,4.1183817807253,0.17403241640277,0.676821124935791,0.895219391241871,0.890106748156856,"gpath_3neocort"
"9486","Z93930.2","Inh ENOX2 SPHKAP",-0.23958382482966,4.83907570465966,11.6481158803339,0.000721834215585668,0.0442777111902096,0.0276991538743079,"gpath_3neocort"
"9487","ZNRF3","Inh ENOX2 SPHKAP",-0.0410472899810344,5.44807946609022,0.723051326890653,0.395755023654357,0.731633663667873,0.713119877703368,"gpath_3neocort"
"9488","EMID1","Inh ENOX2 SPHKAP",-0.0834199820708804,4.01034854947121,0.774255273399608,0.379537598332382,0.721440002451832,0.700838981026036,"gpath_3neocort"
"9489","RHBDD3","Inh ENOX2 SPHKAP",-0.114564720397554,4.9658462726753,4.24975775372288,0.0400307259598318,0.279240121344443,0.242737945210716,"gpath_3neocort"
"9490","EWSR1","Inh ENOX2 SPHKAP",0.098621763145755,6.23994846231225,9.09822420467397,0.00275519275208108,0.0854460733113553,0.0594035106712878,"gpath_3neocort"
"9491","GAS2L1","Inh ENOX2 SPHKAP",-0.03668334298369,4.29641781723798,0.23532188621263,0.627924060089848,0.87435858199262,0.864155446391093,"gpath_3neocort"
"9492","AP1B1","Inh ENOX2 SPHKAP",-0.00153653498907403,5.59635821223232,0.00140596441060578,0.970111815416566,0.995943372722374,0.996375172164603,"gpath_3neocort"
"9493","RFPL1S","Inh ENOX2 SPHKAP",0.0441070464965161,6.91347904751813,2.66876169473926,0.103279458031879,0.416423470209642,0.3856972815066,"gpath_3neocort"
"9494","NEFH","Inh ENOX2 SPHKAP",-0.0668395261949474,4.39716053609892,0.69718347727324,0.404329571862721,0.735897276131914,0.71933229504212,"gpath_3neocort"
"9495","THOC5","Inh ENOX2 SPHKAP",0.10620921113711,4.98391566792697,4.41516603935836,0.0510618958935414,0.308653471267105,0.274102472710246,"gpath_3neocort"
"9496","NIPSNAP1","Inh ENOX2 SPHKAP",-0.135233604274541,4.94807376353564,5.33954567623627,0.0214566472386447,0.2132918371428,0.177349948672947,"gpath_3neocort"
"9497","NF2","Inh ENOX2 SPHKAP",0.072057677967021,5.33904092713163,2.58586060870365,0.126840606360806,0.456964049108964,0.425665753071586,"gpath_3neocort"
"9498","UQCR10","Inh ENOX2 SPHKAP",-0.0850661627701484,5.3185424919266,1.29582232305146,0.25579498557246,0.614600792881619,0.589447378825498,"gpath_3neocort"
"9499","ASCC2","Inh ENOX2 SPHKAP",0.0459989249720043,5.05261207540646,0.846753317827161,0.411575915706013,0.740443860614422,0.724622240073102,"gpath_3neocort"
"9500","MTMR3","Inh ENOX2 SPHKAP",-0.00294869195356487,6.70277296793452,0.0113610358663832,0.986123608154823,0.9984270842391,0.998330428229879,"gpath_3neocort"
"9501","RNF215","Inh ENOX2 SPHKAP",-0.00452734057658983,4.77181114268553,0.00619294377613316,0.937322222527968,0.993322864618278,0.990557985665805,"gpath_3neocort"
"9502","SLC35E4","Inh ENOX2 SPHKAP",-0.0175074715914087,4.37617955826703,0.05535487453168,0.814138823693704,0.956689256079316,0.952300049797004,"gpath_3neocort"
"9503","OSBP2","Inh ENOX2 SPHKAP",0.00780934754266885,7.72073182074885,0.0782755687991975,0.779821530700873,0.944495130113347,0.938226212149178,"gpath_3neocort"
"9504","MORC2","Inh ENOX2 SPHKAP",-0.0456913866932734,4.56463808663395,0.539167451359276,0.463294011968122,0.7754810090113,0.762477135016773,"gpath_3neocort"
"9505","SELENOM","Inh ENOX2 SPHKAP",-0.0649803182245847,4.84855337605258,0.680360483340883,0.410052316020691,0.740146330567097,0.723642096583201,"gpath_3neocort"
"9506","INPP5J","Inh ENOX2 SPHKAP",0.0265280217292551,3.90468158319773,0.0926657399659165,0.761005084901142,0.93532933410002,0.929719691931686,"gpath_3neocort"
"9507","RNF185","Inh ENOX2 SPHKAP",0.0633260462500296,5.14520000789282,1.78611960576203,0.182310931147647,0.534081241072151,0.504896634682508,"gpath_3neocort"
"9508","LIMK2","Inh ENOX2 SPHKAP",-0.0633503779278121,4.91040079794309,1.51388814816623,0.219414071156998,0.577009148654559,0.549772364911888,"gpath_3neocort"
"9509","PIK3IP1","Inh ENOX2 SPHKAP",-0.0791351291002827,4.67495995305035,1.69380977741086,0.193998034052376,0.54710479455605,0.519834545643041,"gpath_3neocort"
"9510","DRG1","Inh ENOX2 SPHKAP",-0.021580915289172,5.39715636087876,0.241912379928711,0.623151933928696,0.871821402008105,0.86151360039364,"gpath_3neocort"
"9511","EIF4ENIF1","Inh ENOX2 SPHKAP",-0.00740695657870959,5.29819700971354,0.0271303678702531,0.869269704264465,0.975353657232319,0.972134269064849,"gpath_3neocort"
"9512","SFI1","Inh ENOX2 SPHKAP",0.0552437903557875,6.10727264973591,2.33506568152492,0.127437717794156,0.457760418989117,0.426491257146711,"gpath_3neocort"
"9513","PISD","Inh ENOX2 SPHKAP",-0.0394476526989444,6.0142256590383,1.15866690191031,0.282520398384194,0.640385789146006,0.615456375996795,"gpath_3neocort"
"9514","PRR14L","Inh ENOX2 SPHKAP",0.0276327525525409,6.32850497753099,0.544158199030239,0.461233336535287,0.774661992269856,0.76111882311466,"gpath_3neocort"
"9515","YWHAH","Inh ENOX2 SPHKAP",-0.0107384750915192,6.16688113269624,0.0291330655174484,0.864575683032136,0.973668692247263,0.970702385011551,"gpath_3neocort"
"9516","RFPL2","Inh ENOX2 SPHKAP",-0.114069629744424,4.35749410035861,1.58239157285935,0.209296769193728,0.565990541074292,0.53807450785029,"gpath_3neocort"
"9517","SLC5A4-AS1","Inh ENOX2 SPHKAP",0.110979237658088,6.18408837000739,2.65168730406096,0.104384502009337,0.417623780019278,0.387538876893401,"gpath_3neocort"
"9518","RTCB","Inh ENOX2 SPHKAP",-0.0609038458968055,5.076112111515,1.27859898769158,0.258972371495445,0.617803271343127,0.592624861450665,"gpath_3neocort"
"9519","FBXO7","Inh ENOX2 SPHKAP",-0.0728608652685582,5.09094288418778,1.85096308187552,0.174590404305842,0.525171197091898,0.49458031465578,"gpath_3neocort"
"9520","SYN3","Inh ENOX2 SPHKAP",0.153034982935674,6.98403067116898,5.66350612339059,0.0178833356114968,0.194578684005314,0.162192855407502,"gpath_3neocort"
"9521","LARGE1","Inh ENOX2 SPHKAP",0.0313100307792735,8.41374051144801,1.38811607375742,0.239563678749127,0.5998640019694,0.57206759495893,"gpath_3neocort"
"9522","HMGXB4","Inh ENOX2 SPHKAP",-0.0517484007643114,5.80996968719475,1.55657796142484,0.213042493124972,0.569977946825382,0.54256711863759,"gpath_3neocort"
"9523","TOM1","Inh ENOX2 SPHKAP",-0.138035731627595,5.12225480783799,7.5752995810335,0.006241145512268,0.123857366202723,0.0936736520463834,"gpath_3neocort"
"9524","RASD2","Inh ENOX2 SPHKAP",0.186136353475907,4.61082620208648,8.35242607554149,0.00410406027267507,0.102911267261934,0.0739190197159379,"gpath_3neocort"
"9525","RBFOX2","Inh ENOX2 SPHKAP",-0.0227042408391404,8.81816395581862,1.74031259624875,0.478135170529035,0.786234429350175,0.772613187400524,"gpath_3neocort"
"9526","APOL2","Inh ENOX2 SPHKAP",-0.0229265591483602,3.98496644029724,0.0625304432445139,0.802694266281289,0.952551397154178,0.947840109044412,"gpath_3neocort"
"9527","TXN2","Inh ENOX2 SPHKAP",-0.085461287165177,4.48182592566369,1.47256599879735,0.225800180494088,0.58433222366501,0.557167238533901,"gpath_3neocort"
"9528","FOXRED2","Inh ENOX2 SPHKAP",-0.105485034514454,4.62658176115976,2.59524366650635,0.108131147901076,0.425963235542344,0.394199287462822,"gpath_3neocort"
"9529","CACNG2","Inh ENOX2 SPHKAP",0.0491746471333115,7.89113519851614,3.03972391137252,0.082171440965457,0.380859348939372,0.345745755094795,"gpath_3neocort"
"9530","KCTD17","Inh ENOX2 SPHKAP",0.0406094072149291,4.4931621053531,0.349187266336497,0.554973901833843,0.836366579244651,0.822454151363805,"gpath_3neocort"
"9531","ELFN2","Inh ENOX2 SPHKAP",0.0173977797889998,5.57864582596843,0.170582629629971,0.67985999456388,0.89749838032835,0.891665841829554,"gpath_3neocort"
"9532","GGA1","Inh ENOX2 SPHKAP",-0.0472968079322473,5.24846513201948,0.965093460633897,0.326619196861231,0.677584229269966,0.656257375394041,"gpath_3neocort"
"9533","LGALS1","Inh ENOX2 SPHKAP",-0.067850559352959,3.75790185675625,0.282369239522949,0.595506334268202,0.855261122519567,0.846042623550619,"gpath_3neocort"
"9534","H1F0","Inh ENOX2 SPHKAP",-0.00378567069099347,5.33095622843665,0.00368741047380026,0.951615357031067,0.994776274703702,0.993305863021698,"gpath_3neocort"
"9535","ANKRD54","Inh ENOX2 SPHKAP",-0.0660607492851246,4.3256746084005,0.884626524702514,0.347618521057614,0.697529189791684,0.674511467237073,"gpath_3neocort"
"9536","EIF3L","Inh ENOX2 SPHKAP",-0.0279837841680317,5.58546074766385,0.445373129302969,0.50500201196356,0.802205677317532,0.790263296660705,"gpath_3neocort"
"9537","POLR2F","Inh ENOX2 SPHKAP",0.0385305469811898,6.03140816401276,1.06808022897917,0.302128478613947,0.659521884049007,0.634162370761609,"gpath_3neocort"
"9538","PICK1","Inh ENOX2 SPHKAP",-0.00851114895794396,4.9833154929536,0.0267610026234914,0.870154677137496,0.975547092910793,0.972357356535152,"gpath_3neocort"
"9539","BAIAP2L2","Inh ENOX2 SPHKAP",-0.284499480555747,4.06865060276193,8.92084895109308,0.00302813971351417,0.087767434119379,0.0625975048061709,"gpath_3neocort"
"9540","TMEM184B","Inh ENOX2 SPHKAP",-0.00759564342531181,6.32487721495257,0.0478169085519126,0.827040297352373,0.961952094667183,0.957344522867276,"gpath_3neocort"
"9541","CSNK1E","Inh ENOX2 SPHKAP",0.0281110079456908,5.84499577508916,0.364972381353402,0.54616840850884,0.830389902379284,0.817179971299246,"gpath_3neocort"
"9542","TPTEP2-CSNK1E","Inh ENOX2 SPHKAP",-0.030316590869584,5.82022062707829,0.483735002046959,0.487219815843647,0.793535134083531,0.778881051648593,"gpath_3neocort"
"9543","KCNJ4","Inh ENOX2 SPHKAP",-0.107550841105249,4.16382422351576,1.38440992902836,0.240190702744289,0.600816096409937,0.572772884654001,"gpath_3neocort"
"9544","DDX17","Inh ENOX2 SPHKAP",0.0126890305751238,8.29581519972815,0.369096000411223,0.652853650795598,0.884704822077308,0.877610985021336,"gpath_3neocort"
"9545","FAM227A","Inh ENOX2 SPHKAP",0.00479426401406865,4.06723793942543,0.00305984754225552,0.955919934387848,0.995423896649278,0.994018148076696,"gpath_3neocort"
"9546","CBY1","Inh ENOX2 SPHKAP",-0.0787588960499905,4.91775122792909,1.95909793857806,0.162539510432407,0.509550322597729,0.477999510537734,"gpath_3neocort"
"9547","TOMM22","Inh ENOX2 SPHKAP",0.0633735894353354,3.90372330747249,0.463174226167547,0.496616525852584,0.798555437376563,0.785008412054831,"gpath_3neocort"
"9548","JOSD1","Inh ENOX2 SPHKAP",0.0331633791951495,5.25263509320447,0.555166322517863,0.459937962916227,0.77408846921504,0.760211213205236,"gpath_3neocort"
"9549","GTPBP1","Inh ENOX2 SPHKAP",-0.043105491147962,4.30165921219859,0.36012912901575,0.548842154432508,0.831216771051099,0.818622255426893,"gpath_3neocort"
"9550","SUN2","Inh ENOX2 SPHKAP",0.0925958263564766,4.43551929047429,1.87885098189679,0.171386793835555,0.521877610497383,0.490317530754583,"gpath_3neocort"
"9551","NPTXR","Inh ENOX2 SPHKAP",-0.0574867644180807,6.46723683020162,2.6105812606253,0.107098611985395,0.42418963760948,0.392466068703031,"gpath_3neocort"
"9552","CBX6","Inh ENOX2 SPHKAP",0.0610039618862597,6.379249456972,2.7017964318347,0.101177790806714,0.413457543800161,0.381722261257534,"gpath_3neocort"
"9553","CBX7","Inh ENOX2 SPHKAP",-0.0651428051837784,5.64991113339439,2.46182769783827,0.117591462011791,0.443495606921309,0.410517106978767,"gpath_3neocort"
"9554","AL031590.1","Inh ENOX2 SPHKAP",-0.0904790191190317,4.70871990593236,1.77989916001225,0.183072181549557,0.535341893612199,0.505908709106241,"gpath_3neocort"
"9555","RPL3","Inh ENOX2 SPHKAP",-0.133269087554385,5.35904339014805,3.45747539970237,0.0638470330734695,0.338309213257707,0.305948460869058,"gpath_3neocort"
"9556","SYNGR1","Inh ENOX2 SPHKAP",0.0233785574209998,6.38582804561448,0.466171777492635,0.515535496765213,0.809984618828598,0.797738514260788,"gpath_3neocort"
"9557","TAB1","Inh ENOX2 SPHKAP",-0.10524941670928,5.6691662647842,5.70402602305233,0.017482042105547,0.193674773633466,0.160439858048285,"gpath_3neocort"
"9558","MGAT3","Inh ENOX2 SPHKAP",-0.000493608017466839,6.06370748807132,0.000142240823635197,0.990491407444712,0.998951897108485,0.998791122003379,"gpath_3neocort"
"9559","ATF4","Inh ENOX2 SPHKAP",0.0374215957074586,4.66116347631568,0.344373737459751,0.557712542107509,0.836996892003553,0.823936078198457,"gpath_3neocort"
"9560","RPS19BP1","Inh ENOX2 SPHKAP",-0.154408939760752,4.37748311006854,3.258803823634,0.0719428723623288,0.357256344244955,0.324080972447197,"gpath_3neocort"
"9561","CACNA1I","Inh ENOX2 SPHKAP",0.25702636294101,4.67117453627875,17.1194792221203,4.44890084751208e-05,0.0113969410085793,0.00515613777446813,"gpath_3neocort"
"9562","TNRC6B","Inh ENOX2 SPHKAP",-0.0218124149271525,9.11052442347116,1.51506353848838,0.219235614937528,0.576976179122424,0.549593064353564,"gpath_3neocort"
"9563","AL022238.2","Inh ENOX2 SPHKAP",-0.0535948314682786,3.31671798588438,0.164728068276756,0.68510061555397,0.900506022269414,0.894171412161952,"gpath_3neocort"
"9564","MKL1","Inh ENOX2 SPHKAP",0.0200919550377763,6.8904219088074,0.494077322656651,0.482604587523614,0.788656397601099,0.775645272701686,"gpath_3neocort"
"9565","SLC25A17","Inh ENOX2 SPHKAP",-0.0416510794944439,5.24537604468995,0.801534340518967,0.506303617754849,0.802994239364286,0.791102418761934,"gpath_3neocort"
"9566","ST13","Inh ENOX2 SPHKAP",-0.00358107896168328,6.11138372730542,0.00675450421433385,0.934548285878858,0.993269159402148,0.989949760797315,"gpath_3neocort"
"9567","XPNPEP3","Inh ENOX2 SPHKAP",0.028038487886417,5.23429478817539,0.322850267833848,0.570282193804037,0.844111263605975,0.831158967592431,"gpath_3neocort"
"9568","RBX1","Inh ENOX2 SPHKAP",-0.0461624411551785,5.73558975496898,1.20034347263164,0.390642445948532,0.728062056539196,0.709621902401539,"gpath_3neocort"
"9569","EP300","Inh ENOX2 SPHKAP",-0.0249831047257214,6.82243875300088,0.771274065686744,0.380455595090741,0.721916715704139,0.701612524758165,"gpath_3neocort"
"9570","L3MBTL2","Inh ENOX2 SPHKAP",0.0131344185093243,4.67069418243717,0.0447961269575875,0.884737342702495,0.979658385812387,0.976940976220747,"gpath_3neocort"
"9571","RANGAP1","Inh ENOX2 SPHKAP",0.0889804236060222,5.75791980464086,4.20565199438315,0.0410707481339617,0.280662506186714,0.24581237827717,"gpath_3neocort"
"9572","ZC3H7B","Inh ENOX2 SPHKAP",0.110131375878969,5.7256958116418,8.48409423831072,0.00382427182136162,0.0995742219155601,0.0709242140182397,"gpath_3neocort"
"9573","TEF","Inh ENOX2 SPHKAP",0.0347509573350721,5.78139758156905,0.781398848871834,0.377350600991972,0.719108744443093,0.699207956144273,"gpath_3neocort"
"9574","TOB2","Inh ENOX2 SPHKAP",0.150103545361249,5.00334699048142,7.8374593146079,0.00541551569475719,0.119243909094523,0.0862722004215499,"gpath_3neocort"
"9575","ACO2","Inh ENOX2 SPHKAP",-0.0397571046498087,6.21020532819703,1.30716565564172,0.253728678348395,0.611975663447407,0.587500595522853,"gpath_3neocort"
"9576","POLR3H","Inh ENOX2 SPHKAP",-0.0831500832297118,4.31422244955338,1.24101247920671,0.26607839330546,0.625107694573841,0.599736805386633,"gpath_3neocort"
"9577","CSDC2","Inh ENOX2 SPHKAP",-0.0122768599377996,4.33998528803622,0.0288211934071693,0.865295503183111,0.973693540880457,0.970911906559782,"gpath_3neocort"
"9578","DESI1","Inh ENOX2 SPHKAP",-0.0849813997725431,4.76394014493052,2.26564744743385,0.133217607978521,0.465847656442537,0.435303236775696,"gpath_3neocort"
"9579","XRCC6","Inh ENOX2 SPHKAP",-0.0631154306394144,5.93091942860866,2.46847304030629,0.117099139666109,0.442367199771922,0.409680778042728,"gpath_3neocort"
"9580","SNU13","Inh ENOX2 SPHKAP",-0.113839001061235,5.77759454545422,4.75799479125139,0.0298606712002278,0.247897357838817,0.209558710969729,"gpath_3neocort"
"9581","SREBF2","Inh ENOX2 SPHKAP",-0.0664991902838849,6.87219411912991,3.37979833339863,0.0668894440512769,0.346657480665957,0.312964581229394,"gpath_3neocort"
"9582","SEPT3","Inh ENOX2 SPHKAP",0.0503483041118872,6.26151059085036,1.98697159300434,0.159589910007952,0.505393997937379,0.474022189343923,"gpath_3neocort"
"9583","WBP2NL","Inh ENOX2 SPHKAP",-0.112523211713311,5.32659861454008,4.38839794781507,0.0369385120252168,0.271448531517172,0.233369391563692,"gpath_3neocort"
"9584","SMDT1","Inh ENOX2 SPHKAP",0.0410965771118198,4.43743765472042,0.261425539846564,0.609480883918116,0.862538126376197,0.853695957252057,"gpath_3neocort"
"9585","NDUFA6","Inh ENOX2 SPHKAP",-0.149594071515824,3.99379404510346,2.36514916753413,0.125020453907851,0.454874635733543,0.422764125066455,"gpath_3neocort"
"9586","TCF20","Inh ENOX2 SPHKAP",0.0408048555365264,7.58402662451375,2.20748970771609,0.138286863104745,0.473834438041521,0.443147574191378,"gpath_3neocort"
"9587","RRP7A","Inh ENOX2 SPHKAP",0.00819259840643724,4.69734114578486,0.0181337255896383,0.892960746244605,0.982463337140764,0.979335203114147,"gpath_3neocort"
"9588","POLDIP3","Inh ENOX2 SPHKAP",0.0642996102883611,4.53942565636286,1.10618258960775,0.47449124013041,0.782753802539375,0.770048069274873,"gpath_3neocort"
"9589","CYB5R3","Inh ENOX2 SPHKAP",0.00318497996209046,5.00351968671724,0.00362588977501139,0.952020185865556,0.994776274703702,0.993369045589323,"gpath_3neocort"
"9590","ARFGAP3","Inh ENOX2 SPHKAP",0.0193015327829168,5.24566678095697,0.169232662228671,0.742326231435123,0.928670714506067,0.921437044254492,"gpath_3neocort"
"9591","PACSIN2","Inh ENOX2 SPHKAP",0.0266373511252661,5.80233687359504,0.312400927885451,0.576585790341868,0.846076701601355,0.835121134652472,"gpath_3neocort"
"9592","TTLL1","Inh ENOX2 SPHKAP",-0.00901480451263339,4.90685688819814,0.0242842869452512,0.876258041518589,0.977434227755786,0.974297122302294,"gpath_3neocort"
"9593","MPPED1","Inh ENOX2 SPHKAP",-0.0719173923240915,7.3387201858925,6.77597785242374,0.00965205215041191,0.147553663800174,0.117799267069923,"gpath_3neocort"
"9594","EFCAB6","Inh ENOX2 SPHKAP",-0.0583340958806893,6.04575688974916,1.80199501397984,0.180384741075563,0.531856312710162,0.50221722661761,"gpath_3neocort"
"9595","SULT4A1","Inh ENOX2 SPHKAP",-0.0385810301685798,6.67588250196534,1.04504901270421,0.307391223649177,0.664308862826383,0.63901687094742,"gpath_3neocort"
"9596","SAMM50","Inh ENOX2 SPHKAP",0.115663507750704,4.44243386351161,3.69098363077066,0.0555596827422212,0.318468451233446,0.286121973132398,"gpath_3neocort"
"9597","PARVB","Inh ENOX2 SPHKAP",-0.0191020665424797,5.84467252554704,0.153015921136115,0.695919580245242,0.906240287834737,0.899236622046885,"gpath_3neocort"
"9598","SHISAL1","Inh ENOX2 SPHKAP",0.00432005432635662,5.87179047110256,0.0129655477211428,0.909412264377441,0.98763781133435,0.983746808342053,"gpath_3neocort"
"9599","PRR5","Inh ENOX2 SPHKAP",-0.177756051943795,4.01337782995981,3.82144560357204,0.051435838052028,0.308815453547989,0.275102232061764,"gpath_3neocort"
"9600","NUP50-DT","Inh ENOX2 SPHKAP",-0.00972701761579073,5.72344000218725,0.0561776148565327,0.812788245284977,0.956025115664345,0.951715230074249,"gpath_3neocort"
"9601","NUP50","Inh ENOX2 SPHKAP",-0.0116896274705807,4.81641519683284,0.0441219119753034,0.833755252750712,0.963502746721047,0.9600988911636,"gpath_3neocort"
"9602","KIAA0930","Inh ENOX2 SPHKAP",0.0222374129935713,7.00060666054796,0.481229834456181,0.48834876141231,0.794027547784085,0.779553937775201,"gpath_3neocort"
"9603","FAM118A","Inh ENOX2 SPHKAP",0.0676960475153349,4.7034008266946,0.936817798738002,0.333799097417013,0.684552562691184,0.662684919186695,"gpath_3neocort"
"9604","ATXN10","Inh ENOX2 SPHKAP",0.0101514364411262,7.66970124243509,0.204912142407874,0.899924696326869,0.985032569195535,0.981226958923341,"gpath_3neocort"
"9605","MIRLET7BHG","Inh ENOX2 SPHKAP",0.00846051429427943,6.10942428179689,0.0482073710774695,0.82634681889247,0.961952094667183,0.957153010605638,"gpath_3neocort"
"9606","TRMU","Inh ENOX2 SPHKAP",-0.0456059500914778,5.10046559065552,0.677973442070263,0.410873963007482,0.740394273087873,0.724172239535708,"gpath_3neocort"
"9607","GRAMD4","Inh ENOX2 SPHKAP",0.0588099035913899,4.69925042367298,0.893403642355359,0.345241047042739,0.694332365985582,0.672283513629269,"gpath_3neocort"
"9608","CERK","Inh ENOX2 SPHKAP",0.0081290874048405,5.19374760875835,0.0279012021184444,0.867442560628345,0.97463432045677,0.971598829879669,"gpath_3neocort"
"9609","AL118516.1","Inh ENOX2 SPHKAP",-0.321754308847297,3.67484856861108,7.9340807952135,0.00514023495073616,0.117340760659977,0.0837016848373809,"gpath_3neocort"
"9610","TBC1D22A","Inh ENOX2 SPHKAP",-0.0586999669070447,7.32733587206769,4.10578390727812,0.043532514997171,0.286045634981411,0.252919389274863,"gpath_3neocort"
"9611","AL117329.1","Inh ENOX2 SPHKAP",0.0503826352545877,3.46517506981203,0.15555434983604,0.693535086705229,0.905576781093884,0.898230075962829,"gpath_3neocort"
"9612","FAM19A5","Inh ENOX2 SPHKAP",0.0419523103397591,6.48301622465207,1.59927444573295,0.206889271775275,0.563128692661964,0.535346266161005,"gpath_3neocort"
"9613","BRD1","Inh ENOX2 SPHKAP",-0.0371610704733704,5.54522295146818,0.721199033935142,0.396360197719786,0.731949594765672,0.713627912387909,"gpath_3neocort"
"9614","ZBED4","Inh ENOX2 SPHKAP",-0.0584089524369063,4.78137389587434,1.03086639015623,0.310691435918045,0.66620805586772,0.642028852200438,"gpath_3neocort"
"9615","PIM3","Inh ENOX2 SPHKAP",0.14239373057834,4.14762843577228,3.18466750107038,0.0752412234316936,0.365435927071238,0.331269596978396,"gpath_3neocort"
"9616","MOV10L1","Inh ENOX2 SPHKAP",-0.11450043253708,3.99582294747006,1.4795693743817,0.224702278099854,0.582850395633996,0.555745455292521,"gpath_3neocort"
"9617","PANX2","Inh ENOX2 SPHKAP",-0.110575969762833,4.77645658857726,2.9463151900532,0.087002351460651,0.389172668132209,0.355655780128475,"gpath_3neocort"
"9618","TRABD","Inh ENOX2 SPHKAP",-0.0132453620108887,4.32507236279965,0.0327799219588854,0.85643655613382,0.971235029632888,0.968169385727787,"gpath_3neocort"
"9619","SELENOO","Inh ENOX2 SPHKAP",0.00430530586533308,6.28661449201522,0.0162849095063577,0.973747638870269,0.997170280740144,0.997009714847109,"gpath_3neocort"
"9620","TUBGCP6","Inh ENOX2 SPHKAP",0.071089251653563,4.82985420292093,1.48120593682277,0.224446645174326,0.582843048188689,0.555463417227115,"gpath_3neocort"
"9621","HDAC10","Inh ENOX2 SPHKAP",0.0303337888811117,4.5497453760726,0.199835321851136,0.65514403510857,0.885848338339017,0.878841309039617,"gpath_3neocort"
"9622","MAPK11","Inh ENOX2 SPHKAP",0.031110825445,4.41905345595149,0.201577964145618,0.65374182679505,0.885001730909529,0.878046208465493,"gpath_3neocort"
"9623","PLXNB2","Inh ENOX2 SPHKAP",0.164503055448851,4.84188139987358,9.37327477548298,0.00238065484328757,0.0796331386029757,0.054829824547097,"gpath_3neocort"
"9624","DENND6B","Inh ENOX2 SPHKAP",0.000167974264010262,5.60304084600196,1.47852877548122e-06,0.999030541508842,0.999750704645697,0.999857494341014,"gpath_3neocort"
"9625","PPP6R2","Inh ENOX2 SPHKAP",0.0105486497830587,7.21375418315369,0.117219100882298,0.73228610682727,0.924423400088665,0.916657742478528,"gpath_3neocort"
"9626","SBF1","Inh ENOX2 SPHKAP",0.072437742167907,4.43039612994224,1.16416299458446,0.306481705189193,0.663668855933369,0.638274517632636,"gpath_3neocort"
"9627","LMF2","Inh ENOX2 SPHKAP",0.0367816445412838,4.37178372659399,0.282498924922734,0.659171719764849,0.886317117013643,0.880998487303824,"gpath_3neocort"
"9628","U62317.3","Inh ENOX2 SPHKAP",0.161424246275602,4.32630239226483,5.13853487798142,0.0240404698668493,0.22445454991695,0.187758252104983,"gpath_3neocort"
"9629","MAPK8IP2","Inh ENOX2 SPHKAP",0.101957924936509,5.92839334055742,5.76784822784728,0.0168688091094204,0.188597546621741,0.157296652092891,"gpath_3neocort"
"9630","SHANK3","Inh ENOX2 SPHKAP",0.0359782539914404,5.45237116957228,0.543867551504446,0.461352943881595,0.774729258065006,0.761210814610983,"gpath_3neocort"
"9631","RABL2B","Inh ENOX2 SPHKAP",-0.0592880654757441,4.83300026496976,1.1624325558268,0.281740988019705,0.63938330024141,0.614657226220062,"gpath_3neocort"
"9632","FP475955.1","Inh ENOX2 SPHKAP",-0.00872783277083432,5.21276760570825,0.0102502436774656,0.919418029214348,0.990636355721171,0.986389748351006,"gpath_3neocort"
"9633","FP671120.1","Inh ENOX2 SPHKAP",0.218849751085066,7.6590664580008,6.46155930102207,0.011475385384208,0.159059488508948,0.128548534249143,"gpath_3neocort"
"9634","FP236383.1","Inh ENOX2 SPHKAP",0.201362103548544,6.99211306085863,6.40162967719608,0.011861428541833,0.160541254450746,0.130774147517703,"gpath_3neocort"
"9635","CR381653.1","Inh ENOX2 SPHKAP",0.0153670178930396,4.55720589462204,0.0340306088210533,0.853753870577345,0.970401727505604,0.967287542658591,"gpath_3neocort"
"9636","AP001347.1","Inh ENOX2 SPHKAP",0.101964437734951,7.73934257666314,4.77870325159234,0.0295088127860244,0.246213865163732,0.208199878648416,"gpath_3neocort"
"9637","RBM11","Inh ENOX2 SPHKAP",0.0204153609967899,4.7111144350414,0.106899455747518,0.743907209919043,0.928992448957804,0.92228083705743,"gpath_3neocort"
"9638","HSPA13","Inh ENOX2 SPHKAP",0.0616968834813587,5.47539743501279,1.85127057241516,0.174554706308528,0.525171197091898,0.494531789629322,"gpath_3neocort"
"9639","AF127577.4","Inh ENOX2 SPHKAP",0.192746697372275,4.08626604169825,4.53269883561991,0.0339856149709486,0.26391700046818,0.223794697714271,"gpath_3neocort"
"9640","NRIP1","Inh ENOX2 SPHKAP",0.0769076100788151,5.98107774269551,2.64340341094241,0.104925310849791,0.418620703036329,0.388594266481775,"gpath_3neocort"
"9641","USP25","Inh ENOX2 SPHKAP",0.0163179292517741,6.98586257335635,0.28930357825091,0.591025979734835,0.852390391727358,0.843500309956639,"gpath_3neocort"
"9642","MIR99AHG","Inh ENOX2 SPHKAP",0.0809148020185704,8.43504919277183,7.56604726858567,0.00627253811837352,0.123857366202723,0.0938957963636776,"gpath_3neocort"
"9643","CXADR","Inh ENOX2 SPHKAP",0.0300021665706416,5.64235300849273,0.48255973151327,0.577257690586732,0.846586655261084,0.835402584700624,"gpath_3neocort"
"9644","NCAM2","Inh ENOX2 SPHKAP",-5.33082320052505e-05,6.07044762969628,5.5102564465919e-06,0.998128456433875,0.999668302864659,0.999729058864169,"gpath_3neocort"
"9645","LINC00158","Inh ENOX2 SPHKAP",0.0550630585961345,4.4040349942616,0.535768017648071,0.464706062342896,0.776476944937392,0.763462224825864,"gpath_3neocort"
"9646","MRPL39","Inh ENOX2 SPHKAP",0.0784466293550444,4.29420879158579,1.22779499215585,0.268634938722237,0.627933327956178,0.60237737885738,"gpath_3neocort"
"9647","ATP5PF","Inh ENOX2 SPHKAP",-0.103001258360281,5.26723089747103,2.5095044546881,0.114109477263468,0.435763956702609,0.40441480250856,"gpath_3neocort"
"9648","GABPA","Inh ENOX2 SPHKAP",-0.12636457242487,4.68370417901075,4.56459206007266,0.0345567976301524,0.265683787043354,0.225558826953914,"gpath_3neocort"
"9649","APP","Inh ENOX2 SPHKAP",-0.0300405727510172,9.18098010949,1.82504618813178,0.177629803865628,0.528493440282153,0.498718600189127,"gpath_3neocort"
"9650","AP000229.1","Inh ENOX2 SPHKAP",0.121290705630041,4.2285322703713,2.47808377753438,0.116391165637945,0.440941248472089,0.408340660787157,"gpath_3neocort"
"9651","ADAMTS5","Inh ENOX2 SPHKAP",-0.0514025628536281,4.60156338307339,0.363411881812481,0.547027235958421,0.830389902379284,0.817607183561665,"gpath_3neocort"
"9652","LINC01695","Inh ENOX2 SPHKAP",0.0661116530138157,4.13037911064982,0.472565118432219,0.492287336849014,0.795973859075695,0.782024413786546,"gpath_3neocort"
"9653","AF165147.1","Inh ENOX2 SPHKAP",-0.0999353942375897,5.75361054874702,2.51985106588158,0.113369012411052,0.434127975957069,0.403136481012298,"gpath_3neocort"
"9654","LTN1","Inh ENOX2 SPHKAP",-0.0411527704606755,5.78271198566326,1.18844547927552,0.34865926564251,0.69790988776491,0.675435086257735,"gpath_3neocort"
"9655","USP16","Inh ENOX2 SPHKAP",-0.030176889013337,5.4836666518159,0.553793701676182,0.480747018209554,0.787735901619491,0.774452167225911,"gpath_3neocort"
"9656","CCT8","Inh ENOX2 SPHKAP",0.0244810322445707,5.37259322468829,0.222982606924909,0.637085555913289,0.877626134316539,0.869051176197383,"gpath_3neocort"
"9657","BACH1","Inh ENOX2 SPHKAP",-0.112225507781539,6.93742810305034,5.44810195994337,0.0201831373950134,0.205374495248318,0.172036035016409,"gpath_3neocort"
"9658","GRIK1","Inh ENOX2 SPHKAP",-0.00528980473824393,12.157373045719,0.0655086911481457,0.798149855657382,0.951769478362368,0.946069629196573,"gpath_3neocort"
"9659","TIAM1","Inh ENOX2 SPHKAP",-0.0392250329004391,9.55718322028734,4.06763547539725,0.0445136220450467,0.289175217794973,0.255880299390578,"gpath_3neocort"
"9660","SOD1","Inh ENOX2 SPHKAP",-0.0865263901805426,6.30885967802122,2.03459961057351,0.154690302469841,0.498634281844194,0.467019526572627,"gpath_3neocort"
"9661","SCAF4","Inh ENOX2 SPHKAP",0.035954955543762,5.45899696655496,0.652427692017752,0.4198219082706,0.744939093064705,0.730975147422109,"gpath_3neocort"
"9662","HUNK","Inh ENOX2 SPHKAP",-0.0699636906654225,7.02276106985011,2.65518109661288,0.104157332033501,0.417116900789247,0.387203194059922,"gpath_3neocort"
"9663","LINC00159","Inh ENOX2 SPHKAP",-0.0566581923832861,5.50528869762624,0.744516647592163,0.388838057379116,0.727649032330622,0.708164971848924,"gpath_3neocort"
"9664","URB1","Inh ENOX2 SPHKAP",-0.119468989177451,5.83244318047418,9.80804269828351,0.00189134606597618,0.0708381845787541,0.0479603422949347,"gpath_3neocort"
"9665","EVA1C","Inh ENOX2 SPHKAP",-0.0756815531006276,7.10486277543032,4.63624891975522,0.032020100088155,0.255374066059339,0.21712456445929,"gpath_3neocort"
"9666","SYNJ1","Inh ENOX2 SPHKAP",0.0209823681605927,6.89853166948697,0.634287977193761,0.464095074087389,0.775749720637114,0.76299821377815,"gpath_3neocort"
"9667","PAXBP1","Inh ENOX2 SPHKAP",0.0808060974782202,6.0919957693805,5.27297935358912,0.0222786579293898,0.216167843801549,0.18073160281086,"gpath_3neocort"
"9668","C21orf62-AS1","Inh ENOX2 SPHKAP",0.0842661895323271,4.42372039692194,1.16539834360818,0.281129051486979,0.639342488240587,0.614153830323682,"gpath_3neocort"
"9669","IFNAR1","Inh ENOX2 SPHKAP",-0.0324934453129387,5.74617664155841,0.75886256825116,0.497798539529916,0.799400095307112,0.7858202001266,"gpath_3neocort"
"9670","IFNGR2","Inh ENOX2 SPHKAP",-0.0482531752048649,5.78411808051746,1.43880038611301,0.231185229454821,0.590674359921662,0.563069538101285,"gpath_3neocort"
"9671","TMEM50B","Inh ENOX2 SPHKAP",-0.0291450184703669,5.78136976814293,0.510430568545719,0.47545239302531,0.783413978501069,0.770680031721475,"gpath_3neocort"
"9672","GART","Inh ENOX2 SPHKAP",0.0220447657204717,4.95556763329274,0.172476395380341,0.962201051213268,0.995700592042286,0.995255120035628,"gpath_3neocort"
"9673","SON","Inh ENOX2 SPHKAP",0.0711558953716085,7.45857125099288,8.51319056383073,0.00376512148469699,0.0992877553976048,0.0703874750370671,"gpath_3neocort"
"9674","AP000311.1","Inh ENOX2 SPHKAP",-0.226683573140655,4.52535475787598,6.8346567831527,0.00934627976010472,0.144926866725955,0.115685373641527,"gpath_3neocort"
"9675","ITSN1","Inh ENOX2 SPHKAP",0.0163198285947652,7.87905347041603,0.56362507482778,0.453332804953015,0.76995662865787,0.75557390796851,"gpath_3neocort"
"9676","MRPS6","Inh ENOX2 SPHKAP",0.0901862374144716,5.95236548082833,3.04311911926745,0.0820014215598097,0.380670903096441,0.345381211062945,"gpath_3neocort"
"9677","LINC00310","Inh ENOX2 SPHKAP",0.13038512473681,4.47384286358604,3.17185496064271,0.0758276101437177,0.367367794815683,0.332504313398558,"gpath_3neocort"
"9678","AP000317.1","Inh ENOX2 SPHKAP",0.0105335679596455,4.75121764596524,0.0247536665660355,0.875077659581086,0.976948901017904,0.973920809107828,"gpath_3neocort"
"9679","RCAN1","Inh ENOX2 SPHKAP",-0.0676398910302093,5.61119358324809,2.26459498912156,0.133307469096309,0.465847656442537,0.4354632784948,"gpath_3neocort"
"9680","RUNX1","Inh ENOX2 SPHKAP",0.222829674492491,4.40633515834042,6.21888016323875,0.0131235533580399,0.167846191123169,0.13761252463096,"gpath_3neocort"
"9681","SETD4","Inh ENOX2 SPHKAP",-0.0592038989707727,4.57741675732053,0.928009548172159,0.336078794932984,0.686683865937348,0.664695841845908,"gpath_3neocort"
"9682","DOPEY2","Inh ENOX2 SPHKAP",-0.0937218321997684,5.7815960220451,4.81669468877177,0.0288745366148461,0.244504554395975,0.205867632185172,"gpath_3neocort"
"9683","MORC3","Inh ENOX2 SPHKAP",0.0583684993254845,6.37221732609378,3.19738690979397,0.074663937190229,0.364335287951441,0.330259726999696,"gpath_3neocort"
"9684","HLCS","Inh ENOX2 SPHKAP",0.00640950523263118,7.42080347366321,0.0452774136077651,0.831624773249258,0.962944947667719,0.959195289612686,"gpath_3neocort"
"9685","PIGP","Inh ENOX2 SPHKAP",-8.41140463095671e-05,4.27293760990831,1.9503577022229e-06,0.998886548181739,0.999750704645697,0.999834438034748,"gpath_3neocort"
"9686","TTC3","Inh ENOX2 SPHKAP",0.028689507719681,9.14052811376798,2.63288344902721,0.105616549486763,0.419964866844465,0.389783949673292,"gpath_3neocort"
"9687","VPS26C","Inh ENOX2 SPHKAP",-0.0350957528991581,5.43350633322707,0.614193561565823,0.433769558904741,0.756862204732909,0.741362039434857,"gpath_3neocort"
"9688","DYRK1A","Inh ENOX2 SPHKAP",0.0111045464085416,7.55476854532833,0.174841721850566,0.67611334923912,0.895050543079194,0.889696979080228,"gpath_3neocort"
"9689","KCNJ6","Inh ENOX2 SPHKAP",0.0769328407761179,8.54668180326082,8.81180365377814,0.00320949956242948,0.0902963173497854,0.0645866226809287,"gpath_3neocort"
"9690","BRWD1","Inh ENOX2 SPHKAP",0.0659196247616214,8.00442912465323,10.5608768831682,0.00127281617930451,0.0603994432840535,0.038128404419849,"gpath_3neocort"
"9691","HMGN1","Inh ENOX2 SPHKAP",-0.110174010495418,5.29738838748948,3.53073598797593,0.0611131529035446,0.331656354482277,0.299536341752245,"gpath_3neocort"
"9692","WRB","Inh ENOX2 SPHKAP",0.00192419138709747,5.71142235450175,0.00245113316985705,0.960543371973398,0.995700592042286,0.994983496225378,"gpath_3neocort"
"9693","DSCAM","Inh ENOX2 SPHKAP",-0.0643880828786023,6.66194182879824,0.63476956667461,0.426178111967677,0.750338538119914,0.736025535598973,"gpath_3neocort"
"9694","PRDM15","Inh ENOX2 SPHKAP",0.0526016002978431,4.32473104082547,0.576301948593228,0.477525595341802,0.785364676142284,0.772113558466292,"gpath_3neocort"
"9695","ZBTB21","Inh ENOX2 SPHKAP",-0.104674346479935,4.53033625517014,2.44317518922175,0.118985659915855,0.445161909595969,0.412690629632635,"gpath_3neocort"
"9696","ABCG1","Inh ENOX2 SPHKAP",-0.00174039249365754,5.38984566095124,0.00150849564338225,0.969041710237501,0.995943372722374,0.996282724706996,"gpath_3neocort"
"9697","SLC37A1","Inh ENOX2 SPHKAP",-0.0246805248152622,4.91989709496395,0.188502468708142,0.664446741677255,0.888570078449307,0.883615407997087,"gpath_3neocort"
"9698","NDUFV3","Inh ENOX2 SPHKAP",-0.0409661310440805,5.71488391245159,1.0129003404393,0.487432911661266,0.793567543867247,0.779015712665968,"gpath_3neocort"
"9699","PKNOX1","Inh ENOX2 SPHKAP",0.0165361701961617,6.03244520608696,0.150293772813614,0.698502139169736,0.907293841048804,0.900441382500553,"gpath_3neocort"
"9700","RRP1B","Inh ENOX2 SPHKAP",0.0194803421993717,5.2505292444185,0.179014843056166,0.672493997112349,0.893416990979543,0.887887531242768,"gpath_3neocort"
"9701","PDXK","Inh ENOX2 SPHKAP",-0.0444145542420369,6.84647556085724,2.2235659860128,0.136864233833662,0.47264491535137,0.441078402583994,"gpath_3neocort"
"9702","CSTB","Inh ENOX2 SPHKAP",0.0170284871156229,4.89779673610459,0.0620720113808359,0.803403915706325,0.952559922311815,0.948052477508172,"gpath_3neocort"
"9703","RRP1","Inh ENOX2 SPHKAP",0.148761346905961,4.29019055280216,4.51550864385494,0.0343239779927244,0.264854911008836,0.224884635022618,"gpath_3neocort"
"9704","AGPAT3","Inh ENOX2 SPHKAP",-0.0365791913065121,6.04913444554173,1.03811613358423,0.308998723460864,0.665977642116935,0.640577165344082,"gpath_3neocort"
"9705","TRAPPC10","Inh ENOX2 SPHKAP",-0.000862445431337094,5.49869308301745,0.000416522354250653,0.983729408022453,0.998198786643165,0.998033717203395,"gpath_3neocort"
"9706","PFKL","Inh ENOX2 SPHKAP",0.0199190481768217,4.91516627842252,0.134602063734141,0.809023630550237,0.954404217104297,0.950234871239419,"gpath_3neocort"
"9707","C21orf2","Inh ENOX2 SPHKAP",-0.00989988366356433,4.54279232988543,0.0232842571705038,0.878812488115328,0.978266576276527,0.975145131330486,"gpath_3neocort"
"9708","TRPM2","Inh ENOX2 SPHKAP",-0.0619794787625748,6.46300208185432,3.00442877980977,0.083961712714682,0.383678629007777,0.349409002681039,"gpath_3neocort"
"9709","UBE2G2","Inh ENOX2 SPHKAP",-0.00771983669246585,6.32613729509752,0.0542334937486341,0.815996812550319,0.957796918594936,0.953008166267592,"gpath_3neocort"
"9710","SUMO3","Inh ENOX2 SPHKAP",0.0689743767057252,5.12472433661165,1.5396919550001,0.21553599932813,0.572064751780574,0.545265758846789,"gpath_3neocort"
"9711","PTTG1IP","Inh ENOX2 SPHKAP",-0.0876512902384567,4.54485753349542,1.66578759638948,0.19771792482932,0.551886530094301,0.524455312577788,"gpath_3neocort"
"9712","ADARB1","Inh ENOX2 SPHKAP",-0.00274683788048972,6.52915055353903,0.00744316988092017,0.931300543177872,0.992627611257954,0.989240427451694,"gpath_3neocort"
"9713","POFUT2","Inh ENOX2 SPHKAP",-0.0157745111349871,4.49125446232063,0.0565041082220152,0.81225518342066,0.955534123607715,0.951579020461455,"gpath_3neocort"
"9714","COL18A1","Inh ENOX2 SPHKAP",-0.0583142362937897,4.99469925608555,0.631750410950393,0.427279365073404,0.750996699397502,0.736875882091132,"gpath_3neocort"
"9715","COL6A1","Inh ENOX2 SPHKAP",0.0680648474087183,3.94587235567641,0.425920717761894,0.514447097947234,0.809711627575589,0.797133853661556,"gpath_3neocort"
"9716","FTCD","Inh ENOX2 SPHKAP",-0.097552359907374,4.16198196380389,1.18843875465098,0.276431912688164,0.635281253780055,0.609860798733589,"gpath_3neocort"
"9717","LSS","Inh ENOX2 SPHKAP",-0.00898867740515056,5.34177434361817,0.0368542087377548,0.847879039821767,0.96901071828263,0.965294994307889,"gpath_3neocort"
"9718","MCM3AP-AS1","Inh ENOX2 SPHKAP",0.0205720743875665,4.5556108029607,0.0920367390506948,0.761792862899294,0.935492040163894,0.930020678177137,"gpath_3neocort"
"9719","MCM3AP","Inh ENOX2 SPHKAP",-0.0818403204975603,5.76665654021111,4.44694805012029,0.0357091052678334,0.270348089325986,0.229626442522059,"gpath_3neocort"
"9720","YBEY","Inh ENOX2 SPHKAP",-0.00750170064994386,4.24803041172916,0.0099721268447102,0.920515060092504,0.990636355721171,0.986648629324884,"gpath_3neocort"
"9721","PCNT","Inh ENOX2 SPHKAP",0.0213571362966469,6.57400339768446,0.345146375778193,0.557271222859276,0.836996892003553,0.823621423901588,"gpath_3neocort"
"9722","DIP2A","Inh ENOX2 SPHKAP",-0.0556997774095358,7.05543920949138,3.98847516999634,0.0466248927313992,0.295947091004505,0.261965352064809,"gpath_3neocort"
"9723","PRMT2","Inh ENOX2 SPHKAP",-0.052257226635498,6.49223781365099,2.61307598216657,0.106931695856158,0.424011486409986,0.392198023493939,"gpath_3neocort"
"9724","MT-ND1","Inh ENOX2 SPHKAP",0.156479189684978,11.1596654524233,9.49958317982619,0.0022264831337715,0.0779909811390896,0.0527302244282699,"gpath_3neocort"
"9725","MT-ND2","Inh ENOX2 SPHKAP",0.194935111323113,10.2727748612693,8.83889083674813,0.00316343817652553,0.0897679725993155,0.0640189102292054,"gpath_3neocort"
"9726","MT-CO1","Inh ENOX2 SPHKAP",0.00585701312941331,11.9672240503273,0.0146107137898978,0.903863020844823,0.985974882947517,0.982353971026515,"gpath_3neocort"
"9727","MT-CO2","Inh ENOX2 SPHKAP",0.116207329784051,12.3316379415526,4.99556010818948,0.0260742792329993,0.233374385267415,0.195493304463807,"gpath_3neocort"
"9728","MT-ATP8","Inh ENOX2 SPHKAP",0.329245326497506,4.85012407960702,12.294733543553,0.000516413380251085,0.0380972234612505,0.022828623051365,"gpath_3neocort"
"9729","MT-ATP6","Inh ENOX2 SPHKAP",0.131445236955166,11.9888636241705,7.75399634651077,0.00566545628672303,0.120006222789673,0.0885465996929224,"gpath_3neocort"
"9730","MT-CO3","Inh ENOX2 SPHKAP",0.0740299507128811,12.3811396287123,2.43744058878471,0.11941798035646,0.445161909595969,0.413420830262855,"gpath_3neocort"
"9731","MT-ND3","Inh ENOX2 SPHKAP",0.21909939312878,11.1014691000053,9.27773672128843,0.00250447104125481,0.0815670200660179,0.0563527398630839,"gpath_3neocort"
"9732","MT-ND4L","Inh ENOX2 SPHKAP",0.308969215989665,7.05469298081401,14.7444273777479,0.000147317546054583,0.0208661405573325,0.0107795803631115,"gpath_3neocort"
"9733","MT-ND4","Inh ENOX2 SPHKAP",0.0665053546190378,11.3444335575947,1.41910749665673,0.234397651047192,0.594679149493799,0.566733104433895,"gpath_3neocort"
"9734","MT-ND5","Inh ENOX2 SPHKAP",0.183656590137793,8.86468851912699,10.2426984684262,0.00150421490408418,0.0642458102454903,0.0420527801475384,"gpath_3neocort"
"9735","MT-ND6","Inh ENOX2 SPHKAP",-0.297362313562994,3.85526053782803,5.98307059438425,0.0149601782228613,0.178313605305047,0.147563946953646,"gpath_3neocort"
"9736","MT-CYB","Inh ENOX2 SPHKAP",0.100426666053921,11.3930125751098,3.87883457810054,0.0497260202771785,0.304931980767736,0.270563300645191,"gpath_3neocort"
"9737","AL592183.1","Inh ENOX2 SPHKAP",0.069849278486754,6.67768578136697,1.38971866164815,0.239293163139075,0.599649208092721,0.571872051073968,"gpath_3neocort"
"9738","AC007325.4","Inh ENOX2 SPHKAP",-0.0135817073710997,3.4014581380317,0.0128696433306752,0.90974647439609,0.98763781133435,0.983834528876001,"gpath_3neocort"
