"","gene","cluster_id","logFC","logCPM","F","p_val","p_adj.loc","p_adj.glb","coef"
"1","HES4","End",0.00686548400234963,7.02104294319694,0.485680912496207,0.486521613543071,0.999519314121592,0.999498173819493,"soc_net_bl"
"2","ISG15","End",0.0237492833312083,7.36563698047756,4.5193500567359,0.0345149370287896,0.999519314121592,0.999498173819493,"soc_net_bl"
"3","CCNL2","End",-0.00636632127782284,7.61872324128864,1.78039179297559,0.183341175181199,0.999519314121592,0.999498173819493,"soc_net_bl"
"4","VWA1","End",-0.00461555563761419,7.01218720377067,0.283568571552435,0.594854782020234,0.999519314121592,0.999498173819493,"soc_net_bl"
"5","GNB1","End",-0.0023393690087373,8.99112982177139,0.386810211625222,0.607809192607895,0.999519314121592,0.999498173819493,"soc_net_bl"
"6","SKI","End",-0.0109151099915343,7.8285102245386,3.75943600765699,0.0562620497816201,0.999519314121592,0.999498173819493,"soc_net_bl"
"7","CAMTA1","End",0.00268832463046666,9.01038817021034,0.431859791241418,0.511695200671329,0.999519314121592,0.999498173819493,"soc_net_bl"
"8","PER3","End",0.0175807047929618,7.33039602604488,4.59708561398317,0.0330117139322143,0.999519314121592,0.999498173819493,"soc_net_bl"
"9","PARK7","End",-0.00329836918634774,6.7803323824027,0.0991599054459643,0.753108381939893,0.999519314121592,0.999498173819493,"soc_net_bl"
"10","RERE","End",-0.000940499569837378,9.5450461115949,0.0758910641561494,0.783177341621458,0.999519314121592,0.999498173819493,"soc_net_bl"
"11","ENO1","End",-0.0149770219611088,7.1429462071904,2.98040422431915,0.0855399518946241,0.999519314121592,0.999498173819493,"soc_net_bl"
"12","CLSTN1","End",0.000694028597973574,7.32185726385863,0.0110987372605308,0.916183935341326,0.999519314121592,0.999498173819493,"soc_net_bl"
"13","UBE4B","End",-0.00307239786880063,7.53794743927865,0.254061110865039,0.614683294658546,0.999519314121592,0.999498173819493,"soc_net_bl"
"14","KIF1B","End",-0.0079539742291636,8.25460943152516,2.37324703097877,0.469901851971308,0.999519314121592,0.999498173819493,"soc_net_bl"
"15","PEX14","End",-0.00245352559836417,6.89810327411172,0.0759949392576955,0.78303273822173,0.999519314121592,0.999498173819493,"soc_net_bl"
"16","MTOR","End",-3.41380349843478e-05,7.08299717729611,6.84258518062335e-05,0.993406718183165,0.999519314121592,0.999498173819493,"soc_net_bl"
"17","TNFRSF1B","End",0.00278425627246326,7.57837225587422,0.188033284364389,0.664940472149566,0.999519314121592,0.999498173819493,"soc_net_bl"
"18","VPS13D","End",0.00191159580326859,8.50231896167893,0.172818361533367,0.677983297268162,0.999519314121592,0.999498173819493,"soc_net_bl"
"19","PRDM2","End",-0.00256292152086266,7.99852919942626,0.281637746838141,0.640592806287018,0.999519314121592,0.999498173819493,"soc_net_bl"
"20","KAZN","End",0.013513895688821,7.2362834132224,1.93268663727935,0.165727630013729,0.999519314121592,0.999498173819493,"soc_net_bl"
"21","SPEN","End",-0.000397814691842072,8.21338316618912,0.00559529767642649,0.940433565703546,0.999519314121592,0.999498173819493,"soc_net_bl"
"22","SRARP","End",0.00130149251105888,8.70209326117901,0.0450640746980445,0.832062916102552,0.999519314121592,0.999498173819493,"soc_net_bl"
"23","FBXO42","End",-0.0109578741239674,7.30614300820995,2.43397254334482,0.120023598144036,0.999519314121592,0.999498173819493,"soc_net_bl"
"24","UBR4","End",-0.000603982997990271,7.78119089944631,0.0121035527744942,0.912486711823687,0.999519314121592,0.999498173819493,"soc_net_bl"
"25","CAPZB","End",-0.001937461476419,8.01908582817183,0.191690126631609,0.661899730961204,0.999519314121592,0.999498173819493,"soc_net_bl"
"26","CAMK2N1","End",0.00584899874283219,6.54146479438452,0.263098156630814,0.608462209185787,0.999519314121592,0.999498173819493,"soc_net_bl"
"27","CDA","End",-0.00287671636248267,7.1622473811647,0.112969168162472,0.737076709093638,0.999519314121592,0.999498173819493,"soc_net_bl"
"28","PINK1","End",0.000215026667160574,7.18327960920746,0.000828448745711911,0.977061283093005,0.999519314121592,0.999498173819493,"soc_net_bl"
"29","HP1BP3","End",0.00317929005646895,8.34350951248507,0.512769349274651,0.50506365016007,0.999519314121592,0.999498173819493,"soc_net_bl"
"30","EIF4G3","End",-0.00281785192873087,9.36076999031001,0.599574527024862,0.527123241815077,0.999519314121592,0.999498173819493,"soc_net_bl"
"31","ECE1","End",-0.00253031546163796,8.24583796183073,0.193460816107934,0.660439780294548,0.999519314121592,0.999498173819493,"soc_net_bl"
"32","ALPL","End",-0.000598612324050911,7.84279710617572,0.00502623348666034,0.943538467262606,0.999519314121592,0.999498173819493,"soc_net_bl"
"33","USP48","End",-0.0104000130480918,7.47939395568649,2.74659906157826,0.132570223195306,0.999519314121592,0.999498173819493,"soc_net_bl"
"34","HSPG2","End",-0.00331164890293851,7.68512545841736,0.114868789522162,0.734958313238671,0.999519314121592,0.999498173819493,"soc_net_bl"
"35","CDC42","End",0.000177960380111756,7.84030011084863,0.000897521394802246,0.976124433509274,0.999519314121592,0.999498173819493,"soc_net_bl"
"36","LUZP1","End",-0.00522710212454436,8.18487568847283,1.15359228553926,0.283856045005794,0.999519314121592,0.999498173819493,"soc_net_bl"
"37","HNRNPR","End",0.00415322106215365,7.73601779063454,0.737455687490184,0.485127969025873,0.999519314121592,0.999498173819493,"soc_net_bl"
"38","ID3","End",0.00425046380088206,9.31261184101017,0.305895239711139,0.580714782695132,0.999519314121592,0.999498173819493,"soc_net_bl"
"39","RPL11","End",0.00416722366651002,7.82790220074884,0.252656053218665,0.615662967422369,0.999519314121592,0.999498173819493,"soc_net_bl"
"40","SRSF10","End",0.00351348278970643,7.62030213443778,0.421656006539932,0.72602010876728,0.999519314121592,0.999498173819493,"soc_net_bl"
"41","SRRM1","End",0.000855147277324687,7.22377335758332,0.0164598635318719,0.985431822142875,0.999519314121592,0.999498173819493,"soc_net_bl"
"42","CLIC4","End",0.00374842400870273,9.0514517610631,0.391060780014325,0.53232490137794,0.999519314121592,0.999498173819493,"soc_net_bl"
"43","RSRP1","End",0.00920567023525891,8.49269760940954,5.31710942989743,0.405629000246686,0.999519314121592,0.999498173819493,"soc_net_bl"
"44","MACO1","End",-0.000997343459419907,7.26912668230078,0.0236829095776235,0.877821277040976,0.999519314121592,0.999498173819493,"soc_net_bl"
"45","STMN1","End",0.00479399591665574,6.72904511164534,0.186688755140921,0.666067312572167,0.999519314121592,0.999498173819493,"soc_net_bl"
"46","FAM110D","End",-0.00451556095410851,6.99825374380681,0.197939315918474,0.656782490070855,0.999519314121592,0.999498173819493,"soc_net_bl"
"47","SH3BGRL3","End",-0.00492738195038742,7.16346066396787,0.27474637412007,0.60063978861669,0.999519314121592,0.999498173819493,"soc_net_bl"
"48","ARID1A","End",-0.00501833121922344,7.8230618564665,0.821206759689368,0.542959556493847,0.999519314121592,0.999498173819493,"soc_net_bl"
"49","WASF2","End",0.000532605074134882,8.63572055784573,0.0164172362410564,0.898151487504605,0.999519314121592,0.999498173819493,"soc_net_bl"
"50","FGR","End",-0.00357208549342168,7.42278460305808,0.255773394904769,0.613493994061568,0.999519314121592,0.999498173819493,"soc_net_bl"
"51","IFI6","End",0.0280595713743599,7.44214216816182,7.21531760145682,0.00772327007011651,0.999519314121592,0.999498173819493,"soc_net_bl"
"52","STX12","End",-0.00771140698347989,8.80707269203613,2.23193503318212,0.136472374365045,0.999519314121592,0.999498173819493,"soc_net_bl"
"53","EYA3","End",-0.00409738428061514,7.18032135133567,0.28484442412035,0.59402775537928,0.999519314121592,0.999498173819493,"soc_net_bl"
"54","PHACTR4","End",-0.00409536320910582,7.98446178113822,0.629537833567569,0.428293323816954,0.999519314121592,0.999498173819493,"soc_net_bl"
"55","EPB41","End",-0.00302428537292413,7.38101151342867,0.215900427998498,0.64259452797399,0.999519314121592,0.999498173819493,"soc_net_bl"
"56","SRSF4","End",0.000960403040123079,8.5645989345035,0.0596129384964572,0.807313280217374,0.999519314121592,0.999498173819493,"soc_net_bl"
"57","PUM1","End",-0.00241306514455361,8.47302497539715,0.326931218956024,0.567996389221858,0.999519314121592,0.999498173819493,"soc_net_bl"
"58","TINAGL1","End",-0.0101069698768573,7.55996624074253,1.46605875972329,0.227136329063685,0.999519314121592,0.999498173819493,"soc_net_bl"
"59","KHDRBS1","End",0.00061611845849501,7.73817971701789,0.0138347952600441,0.906464098766002,0.999519314121592,0.999498173819493,"soc_net_bl"
"60","KPNA6","End",0.000917087676179712,7.2989754111495,0.0265260873568948,0.907666967414857,0.999519314121592,0.999498173819493,"soc_net_bl"
"61","RBBP4","End",0.00114258528001327,7.0928003288441,0.0317272164007073,0.858774995138918,0.999519314121592,0.999498173819493,"soc_net_bl"
"62","S100PBP","End",-0.000327828152543748,7.04982199880145,0.00217912512014169,0.962805456027198,0.999519314121592,0.999498173819493,"soc_net_bl"
"63","RNF19B","End",-0.0102914842176339,6.99402365716366,1.0316803110095,0.31076723764623,0.999519314121592,0.999498173819493,"soc_net_bl"
"64","PHC2","End",0.000111328998531009,7.56661305183395,0.000370873826789067,0.984650909561127,0.999519314121592,0.999498173819493,"soc_net_bl"
"65","SFPQ","End",0.00170925910008931,8.04717465278424,0.118443082349192,0.954703792160241,0.999519314121592,0.999498173819493,"soc_net_bl"
"66","ZMYM4","End",-0.00519661577042616,8.31406344998693,1.14769100917493,0.285088161059706,0.999519314121592,0.999498173819493,"soc_net_bl"
"67","KIAA0319L","End",0.000152062304059362,7.59554814680366,0.000829394622798989,0.977048195380397,0.999519314121592,0.999498173819493,"soc_net_bl"
"68","AGO4","End",-0.00169076550687536,7.44494641380482,0.0711263302018645,0.789928382564167,0.999519314121592,0.999498173819493,"soc_net_bl"
"69","AGO3","End",-0.000670311534046667,8.07270328895868,0.0207458293249673,0.885592032797808,0.999519314121592,0.999498173819493,"soc_net_bl"
"70","THRAP3","End",-0.00491985554283165,7.58459829729574,0.971706533356617,0.651371278921722,0.999519314121592,0.999498173819493,"soc_net_bl"
"71","NDUFS5","End",0.00619420017288499,6.67545389791109,0.355636565395495,0.551490710460502,0.999519314121592,0.999498173819493,"soc_net_bl"
"72","MACF1","End",-0.00493003379747427,10.6079284683761,2.01353383523189,0.157173874271808,0.999519314121592,0.999498173819493,"soc_net_bl"
"73","MFSD2A","End",0.0083363796592141,8.81810781535783,1.92194262155974,0.166904106435395,0.999519314121592,0.999498173819493,"soc_net_bl"
"74","CAP1","End",-0.00589519870571786,7.36747622982016,0.686513526691949,0.408159957961432,0.999519314121592,0.999498173819493,"soc_net_bl"
"75","RLF","End",-0.00116958881632381,7.57917639624861,0.0368131481831115,0.848005042469299,0.999519314121592,0.999498173819493,"soc_net_bl"
"76","NFYC","End",0.00399284370629089,6.98844902073917,0.323960976925277,0.569758807271113,0.999519314121592,0.999498173819493,"soc_net_bl"
"77","SCMH1","End",-0.00289096667233883,8.02852276385915,0.263178637270648,0.608407416394441,0.999519314121592,0.999498173819493,"soc_net_bl"
"78","HIVEP3","End",-0.00193868254376307,7.4112669327697,0.0488564439177413,0.8252494935136,0.999519314121592,0.999498173819493,"soc_net_bl"
"79","FOXJ3","End",-0.0041646031035811,8.04110455718511,0.66796895990987,0.478629912647204,0.999519314121592,0.999498173819493,"soc_net_bl"
"80","YBX1","End",0.00155033777876418,7.13269131168276,0.0360257956332012,0.849619532330835,0.999519314121592,0.999498173819493,"soc_net_bl"
"81","SLC2A1","End",-0.00252325646583852,10.0902991770394,0.282433542138477,0.595592535985973,0.999519314121592,0.999498173819493,"soc_net_bl"
"82","TIE1","End",-0.00913195431850092,8.51369763462227,2.79175145054389,0.0960286342303351,0.999519314121592,0.999498173819493,"soc_net_bl"
"83","ATP6V0B","End",0.0029277782871737,6.86623873133797,0.111783041993026,0.738409511639461,0.999519314121592,0.999498173819493,"soc_net_bl"
"84","RNF220","End",-0.00204826695544222,8.32549160742247,0.12991704889891,0.718828893320316,0.999519314121592,0.999498173819493,"soc_net_bl"
"85","RPS8","End",0.00601520182976546,7.66178573972873,0.459332307745767,0.498576289509274,0.999519314121592,0.999498173819493,"soc_net_bl"
"86","ZSWIM5","End",-8.51677868465081e-05,8.35359831241212,0.000260295297732314,0.98714089478289,0.999519314121592,0.999498173819493,"soc_net_bl"
"87","PRDX1","End",0.0030644100460162,7.44653490633224,0.168390084759946,0.681905518006983,0.999519314121592,0.999498173819493,"soc_net_bl"
"88","NASP","End",-0.01102442123634,7.27012110296304,2.6521559015405,0.104695887134599,0.999519314121592,0.999498173819493,"soc_net_bl"
"89","GPBP1L1","End",0.00371192916705136,7.92404865005676,0.564971729630681,0.460057472226044,0.999519314121592,0.999498173819493,"soc_net_bl"
"90","MAST2","End",0.00604969270835889,7.0892359671034,0.6569652142386,0.418420709347033,0.999519314121592,0.999498173819493,"soc_net_bl"
"91","PIK3R3","End",-0.012494540278495,7.1759423337232,1.99518059992591,0.159070390499379,0.999519314121592,0.999498173819493,"soc_net_bl"
"92","EFCAB14","End",0.00446544493318927,7.22430264817908,0.494155364017653,0.536364274520476,0.999519314121592,0.999498173819493,"soc_net_bl"
"93","SPATA6","End",-0.0156109635473252,6.72131056119419,2.0827412413297,0.150250922421195,0.999519314121592,0.999498173819493,"soc_net_bl"
"94","FAF1","End",-0.00147042952938719,8.95283602036916,0.147577906597966,0.701194330513585,0.999519314121592,0.999498173819493,"soc_net_bl"
"95","RNF11","End",0.0193736131690551,6.90701453984127,7.28696602459626,0.00742986581347572,0.999519314121592,0.999498173819493,"soc_net_bl"
"96","EPS15","End",-0.00172958220197528,8.45981391721115,0.213042977769948,0.882445566240777,0.999519314121592,0.999498173819493,"soc_net_bl"
"97","OSBPL9","End",0.00130530995665691,7.77544964949501,0.0633828824119569,0.801438150889693,0.999519314121592,0.999498173819493,"soc_net_bl"
"98","NRDC","End",8.56444381248332e-05,8.11959109309157,0.000327538471118597,0.9855753972907,0.999519314121592,0.999498173819493,"soc_net_bl"
"99","ZFYVE9","End",-0.000101687216331374,7.24487910892388,0.000179651825346198,0.989316851470385,0.999519314121592,0.999498173819493,"soc_net_bl"
"100","TUT4","End",0.0069755391570534,8.16397981912239,2.56683283284674,0.110415663839898,0.999519314121592,0.999498173819493,"soc_net_bl"
"101","ECHDC2","End",0.00341042356743444,7.61591748881638,0.313076959035191,0.576309767181105,0.999519314121592,0.999498173819493,"soc_net_bl"
"102","SCP2","End",0.00341479764894421,7.34608925193184,0.246704321591328,0.619851056004757,0.999519314121592,0.999498173819493,"soc_net_bl"
"103","PODN","End",0.010148090333912,7.02971073085051,1.71416866021005,0.191673057438422,0.999519314121592,0.999498173819493,"soc_net_bl"
"104","SLC1A7","End",0.0273798996493344,6.5684623069117,3.58417819129262,0.0595117622275565,0.999519314121592,0.999498173819493,"soc_net_bl"
"105","LRP8","End",0.00113666652812932,8.15349466698535,0.0306607888825515,0.861144063377479,0.999519314121592,0.999498173819493,"soc_net_bl"
"106","TMEM59","End",-0.00127677801564735,7.47068269331997,0.0397190147585737,0.948985513447162,0.999519314121592,0.999498173819493,"soc_net_bl"
"107","SSBP3","End",-0.00114096550679551,7.37672328642561,0.0248914973314888,0.874767798089437,0.999519314121592,0.999498173819493,"soc_net_bl"
"108","USP24","End",0.00338971677117901,7.7265743994992,0.426808734489776,0.514172200050249,0.999519314121592,0.999498173819493,"soc_net_bl"
"109","JUN","End",0.00368822384598727,8.48679152011723,0.20301368678983,0.652698035372164,0.999519314121592,0.999498173819493,"soc_net_bl"
"110","NFIA","End",0.00466875217383764,9.56841362941563,1.18805821939886,0.276793433403014,0.999519314121592,0.999498173819493,"soc_net_bl"
"111","PATJ","End",-0.00320298423744939,7.25543888352169,0.207359112329641,0.649248881234625,0.999519314121592,0.999498173819493,"soc_net_bl"
"112","DOCK7","End",0.000210271727727272,7.43092035834086,0.0010446579127303,0.974242267020642,0.999519314121592,0.999498173819493,"soc_net_bl"
"113","ROR1","End",0.0129888725974402,6.88636413122152,0.594889918408845,0.441278318404395,0.999519314121592,0.999498173819493,"soc_net_bl"
"114","CACHD1","End",-0.0113413852303997,7.18280184887745,1.27114733979626,0.260655500179268,0.999519314121592,0.999498173819493,"soc_net_bl"
"115","JAK1","End",-0.0086937209094518,8.70679737431321,3.08771483741407,0.0801356835121283,0.999519314121592,0.999498173819493,"soc_net_bl"
"116","DNAJC6","End",0.00858244635685672,7.05421156473389,0.932174588485346,0.335251396459249,0.999519314121592,0.999498173819493,"soc_net_bl"
"117","LEPR","End",0.00589764380549617,8.68057975707289,1.24453819981071,0.265692220793609,0.999519314121592,0.999498173819493,"soc_net_bl"
"118","PDE4B","End",0.00430120542280491,7.24056216238885,0.194361797877342,0.659699972857416,0.999519314121592,0.999498173819493,"soc_net_bl"
"119","SGIP1","End",0.0195856920334278,6.54928127647128,1.83153741231299,0.177194513932309,0.999519314121592,0.999498173819493,"soc_net_bl"
"120","MIER1","End",-8.67904513946415e-05,7.6433200996881,0.000312624076287066,0.985907598877846,0.999519314121592,0.999498173819493,"soc_net_bl"
"121","SERBP1","End",0.00714845320446748,7.38902542940616,1.55344477859763,0.312141545494372,0.999519314121592,0.999498173819493,"soc_net_bl"
"122","GNG12","End",-0.0230514635054332,6.69928863213886,3.63038069648154,0.0579056074852774,0.999519314121592,0.999498173819493,"soc_net_bl"
"123","WLS","End",0.00690687847377379,7.31585223867963,0.999854009874407,0.318333278458656,0.999519314121592,0.999498173819493,"soc_net_bl"
"124","SRSF11","End",1.0691175906767e-05,8.45155385644929,5.22373623125283e-06,0.998178258524208,0.999519314121592,0.999498173819493,"soc_net_bl"
"125","ANKRD13C","End",0.00193209068883685,7.21119085964713,0.0848081484317261,0.771130918577954,0.999519314121592,0.999498173819493,"soc_net_bl"
"126","ZRANB2","End",-0.00713733459866824,8.03235141877486,2.29958839494752,0.130698621428681,0.999519314121592,0.999498173819493,"soc_net_bl"
"127","NEGR1","End",0.0200747122974608,6.90274352213027,5.3871419302736,0.0211078789841279,0.999519314121592,0.999498173819493,"soc_net_bl"
"128","ST6GALNAC3","End",-0.00980701476545867,12.3851353757481,5.04722028294731,0.0255574633669304,0.999519314121592,0.999498173819493,"soc_net_bl"
"129","AC118549.1","End",0.00106746100763658,8.02500017057507,0.0401645963100091,0.841325513118563,0.999519314121592,0.999498173819493,"soc_net_bl"
"130","USP33","End",-0.00293596861730377,7.73554511990341,0.339033520123129,0.560923543582297,0.999519314121592,0.999498173819493,"soc_net_bl"
"131","MIGA1","End",-0.00343883038938489,7.28943523527994,0.227401932151143,0.633882425005147,0.999519314121592,0.999498173819493,"soc_net_bl"
"132","FUBP1","End",-0.00213340049454261,7.41961968727653,0.130042929246035,0.878778758460664,0.999519314121592,0.999498173819493,"soc_net_bl"
"133","IFI44L","End",0.0155013226059896,8.28366768356193,1.76738563458536,0.184943611350319,0.999519314121592,0.999498173819493,"soc_net_bl"
"134","IFI44","End",0.0132115495921292,7.849640801912,3.9306096316971,0.0485328317787713,0.999519314121592,0.999498173819493,"soc_net_bl"
"135","ADGRL4","End",0.000315587273270562,9.71081188912982,0.00702160031223739,0.933287919354868,0.999519314121592,0.999498173819493,"soc_net_bl"
"136","ADGRL2","End",-0.00151018314843927,9.38439689596525,0.0982688687629079,0.754183990527697,0.999519314121592,0.999498173819493,"soc_net_bl"
"137","LINC01725","End",0.00727048013474029,6.88877621849115,0.454743747779538,0.50072714661772,0.999519314121592,0.999498173819493,"soc_net_bl"
"138","PRKACB","End",-0.000419128070521938,8.1787562281082,0.00495252714585297,0.943953290601812,0.999519314121592,0.999498173819493,"soc_net_bl"
"139","GNG5","End",-0.00942126994896994,7.19140200584764,1.19999677792455,0.274398969939907,0.999519314121592,0.999498173819493,"soc_net_bl"
"140","DDAH1","End",-0.0087742396443603,6.40837095096342,0.39896400997112,0.528214198694156,0.999519314121592,0.999498173819493,"soc_net_bl"
"141","CYR61","End",-0.0143849461550426,7.0648817525255,0.90178584791926,0.343239944153421,0.999519314121592,0.999498173819493,"soc_net_bl"
"142","ODF2L","End",-0.00107110744139014,7.86635417669827,0.0348561859220623,0.852051976573166,0.999519314121592,0.999498173819493,"soc_net_bl"
"143","SH3GLB1","End",0.00620894139281057,7.45901132541989,1.13178434444213,0.387229171363201,0.999519314121592,0.999498173819493,"soc_net_bl"
"144","PKN2","End",-0.00971598600383638,8.40723357029322,4.89154546762432,0.0279127994534631,0.999519314121592,0.999498173819493,"soc_net_bl"
"145","GBP1","End",0.00142571121920202,6.82029573604493,0.00980894790949185,0.921187464283482,0.999519314121592,0.999498173819493,"soc_net_bl"
"146","GBP2","End",0.0036740862249987,7.56662546683548,0.125921081021681,0.723004810210896,0.999519314121592,0.999498173819493,"soc_net_bl"
"147","GBP4","End",-0.00283359807953317,7.83671962861175,0.0574970665394469,0.810697252940338,0.999519314121592,0.999498173819493,"soc_net_bl"
"148","LRRC8B","End",-0.00974970010068065,7.37236829677788,1.86926215569295,0.172813792762563,0.999519314121592,0.999498173819493,"soc_net_bl"
"149","ZNF644","End",0.002557756694573,8.3081320828308,0.291839936852283,0.589535026365735,0.999519314121592,0.999498173819493,"soc_net_bl"
"150","TGFBR3","End",0.000222691887002657,8.03307070295076,0.00144303909433085,0.969728726811629,0.999519314121592,0.999498173819493,"soc_net_bl"
"151","RPAP2","End",-0.0015333433153001,7.26641383425715,0.0507487184207626,0.821953491882413,0.999519314121592,0.999498173819493,"soc_net_bl"
"152","EVI5","End",-0.00286596610297099,7.64749812431066,0.215674988199869,0.948138572616725,0.999519314121592,0.999498173819493,"soc_net_bl"
"153","RPL5","End",-0.0151740006469811,7.24496844790712,3.692459222772,0.055820108147442,0.999519314121592,0.999498173819493,"soc_net_bl"
"154","MTF2","End",-0.00815389540347358,7.36202957932991,1.48871190368776,0.223590610966345,0.999519314121592,0.999498173819493,"soc_net_bl"
"155","FNBP1L","End",-0.0099159381793339,7.89883615596466,2.58417256322962,0.109225884391437,0.999519314121592,0.999498173819493,"soc_net_bl"
"156","BCAR3","End",-0.000344825311934167,8.04240613343027,0.00458335897360692,0.946079310545847,0.999519314121592,0.999498173819493,"soc_net_bl"
"157","ARHGAP29","End",-0.00806635200746868,10.3525406527863,3.33390419888638,0.0690838576608266,0.999519314121592,0.999498173819493,"soc_net_bl"
"158","ABCD3","End",0.000477639083416092,8.08301539040256,0.00353831684720969,0.952615339871789,0.999519314121592,0.999498173819493,"soc_net_bl"
"159","CNN3","End",0.000247067100672522,7.25966303405022,0.00150216546487891,0.969115097885521,0.999519314121592,0.999498173819493,"soc_net_bl"
"160","PTBP2","End",-0.0012898483677279,8.30268442953803,0.072048064595311,0.821427039811255,0.999519314121592,0.999498173819493,"soc_net_bl"
"161","DPYD","End",-0.000862043713440868,8.99481127264275,0.0386182002823136,0.844370041529505,0.999519314121592,0.999498173819493,"soc_net_bl"
"162","PLPPR4","End",0.00877605407848714,7.07591996256969,0.733521366036455,0.392581803783083,0.999519314121592,0.999498173819493,"soc_net_bl"
"163","PALMD","End",0.00679085868454777,9.17006314361679,1.47855501772445,0.225172073232837,0.999519314121592,0.999498173819493,"soc_net_bl"
"164","CDC14A","End",-0.0111090136626898,8.1177639775837,3.18582405066814,0.0755178263275878,0.999519314121592,0.999498173819493,"soc_net_bl"
"165","VCAM1","End",-0.00979704947070503,6.91838275901211,0.234225560915622,0.62884088335356,0.999519314121592,0.999498173819493,"soc_net_bl"
"166","SLC30A7","End",0.0048608327217638,7.57170202390116,0.503132341674422,0.478802092630842,0.999519314121592,0.999498173819493,"soc_net_bl"
"167","S1PR1","End",-0.0128508278414668,7.94940962201187,3.06424199793559,0.0812853062493966,0.999519314121592,0.999498173819493,"soc_net_bl"
"168","RNPC3","End",-0.00788283119491313,7.09769427999468,1.27213049130264,0.260471693279638,0.999519314121592,0.999498173819493,"soc_net_bl"
"169","NTNG1","End",0.00943004676857611,6.88717267084014,0.793822163986435,0.373821790459779,0.999519314121592,0.999498173819493,"soc_net_bl"
"170","SORT1","End",-3.20300544749602e-05,9.69999049483364,3.31968106587838e-05,0.995407572868515,0.999519314121592,0.999498173819493,"soc_net_bl"
"171","GNAI3","End",0.000497264072052712,7.17293984578663,0.00534855087029652,0.941759379885301,0.999519314121592,0.999498173819493,"soc_net_bl"
"172","AHCYL1","End",-0.0043024901922045,7.21732031474145,0.417452794051659,0.518816065925578,0.999519314121592,0.999498173819493,"soc_net_bl"
"173","SLC16A4","End",0.00854263145601237,6.85590696320539,1.0686530798798,0.302270121498289,0.999519314121592,0.999498173819493,"soc_net_bl"
"174","LAMTOR5","End",0.00373693659990349,6.64246414409963,0.13835442706842,0.710244246149722,0.999519314121592,0.999498173819493,"soc_net_bl"
"175","RAP1A","End",-0.000636235948874399,8.60198500790609,0.0219108401698284,0.882446393034675,0.999519314121592,0.999498173819493,"soc_net_bl"
"176","AL445426.1","End",0.0138334379887697,6.85383574145,1.32277815839464,0.25121645480218,0.999519314121592,0.999498173819493,"soc_net_bl"
"177","CTTNBP2NL","End",-0.0109920634596926,8.81024836527693,5.01411968102896,0.0260402520868026,0.999519314121592,0.999498173819493,"soc_net_bl"
"178","WNT2B","End",-0.0121822221366497,7.49022770724596,2.05491366570084,0.152991923103792,0.999519314121592,0.999498173819493,"soc_net_bl"
"179","CAPZA1","End",-0.00766863616898568,7.57727957599262,1.63838082961953,0.201759508368049,0.999519314121592,0.999498173819493,"soc_net_bl"
"180","RHOC","End",-0.00585893185352408,7.86702732017363,0.574405917313272,0.449242439294976,0.999519314121592,0.999498173819493,"soc_net_bl"
"181","SLC16A1","End",0.00526478460376999,9.81717246257869,0.301209663813148,0.583625317164333,0.999519314121592,0.999498173819493,"soc_net_bl"
"182","SLC16A1-AS1","End",-0.0103966510102161,7.96078423935131,2.20305905622939,0.139023709203425,0.999519314121592,0.999498173819493,"soc_net_bl"
"183","MAGI3","End",-0.00760147556187321,8.81874901941323,2.65035176210064,0.104813391691809,0.999519314121592,0.999498173819493,"soc_net_bl"
"184","TRIM33","End",-0.000726408450280041,7.87801497442133,0.0225300825269405,0.880809136527966,0.999519314121592,0.999498173819493,"soc_net_bl"
"185","DENND2C","End",0.00244642548003238,6.8918576182881,0.0725498439209986,0.787886665730362,0.999519314121592,0.999498173819493,"soc_net_bl"
"186","CSDE1","End",-0.00794684258319717,7.64402372851135,1.8547356897319,0.174485638353559,0.999519314121592,0.999498173819493,"soc_net_bl"
"187","ATP1A1","End",-0.00078332616831958,8.74267305111692,0.0174628290074177,0.894976581350754,0.999519314121592,0.999498173819493,"soc_net_bl"
"188","CD58","End",-0.0119961240313201,7.34362461996433,2.48811621158253,0.116000392103343,0.999519314121592,0.999498173819493,"soc_net_bl"
"189","MAN1A2","End",0.00951568035154741,8.44570635772324,3.83703680364668,0.0512674358489954,0.999519314121592,0.999498173819493,"soc_net_bl"
"190","AL359915.2","End",0.00110169353811335,6.81417249407744,0.0135135057582476,0.907551623337549,0.999519314121592,0.999498173819493,"soc_net_bl"
"191","LINC00623","End",-0.00510156228130236,7.21498690087551,0.482862588143617,0.487787602717975,0.999519314121592,0.999498173819493,"soc_net_bl"
"192","SRGAP2C","End",-0.0098789152834384,7.70617251398183,2.78092714839991,0.0966717135175143,0.999519314121592,0.999498173819493,"soc_net_bl"
"193","SRGAP2B","End",-0.00217458709950889,7.88888647468226,0.126118637657402,0.722796615791105,0.999519314121592,0.999498173819493,"soc_net_bl"
"194","RNF115","End",-0.00613939046826653,8.96210822712622,1.7356583126017,0.18892169765936,0.999519314121592,0.999498173819493,"soc_net_bl"
"195","ITGA10","End",-0.015485856352796,7.09820166598582,2.59958567881107,0.10818019135067,0.999519314121592,0.999498173819493,"soc_net_bl"
"196","TXNIP","End",0.0060374049675299,8.29719824523115,0.300603752528814,0.584003839905984,0.999519314121592,0.999498173819493,"soc_net_bl"
"197","CHD1L","End",-0.0221433275625688,7.4989588693132,6.13339298008161,0.0139419777175743,0.999519314121592,0.999498173819493,"soc_net_bl"
"198","AC245297.3","End",-0.0127393471834703,6.63246960744171,1.07111332014091,0.301715479162446,0.999519314121592,0.999498173819493,"soc_net_bl"
"199","OTUD7B","End",-0.000751868763155687,7.4314688696426,0.0118850255330943,0.913277161589398,0.999519314121592,0.999498173819493,"soc_net_bl"
"200","RPRD2","End",0.0012198488503357,7.70582592197877,0.0496378803919028,0.876573036369304,0.999519314121592,0.999498173819493,"soc_net_bl"
"201","MCL1","End",-0.00182558362898437,8.16877739492081,0.0754337498049172,0.783815233879426,0.999519314121592,0.999498173819493,"soc_net_bl"
"202","ENSA","End",-0.00481829776220587,7.79066639953201,0.812386655164,0.368301543052533,0.999519314121592,0.999498173819493,"soc_net_bl"
"203","PIP5K1A","End",0.00547547573003608,7.18698361558378,0.686320049682288,0.408225928334624,0.999519314121592,0.999498173819493,"soc_net_bl"
"204","POGZ","End",0.000164720405001866,8.12185443792195,0.00147014685403485,0.969445862503856,0.999519314121592,0.999498173819493,"soc_net_bl"
"205","S100A10","End",-0.00618014271175665,8.16524742103492,0.480799366885742,0.488717880951104,0.999519314121592,0.999498173819493,"soc_net_bl"
"206","S100A11","End",-0.00370707610860311,7.30024633359093,0.157913988792701,0.691430659151673,0.999519314121592,0.999498173819493,"soc_net_bl"
"207","S100A6","End",-0.00656359692649957,7.4233874726501,0.287002096131166,0.592634523430648,0.999519314121592,0.999498173819493,"soc_net_bl"
"208","S100A16","End",0.0111046239969832,6.93207891590687,2.04104854104347,0.154378861077748,0.999519314121592,0.999498173819493,"soc_net_bl"
"209","S100A13","End",0.00401919130184406,6.90964332768603,0.223655168943271,0.636690288788481,0.999519314121592,0.999498173819493,"soc_net_bl"
"210","GATAD2B","End",-0.00252046589637157,8.09389047958471,0.230841086943233,0.631329982967003,0.999519314121592,0.999498173819493,"soc_net_bl"
"211","RPS27","End",0.014537991461362,6.9650130466101,2.06015079702545,0.152471748418052,0.999519314121592,0.999498173819493,"soc_net_bl"
"212","TPM3","End",-0.00567832049176803,8.11740544124955,0.960383162457133,0.328057936242758,0.999519314121592,0.999498173819493,"soc_net_bl"
"213","IL6R","End",0.013271032895309,7.51274703894319,2.53736578078449,0.112470601468821,0.999519314121592,0.999498173819493,"soc_net_bl"
"214","SHE","End",0.00273036846268675,7.68319008773093,0.196717234751986,0.657775527200691,0.999519314121592,0.999498173819493,"soc_net_bl"
"215","ADAR","End",0.00305526225283456,7.76809583350667,0.375479973555891,0.540601127592416,0.999519314121592,0.999498173819493,"soc_net_bl"
"216","ADAM15","End",-0.00958223634075813,7.49201909227452,1.69240921201098,0.194506978375737,0.999519314121592,0.999498173819493,"soc_net_bl"
"217","EFNA1","End",-0.00181145064810861,7.35219691353673,0.0546846956577035,0.815298759847168,0.999519314121592,0.999498173819493,"soc_net_bl"
"218","FDPS","End",-0.000733164031308231,7.85423260582253,0.0182820429444673,0.99761577741905,0.999519314121592,0.999498173819493,"soc_net_bl"
"219","ASH1L","End",-0.00537605662198415,8.94963970376515,2.03221045913603,0.456325737684503,0.999519314121592,0.999498173819493,"soc_net_bl"
"220","GON4L","End",-0.00587458841131356,7.64021119216449,1.08976638382796,0.297552825287019,0.999519314121592,0.999498173819493,"soc_net_bl"
"221","SYT11","End",-0.0119568726731058,6.88335132412399,1.91962734301637,0.167158887965726,0.999519314121592,0.999498173819493,"soc_net_bl"
"222","ARHGEF2","End",-0.0013813485346058,7.22629241618924,0.0329709334824467,0.856063399428812,0.999519314121592,0.999498173819493,"soc_net_bl"
"223","LMNA","End",-0.00639673461747331,7.04424941514828,0.660543192112478,0.417157995410495,0.999519314121592,0.999498173819493,"soc_net_bl"
"224","CCT3","End",-0.0013154991992336,7.05788638201252,0.0250349263713863,0.874410515983358,0.999519314121592,0.999498173819493,"soc_net_bl"
"225","NES","End",-0.010423355058987,7.53051110823234,1.79737781386332,0.181272697010995,0.999519314121592,0.999498173819493,"soc_net_bl"
"226","IFI16","End",-0.011577628063472,8.5688309151629,3.19178341740079,0.0752467609571017,0.999519314121592,0.999498173819493,"soc_net_bl"
"227","ACKR1","End",0.0105189373129858,7.52802664460296,0.365578284722339,0.545984447061482,0.999519314121592,0.999498173819493,"soc_net_bl"
"228","DUSP23","End",0.00276924469492448,7.12989596367,0.0622918367969032,0.803118911180006,0.999519314121592,0.999498173819493,"soc_net_bl"
"229","TAGLN2","End",0.00229741390903421,8.74856185892611,0.104245695702786,0.74706855110161,0.999519314121592,0.999498173819493,"soc_net_bl"
"230","ATP1A2","End",0.0242427488048915,7.78631199367469,2.49527531795879,0.115479737706369,0.999519314121592,0.999498173819493,"soc_net_bl"
"231","PEA15","End",-0.00337675234687433,7.09315720844249,0.164133496227566,0.685732914430529,0.999519314121592,0.999498173819493,"soc_net_bl"
"232","COPA","End",-0.0052696642104641,7.87168058343746,0.970558403282579,0.325513726885146,0.999519314121592,0.999498173819493,"soc_net_bl"
"233","NDUFS2","End",-0.000424472601113322,6.61544775358022,0.00163004612998625,0.967828004595587,0.999519314121592,0.999498173819493,"soc_net_bl"
"234","ATF6","End",-0.00168465401347638,8.14646461147305,0.112284876476533,0.737844664675049,0.999519314121592,0.999498173819493,"soc_net_bl"
"235","NOS1AP","End",0.0122556930084937,6.95794331674512,1.51969315883811,0.218848584149507,0.999519314121592,0.999498173819493,"soc_net_bl"
"236","UHMK1","End",-0.0026803256025462,7.07277762784253,0.129433807516664,0.719330006444427,0.999519314121592,0.999498173819493,"soc_net_bl"
"237","RGS5","End",0.0034614768840995,8.08305315511865,0.0590139116215005,0.808264776200248,0.999519314121592,0.999498173819493,"soc_net_bl"
"238","PBX1","End",0.00701514897450075,8.55279438415791,1.44751787463775,0.23008900769742,0.999519314121592,0.999498173819493,"soc_net_bl"
"239","MGST3","End",-0.00372984890359865,7.51995271545851,0.305091015227449,0.581212263957847,0.999519314121592,0.999498173819493,"soc_net_bl"
"240","POU2F1","End",-0.00452436419492038,8.04476074574501,0.729099170356656,0.394010176060993,0.999519314121592,0.999498173819493,"soc_net_bl"
"241","RCSD1","End",0.0155317227379872,7.63706210301503,3.29398912304821,0.0707577878672517,0.999519314121592,0.999498173819493,"soc_net_bl"
"242","MPZL1","End",0.00338456358658628,7.73257405634113,0.316129684433508,0.574457413561129,0.999519314121592,0.999498173819493,"soc_net_bl"
"243","DCAF6","End",-0.00976402496675172,7.95727381842438,2.97851650340494,0.0856384964502156,0.999519314121592,0.999498173819493,"soc_net_bl"
"244","ATP1B1","End",0.0171728979531288,7.11484104234063,3.11481830187045,0.0788301343746386,0.999519314121592,0.999498173819493,"soc_net_bl"
"245","SELE","End",-0.0432058781593562,5.99659591549292,2.28609812785637,0.131827663493794,0.999519314121592,0.999498173819493,"soc_net_bl"
"246","KIFAP3","End",-0.000501324422047775,7.2418017318492,0.00498275684390732,0.943782783460423,0.999519314121592,0.999498173819493,"soc_net_bl"
"247","PRRC2C","End",-0.00231425455599754,8.90209374378626,0.329938045634831,0.572175748420005,0.999519314121592,0.999498173819493,"soc_net_bl"
"248","DNM3","End",0.00318097675922543,9.73216618787944,0.450881752287955,0.502549710558867,0.999519314121592,0.999498173819493,"soc_net_bl"
"249","PRDX6","End",-0.00792173145307583,6.9380890451676,0.935131109729009,0.334487606557182,0.999519314121592,0.999498173819493,"soc_net_bl"
"250","KLHL20","End",-0.00418977472881135,7.69632444793769,0.440401267589746,0.507553378578308,0.999519314121592,0.999498173819493,"soc_net_bl"
"251","RC3H1","End",-0.000172216220715715,7.80927065518013,0.00101473496171025,0.974613719522782,0.999519314121592,0.999498173819493,"soc_net_bl"
"252","RABGAP1L","End",1.79893213195158e-05,9.24571216159692,2.6423071070095e-05,0.995902808792367,0.999519314121592,0.999498173819493,"soc_net_bl"
"253","CACYBP","End",0.00468699497136566,6.70418012696111,0.162477533891679,0.687237523791102,0.999519314121592,0.999498173819493,"soc_net_bl"
"254","COP1","End",-0.00420598344868135,8.70032710284506,1.1554165107833,0.283476540101029,0.999519314121592,0.999498173819493,"soc_net_bl"
"255","RASAL2","End",-0.00318272141717401,10.0415219578072,0.489307129410504,0.484900729464805,0.999519314121592,0.999498173819493,"soc_net_bl"
"256","RALGPS2","End",-0.00620392683357041,6.88357007542427,0.363249983623581,0.547264750893896,0.999519314121592,0.999498173819493,"soc_net_bl"
"257","ABL2","End",0.00372311198562931,8.03687633080911,0.394612771300809,0.53047030018276,0.999519314121592,0.999498173819493,"soc_net_bl"
"258","TOR1AIP2","End",0.0066763497725172,7.52703049992428,1.40781418714137,0.236569913134392,0.999519314121592,0.999498173819493,"soc_net_bl"
"259","CEP350","End",0.00586579606108483,8.31565277530739,1.98154569996704,0.160496302704538,0.999519314121592,0.999498173819493,"soc_net_bl"
"260","ACBD6","End",-0.00168937875388879,7.63046292087128,0.0630768825803775,0.801907982611475,0.999519314121592,0.999498173819493,"soc_net_bl"
"261","XPR1","End",-0.00644087067108142,8.72745175491605,1.75423867772956,0.186580029845062,0.999519314121592,0.999498173819493,"soc_net_bl"
"262","GLUL","End",0.00729510438554767,7.17043929628764,0.658671553229336,0.417817810660544,0.999519314121592,0.999498173819493,"soc_net_bl"
"263","DHX9","End",-0.000248594969720862,7.30451277003256,0.0019995168931929,0.964370170548815,0.999519314121592,0.999498173819493,"soc_net_bl"
"264","LAMC1","End",-0.00928778647798133,7.55888921817619,1.56414597496408,0.212253356942743,0.999519314121592,0.999498173819493,"soc_net_bl"
"265","SMG7","End",0.00261874469757062,7.30581383902464,0.147088199067874,0.701666545059784,0.999519314121592,0.999498173819493,"soc_net_bl"
"266","EDEM3","End",-0.0101046047388436,7.38748842843876,2.26994702384163,0.133193826031819,0.999519314121592,0.999498173819493,"soc_net_bl"
"267","IVNS1ABP","End",0.00652258172282933,7.22804427040666,0.572742004371463,0.449899174096633,0.999519314121592,0.999498173819493,"soc_net_bl"
"268","HMCN1","End",0.0143339054918202,8.05858416327904,3.76087759261318,0.0536141511068876,0.999519314121592,0.999498173819493,"soc_net_bl"
"269","TPR","End",0.000995744273767298,7.65420556311581,0.0367379149883264,0.867825346551493,0.999519314121592,0.999498173819493,"soc_net_bl"
"270","ODR4","End",0.00392059473051244,7.2583064240628,0.417052730880822,0.519016281336789,0.999519314121592,0.999498173819493,"soc_net_bl"
"271","PTGS2","End",-0.00262503826473887,6.52332548026198,0.0201830944096207,0.88714377239928,0.999519314121592,0.999498173819493,"soc_net_bl"
"272","PLA2G4A","End",0.00374859979051511,7.85208374592325,0.14462400423673,0.704056509072397,0.999519314121592,0.999498173819493,"soc_net_bl"
"273","TROVE2","End",0.0020261055766656,7.59776895297162,0.133921997445667,0.956242083148742,0.999519314121592,0.999498173819493,"soc_net_bl"
"274","CDC73","End",-0.000149002893226286,7.90568525253796,0.00058214094505473,0.980770487598512,0.999519314121592,0.999498173819493,"soc_net_bl"
"275","KCNT2","End",0.0202091654099825,8.3740515074966,8.26611056455308,0.00439474648755125,0.971205017707785,0.999498173819493,"soc_net_bl"
"276","CFH","End",0.0147524590493683,9.48706890520489,4.87999414383225,0.0280963936355206,0.999519314121592,0.999498173819493,"soc_net_bl"
"277","DENND1B","End",0.00816132920382627,7.36975304956627,1.57310315196624,0.210953317308136,0.999519314121592,0.999498173819493,"soc_net_bl"
"278","NEK7","End",0.0048149499757371,8.50668817319298,1.04546768840784,0.30756267629928,0.999519314121592,0.999498173819493,"soc_net_bl"
"279","MIR181A1HG","End",-0.00720591882727602,8.19300381637075,1.24218230676511,0.266143987942861,0.999519314121592,0.999498173819493,"soc_net_bl"
"280","CAMSAP2","End",0.00239150014423592,8.33486774356998,0.326519434560108,0.568240089024422,0.999519314121592,0.999498173819493,"soc_net_bl"
"281","NAV1","End",-0.0136818361884596,7.84194075935609,3.54212534454488,0.0610151452221348,0.999519314121592,0.999498173819493,"soc_net_bl"
"282","PPP1R12B","End",-0.00189813142729661,7.73212111780012,0.109643367278308,0.740833810710705,0.999519314121592,0.999498173819493,"soc_net_bl"
"283","BTG2","End",0.00524676996323148,7.63175533034115,0.503034667744719,0.478844735676125,0.999519314121592,0.999498173819493,"soc_net_bl"
"284","ATP2B4","End",-0.00093690071661341,7.46567008599845,0.0211605226567493,0.884462222036834,0.999519314121592,0.999498173819493,"soc_net_bl"
"285","SOX13","End",-0.00317874225397035,6.7106391338197,0.0936031570477619,0.759905552395361,0.999519314121592,0.999498173819493,"soc_net_bl"
"286","PIK3C2B","End",-0.00720261759670292,7.73900143407776,0.690067543081538,0.406950919163882,0.999519314121592,0.999498173819493,"soc_net_bl"
"287","MDM4","End",-0.00649058541960527,7.3796894108469,1.12733572207003,0.28939077642229,0.999519314121592,0.999498173819493,"soc_net_bl"
"288","NUCKS1","End",-0.000397038914141758,7.91600562005806,0.00488882649202532,0.944314307387654,0.999519314121592,0.999498173819493,"soc_net_bl"
"289","SRGAP2","End",-0.00192716533968348,8.75986013230486,0.186764648363022,0.666003578894999,0.999519314121592,0.999498173819493,"soc_net_bl"
"290","CD55","End",-0.00963835566940968,7.39351209098341,1.29182699613128,0.256823003285367,0.999519314121592,0.999498173819493,"soc_net_bl"
"291","CD46","End",-0.00604716281699537,9.02794960420967,1.32275257626804,0.251221025999019,0.999519314121592,0.999498173819493,"soc_net_bl"
"292","MIR29B2CHG","End",0.00135145190720976,8.19491404595577,0.0570696294375583,0.811388824363697,0.999519314121592,0.999498173819493,"soc_net_bl"
"293","CD34","End",0.00338313612076447,8.72510517498049,0.309921499093554,0.57823697286044,0.999519314121592,0.999498173819493,"soc_net_bl"
"294","PLXNA2","End",-0.00274924150255576,9.79490301193963,0.175773349566552,0.675398692497195,0.999519314121592,0.999498173819493,"soc_net_bl"
"295","RCOR3","End",-0.00329658918527524,7.15512386243002,0.190535972882012,0.662855675327099,0.999519314121592,0.999498173819493,"soc_net_bl"
"296","SLC30A1","End",-0.00524126999392483,8.13497464022759,0.730971500745865,0.393404498742201,0.999519314121592,0.999498173819493,"soc_net_bl"
"297","LINC01693","End",-0.0159069992787954,6.80081348071686,1.84019769705363,0.176177585398543,0.999519314121592,0.999498173819493,"soc_net_bl"
"298","LPGAT1","End",0.00284662539874797,7.41438460800287,0.216213687430615,0.642353537770851,0.999519314121592,0.999498173819493,"soc_net_bl"
"299","PPP2R5A","End",0.0111506826458868,7.47224577488406,3.24830561706194,0.0727274633454162,0.999519314121592,0.999498173819493,"soc_net_bl"
"300","ATF3","End",-0.00165179299500633,6.35700879377037,0.00996126665924348,0.920579921065038,0.999519314121592,0.999498173819493,"soc_net_bl"
"301","RPS6KC1","End",-0.0029157930537419,8.32289434004812,0.318387003532781,0.573095262205581,0.999519314121592,0.999498173819493,"soc_net_bl"
"302","SMYD2","End",-0.00270337758197268,7.25689790123984,0.116494371091947,0.733160976425209,0.999519314121592,0.999498173819493,"soc_net_bl"
"303","PTPN14","End",0.000423451256088339,9.12123216977649,0.0111860439798474,0.915856144767393,0.999519314121592,0.999498173819493,"soc_net_bl"
"304","KCTD3","End",0.000695378118475985,6.92142239523543,0.00696597025771919,0.93355209686792,0.999519314121592,0.999498173819493,"soc_net_bl"
"305","TGFB2","End",0.00624212422769084,6.68851461868662,0.23187341326723,0.630568391152782,0.999519314121592,0.999498173819493,"soc_net_bl"
"306","LYPLAL1","End",0.00562722242512522,7.11395270778607,0.540370950094045,0.462982731397868,0.999519314121592,0.999498173819493,"soc_net_bl"
"307","SLC30A10","End",0.0191094071379294,6.00485538937978,1.22605196469967,0.269263117524236,0.999519314121592,0.999498173819493,"soc_net_bl"
"308","RAB3GAP2","End",0.00225462859435637,7.92808630574264,0.182602681741845,0.847260129215822,0.999519314121592,0.999498173819493,"soc_net_bl"
"309","CAPN2","End",0.00639946440716639,7.41683552379074,1.04473108677162,0.307732789455652,0.999519314121592,0.999498173819493,"soc_net_bl"
"310","FBXO28","End",-5.65086860531124e-05,7.11136702678454,3.39851171164848e-05,0.995353366475119,0.999519314121592,0.999498173819493,"soc_net_bl"
"311","WDR26","End",0.00291207047346078,7.42891912598387,0.206616646682756,0.64983509932986,0.999519314121592,0.999498173819493,"soc_net_bl"
"312","LBR","End",-0.000541265865426074,7.12904234258175,0.00641507675885665,0.936227799515,0.999519314121592,0.999498173819493,"soc_net_bl"
"313","ENAH","End",-0.00582645030502512,7.60682548575523,0.846689002238806,0.358396606114179,0.999519314121592,0.999498173819493,"soc_net_bl"
"314","ITPKB","End",-0.00100821753194159,7.81182892269939,0.023292601564796,0.878824358339975,0.999519314121592,0.999498173819493,"soc_net_bl"
"315","CDC42BPA","End",0.000770336790239216,9.76642160790373,0.0570842219172978,0.811365169413179,0.999519314121592,0.999498173819493,"soc_net_bl"
"316","ARF1","End",0.000982503933927695,7.68498587731468,0.0266628111432743,0.870426798360697,0.999519314121592,0.999498173819493,"soc_net_bl"
"317","GUK1","End",-0.00126727755697781,7.70627931049828,0.0362391849548649,0.849180179743733,0.999519314121592,0.999498173819493,"soc_net_bl"
"318","GALNT2","End",0.0046323327994837,7.39340103603553,0.548152346912007,0.459783186108425,0.999519314121592,0.999498173819493,"soc_net_bl"
"319","FAM89A","End",0.00188856507416011,7.5219469005495,0.0928945033816774,0.760788128389467,0.999519314121592,0.999498173819493,"soc_net_bl"
"320","EGLN1","End",-0.0152722885720362,8.13051739901663,4.37731181521458,0.0374507983723315,0.999519314121592,0.999498173819493,"soc_net_bl"
"321","DISC1","End",-0.0073014125194074,7.92709215621668,0.83839575628213,0.360757137595,0.999519314121592,0.999498173819493,"soc_net_bl"
"322","SIPA1L2","End",0.00263202814884527,8.15985138791332,0.199065202047235,0.655870865588201,0.999519314121592,0.999498173819493,"soc_net_bl"
"323","ARID4B","End",7.57235917447718e-05,8.83946020280565,0.000407396553651039,0.983912981049882,0.999519314121592,0.999498173819493,"soc_net_bl"
"324","GNG4","End",0.0149667973832206,6.74947193356772,2.44598868997324,0.119117501605895,0.999519314121592,0.999498173819493,"soc_net_bl"
"325","LYST","End",0.00447311100022916,8.85758852671281,0.852876806871709,0.356649217843294,0.999519314121592,0.999498173819493,"soc_net_bl"
"326","MTR","End",-0.000345287918116406,7.05506904405541,0.00186324150023171,0.965604970942698,0.999519314121592,0.999498173819493,"soc_net_bl"
"327","CEP170","End",-0.00283388165304805,8.12511877653797,0.25959550686629,0.610857208176035,0.999519314121592,0.999498173819493,"soc_net_bl"
"328","SDCCAG8","End",0.00732684195023256,8.25487051431166,2.11259387519634,0.147372354790614,0.999519314121592,0.999498173819493,"soc_net_bl"
"329","AKT3","End",0.000314721495687633,10.4670537758981,0.00763775456997397,0.930429592584827,0.999519314121592,0.999498173819493,"soc_net_bl"
"330","HNRNPU","End",0.0058545064421779,8.55529484227785,1.35321054311343,0.245850357692176,0.999519314121592,0.999498173819493,"soc_net_bl"
"331","EFCAB2","End",-0.00247254680743686,7.60513518471444,0.132579628048174,0.716086566184849,0.999519314121592,0.999498173819493,"soc_net_bl"
"332","KIF26B","End",0.000229870078480638,6.59281148331892,0.000147741534724096,0.990311934383377,0.999519314121592,0.999498173819493,"soc_net_bl"
"333","SMYD3","End",0.00337152769657192,9.29292521914685,0.441479121917883,0.507034837431807,0.999519314121592,0.999498173819493,"soc_net_bl"
"334","CNST","End",-0.00226910004565955,7.69877547399438,0.133137058497354,0.715516397686403,0.999519314121592,0.999498173819493,"soc_net_bl"
"335","AHCTF1","End",-0.00451091923504392,7.31512664609563,0.483681922865793,0.697509784503883,0.999519314121592,0.999498173819493,"soc_net_bl"
"336","SNTG2","End",-0.0256719293183263,8.06421939109645,2.65956659447369,0.104214745325707,0.999519314121592,0.999498173819493,"soc_net_bl"
"337","TRAPPC12","End",0.00490913452604254,7.1159665687751,0.48304253549654,0.487706606781492,0.999519314121592,0.999498173819493,"soc_net_bl"
"338","RPS7","End",0.00390649272364798,7.75321351184214,0.223282311701119,0.636971284124706,0.999519314121592,0.999498173819493,"soc_net_bl"
"339","RSAD2","End",0.0280227505484593,6.5578722030633,4.52221507451798,0.034458274905552,0.999519314121592,0.999498173819493,"soc_net_bl"
"340","ID2","End",-0.012769664996963,6.57809813951876,0.871356014821699,0.351500044224958,0.999519314121592,0.999498173819493,"soc_net_bl"
"341","KIDINS220","End",0.00143328948066126,7.8663699755018,0.0761814384186167,0.947984322158944,0.999519314121592,0.999498173819493,"soc_net_bl"
"342","MBOAT2","End",-0.00934308260065539,7.03400196027398,1.13739793400096,0.287253586126442,0.999519314121592,0.999498173819493,"soc_net_bl"
"343","ASAP2","End",0.000658375239452933,7.66971129489368,0.00954317680428477,0.922259046696913,0.999519314121592,0.999498173819493,"soc_net_bl"
"344","ADAM17","End",-0.0138236861057875,7.50304784036684,4.22952857569823,0.0903504248325873,0.999519314121592,0.999498173819493,"soc_net_bl"
"345","YWHAQ","End",0.00409974249206574,7.34277011295097,0.483096711116134,0.487682226228452,0.999519314121592,0.999498173819493,"soc_net_bl"
"346","HPCAL1","End",-0.00628364442349988,7.95399054878353,1.15093749976499,0.284409492120946,0.999519314121592,0.999498173819493,"soc_net_bl"
"347","NOL10","End",-0.0057220687771464,7.19931205741182,0.654057842059955,0.419450963550783,0.999519314121592,0.999498173819493,"soc_net_bl"
"348","ROCK2","End",0.00674589465869413,8.41870872301851,2.87428227201286,0.0912766609108368,0.999519314121592,0.999498173819493,"soc_net_bl"
"349","NBAS","End",-8.23596047547868e-05,8.09691234089645,0.000276071296311413,0.986756978952244,0.999519314121592,0.999498173819493,"soc_net_bl"
"350","VSNL1","End",0.0115690495791839,6.92240158258986,1.34995081777755,0.246418355045259,0.999519314121592,0.999498173819493,"soc_net_bl"
"351","SMC6","End",-0.00128305581358865,7.19941924475547,0.0334043771729375,0.855130837419839,0.999519314121592,0.999498173819493,"soc_net_bl"
"352","LINC01376","End",-0.000272601652900768,7.23188880405844,0.000801638800145619,0.977435401401969,0.999519314121592,0.999498173819493,"soc_net_bl"
"353","LAPTM4A","End",-0.000578788497503724,7.87568967962068,0.00667190725504788,0.934966545305407,0.999519314121592,0.999498173819493,"soc_net_bl"
"354","PUM2","End",-0.00116349126021847,8.64084499017483,0.0958937859994975,0.757077488713092,0.999519314121592,0.999498173819493,"soc_net_bl"
"355","RHOB","End",0.00377819668222419,8.04985888112566,0.19854842820116,0.65628890996409,0.999519314121592,0.999498173819493,"soc_net_bl"
"356","KLHL29","End",-0.0156791299069841,7.109502904016,2.36781243662003,0.125152168539811,0.999519314121592,0.999498173819493,"soc_net_bl"
"357","ATAD2B","End",0.00292836319300321,8.05441866552682,0.364895464019264,0.704911869253279,0.999519314121592,0.999498173819493,"soc_net_bl"
"358","ITSN2","End",-0.00604389987885207,8.99592387225292,1.84131207828195,0.176047221876582,0.999519314121592,0.999498173819493,"soc_net_bl"
"359","NCOA1","End",0.00226865166711226,10.4697845524294,0.483204453765322,0.487633745034143,0.999519314121592,0.999498173819493,"soc_net_bl"
"360","EFR3B","End",-0.00634266972826646,8.37874922113117,1.10974892562558,0.293175282209627,0.999519314121592,0.999498173819493,"soc_net_bl"
"361","DTNB","End",0.00239287698199942,7.31532235115988,0.0991200564522768,0.753156371626099,0.999519314121592,0.999498173819493,"soc_net_bl"
"362","ASXL2","End",0.00041219470126023,7.30201170365351,0.00417976403451636,0.948504568987777,0.999519314121592,0.999498173819493,"soc_net_bl"
"363","RAB10","End",-0.00106627217312485,7.95923600969046,0.0549394153716421,0.814876925678229,0.999519314121592,0.999498173819493,"soc_net_bl"
"364","HADHB","End",0.00473333417285523,7.20247410727233,0.487637930593295,0.485645730819317,0.999519314121592,0.999498173819493,"soc_net_bl"
"365","SLC5A6","End",0.00381657930277151,7.93050695621179,0.1792933210505,0.672353060759086,0.999519314121592,0.999498173819493,"soc_net_bl"
"366","PPM1G","End",0.00618839526315756,6.97168528346206,0.664921671282175,0.415620483635259,0.999519314121592,0.999498173819493,"soc_net_bl"
"367","RBKS","End",0.00723575981038742,6.68623943353069,0.367011723351257,0.545198985048138,0.999519314121592,0.999498173819493,"soc_net_bl"
"368","BABAM2","End",0.000565368702212625,9.03013034537199,0.0143562493265776,0.904725947713274,0.999519314121592,0.999498173819493,"soc_net_bl"
"369","FOSL2","End",-0.00419174295672499,8.79589861575589,0.423499106779418,0.515806590876141,0.999519314121592,0.999498173819493,"soc_net_bl"
"370","PPP1CB","End",0.00360528027227162,7.5269312963658,0.138139566169437,0.710459109328423,0.999519314121592,0.999498173819493,"soc_net_bl"
"371","YIPF4","End",-0.00592214091595316,7.29566412651554,1.1199188886225,0.461163821857683,0.999519314121592,0.999498173819493,"soc_net_bl"
"372","BIRC6","End",-0.00470088341603317,9.21209262724934,1.68570980473502,0.195389393331832,0.999519314121592,0.999498173819493,"soc_net_bl"
"373","LINC00486","End",-0.0152908810505263,8.03584345626348,2.18588446056279,0.140566664013512,0.999519314121592,0.999498173819493,"soc_net_bl"
"374","LTBP1","End",0.0132016550362337,6.81641297020617,1.46557824412223,0.2272122721501,0.999519314121592,0.999498173819493,"soc_net_bl"
"375","RASGRP3","End",-0.0151060455454669,7.40147556609147,2.05360688633292,0.153122033126648,0.999519314121592,0.999498173819493,"soc_net_bl"
"376","CRIM1","End",0.00311711721808806,10.8954935032451,0.262587799397975,0.608809917122628,0.999519314121592,0.999498173819493,"soc_net_bl"
"377","FEZ2","End",-0.00166752892712385,8.49416697864812,0.116865672454119,0.732752411802128,0.999519314121592,0.999498173819493,"soc_net_bl"
"378","STRN","End",0.0021760612046557,7.62588221322598,0.15444793634123,0.952162714884824,0.999519314121592,0.999498173819493,"soc_net_bl"
"379","HEATR5B","End",-0.0104645023762254,7.43402293668288,2.87268080143113,0.0913663856982057,0.999519314121592,0.999498173819493,"soc_net_bl"
"380","EIF2AK2","End",-0.00209314482782054,7.948479209067,0.110850747755263,0.739462623745591,0.999519314121592,0.999498173819493,"soc_net_bl"
"381","PRKD3","End",-0.0012250048505753,8.13720513116967,0.0661731578677456,0.797208504099541,0.999519314121592,0.999498173819493,"soc_net_bl"
"382","CYP1B1","End",0.0101358487292001,6.36767776239954,0.496119542704121,0.481879709870776,0.999519314121592,0.999498173819493,"soc_net_bl"
"383","ATL2","End",0.00693913225378773,7.35743245181631,1.21407070725991,0.271609650042753,0.999519314121592,0.999498173819493,"soc_net_bl"
"384","SRSF7","End",-0.00330111373262643,7.77647909917811,0.215162051701414,0.643163402897898,0.999519314121592,0.999498173819493,"soc_net_bl"
"385","SOS1","End",0.00418661450676293,9.34456835301142,1.34363043403073,0.247524262838219,0.999519314121592,0.999498173819493,"soc_net_bl"
"386","MAP4K3","End",0.00296634274050124,8.90874212153876,0.584855930849311,0.445151866274692,0.999519314121592,0.999498173819493,"soc_net_bl"
"387","AC007388.1","End",0.0108674852791653,7.72112725050666,3.31401823572545,0.069912424230166,0.999519314121592,0.999498173819493,"soc_net_bl"
"388","SLC8A1","End",0.00439127835264017,6.69061333572745,0.11431609948174,0.735572628430061,0.999519314121592,0.999498173819493,"soc_net_bl"
"389","EML4","End",-0.0211680212879971,7.39773265899221,7.2110218354638,0.00774123611210587,0.999519314121592,0.999498173819493,"soc_net_bl"
"390","ZFP36L2","End",-0.00362971502917895,6.95279677650885,0.116436023131141,0.733225246194159,0.999519314121592,0.999498173819493,"soc_net_bl"
"391","THADA","End",-0.00772409870572487,7.97943720104622,1.86556869945434,0.173237107817653,0.999519314121592,0.999498173819493,"soc_net_bl"
"392","LRPPRC","End",0.001652468080184,7.28218169595192,0.0651266944051205,0.798783447836848,0.999519314121592,0.999498173819493,"soc_net_bl"
"393","PPM1B","End",0.00472999136218017,7.25508815514412,0.498959122047994,0.480629632574276,0.999519314121592,0.999498173819493,"soc_net_bl"
"394","PREPL","End",0.000535083153426923,7.31358593459511,0.0061474565559229,0.937569380891314,0.999519314121592,0.999498173819493,"soc_net_bl"
"395","CAMKMT","End",-0.00397142408734082,8.67567361202122,0.492179379852728,0.483623201172467,0.999519314121592,0.999498173819493,"soc_net_bl"
"396","SRBD1","End",0.0123736139335799,7.00859634249017,2.18439779256283,0.140701132012642,0.999519314121592,0.999498173819493,"soc_net_bl"
"397","PRKCE","End",-0.0130175700756384,8.94534604275873,5.68261853335768,0.017896839412105,0.999519314121592,0.999498173819493,"soc_net_bl"
"398","EPAS1","End",-0.00177109077484758,11.2579499956154,0.352559443402806,0.553216155200933,0.999519314121592,0.999498173819493,"soc_net_bl"
"399","SOCS5","End",0.00715455772102345,7.05082705493018,0.897859165385169,0.344290893694654,0.999519314121592,0.999498173819493,"soc_net_bl"
"400","TTC7A","End",-0.00285162401318528,7.67645518995043,0.14543031058994,0.703271940605706,0.999519314121592,0.999498173819493,"soc_net_bl"
"401","FBXO11","End",0.000969930704005903,8.64027212362262,0.0481693731846499,0.82646278648954,0.999519314121592,0.999498173819493,"soc_net_bl"
"402","FOXN2","End",-0.00259651678819648,7.09354837354861,0.107102852690536,0.743746617192038,0.999519314121592,0.999498173819493,"soc_net_bl"
"403","PPP1R21","End",0.00107720528944119,7.22932128010363,0.0219258189601179,0.882406512516183,0.999519314121592,0.999498173819493,"soc_net_bl"
"404","NRXN1","End",0.0148585159727255,7.48071195629104,3.08730504177409,0.0801556020123623,0.999519314121592,0.999498173819493,"soc_net_bl"
"405","PSME4","End",-0.00747789881828512,7.66941769628,1.45050871751156,0.22960958251932,0.999519314121592,0.999498173819493,"soc_net_bl"
"406","ACYP2","End",0.00459577199162294,7.7617832755733,0.587650843348457,0.444067634935545,0.999519314121592,0.999498173819493,"soc_net_bl"
"407","SPTBN1","End",0.00238667630128536,10.3322979333659,0.532746025962689,0.466152571390511,0.999519314121592,0.999498173819493,"soc_net_bl"
"408","RTN4","End",-0.00160238868856954,9.08705640482552,0.142146179750419,0.706483319196371,0.999519314121592,0.999498173819493,"soc_net_bl"
"409","RPS27A","End",0.00203418095080413,8.03067953447512,0.0439997498776615,0.834028558058793,0.999519314121592,0.999498173819493,"soc_net_bl"
"410","CCDC88A","End",0.00297841148254867,7.75943667369476,0.259093239331704,0.611202309968349,0.999519314121592,0.999498173819493,"soc_net_bl"
"411","PPP4R3B","End",0.00104968083046908,7.57146776579871,0.0375465929632857,0.956611559301749,0.999519314121592,0.999498173819493,"soc_net_bl"
"412","EFEMP1","End",-0.0302235489049535,6.57417273460274,2.14418217455535,0.144394364473137,0.999519314121592,0.999498173819493,"soc_net_bl"
"413","CCDC85A","End",0.00159830906399174,9.24726261224296,0.09587986795619,0.757094559859688,0.999519314121592,0.999498173819493,"soc_net_bl"
"414","VRK2","End",-0.00198410511915536,7.93381599280439,0.142562387027386,0.931499797987597,0.999519314121592,0.999498173819493,"soc_net_bl"
"415","FANCL","End",0.00932572679122758,7.39884832458931,2.05295737350392,0.153186749044854,0.999519314121592,0.999498173819493,"soc_net_bl"
"416","REL","End",0.0131701832359736,6.96425176565767,2.71968152624189,0.100400521557077,0.999519314121592,0.999498173819493,"soc_net_bl"
"417","KIAA1841","End",-0.000439306048056396,6.86485243027691,0.00276965924327527,0.958071587393227,0.999519314121592,0.999498173819493,"soc_net_bl"
"418","USP34","End",-0.00884567303831026,9.69506436282512,4.85625142692063,0.0284777392371828,0.999519314121592,0.999498173819493,"soc_net_bl"
"419","XPO1","End",-0.002323195219195,7.53873133094494,0.0940230449846993,0.75938433621203,0.999519314121592,0.999498173819493,"soc_net_bl"
"420","CCT4","End",0.00921143820331775,7.10087671637051,1.35785825465666,0.245043284199387,0.999519314121592,0.999498173819493,"soc_net_bl"
"421","COMMD1","End",0.000365632804646114,8.15425116067093,0.0058186953349429,0.939258349162182,0.999519314121592,0.999498173819493,"soc_net_bl"
"422","EHBP1","End",0.00113266788034454,8.04096553210219,0.05086898617652,0.821746206261024,0.999519314121592,0.999498173819493,"soc_net_bl"
"423","WDPCP","End",0.00860966058628506,7.8770442447719,1.86798802362556,0.172959688524526,0.999519314121592,0.999498173819493,"soc_net_bl"
"424","MDH1","End",0.0182027761374648,6.77090900943115,4.37206020786291,0.037564267280068,0.999519314121592,0.999498173819493,"soc_net_bl"
"425","UGP2","End",-0.00637096681584472,7.79332587768887,0.773101348376959,0.380121667696873,0.999519314121592,0.999498173819493,"soc_net_bl"
"426","VPS54","End",-0.00289438678192153,8.00330370433123,0.292247575076356,0.755878611855618,0.999519314121592,0.999498173819493,"soc_net_bl"
"427","PELI1","End",-0.0134119686259761,9.19611953288457,2.4551623245218,0.118430872837877,0.999519314121592,0.999498173819493,"soc_net_bl"
"428","AFTPH","End",0.000423462667307328,7.36634139510537,0.00514739864607018,0.942863131281718,0.999519314121592,0.999498173819493,"soc_net_bl"
"429","RAB1A","End",0.00159862367417797,8.33726558296775,0.137272295469154,0.711328328451261,0.999519314121592,0.999498173819493,"soc_net_bl"
"430","ACTR2","End",0.00657345483925425,7.97262566818949,1.97420546506187,0.161269990569522,0.999519314121592,0.999498173819493,"soc_net_bl"
"431","SPRED2","End",0.00610564795099132,7.97256312031798,1.09868780314699,0.295588102752252,0.999519314121592,0.999498173819493,"soc_net_bl"
"432","AAK1","End",0.00383050270550155,9.04501205380351,0.946888883694974,0.331473077759642,0.999519314121592,0.999498173819493,"soc_net_bl"
"433","PCBP1","End",0.00302587786697444,7.06115559193766,0.126562985274322,0.722329011824074,0.999519314121592,0.999498173819493,"soc_net_bl"
"434","ZNF638","End",0.00219201849248702,9.32735650757438,0.388769460150231,0.533527499592952,0.999519314121592,0.999498173819493,"soc_net_bl"
"435","DYSF","End",-0.0143032818767676,7.12816561888099,2.06259421450275,0.152229746992943,0.999519314121592,0.999498173819493,"soc_net_bl"
"436","EXOC6B","End",-0.00614144740200472,10.0160303830787,3.40331841376479,0.0662734807414732,0.999519314121592,0.999498173819493,"soc_net_bl"
"437","ALMS1","End",-0.00228990552036686,6.96064805309693,0.0740968070210763,0.785692107409335,0.999519314121592,0.999498173819493,"soc_net_bl"
"438","AC007681.1","End",0.00130056689702683,6.59548853459495,0.00918839118892878,0.923713293177964,0.999519314121592,0.999498173819493,"soc_net_bl"
"439","LRRTM4","End",0.0122352995565573,7.2906376545364,1.6334374046776,0.202438895725917,0.999519314121592,0.999498173819493,"soc_net_bl"
"440","CTNNA2","End",0.00310899624248405,8.75467315956267,0.0587216769884947,0.808730819213351,0.999519314121592,0.999498173819493,"soc_net_bl"
"441","TMSB10","End",-0.00578875246714362,10.7868989826123,0.605919289430036,0.437080209704444,0.999519314121592,0.999498173819493,"soc_net_bl"
"442","KCMF1","End",0.00598519950157229,7.70111738237037,1.41933751241359,0.441163011491535,0.999519314121592,0.999498173819493,"soc_net_bl"
"443","TCF7L1","End",0.00431247536540828,7.66691627346625,0.293713959865006,0.588343300449263,0.999519314121592,0.999498173819493,"soc_net_bl"
"444","TGOLN2","End",-0.00578168207926668,7.39169723769407,0.95460554261642,0.329514363880269,0.999519314121592,0.999498173819493,"soc_net_bl"
"445","VAMP5","End",0.00066498552674759,7.30030970657957,0.00516166413224738,0.942784148078199,0.999519314121592,0.999498173819493,"soc_net_bl"
"446","ATOH8","End",-0.00148313068199437,7.49609431312155,0.0268702836298523,0.869928148195602,0.999519314121592,0.999498173819493,"soc_net_bl"
"447","KDM3A","End",0.000832114990134078,7.21026772761923,0.0140483188305903,0.905748416501384,0.999519314121592,0.999498173819493,"soc_net_bl"
"448","CYTOR","End",-0.00787208440946523,6.67727418020737,0.489591749500112,0.484773886054932,0.999519314121592,0.999498173819493,"soc_net_bl"
"449","ARID5A","End",-0.0108759862878926,7.27278974034739,1.23835657905834,0.266879660051412,0.999519314121592,0.999498173819493,"soc_net_bl"
"450","ANKRD36","End",-0.00443416408524231,7.2725539373182,0.328903366689005,0.566832062073742,0.999519314121592,0.999498173819493,"soc_net_bl"
"451","COX5B","End",0.00700321521083361,7.06297992230963,0.541908552431751,0.462347694218973,0.999519314121592,0.999498173819493,"soc_net_bl"
"452","TMEM131","End",0.00806436751363337,8.1748238680294,2.60217010767129,0.14447897288505,0.999519314121592,0.999498173819493,"soc_net_bl"
"453","INPP4A","End",-0.00548211298343241,7.11395162039046,0.536092659736835,0.523382291394481,0.999519314121592,0.999498173819493,"soc_net_bl"
"454","MGAT4A","End",-0.0206021477853396,8.35210849640131,8.98616017652905,0.00300046025786572,0.888697636424933,0.999498173819493,"soc_net_bl"
"455","AC079447.1","End",-0.0166773353138443,6.42584574007825,1.95911484442596,0.162874069569004,0.999519314121592,0.999498173819493,"soc_net_bl"
"456","EIF5B","End",-0.00448729207219352,7.1273771246434,0.379821134909584,0.538271683100574,0.999519314121592,0.999498173819493,"soc_net_bl"
"457","REV1","End",0.00748758008337935,7.50405398426966,2.09926053995028,0.148650220402837,0.999519314121592,0.999498173819493,"soc_net_bl"
"458","AFF3","End",0.00065518507129062,10.5330908274127,0.00467252006123597,0.945558182983375,0.999519314121592,0.999498173819493,"soc_net_bl"
"459","NPAS2","End",-0.00608841331130477,9.68182145689683,1.1034036959279,0.294556290235104,0.999519314121592,0.999498173819493,"soc_net_bl"
"460","RPL31","End",0.00548561759487175,6.82026713494362,0.280344292901995,0.596955508077559,0.999519314121592,0.999498173819493,"soc_net_bl"
"461","TBC1D8","End",-0.00119150021457845,8.05146290054347,0.0361748769486577,0.849312443651463,0.999519314121592,0.999498173819493,"soc_net_bl"
"462","RNF149","End",-0.00772302628336762,7.381472519549,1.21664145087651,0.271104011757294,0.999519314121592,0.999498173819493,"soc_net_bl"
"463","MAP4K4","End",0.00456796868617215,9.02447120671734,1.06901680254393,0.302188039837334,0.999519314121592,0.999498173819493,"soc_net_bl"
"464","IL1R1","End",0.0222925820271351,8.13775482036012,2.03476433933858,0.155012192177995,0.999519314121592,0.999498173819493,"soc_net_bl"
"465","IL18R1","End",-0.00270041313378314,7.9006313848942,0.0721044898794151,0.788523101006985,0.999519314121592,0.999498173819493,"soc_net_bl"
"466","GCC2","End",0.0120961416279315,7.58633115422053,4.76465060594234,0.0300005990651538,0.999519314121592,0.999498173819493,"soc_net_bl"
"467","LIMS1","End",0.0123701489334289,8.17238528497344,5.43133471730572,0.0205918128731692,0.999519314121592,0.999498173819493,"soc_net_bl"
"468","RANBP2","End",0.00117166736729623,7.5935959541642,0.0497157391822805,0.823744599118526,0.999519314121592,0.999498173819493,"soc_net_bl"
"469","SH3RF3","End",0.00554057041453894,7.56322544752252,0.286324813280961,0.593071124308965,0.999519314121592,0.999498173819493,"soc_net_bl"
"470","MIR4435-2HG","End",-0.0161094049154589,7.9031529367012,2.91075084064426,0.0892592761823942,0.999519314121592,0.999498173819493,"soc_net_bl"
"471","MERTK","End",-0.00694559429494916,7.76412159373338,1.12134026150732,0.290673870313205,0.999519314121592,0.999498173819493,"soc_net_bl"
"472","TMEM87B","End",0.00486388307495186,8.47559240824021,0.726232606657604,0.394940087612388,0.999519314121592,0.999498173819493,"soc_net_bl"
"473","SLC35F5","End",0.0020810573245205,7.32663672583053,0.132271492207913,0.716402326380738,0.999519314121592,0.999498173819493,"soc_net_bl"
"474","ACTR3","End",0.00470586022235495,7.84327600114666,0.752307413472856,0.386596150080785,0.999519314121592,0.999498173819493,"soc_net_bl"
"475","DPP10","End",0.00347311265771046,7.12427468002753,0.131747370434257,0.716940375139275,0.999519314121592,0.999498173819493,"soc_net_bl"
"476","CCDC93","End",0.000474713124153971,7.41494582976439,0.00691991412639146,0.933771614299192,0.999519314121592,0.999498173819493,"soc_net_bl"
"477","PTPN4","End",-0.00241819290100048,7.50739772712041,0.14871480184266,0.700101504217602,0.999519314121592,0.999498173819493,"soc_net_bl"
"478","EPB41L5","End",-0.00131455003981021,6.86502116413224,0.0193829723113787,0.889388613617569,0.999519314121592,0.999498173819493,"soc_net_bl"
"479","RALB","End",0.00282543438804932,7.14583375263214,0.148338732366275,0.700462463497177,0.999519314121592,0.999498173819493,"soc_net_bl"
"480","CLASP1","End",-0.004446328358144,8.65147336966926,0.951377822768258,0.398308156276853,0.999519314121592,0.999498173819493,"soc_net_bl"
"481","MAP3K2","End",-0.00673777422661636,7.91335813510392,1.29788354326063,0.255713821092105,0.999519314121592,0.999498173819493,"soc_net_bl"
"482","IWS1","End",0.00134543603598148,7.38975263406061,0.0422317248309836,0.837349494993476,0.999519314121592,0.999498173819493,"soc_net_bl"
"483","LIMS2","End",-0.000346143756192214,8.55586198283295,0.00379226774568754,0.950946448216227,0.999519314121592,0.999498173819493,"soc_net_bl"
"484","WDR33","End",0.00848336831758889,7.71239881176788,3.07268557138383,0.0808697201200632,0.999519314121592,0.999498173819493,"soc_net_bl"
"485","FAM168B","End",-0.00517228491805623,6.96963718309179,0.482265300347164,0.860593796526944,0.999519314121592,0.999498173819493,"soc_net_bl"
"486","MGAT5","End",0.00124576509071661,9.40454851695731,0.0626482994846862,0.802568070284486,0.999519314121592,0.999498173819493,"soc_net_bl"
"487","CCNT2","End",-0.00508983232272138,7.35402646396963,0.64322097410016,0.423324752618493,0.999519314121592,0.999498173819493,"soc_net_bl"
"488","RAB3GAP1","End",0.000448918017459404,8.34778560820961,0.0108733755565924,0.91703612485368,0.999519314121592,0.999498173819493,"soc_net_bl"
"489","R3HDM1","End",0.0053559005409389,8.3709424140302,1.24340760881852,0.265908903692023,0.999519314121592,0.999498173819493,"soc_net_bl"
"490","UBXN4","End",-0.00122918134939971,7.94116697402456,0.0587918945133876,0.845144185840864,0.999519314121592,0.999498173819493,"soc_net_bl"
"491","DARS","End",-0.00116254757015566,7.29254031452728,0.0347722834657066,0.852228081976275,0.999519314121592,0.999498173819493,"soc_net_bl"
"492","SPOPL","End",0.0125353735248874,6.87674918614371,2.1010327669177,0.148479647459245,0.999519314121592,0.999498173819493,"soc_net_bl"
"493","LRP1B","End",0.00101703320911719,7.13667369447912,0.0119708890393977,0.912965708846626,0.999519314121592,0.999498173819493,"soc_net_bl"
"494","GTDC1","End",0.0102292315534891,7.75366900949004,2.17515052763069,0.141540810535904,0.999519314121592,0.999498173819493,"soc_net_bl"
"495","ZEB2","End",0.0109593841957528,7.37622701051712,1.27179393758348,0.26053459614251,0.999519314121592,0.999498173819493,"soc_net_bl"
"496","ACVR2A","End",0.000429061153384454,7.27479735512525,0.00328897034717644,0.954313540610128,0.999519314121592,0.999498173819493,"soc_net_bl"
"497","MBD5","End",0.00584038778689369,9.4889131074976,2.69067713602572,0.102221285817797,0.999519314121592,0.999498173819493,"soc_net_bl"
"498","EPC2","End",0.00189664600282891,7.76463831926727,0.0975167650290516,0.755096064301837,0.999519314121592,0.999498173819493,"soc_net_bl"
"499","AC105402.3","End",-0.00152256920979405,7.87251854233826,0.0167766249864848,0.897048920603958,0.999519314121592,0.999498173819493,"soc_net_bl"
"500","RND3","End",0.00688615215222751,7.09684976633189,0.582568883025537,0.446042142457953,0.999519314121592,0.999498173819493,"soc_net_bl"
"501","RIF1","End",0.00587463230835129,7.45166622483533,1.02698138747261,0.31186935805256,0.999519314121592,0.999498173819493,"soc_net_bl"
"502","FMNL2","End",0.0021980771838277,8.98386813952488,0.0680622363265902,0.794398692013088,0.999519314121592,0.999498173819493,"soc_net_bl"
"503","PRPF40A","End",-0.00430709873293492,7.46768940390174,0.506153444595502,0.586656351126556,0.999519314121592,0.999498173819493,"soc_net_bl"
"504","GPD2","End",-0.00213202255265026,7.27287202567136,0.092703759255121,0.880371974057787,0.999519314121592,0.999498173819493,"soc_net_bl"
"505","ACVR1","End",0.00750028855625758,8.8986915203584,2.37507745212641,0.124577219684055,0.999519314121592,0.999498173819493,"soc_net_bl"
"506","PKP4","End",0.0036600893889449,9.79793257659036,0.656969315055315,0.418419258854654,0.999519314121592,0.999498173819493,"soc_net_bl"
"507","TANC1","End",0.00156944031603128,9.78179238848372,0.180156667952143,0.671611449839905,0.999519314121592,0.999498173819493,"soc_net_bl"
"508","BAZ2B","End",0.00612667570151262,9.46726769500263,3.37732058753684,0.074458101675498,0.999519314121592,0.999498173819493,"soc_net_bl"
"509","MARCH7","End",-0.00128888137530749,8.51461542090093,0.113248315612116,0.865068542190115,0.999519314121592,0.999498173819493,"soc_net_bl"
"510","RBMS1","End",-0.000543992028836718,9.15543322759276,0.0140355008318646,0.905791223238434,0.999519314121592,0.999498173819493,"soc_net_bl"
"511","TANK","End",0.00259193263209345,8.18225808611843,0.279009514075508,0.597829693438986,0.999519314121592,0.999498173819493,"soc_net_bl"
"512","IFIH1","End",0.00556740590721829,7.13571031957111,0.377790040199744,0.53935926060255,0.999519314121592,0.999498173819493,"soc_net_bl"
"513","COBLL1","End",-0.00243074135162118,10.9052815919458,0.341790237671736,0.559336138988774,0.999519314121592,0.999498173819493,"soc_net_bl"
"514","AC019197.1","End",-0.0114840586575754,8.76705897644495,1.21049263077789,0.272315395277608,0.999519314121592,0.999498173819493,"soc_net_bl"
"515","SLC38A11","End",0.0191323587415279,6.21375214564522,1.04140642298234,0.308502126106934,0.999519314121592,0.999498173819493,"soc_net_bl"
"516","SCN2A","End",0.00595144734529083,7.08635521918975,0.361770883487249,0.548081000273805,0.999519314121592,0.999498173819493,"soc_net_bl"
"517","STK39","End",0.00093088305404983,7.98523161763857,0.0215109177551191,0.883516370715215,0.999519314121592,0.999498173819493,"soc_net_bl"
"518","NOSTRIN","End",0.00246914785647052,9.24521142821036,0.190658994814779,0.662753616669313,0.999519314121592,0.999498173819493,"soc_net_bl"
"519","PPIG","End",0.00730853289055846,7.78195506739885,2.17120050128322,0.141901209333762,0.999519314121592,0.999498173819493,"soc_net_bl"
"520","UBR3","End",-0.00774704410102574,8.4901426715205,3.74829472476145,0.0842472336676125,0.999519314121592,0.999498173819493,"soc_net_bl"
"521","TLK1","End",-0.00336477522902413,7.82706697569338,0.363357974730766,0.901650376506063,0.999519314121592,0.999498173819493,"soc_net_bl"
"522","DYNC1I2","End",-0.00389045846748355,7.47419227331786,0.443479241987828,0.506075021477726,0.999519314121592,0.999498173819493,"soc_net_bl"
"523","ITGA6","End",0.00312711012531947,9.94123555287768,0.415609195146797,0.519739846365287,0.999519314121592,0.999498173819493,"soc_net_bl"
"524","AC078883.1","End",-0.0139368724141035,6.88100693073523,2.43165107183501,0.120199535364828,0.999519314121592,0.999498173819493,"soc_net_bl"
"525","RAPGEF4","End",0.00183203767042199,9.6429945116584,0.212912625546875,0.644903799051874,0.999519314121592,0.999498173819493,"soc_net_bl"
"526","MAP3K20","End",-0.00380390700490344,8.51916088152712,0.649896453353476,0.420932202227123,0.999519314121592,0.999498173819493,"soc_net_bl"
"527","SP3","End",0.00078706447748791,7.48532035079115,0.0175731953167815,0.894647167563696,0.999519314121592,0.999498173819493,"soc_net_bl"
"528","OLA1","End",-0.00912733137809864,7.90816490386073,2.39734393085643,0.122833355702956,0.999519314121592,0.999498173819493,"soc_net_bl"
"529","AC010894.3","End",0.0100877474694324,7.10969706989933,1.61353235247045,0.205202048934163,0.999519314121592,0.999498173819493,"soc_net_bl"
"530","WIPF1","End",-0.00237126660788655,7.41866456134579,0.120783509168727,0.728484905993468,0.999519314121592,0.999498173819493,"soc_net_bl"
"531","CHN1","End",0.00346245715612976,8.45985626074564,0.347803681826228,0.555903021710393,0.999519314121592,0.999498173819493,"soc_net_bl"
"532","ATF2","End",0.000803443664550379,7.75829743451084,0.0248334939389498,0.897112065936437,0.999519314121592,0.999498173819493,"soc_net_bl"
"533","HNRNPA3","End",-0.00190331749591863,8.10112153275459,0.141410109528583,0.79106904905587,0.999519314121592,0.999498173819493,"soc_net_bl"
"534","NFE2L2","End",0.00539792212770071,8.68530156480832,1.85697032692552,0.174227240843064,0.999519314121592,0.999498173819493,"soc_net_bl"
"535","AGPS","End",-0.00420867515095425,7.05201178182415,0.308586294977345,0.68452714377503,0.999519314121592,0.999498173819493,"soc_net_bl"
"536","TTN-AS1","End",-0.0111620621769839,7.29247285002318,1.74295786404087,0.187997665164545,0.999519314121592,0.999498173819493,"soc_net_bl"
"537","TTN","End",0.0167327039784826,6.87811518931345,2.16972344083361,0.142036242113947,0.999519314121592,0.999498173819493,"soc_net_bl"
"538","SESTD1","End",-0.00106476199742424,9.19587845470732,0.057548938301362,0.81061351230889,0.999519314121592,0.999498173819493,"soc_net_bl"
"539","ZNF385B","End",0.00155869464232364,8.7280359716985,0.0423646976484739,0.837097235887688,0.999519314121592,0.999498173819493,"soc_net_bl"
"540","UBE2E3","End",-0.000783580919965745,7.43661521200388,0.0150496467931038,0.902463537314007,0.999519314121592,0.999498173819493,"soc_net_bl"
"541","SSFA2","End",-0.000774871365465362,7.88923216641855,0.0218605199041265,0.882580471141503,0.999519314121592,0.999498173819493,"soc_net_bl"
"542","NCKAP1","End",-0.00277502887141281,8.89501062613201,0.542485988489966,0.795246483235006,0.999519314121592,0.999498173819493,"soc_net_bl"
"543","ITGAV","End",0.00258118190074462,9.00725850782215,0.270877862871955,0.603213930904469,0.999519314121592,0.999498173819493,"soc_net_bl"
"544","AC007319.1","End",0.0144009045753622,6.96908136113334,1.01183701551818,0.315456469723211,0.999519314121592,0.999498173819493,"soc_net_bl"
"545","CALCRL","End",-0.00975417897069729,8.15626402272392,1.4800429836601,0.224939551122968,0.999519314121592,0.999498173819493,"soc_net_bl"
"546","TFPI","End",0.0079887364416164,6.87663713547156,0.39100328451832,0.532355017827997,0.999519314121592,0.999498173819493,"soc_net_bl"
"547","GULP1","End",-0.00750055358192703,7.37607538812988,0.729353685884311,0.393927764232894,0.999519314121592,0.999498173819493,"soc_net_bl"
"548","ANKAR","End",0.00166608190031746,7.10309308937975,0.0395555965482047,0.84251710504521,0.999519314121592,0.999498173819493,"soc_net_bl"
"549","HIBCH","End",0.0135203590224171,7.90333584433831,2.63596048872027,0.105755925146517,0.999519314121592,0.999498173819493,"soc_net_bl"
"550","GLS","End",0.00637041503338129,8.35570431248944,1.5996006985818,0.207162611215982,0.999519314121592,0.999498173819493,"soc_net_bl"
"551","STAT1","End",0.00904846742890288,7.66064625659285,1.02353327505523,0.31268136047499,0.999519314121592,0.999498173819493,"soc_net_bl"
"552","MYO1B","End",-0.00361823041287409,7.45790873043298,0.2256663528746,0.635179531636572,0.999519314121592,0.999498173819493,"soc_net_bl"
"553","CAVIN2","End",0.0014048694736319,8.92310392102787,0.0477173553478172,0.827265955233437,0.999519314121592,0.999498173819493,"soc_net_bl"
"554","AC098617.1","End",0.0175004891967683,6.48656543525965,1.68877798403999,0.194984683835815,0.999519314121592,0.999498173819493,"soc_net_bl"
"555","SLC39A10","End",0.00886606307437591,10.1797058846652,1.66400539721525,0.19828073633025,0.999519314121592,0.999498173819493,"soc_net_bl"
"556","ANKRD44","End",0.00579643088507626,8.54465573234364,1.21204884764157,0.272008161670729,0.999519314121592,0.999498173819493,"soc_net_bl"
"557","SF3B1","End",-0.00350952932496586,7.78783220704489,0.575985899075308,0.448620217105238,0.999519314121592,0.999498173819493,"soc_net_bl"
"558","HSPD1","End",0.0132860854366736,7.40540931559989,1.1711637479789,0.28022719394658,0.999519314121592,0.999498173819493,"soc_net_bl"
"559","AC011997.1","End",0.00315181969597412,7.10306427855747,0.107004004556896,0.743860720565223,0.999519314121592,0.999498173819493,"soc_net_bl"
"560","PLCL1","End",-0.00362615030995309,7.22213573526745,0.142837272713449,0.705804038212622,0.999519314121592,0.999498173819493,"soc_net_bl"
"561","SPATS2L","End",0.00740113936894966,8.19714899126027,1.71102003412318,0.192080115427948,0.999519314121592,0.999498173819493,"soc_net_bl"
"562","CLK1","End",0.00453367452015387,7.92692964556839,0.651063804115771,0.420515896839064,0.999519314121592,0.999498173819493,"soc_net_bl"
"563","FAM126B","End",-0.00389531770829758,7.52616666279545,0.41768173720191,0.562872893574375,0.999519314121592,0.999498173819493,"soc_net_bl"
"564","CFLAR","End",-0.0041068443927003,9.66702665941389,1.14303877142438,0.286064297493441,0.999519314121592,0.999498173819493,"soc_net_bl"
"565","CASP10","End",0.00130551084380603,7.43887159473383,0.0425829854931626,0.83668402124066,0.999519314121592,0.999498173819493,"soc_net_bl"
"566","TRAK2","End",0.00742805786318398,7.50036162466722,1.66456842073396,0.198205099159873,0.999519314121592,0.999498173819493,"soc_net_bl"
"567","ALS2","End",0.00286746011349787,7.01828495992677,0.143952286814825,0.704712031594347,0.999519314121592,0.999498173819493,"soc_net_bl"
"568","BMPR2","End",-0.000951750625677384,10.3219828646953,0.0513858399027779,0.820858309810503,0.999519314121592,0.999498173819493,"soc_net_bl"
"569","FAM117B","End",-0.0329498833167854,7.44986203358475,6.66862418178992,0.0103944876554363,0.999519314121592,0.999498173819493,"soc_net_bl"
"570","NBEAL1","End",-0.00114760583177817,8.32656991180143,0.0449975993163926,0.832184970942071,0.999519314121592,0.999498173819493,"soc_net_bl"
"571","CYP20A1","End",-0.0028749415312466,7.10370275123291,0.140325632081909,0.708281830159909,0.999519314121592,0.999498173819493,"soc_net_bl"
"572","ABI2","End",-0.000727321954103829,7.48019246370851,0.0127017122377535,0.978130202713919,0.999519314121592,0.999498173819493,"soc_net_bl"
"573","RAPH1","End",0.00849603586931824,7.7475352126007,1.62557509004628,0.203525018379892,0.999519314121592,0.999498173819493,"soc_net_bl"
"574","PARD3B","End",-0.00618147190197645,8.4597442208116,0.841880036533864,0.359762787233261,0.999519314121592,0.999498173819493,"soc_net_bl"
"575","NRP2","End",0.00429127525878647,8.33731753231618,0.52829723878527,0.46801813990397,0.999519314121592,0.999498173819493,"soc_net_bl"
"576","INO80D","End",-0.0174454340046102,8.36980549990263,4.86287585716822,0.0283707979849654,0.999519314121592,0.999498173819493,"soc_net_bl"
"577","NDUFS1","End",0.0109458715877223,7.25755797922265,3.61363151147301,0.0738862391063753,0.999519314121592,0.999498173819493,"soc_net_bl"
"578","KLF7","End",-0.0124154725017242,8.32440402425345,4.20404913268841,0.0413927860435694,0.999519314121592,0.999498173819493,"soc_net_bl"
"579","CREB1","End",0.00507789538189755,7.85762417518769,0.995464947537052,0.469712086603889,0.999519314121592,0.999498173819493,"soc_net_bl"
"580","PIKFYVE","End",0.00413423447843483,7.59787850006421,0.625827277256207,0.429655881987853,0.999519314121592,0.999498173819493,"soc_net_bl"
"581","MAP2","End",0.00373535382349729,8.15053863450899,0.248563052082471,0.618536395486052,0.999519314121592,0.999498173819493,"soc_net_bl"
"582","KANSL1L","End",-8.01810405163078e-05,8.04811454574665,0.000165040262176267,0.989760483179456,0.999519314121592,0.999498173819493,"soc_net_bl"
"583","ERBB4","End",0.00885425592874988,6.72981221620495,0.600279302774544,0.439219242033969,0.999519314121592,0.999498173819493,"soc_net_bl"
"584","FN1","End",-0.00103968726635835,9.33971035881648,0.030691025230798,0.86107631339717,0.999519314121592,0.999498173819493,"soc_net_bl"
"585","LINC00607","End",-0.00607240328595228,6.98871163633874,0.168614276283391,0.681705505875424,0.999519314121592,0.999498173819493,"soc_net_bl"
"586","XRCC5","End",-0.00600823370324748,8.15891361304584,1.64357572448855,0.208032847008748,0.999519314121592,0.999498173819493,"soc_net_bl"
"587","RPL37A","End",-0.00474085125233282,7.58666633078845,0.321014396846815,0.571517793703109,0.999519314121592,0.999498173819493,"soc_net_bl"
"588","TNS1","End",-0.0131836152961055,9.17530584968463,3.70815391748324,0.0553056549681983,0.999519314121592,0.999498173819493,"soc_net_bl"
"589","ARPC2","End",-0.0002463242614198,7.77140841823425,0.00197155643214098,0.964619998867322,0.999519314121592,0.999498173819493,"soc_net_bl"
"590","CTDSP1","End",-0.00443706544018023,6.89805988180552,0.274610774764837,0.600729625765061,0.999519314121592,0.999498173819493,"soc_net_bl"
"591","USP37","End",0.00393132023187436,7.04119519243899,0.295201567734194,0.587400802152997,0.999519314121592,0.999498173819493,"soc_net_bl"
"592","EPHA4","End",0.000978042264489442,8.95831701630813,0.037931003282231,0.845743300322413,0.999519314121592,0.999498173819493,"soc_net_bl"
"593","SGPP2","End",-0.00747844529131799,9.1990839494742,1.93127421657372,0.165881744978105,0.999519314121592,0.999498173819493,"soc_net_bl"
"594","ACSL3","End",-0.00387529139297122,8.43046625707213,0.547365170362597,0.460105253855838,0.999519314121592,0.999498173819493,"soc_net_bl"
"595","WDFY1","End",-0.00033005939119712,8.19038865634472,0.00396234909468455,0.949859925437396,0.999519314121592,0.999498173819493,"soc_net_bl"
"596","CUL3","End",0.00989594585210138,8.12666120661883,5.7817032911665,0.0169374878428432,0.999519314121592,0.999498173819493,"soc_net_bl"
"597","RHBDD1","End",-0.0122449224019641,7.17601325785123,2.4070107955847,0.122084761073306,0.999519314121592,0.999498173819493,"soc_net_bl"
"598","AGFG1","End",0.00211020905614829,9.64234146158423,0.432989575508908,0.51114400389907,0.999519314121592,0.999498173819493,"soc_net_bl"
"599","C2orf83","End",-0.0111095124107996,7.84582589321805,0.865265231658622,0.353185885836081,0.999519314121592,0.999498173819493,"soc_net_bl"
"600","SLC19A3","End",0.00115631704314059,8.25617638268443,0.0456725557059588,0.83095003493192,0.999519314121592,0.999498173819493,"soc_net_bl"
"601","TRIP12","End",0.00309540539509961,8.66168948222873,0.624925623216467,0.429987972188446,0.999519314121592,0.999498173819493,"soc_net_bl"
"602","SLC16A14","End",0.0183990430859001,7.10100655382236,4.09360379294052,0.0441326889869255,0.999519314121592,0.999498173819493,"soc_net_bl"
"603","SP110","End",0.00457957624888281,7.3675689169086,0.397269072926374,0.529090962726648,0.999519314121592,0.999498173819493,"soc_net_bl"
"604","SP100","End",-0.00518539710406284,9.03200920071321,1.01601810965819,0.3144607456262,0.999519314121592,0.999498173819493,"soc_net_bl"
"605","CAB39","End",-0.00358149819454894,7.88993613504998,0.503599409667602,0.478598263436807,0.999519314121592,0.999498173819493,"soc_net_bl"
"606","PSMD1","End",0.00417776293259991,7.75580211249409,0.622769781821108,0.430783576419812,0.999519314121592,0.999498173819493,"soc_net_bl"
"607","ARMC9","End",0.000909121414171215,7.15683210910363,0.0100631578182144,0.920176130243972,0.999519314121592,0.999498173819493,"soc_net_bl"
"608","NCL","End",-0.00639700510151542,7.14530487147891,0.711891918038763,0.399640237947394,0.999519314121592,0.999498173819493,"soc_net_bl"
"609","PTMA","End",0.00597587095607148,9.43417525535021,0.819239362713332,0.366292655700898,0.999519314121592,0.999498173819493,"soc_net_bl"
"610","DIS3L2","End",-0.00392614152135361,7.38836034617866,0.380114629549612,0.690090348314401,0.999519314121592,0.999498173819493,"soc_net_bl"
"611","GIGYF2","End",0.0019520071933603,8.00294094978673,0.172990222540683,0.677832270049602,0.999519314121592,0.999498173819493,"soc_net_bl"
"612","INPP5D","End",-0.00474365761429576,9.21324720196506,0.716545635038709,0.398106135673381,0.999519314121592,0.999498173819493,"soc_net_bl"
"613","USP40","End",-0.00323071222791509,7.1614159600905,0.19588223639575,0.658456154902342,0.999519314121592,0.999498173819493,"soc_net_bl"
"614","SH3BP4","End",-0.00868780540999971,8.5276567258922,2.63243993894016,0.105987918217255,0.999519314121592,0.999498173819493,"soc_net_bl"
"615","AGAP1","End",-0.00377343763827212,9.19979487962081,0.672193543763211,0.413085494574443,0.999519314121592,0.999498173819493,"soc_net_bl"
"616","LRRFIP1","End",-0.00239533364893881,8.40678974034356,0.158341519033819,0.691034870572424,0.999519314121592,0.999498173819493,"soc_net_bl"
"617","HDAC4","End",-0.00315937339505542,7.85232996571614,0.292688939508738,0.881475548381014,0.999519314121592,0.999498173819493,"soc_net_bl"
"618","NDUFA10","End",0.00023678517665744,6.9748595327664,0.00100866228229576,0.98725060507379,0.999519314121592,0.999498173819493,"soc_net_bl"
"619","SNED1","End",0.00218381321217005,9.07394786585677,0.132442921882634,0.716226603578469,0.999519314121592,0.999498173819493,"soc_net_bl"
"620","HDLBP","End",0.0014665254236999,7.36428276009518,0.0719619977388369,0.788727174961019,0.999519314121592,0.999498173819493,"soc_net_bl"
"621","SEPT2","End",0.00211457620284614,7.91189472662007,0.171526121271235,0.679121718022278,0.999519314121592,0.999498173819493,"soc_net_bl"
"622","CHL1","End",-0.00462548705556353,6.69275222831785,0.133788745357009,0.714851531908202,0.999519314121592,0.999498173819493,"soc_net_bl"
"623","LINC01266","End",0.0386969245584197,6.3806633872322,8.65845635588183,0.00356804327787469,0.888697636424933,0.999498173819493,"soc_net_bl"
"624","CRBN","End",-0.00546187298003652,7.76174517130244,0.787594609772788,0.375699608817082,0.999519314121592,0.999498173819493,"soc_net_bl"
"625","SUMF1","End",0.0100626748771484,8.22168847035796,2.2051196608582,0.138839873383817,0.999519314121592,0.999498173819493,"soc_net_bl"
"626","ITPR1","End",0.00173092688117999,7.09139496810954,0.0318251360786425,0.858559539456719,0.999519314121592,0.999498173819493,"soc_net_bl"
"627","AC018816.1","End",-0.0103468406405235,8.0816953566889,1.82937000734378,0.177450084188202,0.999519314121592,0.999498173819493,"soc_net_bl"
"628","BHLHE40","End",-0.00366445705862928,8.50428225468536,0.291574170464665,0.589704432378467,0.999519314121592,0.999498173819493,"soc_net_bl"
"629","ARL8B","End",-0.0152020820383054,7.37052956570607,5.0777442608031,0.02512054899497,0.999519314121592,0.999498173819493,"soc_net_bl"
"630","AC069277.1","End",-0.0183377156649568,6.5822783966452,0.879391409257849,0.349292761372733,0.999519314121592,0.999498173819493,"soc_net_bl"
"631","LMCD1-AS1","End",0.00188698954422369,6.68545902477029,0.0222533326465814,0.881537973695265,0.999519314121592,0.999498173819493,"soc_net_bl"
"632","LMCD1","End",0.00688898354565719,7.56078853327409,0.85200670412137,0.356894217803107,0.999519314121592,0.999498173819493,"soc_net_bl"
"633","THUMPD3-AS1","End",0.000612611196499129,7.27753079984613,0.00856411395884371,0.926342722189546,0.999519314121592,0.999498173819493,"soc_net_bl"
"634","SETD5","End",-0.0050362844198607,8.929214461528,2.17048180150381,0.372526384110412,0.999519314121592,0.999498173819493,"soc_net_bl"
"635","BRK1","End",-0.00021831346965436,6.58010193141596,0.000481416112713758,0.982512737485282,0.999519314121592,0.999498173819493,"soc_net_bl"
"636","SLC6A1","End",0.0151904767545488,6.4854958671863,0.81447980920442,0.367686303069311,0.999519314121592,0.999498173819493,"soc_net_bl"
"637","ATG7","End",0.003296512645687,8.42220178861323,0.394265594240233,0.530651057316206,0.999519314121592,0.999498173819493,"soc_net_bl"
"638","VGLL4","End",-0.00565303366638205,8.85080171383714,1.45694644960358,0.228581723503568,0.999519314121592,0.999498173819493,"soc_net_bl"
"639","PPARG","End",-0.00273125699469056,6.63125293483884,0.0291174474137736,0.864649099173328,0.999519314121592,0.999498173819493,"soc_net_bl"
"640","RAF1","End",-0.00698754342504025,7.65962640275198,1.60842580094945,0.205918112694316,0.999519314121592,0.999498173819493,"soc_net_bl"
"641","RPL32","End",0.00555239282015825,7.67079552366213,0.326264949981282,0.568390798584864,0.999519314121592,0.999498173819493,"soc_net_bl"
"642","IQSEC1","End",-0.00602779615934862,8.18428324778224,1.1713257962502,0.280194002628119,0.999519314121592,0.999498173819493,"soc_net_bl"
"643","SLC6A6","End",-0.00666630472814409,7.59919319139871,0.24189398674365,0.623282271699735,0.999519314121592,0.999498173819493,"soc_net_bl"
"644","FGD5","End",-0.00124156737218594,8.25785046745932,0.0691238395825618,0.902346854094741,0.999519314121592,0.999498173819493,"soc_net_bl"
"645","NR2C2","End",-0.00526386836581521,7.57631697804423,0.810978245313849,0.375241776757734,0.999519314121592,0.999498173819493,"soc_net_bl"
"646","CAPN7","End",-0.000280960518360422,7.52336089741256,0.0025912068162913,0.95944361343061,0.999519314121592,0.999498173819493,"soc_net_bl"
"647","SH3BP5","End",-0.00112465672005883,6.83211318677054,0.0137382451211613,0.906789550735464,0.999519314121592,0.999498173819493,"soc_net_bl"
"648","ANKRD28","End",-0.00355011173315323,8.34429209389598,0.359514301006812,0.549330698897738,0.999519314121592,0.999498173819493,"soc_net_bl"
"649","GALNT15","End",0.00656392704860009,9.60603144350762,1.53491183618348,0.216563433518612,0.999519314121592,0.999498173819493,"soc_net_bl"
"650","RFTN1","End",0.000139112619913271,7.94721105602508,0.000311720390925909,0.985927979557894,0.999519314121592,0.999498173819493,"soc_net_bl"
"651","TBC1D5","End",0.00457119971758412,9.25413681528725,1.33787393377648,0.248536818858403,0.999519314121592,0.999498173819493,"soc_net_bl"
"652","RAB5A","End",0.00237003066138896,7.26728276261083,0.179257890097199,0.999519314121592,0.999519314121592,0.999747932445956,"soc_net_bl"
"653","KAT2B","End",0.0109800919889867,7.50599304242527,2.71470377512786,0.100710450725869,0.999519314121592,0.999498173819493,"soc_net_bl"
"654","ZNF385D","End",0.0101131039475706,8.49471090597272,1.03964319524185,0.308911160155394,0.999519314121592,0.999498173819493,"soc_net_bl"
"655","UBE2E2","End",-0.00265192159640652,8.55967324391182,0.156577945690067,0.692671523472325,0.999519314121592,0.999498173819493,"soc_net_bl"
"656","UBE2E1","End",-0.00077962966725958,7.81102023455766,0.0150207679175024,0.902556694001833,0.999519314121592,0.999498173819493,"soc_net_bl"
"657","RPL15","End",0.00490732468691888,8.30079015840244,0.436328733594072,0.509520910262411,0.999519314121592,0.999498173819493,"soc_net_bl"
"658","NR1D2","End",0.00347672919144726,7.17471822698251,0.242263106233304,0.623017482653346,0.999519314121592,0.999498173819493,"soc_net_bl"
"659","RARB","End",0.00487009612502958,6.55968398074993,0.192282437857282,0.661410472523696,0.999519314121592,0.999498173819493,"soc_net_bl"
"660","TOP2B","End",-0.000458285827637472,7.43503417725053,0.00686905452794928,0.946152840225574,0.999519314121592,0.999498173819493,"soc_net_bl"
"661","NGLY1","End",-0.00553470060144063,7.57866181012005,0.58163404767909,0.446406841728969,0.999519314121592,0.999498173819493,"soc_net_bl"
"662","SLC4A7","End",-0.00381120034349328,7.95109117169627,0.184275565103642,0.668101933007286,0.999519314121592,0.999498173819493,"soc_net_bl"
"663","RBMS3","End",0.00449377841272309,9.34886087276232,0.822395497029881,0.365372562006253,0.999519314121592,0.999498173819493,"soc_net_bl"
"664","RBMS3-AS3","End",-0.00369634125272631,7.5741400650726,0.216796353319095,0.641905857903556,0.999519314121592,0.999498173819493,"soc_net_bl"
"665","TGFBR2","End",0.00335750486346978,9.16713400206454,0.583309946750256,0.445753366739129,0.999519314121592,0.999498173819493,"soc_net_bl"
"666","STT3B","End",-0.00180046756190795,7.48761399054835,0.0843683650139182,0.771708496722997,0.999519314121592,0.999498173819493,"soc_net_bl"
"667","OSBPL10","End",-0.00374321961114421,7.8853445541267,0.259023678728485,0.611250137413949,0.999519314121592,0.999498173819493,"soc_net_bl"
"668","GPD1L","End",0.00568631816977029,7.05668831345874,0.627976585910428,0.428865832460496,0.999519314121592,0.999498173819493,"soc_net_bl"
"669","CMTM8","End",-0.00754319005577291,9.6283583943887,2.40128067082246,0.122527881367998,0.999519314121592,0.999498173819493,"soc_net_bl"
"670","DYNC1LI1","End",0.00700489722455931,6.80231559254237,0.825371458295511,0.423187590720498,0.999519314121592,0.999498173819493,"soc_net_bl"
"671","UBP1","End",-0.0136559407741607,6.86267418534153,2.51573597065975,0.276380139148318,0.999519314121592,0.999498173819493,"soc_net_bl"
"672","CLASP2","End",0.00401685350458584,8.74651787004554,0.916305653358813,0.339391325454839,0.999519314121592,0.999498173819493,"soc_net_bl"
"673","PDCD6IP","End",-0.0066025898881699,8.35170290282582,2.07420041833744,0.212889668959559,0.999519314121592,0.999498173819493,"soc_net_bl"
"674","LRRFIP2","End",-0.00728039361641665,8.09165954107523,1.86840280900916,0.363706171992155,0.999519314121592,0.999498173819493,"soc_net_bl"
"675","GOLGA4","End",-0.000290620906452339,8.6512499358396,0.00507127065851449,0.943286498970347,0.999519314121592,0.999498173819493,"soc_net_bl"
"676","OXSR1","End",-0.00255320288138496,7.31309022370127,0.154480185504226,0.934138786977757,0.999519314121592,0.999498173819493,"soc_net_bl"
"677","CSRNP1","End",-0.0102190348729344,6.86917804137651,0.991237676450159,0.320423235824542,0.999519314121592,0.999498173819493,"soc_net_bl"
"678","RPSA","End",-0.008890899190506,7.42902158608417,1.09062769608566,0.297362409910106,0.999519314121592,0.999498173819493,"soc_net_bl"
"679","MYRIP","End",0.00390091904302767,10.7441784252732,0.774810484412654,0.379596373766591,0.999519314121592,0.999498173819493,"soc_net_bl"
"680","RPL14","End",0.00492550082362158,7.72248750679122,0.417063135676888,0.519011072433304,0.999519314121592,0.999498173819493,"soc_net_bl"
"681","CTNNB1","End",0.00120220586824842,9.30907206948348,0.103657911248714,0.747758169443992,0.999519314121592,0.999498173819493,"soc_net_bl"
"682","ULK4","End",-0.0145067647555589,7.37807787952714,3.1099632462804,0.0790622924541181,0.999519314121592,0.999498173819493,"soc_net_bl"
"683","TRAK1","End",-0.0059047679904246,7.87586502908227,0.713763140607516,0.39902235693003,0.999519314121592,0.999498173819493,"soc_net_bl"
"684","CCK","End",0.0172179708060976,6.6453523069438,2.06524423122477,0.151967777853021,0.999519314121592,0.999498173819493,"soc_net_bl"
"685","NKTR","End",0.000964806801419833,9.80527809563608,0.0524437425371655,0.819055481032162,0.999519314121592,0.999498173819493,"soc_net_bl"
"686","SNRK","End",-0.00600921645031678,8.27693129032173,1.0581680605008,0.304648769439456,0.999519314121592,0.999498173819493,"soc_net_bl"
"687","ANO10","End",-0.00652020010823602,8.15030977343788,1.39701706360799,0.238370591372227,0.999519314121592,0.999498173819493,"soc_net_bl"
"688","TCAIM","End",-0.00452932701687112,7.34315891806263,0.36457198890975,0.546537111548155,0.999519314121592,0.999498173819493,"soc_net_bl"
"689","PTH1R","End",0.0155139377101908,6.28562377468306,0.699835707411611,0.403654837975505,0.999519314121592,0.999498173819493,"soc_net_bl"
"690","SETD2","End",0.00312718340333211,8.44378982850033,0.709137767111341,0.400552197887087,0.999519314121592,0.999498173819493,"soc_net_bl"
"691","SMARCC1","End",-0.00726635120335603,8.06042253208449,1.9955255475293,0.239064261577427,0.999519314121592,0.999498173819493,"soc_net_bl"
"692","MAP4","End",-0.00815830628755685,9.1694323272714,3.23356166080377,0.0733757238594608,0.999519314121592,0.999498173819493,"soc_net_bl"
"693","TMA7","End",0.00749656734931825,6.72595442951743,0.625482035732967,0.429782992664754,0.999519314121592,0.999498173819493,"soc_net_bl"
"694","SHISA5","End",-0.00134211623096922,7.56294316009613,0.0470581020365564,0.828444530825322,0.999519314121592,0.999498173819493,"soc_net_bl"
"695","PRKAR2A","End",-0.00394657803474531,7.54337702364246,0.397177933252149,0.529138181895873,0.999519314121592,0.999498173819493,"soc_net_bl"
"696","ARIH2","End",0.00885679638904205,7.25715990461594,2.17456688547318,0.151763452972815,0.999519314121592,0.999498173819493,"soc_net_bl"
"697","LAMB2","End",-0.0027062723948013,7.13743942613584,0.1119898011073,0.738176620470184,0.999519314121592,0.999498173819493,"soc_net_bl"
"698","USP4","End",-0.0036728236710613,7.04740436483599,0.268650774611583,0.696465657637519,0.999519314121592,0.999498173819493,"soc_net_bl"
"699","RHOA","End",0.000914833793671724,8.49331182872452,0.0357311689974812,0.850228368232964,0.999519314121592,0.999498173819493,"soc_net_bl"
"700","RBM6","End",-0.00869289276799073,8.95607332800766,5.23336978408815,0.0230111626680612,0.999519314121592,0.999498173819493,"soc_net_bl"
"701","RBM5","End",-0.0014150869052998,7.86838082609179,0.0928109285304966,0.760892457038846,0.999519314121592,0.999498173819493,"soc_net_bl"
"702","SEMA3F","End",-0.0181113872661096,7.15227688148565,3.17905973502775,0.0758267853008911,0.999519314121592,0.999498173819493,"soc_net_bl"
"703","SLC38A3","End",0.00431765081704202,7.11823642815486,0.232776268880242,0.629904026595271,0.999519314121592,0.999498173819493,"soc_net_bl"
"704","GNAI2","End",-0.00298040372386319,9.00413478139651,0.464286550492646,0.496271564610086,0.999519314121592,0.999498173819493,"soc_net_bl"
"705","HYAL2","End",-0.00573431118552834,8.34864117084667,0.459959885838385,0.498283336563532,0.999519314121592,0.999498173819493,"soc_net_bl"
"706","RASSF1","End",-0.0051586713215208,7.06537758695621,0.384371728311401,0.535849508921478,0.999519314121592,0.999498173819493,"soc_net_bl"
"707","RPL29","End",0.0163424794913524,7.96332958702278,5.33112954213679,0.0217814067115625,0.999519314121592,0.999498173819493,"soc_net_bl"
"708","SEMA3G","End",-0.00730816617862458,6.49199818602443,0.352700012617001,0.553137111511804,0.999519314121592,0.999498173819493,"soc_net_bl"
"709","PBRM1","End",-0.00512575176030238,7.99142128310084,1.10045173730196,0.449301419339554,0.999519314121592,0.999498173819493,"soc_net_bl"
"710","DCP1A","End",-0.0049057846006056,7.30751416610346,0.655212718944912,0.602405234935589,0.999519314121592,0.999498173819493,"soc_net_bl"
"711","CCDC66","End",-0.000417024479140598,6.94112992533062,0.00266393303859941,0.958878913262853,0.999519314121592,0.999498173819493,"soc_net_bl"
"712","FAM208A","End",0.000432184772339607,7.34257281390176,0.00583580602220882,0.939169279110307,0.999519314121592,0.999498173819493,"soc_net_bl"
"713","ARHGEF3","End",0.0043636170365239,8.43436742732124,0.7170845376426,0.397929038627333,0.999519314121592,0.999498173819493,"soc_net_bl"
"714","APPL1","End",-0.0029696123293693,7.28345070489907,0.26909265708762,0.604409712491737,0.999519314121592,0.999498173819493,"soc_net_bl"
"715","DENND6A","End",0.00440634763992911,7.26363438792778,0.41985801614614,0.517615210693955,0.999519314121592,0.999498173819493,"soc_net_bl"
"716","SLMAP","End",-0.00904690493921766,8.15521526633285,3.88620284238672,0.114646352232761,0.999519314121592,0.999498173819493,"soc_net_bl"
"717","FLNB","End",0.00529639445994874,8.9273660936877,1.37362197005912,0.242330001617818,0.999519314121592,0.999498173819493,"soc_net_bl"
"718","FAM107A","End",0.00257747524757546,8.85664671901504,0.161291987464474,0.688320198851864,0.999519314121592,0.999498173819493,"soc_net_bl"
"719","FHIT","End",0.000827151750876939,8.8940909341961,0.0133942984084933,0.90795845350992,0.999519314121592,0.999498173819493,"soc_net_bl"
"720","PTPRG","End",0.00241358583289461,12.1538284257639,0.443077866652298,0.506267382156533,0.999519314121592,0.999498173819493,"soc_net_bl"
"721","PRICKLE2","End",0.00303729541440178,9.8001136317512,0.28085616147576,0.596620977690176,0.999519314121592,0.999498173819493,"soc_net_bl"
"722","ADAMTS9","End",-0.0396417917197588,10.4229849145524,9.764181145688,0.00199406465282392,0.888697636424933,0.999498173819493,"soc_net_bl"
"723","ADAMTS9-AS2","End",0.005420549021953,9.84964729713637,0.888351782073263,0.346853640560367,0.999519314121592,0.999498173819493,"soc_net_bl"
"724","MAGI1","End",0.000695122256796094,10.1136174621334,0.0195020441099046,0.889051589618411,0.999519314121592,0.999498173819493,"soc_net_bl"
"725","SUCLG2","End",0.00154838340814205,7.74596558932902,0.0531648856053947,0.817837490391165,0.999519314121592,0.999498173819493,"soc_net_bl"
"726","EOGT","End",0.00464618642702595,7.33932529006297,0.498183011175993,0.480970771850974,0.999519314121592,0.999498173819493,"soc_net_bl"
"727","FRMD4B","End",0.00730263434561645,7.34522338339307,0.941845239356919,0.332761721912108,0.999519314121592,0.999498173819493,"soc_net_bl"
"728","FOXP1","End",0.00361696757511321,10.57954585497,0.970532715405312,0.325520116768105,0.999519314121592,0.999498173819493,"soc_net_bl"
"729","RYBP","End",-0.00959947215744492,8.2071428049682,3.05766403544993,0.0816106746918625,0.999519314121592,0.999498173819493,"soc_net_bl"
"730","PPP4R2","End",0.00569800343478711,7.7059055858436,1.03864838534478,0.30914224872987,0.999519314121592,0.999498173819493,"soc_net_bl"
"731","PDZRN3","End",0.00627351322384038,9.6381075102218,0.837686012003819,0.360960151692869,0.999519314121592,0.999498173819493,"soc_net_bl"
"732","ROBO2","End",0.00626357485113835,6.73122662608021,0.402900631737631,0.52618786535652,0.999519314121592,0.999498173819493,"soc_net_bl"
"733","GBE1","End",-0.00751502617907738,8.42442510404768,1.19600222032694,0.275197220612134,0.999519314121592,0.999498173819493,"soc_net_bl"
"734","CADM2","End",0.0122623830802324,7.79925381472587,2.61226483919085,0.107328269943151,0.999519314121592,0.999498173819493,"soc_net_bl"
"735","CGGBP1","End",0.00697075126532219,7.29561210090826,1.19231558405166,0.275936538843246,0.999519314121592,0.999498173819493,"soc_net_bl"
"736","ZNF654","End",-0.00220190270080978,7.60849320374134,0.138827122693637,0.938599786139964,0.999519314121592,0.999498173819493,"soc_net_bl"
"737","EPHA3","End",-0.00780731154073664,7.99354034833566,0.920764264448219,0.338221229413637,0.999519314121592,0.999498173819493,"soc_net_bl"
"738","PROS1","End",0.0116385449648159,6.95043153343874,1.96591718709646,0.162148750167729,0.999519314121592,0.999498173819493,"soc_net_bl"
"739","ARL13B","End",0.00781311875995605,7.07048996361272,1.20111195847782,0.274176639696024,0.999519314121592,0.999498173819493,"soc_net_bl"
"740","MTRNR2L12","End",-0.006818186206531,7.2828471490314,0.413430473264955,0.520835297535805,0.999519314121592,0.999498173819493,"soc_net_bl"
"741","CRYBG3","End",0.000899770683956547,8.04519251068264,0.0289921340646842,0.864937848288597,0.999519314121592,0.999498173819493,"soc_net_bl"
"742","ST3GAL6","End",0.00693942996423322,8.2083205903535,1.26995511869083,0.260878610632283,0.999519314121592,0.999498173819493,"soc_net_bl"
"743","COL8A1","End",0.0177139426888623,7.48807592178437,1.12669227788469,0.28952813283333,0.999519314121592,0.999498173819493,"soc_net_bl"
"744","CMSS1","End",-0.00668635353971485,7.85477997638604,0.875854656724122,0.350261948925034,0.999519314121592,0.999498173819493,"soc_net_bl"
"745","TBC1D23","End",0.00123253853736504,7.24694652199327,0.0413266052527079,0.839077681568936,0.999519314121592,0.999498173819493,"soc_net_bl"
"746","TFG","End",0.00678898571140627,7.32967356449576,1.24101407103357,0.267533073326146,0.999519314121592,0.999498173819493,"soc_net_bl"
"747","ABI3BP","End",-0.013579152036179,6.03205650390016,0.473827319381481,0.491883507876968,0.999519314121592,0.999498173819493,"soc_net_bl"
"748","SENP7","End",-0.00367770121763607,8.02595500871051,0.448881884746139,0.503497952643005,0.999519314121592,0.999498173819493,"soc_net_bl"
"749","PCNP","End",-0.00258464399137415,7.22233357940735,0.150204075331613,0.698677197769209,0.999519314121592,0.999498173819493,"soc_net_bl"
"750","RPL24","End",-0.0048886665416145,6.85112086623985,0.260398854398267,0.610306111771691,0.999519314121592,0.999498173819493,"soc_net_bl"
"751","NFKBIZ","End",0.00894698557735133,6.93174739121193,0.857757426543827,0.355279234639986,0.999519314121592,0.999498173819493,"soc_net_bl"
"752","ALCAM","End",0.0205679738889368,7.02756777844895,2.97365962010204,0.085892608380595,0.999519314121592,0.999498173819493,"soc_net_bl"
"753","CBLB","End",0.00246118414992043,8.15137872980323,0.17426106183798,0.676718211290911,0.999519314121592,0.999498173819493,"soc_net_bl"
"754","BBX","End",0.00947212050341831,8.13467988981541,3.51362357874181,0.0620571765797041,0.999519314121592,0.999498173819493,"soc_net_bl"
"755","CD47","End",-0.000191870736659052,7.30863663573842,0.000757768597865139,0.97806135818249,0.999519314121592,0.999498173819493,"soc_net_bl"
"756","NECTIN3","End",0.00868276510532382,6.88821048359493,0.817250268844963,0.366874185992983,0.999519314121592,0.999498173819493,"soc_net_bl"
"757","PHLDB2","End",-0.000446194360859712,7.6098820195242,0.00298975538637604,0.956439075429518,0.999519314121592,0.999498173819493,"soc_net_bl"
"758","BOC","End",0.00725372076918614,6.9644965976266,0.540295243971927,0.463014034356508,0.999519314121592,0.999498173819493,"soc_net_bl"
"759","NAA50","End",0.00500312225171704,7.00077479743906,0.483827160902348,0.487353701226025,0.999519314121592,0.999498173819493,"soc_net_bl"
"760","ATP6V1A","End",0.00389467863345181,7.15599505973573,0.388776865909566,0.751322958762519,0.999519314121592,0.999498173819493,"soc_net_bl"
"761","ZBTB20","End",0.00312392456944559,10.9094781102088,0.989012679170734,0.320965867594789,0.999519314121592,0.999498173819493,"soc_net_bl"
"762","LSAMP","End",0.00338079122950442,7.45189108659383,0.161715694057223,0.687932728359324,0.999519314121592,0.999498173819493,"soc_net_bl"
"763","ARHGAP31","End",0.00189962765121114,9.47834407329311,0.274334601418055,0.600912683369035,0.999519314121592,0.999498173819493,"soc_net_bl"
"764","PLA1A","End",-0.00701007079126697,7.68734890631458,0.418826931790292,0.518129400608052,0.999519314121592,0.999498173819493,"soc_net_bl"
"765","GSK3B","End",-0.00795666910765419,8.95004598513597,3.54193235293053,0.0610221376692053,0.999519314121592,0.999498173819493,"soc_net_bl"
"766","FSTL1","End",-0.00358026726443842,7.27077953790944,0.193719709684746,0.660226989217234,0.999519314121592,0.999498173819493,"soc_net_bl"
"767","GOLGB1","End",-5.26523338095921e-05,7.86723878284865,0.000145099835146506,0.990398934776208,0.999519314121592,0.999498173819493,"soc_net_bl"
"768","KPNA1","End",-0.00403148296565628,7.65741862736157,0.667321113990406,0.414781486655334,0.999519314121592,0.999498173819493,"soc_net_bl"
"769","PARP9","End",-0.00332316359129428,8.12183913602795,0.386291611367396,0.960771383484619,0.999519314121592,0.999498173819493,"soc_net_bl"
"770","PARP14","End",0.00870823576750242,9.02377460451147,1.61264517329209,0.205326240977064,0.999519314121592,0.999498173819493,"soc_net_bl"
"771","SEC22A","End",0.0174291850639634,7.07125847792422,5.87801601063011,0.0160560926606698,0.999519314121592,0.999498173819493,"soc_net_bl"
"772","KALRN","End",-0.00290551606819539,8.72441906573861,0.212374054532553,0.645322149528352,0.999519314121592,0.999498173819493,"soc_net_bl"
"773","HEG1","End",0.00637582086961192,9.42298730056071,1.11800969617453,0.291389795727694,0.999519314121592,0.999498173819493,"soc_net_bl"
"774","ZNF148","End",0.00595735440917563,8.39872715835742,2.05244586198285,0.153237736780119,0.999519314121592,0.999498173819493,"soc_net_bl"
"775","ZXDC","End",-0.00518700739969153,7.35687268545725,0.635198060331066,0.426227387336451,0.999519314121592,0.999498173819493,"soc_net_bl"
"776","MGLL","End",-0.00384023965025192,8.73912382362588,0.347284275096772,0.556197970388215,0.999519314121592,0.999498173819493,"soc_net_bl"
"777","EEFSEC","End",-0.00134262103083133,7.39941870501848,0.0447225942394594,0.832690909173619,0.999519314121592,0.999498173819493,"soc_net_bl"
"778","GATA2","End",-0.0124637074473371,7.2200998217039,2.23430300856673,0.136265503792833,0.999519314121592,0.999498173819493,"soc_net_bl"
"779","GATA2-AS1","End",-0.00446472202279296,7.51508507793195,0.464749214321782,0.496057252861213,0.999519314121592,0.999498173819493,"soc_net_bl"
"780","RAB7A","End",-0.00233598723848839,8.30504167411449,0.204037725580474,0.651881233883486,0.999519314121592,0.999498173819493,"soc_net_bl"
"781","PLXND1","End",-0.010311277555368,7.25475204790286,1.95403450655255,0.163418204549964,0.999519314121592,0.999498173819493,"soc_net_bl"
"782","TMCC1","End",-0.00381022795755877,8.10124362612463,0.420808402507784,0.517142057839165,0.999519314121592,0.999498173819493,"soc_net_bl"
"783","ATP2C1","End",-0.00245553449212949,7.9257386956689,0.191172171980663,0.662328308891105,0.999519314121592,0.999498173819493,"soc_net_bl"
"784","DNAJC13","End",0.0141660703941306,7.07119984373924,4.60771609839879,0.0328115601174435,0.999519314121592,0.999498173819493,"soc_net_bl"
"785","SLCO2A1","End",-0.0140829735626501,6.79650935363931,1.02903503823437,0.311387051497157,0.999519314121592,0.999498173819493,"soc_net_bl"
"786","RYK","End",-0.00100549550075527,7.672919414525,0.0281141551640348,0.866979170192185,0.999519314121592,0.999498173819493,"soc_net_bl"
"787","STAG1","End",-0.000884231451879652,9.42426458407278,0.0618111090727652,0.850091961138626,0.999519314121592,0.999498173819493,"soc_net_bl"
"788","NCK1","End",-0.00891487968316091,7.39914381466289,1.89571052224421,0.169817169239983,0.999519314121592,0.999498173819493,"soc_net_bl"
"789","ARMC8","End",0.00422516024353073,7.63319640805426,0.639350467835626,0.424721345403249,0.999519314121592,0.999498173819493,"soc_net_bl"
"790","PIK3CB","End",0.000667652305470802,7.68301531447033,0.0153845719259054,0.994274206015026,0.999519314121592,0.999498173819493,"soc_net_bl"
"791","SLC25A36","End",0.0117929222171407,7.09734633424393,2.87427437465428,0.0912771031359388,0.999519314121592,0.999498173819493,"soc_net_bl"
"792","ZBTB38","End",0.00173999391421678,9.26904596139496,0.222320089082285,0.63769777034775,0.999519314121592,0.999498173819493,"soc_net_bl"
"793","RASA2","End",0.00110182997127084,8.59333097532472,0.0512821158303728,0.82103611820911,0.999519314121592,0.999498173819493,"soc_net_bl"
"794","ATP1B3","End",-0.00725518093678689,7.72324626872448,1.01452674806386,0.314815437934478,0.999519314121592,0.999498173819493,"soc_net_bl"
"795","TFDP2","End",0.0144586692508371,7.03737289947235,2.63122666845037,0.106067998911095,0.999519314121592,0.999498173819493,"soc_net_bl"
"796","XRN1","End",-0.00331535346369927,8.3571949397592,0.578489727416904,0.447636920479006,0.999519314121592,0.999498173819493,"soc_net_bl"
"797","ATR","End",3.41260523144843e-05,7.42400567826366,2.73781376262618e-05,0.995829419893156,0.999519314121592,0.999498173819493,"soc_net_bl"
"798","TRPC1","End",-0.00516964824588794,7.61440098021361,0.588671619271004,0.443672665708812,0.999519314121592,0.999498173819493,"soc_net_bl"
"799","U2SURP","End",-0.00471079100772992,7.66691526281826,0.64497903441386,0.422692672246859,0.999519314121592,0.999498173819493,"soc_net_bl"
"800","PLOD2","End",-0.00602239811841927,8.39700210702142,0.325294757284229,0.568966077658883,0.999519314121592,0.999498173819493,"soc_net_bl"
"801","PLSCR4","End",-0.00108135901675963,8.88784106498575,0.0216076174671184,0.883256728974384,0.999519314121592,0.999498173819493,"soc_net_bl"
"802","PLSCR1","End",-0.000534970069823085,8.98660499749196,0.00978891450257843,0.921267723619888,0.999519314121592,0.999498173819493,"soc_net_bl"
"803","AC092957.1","End",-5.7454564629993e-05,8.00033716015565,3.10861750566257e-06,0.998594664800336,0.999519314121592,0.999498173819493,"soc_net_bl"
"804","ZIC1","End",-0.00818320839134316,6.86023229454058,0.246450731924933,0.620030895892272,0.999519314121592,0.999498173819493,"soc_net_bl"
"805","CP","End",0.00470521704858085,9.67993234102465,0.152789151949407,0.696224061907984,0.999519314121592,0.999498173819493,"soc_net_bl"
"806","TM4SF18","End",7.20830758500888e-05,8.01573159144093,0.000109562666051095,0.991657046191555,0.999519314121592,0.999498173819493,"soc_net_bl"
"807","TM4SF1","End",-0.00205497398427963,8.74011458272972,0.0664186724395605,0.79684092757804,0.999519314121592,0.999498173819493,"soc_net_bl"
"808","WWTR1","End",-0.010506029188935,10.0849153820104,5.97390825870698,0.0152257507317568,0.999519314121592,0.999498173819493,"soc_net_bl"
"809","RNF13","End",-0.00689972085299977,7.28001518326647,0.930751658381698,0.33561983222254,0.999519314121592,0.999498173819493,"soc_net_bl"
"810","TSC22D2","End",-0.00161362824177458,8.09282321947623,0.075354031233319,0.783926643329419,0.999519314121592,0.999498173819493,"soc_net_bl"
"811","MBNL1","End",-0.00287263724646942,10.2662620849835,0.542786855318815,0.461985574356844,0.999519314121592,0.999498173819493,"soc_net_bl"
"812","DHX36","End",0.00323799668181033,7.51126092628289,0.38059189274266,0.852513196860242,0.999519314121592,0.999498173819493,"soc_net_bl"
"813","TIPARP","End",-0.0143783153435247,7.6370765703843,2.57559764377136,0.10981247776868,0.999519314121592,0.999498173819493,"soc_net_bl"
"814","CCNL1","End",-0.00187211443257455,8.40810977382613,0.114407840104415,0.735470544266546,0.999519314121592,0.999498173819493,"soc_net_bl"
"815","RSRC1","End",-0.00513866709529193,7.835136649514,0.67236369652885,0.413026453811668,0.999519314121592,0.999498173819493,"soc_net_bl"
"816","IQCJ-SCHIP1","End",-0.0118874407074268,7.83428467124542,1.86998045871314,0.172731605482503,0.999519314121592,0.999498173819493,"soc_net_bl"
"817","KPNA4","End",-0.00488546228339751,7.73314889209501,0.701434203555698,0.451639689734708,0.999519314121592,0.999498173819493,"soc_net_bl"
"818","PPM1L","End",0.00485989013598954,6.95626689240628,0.257836159667666,0.612067884808547,0.999519314121592,0.999498173819493,"soc_net_bl"
"819","GOLIM4","End",-0.00227422376155681,7.34462491677087,0.110475960501613,0.739887367122333,0.999519314121592,0.999498173819493,"soc_net_bl"
"820","MECOM","End",0.00214099336775642,11.4507912002212,0.381878618881044,0.537174061227942,0.999519314121592,0.999498173819493,"soc_net_bl"
"821","SEC62","End",-0.000515903338861117,7.52867522962975,0.00571196472754949,0.93981693645121,0.999519314121592,0.999498173819493,"soc_net_bl"
"822","PHC3","End",-0.00167783392670391,8.07988628249714,0.115817599762974,0.733907542370758,0.999519314121592,0.999498173819493,"soc_net_bl"
"823","SKIL","End",-0.00261875612775619,7.56253398478267,0.11116815828896,0.739103528548738,0.999519314121592,0.999498173819493,"soc_net_bl"
"824","FNDC3B","End",-0.00478178787778273,9.23720067751301,1.09723816340769,0.295906210648371,0.999519314121592,0.999498173819493,"soc_net_bl"
"825","TNFSF10","End",0.0176294725115108,7.32441473083893,3.09866141573698,0.0796055965112195,0.999519314121592,0.999498173819493,"soc_net_bl"
"826","ECT2","End",0.00379768715531559,7.05965306242248,0.221193309855142,0.638550946456112,0.999519314121592,0.999498173819493,"soc_net_bl"
"827","NLGN1","End",0.00517298942664873,6.93178363868934,0.185747438340077,0.666859093919607,0.999519314121592,0.999498173819493,"soc_net_bl"
"828","NAALADL2","End",-0.0122761497781335,7.57753027414005,1.26309191038622,0.262167614817281,0.999519314121592,0.999498173819493,"soc_net_bl"
"829","TBL1XR1","End",0.00251173192880435,8.6711288406105,0.397572741055382,0.528933687892643,0.999519314121592,0.999498173819493,"soc_net_bl"
"830","PIK3CA","End",0.00269517600218587,7.77476596448746,0.207333890992952,0.649268774071908,0.999519314121592,0.999498173819493,"soc_net_bl"
"831","GNB4","End",-0.00216812927472222,8.03816891041623,0.152617221669957,0.6963864711309,0.999519314121592,0.999498173819493,"soc_net_bl"
"832","USP13","End",0.00270291724260579,6.79799297305426,0.076143524942974,0.782826078475842,0.999519314121592,0.999498173819493,"soc_net_bl"
"833","TTC14","End",0.00135604695776859,7.60479895111657,0.0600020364127919,0.806697947877874,0.999519314121592,0.999498173819493,"soc_net_bl"
"834","FXR1","End",0.00143932802747924,7.77562133805265,0.0570166752800237,0.811474691881492,0.999519314121592,0.999498173819493,"soc_net_bl"
"835","ATP11B","End",0.000733164118518542,7.45306809169394,0.0154596981767584,0.966532331777014,0.999519314121592,0.999498173819493,"soc_net_bl"
"836","KLHL24","End",-0.00884745503321077,7.30089063661007,1.25176929331894,0.264311554869,0.999519314121592,0.999498173819493,"soc_net_bl"
"837","YEATS2","End",0.00393534854909504,7.12615725579456,0.310376503362155,0.577958286000811,0.999519314121592,0.999498173819493,"soc_net_bl"
"838","AP2M1","End",0.000597665550201898,7.28039976939064,0.00755950855174987,0.930785966388695,0.999519314121592,0.999498173819493,"soc_net_bl"
"839","VPS8","End",0.0113189267539485,7.71811335291768,4.63479494206733,0.0323074533185412,0.999519314121592,0.999498173819493,"soc_net_bl"
"840","MAP3K13","End",0.000121448414460782,7.47230955670564,0.00026191120113351,0.987101045605787,0.999519314121592,0.999498173819493,"soc_net_bl"
"841","IGF2BP2","End",-0.0070827350047378,6.92003648716874,0.398217994407306,0.528599779019235,0.999519314121592,0.999498173819493,"soc_net_bl"
"842","TRA2B","End",0.00922093930729731,7.84343573596664,2.62687037513413,0.106356082216073,0.999519314121592,0.999498173819493,"soc_net_bl"
"843","EIF4A2","End",-0.00367741490861635,8.14224358779225,0.424786811509038,0.515169605986555,0.999519314121592,0.999498173819493,"soc_net_bl"
"844","LINC02043","End",-0.0223166601193841,6.71102166977145,3.45158742912761,0.0643917844646972,0.999519314121592,0.999498173819493,"soc_net_bl"
"845","ST6GAL1","End",0.00620689130462328,10.1438059013126,1.28537353668841,0.258011447025115,0.999519314121592,0.999498173819493,"soc_net_bl"
"846","BCL6","End",0.00637591104602991,6.81571849700275,0.378909829841295,0.538759156378806,0.999519314121592,0.999498173819493,"soc_net_bl"
"847","LPP","End",-0.000430482028953717,9.35684529014285,0.0109025428793583,0.916925330906003,0.999519314121592,0.999498173819493,"soc_net_bl"
"848","CCDC50","End",-0.000135512196335002,8.54446427858552,0.000992515451819083,0.974893104492239,0.999519314121592,0.999498173819493,"soc_net_bl"
"849","FGF12","End",-0.000128452486948728,7.05970346311723,0.000236130975032811,0.987752263764296,0.999519314121592,0.999498173819493,"soc_net_bl"
"850","OPA1","End",-0.00693556564851849,7.55245333020862,1.31163391617497,0.253217543713467,0.999519314121592,0.999498173819493,"soc_net_bl"
"851","HES1","End",-0.00666601104523327,7.85266630786664,0.480191562206,0.488992495856611,0.999519314121592,0.999498173819493,"soc_net_bl"
"852","ATP13A3","End",-0.00320456617417449,7.6731949635234,0.18914083278151,0.664015835306478,0.999519314121592,0.999498173819493,"soc_net_bl"
"853","TMEM44","End",-0.00438745915500552,7.62670707767061,0.490422703754164,0.61853830143044,0.999519314121592,0.999498173819493,"soc_net_bl"
"854","FAM43A","End",-0.00363524650098849,7.03620086581023,0.159642401309357,0.689834366930388,0.999519314121592,0.999498173819493,"soc_net_bl"
"855","XXYLT1","End",-0.00938634792387708,7.20113399574882,1.48185883357712,0.224656183075578,0.999519314121592,0.999498173819493,"soc_net_bl"
"856","ACAP2","End",0.00954965287942908,8.78237768533679,7.80635536643788,0.00561830967360813,0.999519314121592,0.999498173819493,"soc_net_bl"
"857","PPP1R2","End",-0.00769543929386806,7.27669574116503,1.10315462700391,0.294610669217904,0.999519314121592,0.999498173819493,"soc_net_bl"
"858","APOD","End",-0.00852486296155053,7.23293107147902,0.207193969626296,0.649379160874877,0.999519314121592,0.999498173819493,"soc_net_bl"
"859","MUC20-OT1","End",-0.00955647535304452,8.27344569792559,2.67739942934391,0.103066894805606,0.999519314121592,0.999498173819493,"soc_net_bl"
"860","TFRC","End",-0.000133606734516295,9.21465730047631,0.000457910742630462,0.982944924626746,0.999519314121592,0.999498173819493,"soc_net_bl"
"861","PAK2","End",-0.00922122963689233,7.75207457552546,2.87246603680277,0.0913784255334661,0.999519314121592,0.999498173819493,"soc_net_bl"
"862","SENP5","End",0.00172577110364839,7.55559711402705,0.0929079245326094,0.760771379201241,0.999519314121592,0.999498173819493,"soc_net_bl"
"863","DLG1","End",-0.00345891950797115,9.01864876558511,0.546339993392273,0.46052523580738,0.999519314121592,0.999498173819493,"soc_net_bl"
"864","LRCH3","End",-0.00688636052921188,8.0250932476573,1.7803939567693,0.260431715381829,0.999519314121592,0.999498173819493,"soc_net_bl"
"865","RPL35A","End",0.00405948220265335,7.38103849156104,0.170415007993161,0.680104597744299,0.999519314121592,0.999498173819493,"soc_net_bl"
"866","ZNF718","End",-0.00375159233380234,7.23072164374406,0.298613865303419,0.585250457795499,0.999519314121592,0.999498173819493,"soc_net_bl"
"867","ZNF721","End",-0.000781798380719485,7.75661750294484,0.0245373409933256,0.900198619851981,0.999519314121592,0.999498173819493,"soc_net_bl"
"868","AC139887.2","End",0.00336246567616733,7.04357145836279,0.185175112492297,0.667341665540172,0.999519314121592,0.999498173819493,"soc_net_bl"
"869","CPLX1","End",0.00807811948266847,6.80261659642493,0.61594258273466,0.433317952231338,0.999519314121592,0.999498173819493,"soc_net_bl"
"870","GAK","End",-0.00913528856389464,7.28151537867694,2.00871313731449,0.157669501178942,0.999519314121592,0.999498173819493,"soc_net_bl"
"871","NSD2","End",0.00726182592588305,7.33660353135274,1.34262698624362,0.247700401546596,0.999519314121592,0.999498173819493,"soc_net_bl"
"872","MXD4","End",-0.00125760611996826,7.30993591273118,0.0364055466679015,0.903955814712458,0.999519314121592,0.999498173819493,"soc_net_bl"
"873","ZFYVE28","End",-0.00205593758693811,8.7905349407081,0.153721945568785,0.695344755955555,0.999519314121592,0.999498173819493,"soc_net_bl"
"874","FAM193A","End",-0.00205455633798676,7.57970444048869,0.12345212639144,0.725622369177523,0.999519314121592,0.999498173819493,"soc_net_bl"
"875","ADD1","End",0.00883911150971409,9.53336883488899,4.18485857094597,0.0418556265377066,0.999519314121592,0.999498173819493,"soc_net_bl"
"876","HTT","End",-0.00751637578499051,7.31331139268152,1.11617013573239,0.291786189382183,0.999519314121592,0.999498173819493,"soc_net_bl"
"877","STX18","End",-0.00388438906134654,7.09628320423299,0.212273147855113,0.645400603242974,0.999519314121592,0.999498173819493,"soc_net_bl"
"878","MRFAP1","End",0.00916910907971789,6.94254601208419,1.2310871896524,0.268284561586881,0.999519314121592,0.999498173819493,"soc_net_bl"
"879","KIAA0232","End",0.00876832313337257,7.73447749993116,2.67679275034611,0.103105715507391,0.999519314121592,0.999498173819493,"soc_net_bl"
"880","ABLIM2","End",-0.0263184891358534,6.55295096089039,3.90877065560932,0.0491568825003288,0.999519314121592,0.999498173819493,"soc_net_bl"
"881","RAB28","End",0.00445367855606383,7.38020015656078,0.448429522403732,0.503712866075211,0.999519314121592,0.999498173819493,"soc_net_bl"
"882","BOD1L1","End",0.00296195185070828,7.61741464054627,0.268358919189225,0.604902651963551,0.999519314121592,0.999498173819493,"soc_net_bl"
"883","CPEB2","End",0.0106700894449857,7.46906913397654,2.43908622949136,0.119637058083919,0.999519314121592,0.999498173819493,"soc_net_bl"
"884","AC098829.1","End",0.00472002298399489,6.38990809208887,0.105491949302634,0.745613454959783,0.999519314121592,0.999498173819493,"soc_net_bl"
"885","FBXL5","End",0.000518412031306542,7.65934671938366,0.00993277174318352,0.986811268639518,0.999519314121592,0.999498173819493,"soc_net_bl"
"886","PROM1","End",0.0071817703254845,7.23602974370684,0.68213416244079,0.409657054170021,0.999519314121592,0.999498173819493,"soc_net_bl"
"887","TAPT1","End",-0.00341504388367829,7.28843374428162,0.264923032651135,0.749482238803707,0.999519314121592,0.999498173819493,"soc_net_bl"
"888","LDB2","End",-0.0100803879601139,9.63962235363202,1.02747850572505,0.311752518572684,0.999519314121592,0.999498173819493,"soc_net_bl"
"889","LAP3","End",0.00334922752911243,7.26989113854385,0.139635948811989,0.708966640714809,0.999519314121592,0.999498173819493,"soc_net_bl"
"890","LCORL","End",0.00439330135097359,8.4454230421572,0.69207351489261,0.406270830528334,0.999519314121592,0.999498173819493,"soc_net_bl"
"891","AC024230.1","End",-0.00955089533149596,6.40441944349641,0.338737634027297,0.561094437631639,0.999519314121592,0.999498173819493,"soc_net_bl"
"892","KCNIP4","End",0.00363690149544456,8.12251797606516,0.210279095578071,0.64695561492518,0.999519314121592,0.999498173819493,"soc_net_bl"
"893","DHX15","End",-0.00421614228113544,7.69137652298326,0.661312924048774,0.585964494624332,0.999519314121592,0.999498173819493,"soc_net_bl"
"894","CCDC149","End",0.000674188669215548,7.77622266194641,0.0119884916854774,0.912901998527524,0.999519314121592,0.999498173819493,"soc_net_bl"
"895","RBPJ","End",0.00252553456461227,7.60222397730369,0.181294159985319,0.670637546043451,0.999519314121592,0.999498173819493,"soc_net_bl"
"896","STIM2","End",0.00189293744914248,7.62857558217649,0.0968393029939854,0.755920931773716,0.999519314121592,0.999498173819493,"soc_net_bl"
"897","PCDH7","End",-0.00857748585182841,6.84235805853478,0.484027635413248,0.487263600781289,0.999519314121592,0.999498173819493,"soc_net_bl"
"898","ARAP2","End",-0.000380698601444697,7.68079463091409,0.00324781545173959,0.954599965281304,0.999519314121592,0.999498173819493,"soc_net_bl"
"899","RELL1","End",0.00120427168837229,8.94973334566982,0.0355163946889567,0.85067383231322,0.999519314121592,0.999498173819493,"soc_net_bl"
"900","TBC1D1","End",0.000567206880019857,8.38840946857817,0.0123573204386116,0.911577801336467,0.999519314121592,0.999498173819493,"soc_net_bl"
"901","KLF3","End",-0.00173252740361936,7.59246459545488,0.06491895560835,0.799097698369795,0.999519314121592,0.999498173819493,"soc_net_bl"
"902","KLHL5","End",-0.00135625904598045,9.22371361140519,0.0924454574496504,0.76134928833561,0.999519314121592,0.999498173819493,"soc_net_bl"
"903","RFC1","End",-0.00239653720150103,7.0072848832966,0.1014710610016,0.864099376711803,0.999519314121592,0.999498173819493,"soc_net_bl"
"904","SMIM14","End",0.00526382894402624,7.34134334126744,0.680847073926869,0.41009858715626,0.999519314121592,0.999498173819493,"soc_net_bl"
"905","UBE2K","End",-0.00268132917000256,8.26671999820764,0.411369973647986,0.521875069967158,0.999519314121592,0.999498173819493,"soc_net_bl"
"906","PDS5A","End",0.00200933196786427,8.49445023741533,0.236556163400687,0.627139732421473,0.999519314121592,0.999498173819493,"soc_net_bl"
"907","APBB2","End",0.00352426845215757,10.036888380786,0.679841027111957,0.410444198384069,0.999519314121592,0.999498173819493,"soc_net_bl"
"908","UCHL1","End",0.0082503693095894,7.10314642848542,0.837955283477479,0.360883111110235,0.999519314121592,0.999498173819493,"soc_net_bl"
"909","LIMCH1","End",0.0110750333091764,10.1237698419733,7.05767695173464,0.00841158444199818,0.999519314121592,0.999498173819493,"soc_net_bl"
"910","SLC30A9","End",0.0014719986901374,7.20817939923896,0.0464768411997326,0.845431291737262,0.999519314121592,0.999498173819493,"soc_net_bl"
"911","ATP8A1","End",0.00423811626180502,7.20111526431681,0.298440154249846,0.585359539689331,0.999519314121592,0.999498173819493,"soc_net_bl"
"912","KCTD8","End",-0.0125521814549306,9.86091427847695,1.88583969782556,0.170928469456493,0.999519314121592,0.999498173819493,"soc_net_bl"
"913","ATP10D","End",0.00558988859925031,7.59800527439684,0.678492100030971,0.410908275692165,0.999519314121592,0.999498173819493,"soc_net_bl"
"914","SLAIN2","End",-0.00203626733590134,7.09945753873088,0.0731177785395086,0.787078088904341,0.999519314121592,0.999498173819493,"soc_net_bl"
"915","FRYL","End",0.00648248518212816,9.71063519510515,4.05567859767681,0.0451172936629448,0.999519314121592,0.999498173819493,"soc_net_bl"
"916","OCIAD1","End",0.011881826162358,7.5354705066096,4.96598836470933,0.0267593624715516,0.999519314121592,0.999498173819493,"soc_net_bl"
"917","DCUN1D4","End",-0.017481983169902,7.36250557556663,5.52931770614996,0.0194939285748508,0.999519314121592,0.999498173819493,"soc_net_bl"
"918","SCFD2","End",-0.00138799469973503,7.65386922758648,0.0366688049299328,0.848299672948748,0.999519314121592,0.999498173819493,"soc_net_bl"
"919","CHIC2","End",0.00707165625782638,7.9759399460881,1.31446974703976,0.252706473258723,0.999519314121592,0.999498173819493,"soc_net_bl"
"920","TMEM165","End",0.000611989140454556,8.32907690001397,0.0168908071899923,0.89670113999759,0.999519314121592,0.999498173819493,"soc_net_bl"
"921","CLOCK","End",0.00383057608560944,7.72160902837546,0.50679192807078,0.47720884076054,0.999519314121592,0.999498173819493,"soc_net_bl"
"922","EXOC1","End",-0.021333124680879,7.53669702814627,10.2538400480547,0.0015447485694145,0.888697636424933,0.999498173819493,"soc_net_bl"
"923","HOPX","End",0.0119350491528482,6.8694775790196,1.6225759680171,0.203941142564699,0.999519314121592,0.999498173819493,"soc_net_bl"
"924","IGFBP7","End",0.00793702832940052,10.0574657889764,2.5221926960838,0.113545217753159,0.999519314121592,0.999498173819493,"soc_net_bl"
"925","ADGRL3","End",-0.0038950946196793,8.95120411885776,0.184368886944013,0.668022958395112,0.999519314121592,0.999498173819493,"soc_net_bl"
"926","CENPC","End",0.0134527601378675,7.23281660418203,4.59075096537322,0.0331315945057523,0.999519314121592,0.999498173819493,"soc_net_bl"
"927","UBA6","End",-0.00183399831934849,8.01634183417881,0.103107824891328,0.748405516609137,0.999519314121592,0.999498173819493,"soc_net_bl"
"928","UBA6-AS1","End",0.0203007863415448,6.88170057504022,4.63452560142248,0.03231242715822,0.999519314121592,0.999498173819493,"soc_net_bl"
"929","YTHDC1","End",0.00319311825739884,7.65278976547177,0.330809612023049,0.565711046293936,0.999519314121592,0.999498173819493,"soc_net_bl"
"930","SULT1B1","End",0.00218838268252469,6.61962512502542,0.0287840828676797,0.865418665123682,0.999519314121592,0.999498173819493,"soc_net_bl"
"931","RUFY3","End",0.00175591871702022,8.25946340801842,0.116248597065592,0.733431816123754,0.999519314121592,0.999498173819493,"soc_net_bl"
"932","SLC4A4","End",-0.00479533091539201,6.95748368287006,0.0803022092890618,0.777127802051947,0.999519314121592,0.999498173819493,"soc_net_bl"
"933","ANKRD17","End",-8.03635749245947e-05,9.43388790386508,0.00041968485448327,0.983672200703138,0.999519314121592,0.999498173819493,"soc_net_bl"
"934","CXCL8","End",-0.0548606438937356,6.22322411702518,3.65386976113749,0.0571068762806542,0.999519314121592,0.999498173819493,"soc_net_bl"
"935","CXCL1","End",0.0119036670703992,6.85781897874825,0.337118175752453,0.562031558392318,0.999519314121592,0.999498173819493,"soc_net_bl"
"936","CXCL2","End",-0.00918300215716395,6.58413443558696,0.210472897828035,0.646804092207777,0.999519314121592,0.999498173819493,"soc_net_bl"
"937","USO1","End",0.0023507111406001,7.41161288907581,0.152930713243448,0.74248511110632,0.999519314121592,0.999498173819493,"soc_net_bl"
"938","CXCL10","End",-0.0614227881715899,6.27575161050532,2.84276433073131,0.0930603433075753,0.999519314121592,0.999498173819493,"soc_net_bl"
"939","SCARB2","End",0.00209888002621812,7.56890186432208,0.112455859219033,0.73765253345388,0.999519314121592,0.999498173819493,"soc_net_bl"
"940","SEPT11","End",-0.00430797973104062,7.36909322019099,0.387125757253009,0.534393233969712,0.999519314121592,0.999498173819493,"soc_net_bl"
"941","CCNI","End",0.010788289820334,8.28613232656045,4.62016781084152,0.0325787367902355,0.999519314121592,0.999498173819493,"soc_net_bl"
"942","CNOT6L","End",-0.00192582404990355,9.37107275485362,0.192469651758308,0.661256017866036,0.999519314121592,0.999498173819493,"soc_net_bl"
"943","MRPL1","End",-0.000891556925358221,8.00403224483163,0.0170191449308396,0.896311667803476,0.999519314121592,0.999498173819493,"soc_net_bl"
"944","FRAS1","End",0.0105458368558185,7.7170117474502,1.47493629740086,0.225738775532797,0.999519314121592,0.999498173819493,"soc_net_bl"
"945","ANXA3","End",0.00358106567976554,9.06799961553342,0.446655366046781,0.50455727156302,0.999519314121592,0.999498173819493,"soc_net_bl"
"946","BMP2K","End",0.0036909790712058,7.66699495487214,0.290435534664601,0.590431358230114,0.999519314121592,0.999498173819493,"soc_net_bl"
"947","RASGEF1B","End",-0.0143277958964285,8.33417442997339,1.962580095738,0.162504113037788,0.999519314121592,0.999498173819493,"soc_net_bl"
"948","HNRNPD","End",-0.00260780895313576,7.8718111805406,0.346109942312512,0.903409441127483,0.999519314121592,0.999498173819493,"soc_net_bl"
"949","HNRNPDL","End",-0.00714599941165236,7.94762885063271,2.02441543212711,0.36294067462311,0.999519314121592,0.999498173819493,"soc_net_bl"
"950","SEC31A","End",0.00126233407942486,7.73293521581401,0.0528552256322343,0.888002638827757,0.999519314121592,0.999498173819493,"soc_net_bl"
"951","WDFY3","End",0.00273555052989412,8.95529818808069,0.520609339268716,0.471270499078224,0.999519314121592,0.999498173819493,"soc_net_bl"
"952","MAPK10","End",0.00900205529382133,6.8549950454295,0.770839691095264,0.380818361438522,0.999519314121592,0.999498173819493,"soc_net_bl"
"953","AFF1","End",0.00120883123347219,9.40372715919381,0.0930444273613926,0.760601102902461,0.999519314121592,0.999498173819493,"soc_net_bl"
"954","SPARCL1","End",0.00608843027346097,10.6612416159721,1.52216613206487,0.218475297429065,0.999519314121592,0.999498173819493,"soc_net_bl"
"955","PKD2","End",-0.00236463565321646,7.97965826575967,0.144374157808647,0.704300127810511,0.999519314121592,0.999498173819493,"soc_net_bl"
"956","ABCG2","End",0.0057506240722617,9.51408678408106,0.934773885821748,0.33457976790504,0.999519314121592,0.999498173819493,"soc_net_bl"
"957","HERC6","End",0.0238256407492798,7.07549364504055,4.59306249470611,0.0330877968300865,0.999519314121592,0.999498173819493,"soc_net_bl"
"958","FAM13A","End",-0.0155375723788641,7.9013559490758,1.75937789985116,0.185938339423021,0.999519314121592,0.999498173819493,"soc_net_bl"
"959","MMRN1","End",-0.0353418605489711,6.24736555955216,3.18005708865844,0.0757811455563504,0.999519314121592,0.999498173819493,"soc_net_bl"
"960","CCSER1","End",0.00238136692022009,8.95908329424735,0.112161643277782,0.737983241271603,0.999519314121592,0.999498173819493,"soc_net_bl"
"961","PDLIM5","End",0.00156325696120249,9.10314120487068,0.095977343358494,0.756975030150918,0.999519314121592,0.999498173819493,"soc_net_bl"
"962","UNC5C","End",0.00570121408511143,6.58754770907162,0.208502800086758,0.648348351549018,0.999519314121592,0.999498173819493,"soc_net_bl"
"963","STPG2","End",-0.0267987176222858,7.1034686749224,4.70236282982613,0.0310847499789647,0.999519314121592,0.999498173819493,"soc_net_bl"
"964","RAP1GDS1","End",-0.00659474681081808,8.00520300297225,1.36226081335536,0.24428177676117,0.999519314121592,0.999498173819493,"soc_net_bl"
"965","TSPAN5","End",0.00529026405740261,9.43333319749472,1.07412568445853,0.301038158389849,0.999519314121592,0.999498173819493,"soc_net_bl"
"966","DNAJB14","End",0.00653440919001465,7.8020294425117,1.7778144914664,0.412375585763799,0.999519314121592,0.999498173819493,"soc_net_bl"
"967","H2AFZ","End",-0.00537498761576376,7.12546037372739,0.379539896318284,0.538422036419552,0.999519314121592,0.999498173819493,"soc_net_bl"
"968","EMCN","End",-0.00917620811668565,9.28484934451603,3.14419027403874,0.077441285605164,0.999519314121592,0.999498173819493,"soc_net_bl"
"969","PPP3CA","End",0.00273719513544189,9.75818120212109,0.461212027441897,0.497699709330675,0.999519314121592,0.999498173819493,"soc_net_bl"
"970","SLC39A8","End",0.00781175997375845,8.06842809448537,2.00379451665848,0.158177038333553,0.999519314121592,0.999498173819493,"soc_net_bl"
"971","NFKB1","End",0.00793756708181111,7.91489371815426,1.67862970785628,0.196327074629306,0.999519314121592,0.999498173819493,"soc_net_bl"
"972","UBE2D3","End",0.0016670843293668,9.01766021670345,0.113644716829952,0.736321101484262,0.999519314121592,0.999498173819493,"soc_net_bl"
"973","TET2","End",-0.00111674725832742,7.53270406496967,0.0321899908844228,0.857759735067205,0.999519314121592,0.999498173819493,"soc_net_bl"
"974","PPA2","End",-0.00547471025591705,7.75957954261004,0.904000058974956,0.342649242691549,0.999519314121592,0.999498173819493,"soc_net_bl"
"975","TBCK","End",-0.0028664177082458,8.29146653305659,0.275717855457713,0.599996989487692,0.999519314121592,0.999498173819493,"soc_net_bl"
"976","DKK2","End",0.00722342114149464,6.65003087495366,0.121363195845577,0.727860101334577,0.999519314121592,0.999498173819493,"soc_net_bl"
"977","PAPSS1","End",0.00554219008382146,7.02798243085087,0.346501211325576,0.556643201116235,0.999519314121592,0.999498173819493,"soc_net_bl"
"978","LEF1","End",0.00158729014624105,9.75245004464168,0.116081205751997,0.733616462191378,0.999519314121592,0.999498173819493,"soc_net_bl"
"979","RPL34","End",-0.00355370502167392,7.22212655504398,0.0982631296539755,0.754190935783994,0.999519314121592,0.999498173819493,"soc_net_bl"
"980","SEC24B","End",0.00421587756173734,8.29764013686694,0.89697950036679,0.344526928316007,0.999519314121592,0.999498173819493,"soc_net_bl"
"981","FAM241A","End",0.00170682540992185,7.13854939025181,0.0328802026754987,0.856259408571242,0.999519314121592,0.999498173819493,"soc_net_bl"
"982","ALPK1","End",0.00676849606413862,7.31909887785395,0.714399340353431,0.398812598886591,0.999519314121592,0.999498173819493,"soc_net_bl"
"983","ANK2","End",0.00486036214663374,6.98327633421344,0.299239141522097,0.584858156447036,0.999519314121592,0.999498173819493,"soc_net_bl"
"984","CAMK2D","End",-0.00375912817148233,9.51317788745963,0.561355829883663,0.454433879317809,0.999519314121592,0.999498173819493,"soc_net_bl"
"985","SEC24D","End",-0.0160969764739053,7.17064058291872,4.82105678827659,0.0290530310653919,0.999519314121592,0.999498173819493,"soc_net_bl"
"986","USP53","End",-0.00289327647660695,8.83518377484601,0.351029290852238,0.55407796005547,0.999519314121592,0.999498173819493,"soc_net_bl"
"987","C4orf3","End",0.00195121449531372,7.06304311716678,0.0495993375719271,0.823947651006231,0.999519314121592,0.999498173819493,"soc_net_bl"
"988","ANXA5","End",0.00379682372772308,7.62308747722466,0.419279941762161,0.873153030712928,0.999519314121592,0.999498173819493,"soc_net_bl"
"989","KIAA1109","End",0.00569888213611449,8.66736801567352,1.92718610530455,0.16632874539808,0.999519314121592,0.999498173819493,"soc_net_bl"
"990","FGF2","End",0.00794036543188402,6.42960809765137,0.259987318195077,0.610588291505804,0.999519314121592,0.999498173819493,"soc_net_bl"
"991","SPATA5","End",-0.000874479217066425,7.5429006838818,0.0155723041254368,0.900792985719668,0.999519314121592,0.999498173819493,"soc_net_bl"
"992","FAT4","End",0.000442354137474869,8.34773491015821,0.0042596906325741,0.948015240512036,0.999519314121592,0.999498173819493,"soc_net_bl"
"993","ABHD18","End",0.00405577784324028,7.18031563279009,0.327126315821381,0.567880999291315,0.999519314121592,0.999498173819493,"soc_net_bl"
"994","LARP1B","End",-0.0145505896378022,7.46589665214063,3.08199391178412,0.0804142408059734,0.999519314121592,0.999498173819493,"soc_net_bl"
"995","SCLT1","End",0.000418783781582611,7.46160344698655,0.00295346401008374,0.956704003626887,0.999519314121592,0.999498173819493,"soc_net_bl"
"996","SLC7A11","End",0.00673220973939321,8.48050642312263,0.704929902213544,0.401951377706714,0.999519314121592,0.999498173819493,"soc_net_bl"
"997","AC109927.1","End",-0.0133121132902621,6.51656313407184,1.03089166412094,0.31095185653558,0.999519314121592,0.999498173819493,"soc_net_bl"
"998","ELF2","End",0.000120457522421278,9.55034214621369,0.000985768239810758,0.974978561276209,0.999519314121592,0.999498173819493,"soc_net_bl"
"999","NAA15","End",0.00546165028096519,7.15850370956899,0.632578011674432,0.42718180667235,0.999519314121592,0.999498173819493,"soc_net_bl"
"1000","AC097376.2","End",-0.0135986111493028,7.21090704133132,2.53028335408746,0.112970797036955,0.999519314121592,0.999498173819493,"soc_net_bl"
"1001","MGST2","End",-0.00328421401265307,7.94065469808586,0.261519196934157,0.609539344179183,0.999519314121592,0.999498173819493,"soc_net_bl"
"1002","MAML3","End",-0.00430827513458698,8.1384078589797,0.287427873076959,0.592360391819178,0.999519314121592,0.999498173819493,"soc_net_bl"
"1003","TBC1D9","End",-0.00442847204122836,7.70344853615661,0.483444275686702,0.487525860637917,0.999519314121592,0.999498173819493,"soc_net_bl"
"1004","IL15","End",0.0105814229759842,6.79804508371246,1.22863033190282,0.268761474370125,0.999519314121592,0.999498173819493,"soc_net_bl"
"1005","GAB1","End",0.00328335750015709,8.75826618760259,0.300830325531782,0.583862237947864,0.999519314121592,0.999498173819493,"soc_net_bl"
"1006","SMAD1","End",0.00329738412664893,7.76287894201448,0.190485631777861,0.662897449484758,0.999519314121592,0.999498173819493,"soc_net_bl"
"1007","SLC10A7","End",-0.0109036465763643,7.31093077343613,2.05610187398422,0.152873727997172,0.999519314121592,0.999498173819493,"soc_net_bl"
"1008","NR3C2","End",-0.00256539661487187,10.0735624621787,0.224701803035412,0.635903046302783,0.999519314121592,0.999498173819493,"soc_net_bl"
"1009","DCLK2","End",0.00112300535438558,8.01258248348665,0.0327590246604754,0.856521630180191,0.999519314121592,0.999498173819493,"soc_net_bl"
"1010","LRBA","End",0.000891645944921813,8.99303836470597,0.041591387545428,0.838570097590479,0.999519314121592,0.999498173819493,"soc_net_bl"
"1011","RPS3A","End",0.00562083716161688,6.53670515166698,0.256247433789471,0.613165625310162,0.999519314121592,0.999498173819493,"soc_net_bl"
"1012","SH3D19","End",0.00384489860953978,7.91920167604026,0.405789190954272,0.524709831554581,0.999519314121592,0.999498173819493,"soc_net_bl"
"1013","FBXW7","End",0.00180912216123021,8.64914370860805,0.156299725089783,0.692930693878152,0.999519314121592,0.999498173819493,"soc_net_bl"
"1014","ARFIP1","End",-0.00155197745472712,8.04943311812707,0.0697462598124196,0.791928795424816,0.999519314121592,0.999498173819493,"soc_net_bl"
"1015","PDGFC","End",0.0105392404517588,8.01414807574505,2.77388863940608,0.097092408453313,0.999519314121592,0.999498173819493,"soc_net_bl"
"1016","GRIA2","End",0.0179594440079863,6.87180500259061,3.77640949461242,0.0531264340077335,0.999519314121592,0.999498173819493,"soc_net_bl"
"1017","FNIP2","End",-0.000317059304960264,7.76964044498119,0.0018248986366885,0.965960492672836,0.999519314121592,0.999498173819493,"soc_net_bl"
"1018","RAPGEF2","End",0.0034008503412793,10.3834154574206,0.961868192836061,0.327684974963223,0.999519314121592,0.999498173819493,"soc_net_bl"
"1019","KLHL2","End",0.00303395208591631,7.92604255541296,0.258410666869217,0.611671973187763,0.999519314121592,0.999498173819493,"soc_net_bl"
"1020","CPE","End",0.00553991520412722,8.21687342203315,0.500533230389137,0.479938954253035,0.999519314121592,0.999498173819493,"soc_net_bl"
"1021","TLL1","End",0.0017233420549887,6.91919525164649,0.0116485970730326,0.914140690505132,0.999519314121592,0.999498173819493,"soc_net_bl"
"1022","SPOCK3","End",0.00640509326880432,8.97424119232234,0.761368833470119,0.383755600025548,0.999519314121592,0.999498173819493,"soc_net_bl"
"1023","DDX60","End",-0.000164442457208357,7.08923998070002,0.000400681560376026,0.984046092701919,0.999519314121592,0.999498173819493,"soc_net_bl"
"1024","DDX60L","End",0.00116972898691953,7.63980950315845,0.0213377620564467,0.883982793154709,0.999519314121592,0.999498173819493,"soc_net_bl"
"1025","CBR4","End",0.0103806848735377,7.27948348343243,2.23937084740363,0.135823953649707,0.999519314121592,0.999498173819493,"soc_net_bl"
"1026","SH3RF1","End",-0.0060668520245697,6.77836938879224,0.33146316611762,0.565327697284925,0.999519314121592,0.999498173819493,"soc_net_bl"
"1027","NEK1","End",-0.00341759109468338,7.66611458853465,0.341089933954618,0.572845057080553,0.999519314121592,0.999498173819493,"soc_net_bl"
"1028","CLCN3","End",-0.00225544791982505,7.07753921126781,0.0912128152024779,0.762897383877179,0.999519314121592,0.999498173819493,"soc_net_bl"
"1029","GPM6A","End",0.00432710932473591,7.43560888992652,0.237357890973387,0.626556933237276,0.999519314121592,0.999498173819493,"soc_net_bl"
"1030","SPCS3","End",-0.00603289314568897,7.21557608842409,0.767424445913321,0.381873851372361,0.999519314121592,0.999498173819493,"soc_net_bl"
"1031","VEGFC","End",0.00863402390585349,7.72822818039433,0.649953068521819,0.420911997655884,0.999519314121592,0.999498173819493,"soc_net_bl"
"1032","WWC2","End",-0.00541211647445273,9.39764771264706,1.42034274014108,0.234501187386746,0.999519314121592,0.999498173819493,"soc_net_bl"
"1033","STOX2","End",0.00112813397833668,8.48979366410748,0.03322460856657,0.855516849550733,0.999519314121592,0.999498173819493,"soc_net_bl"
"1034","IRF2","End",0.000495973121416766,7.69158993428374,0.00710402264237643,0.932898439916364,0.999519314121592,0.999498173819493,"soc_net_bl"
"1035","SNX25","End",-0.00284264653776037,7.73568724925232,0.176457722136055,0.674803749891028,0.999519314121592,0.999498173819493,"soc_net_bl"
"1036","ANKRD37","End",-0.012563454900431,8.77473296835639,0.88705170724585,0.347206094209248,0.999519314121592,0.999498173819493,"soc_net_bl"
"1037","SORBS2","End",0.00191963509872151,10.7292661354895,0.177064866158531,0.674277079743697,0.999519314121592,0.999498173819493,"soc_net_bl"
"1038","TENT4A","End",-0.0117162695532538,7.32647434751332,3.44635928289908,0.118642722548144,0.999519314121592,0.999498173819493,"soc_net_bl"
"1039","CCT5","End",0.00568664848883225,6.93463627978902,0.420360771328511,0.517364817724938,0.999519314121592,0.999498173819493,"soc_net_bl"
"1040","MARCH6","End",0.00993299511816007,8.35846072764687,5.87603310945659,0.016073750457013,0.999519314121592,0.999498173819493,"soc_net_bl"
"1041","ANKRD33B","End",0.00377932610939224,7.49108085967572,0.157511890611731,0.691803470640721,0.999519314121592,0.999498173819493,"soc_net_bl"
"1042","DAP","End",0.00149770295022159,7.61982295892813,0.0517052373470854,0.820311966750845,0.999519314121592,0.999498173819493,"soc_net_bl"
"1043","TRIO","End",-0.00205937621078097,10.4777101445809,0.297270924365093,0.58609483293034,0.999519314121592,0.999498173819493,"soc_net_bl"
"1044","ANKH","End",-0.00212667130381874,8.42230454463322,0.137994587128505,0.710604197432375,0.999519314121592,0.999498173819493,"soc_net_bl"
"1045","FBXL7","End",0.00304464604058209,9.18338090665842,0.271252022608434,0.602963943489301,0.999519314121592,0.999498173819493,"soc_net_bl"
"1046","MYO10","End",0.00527883277311666,9.14591289049715,1.01140778237835,0.315558925543563,0.999519314121592,0.999498173819493,"soc_net_bl"
"1047","BASP1","End",0.0119060468622308,7.22332397293682,2.40769768335626,0.122031762931447,0.999519314121592,0.999498173819493,"soc_net_bl"
"1048","C5orf17","End",-0.00153134352872461,6.26750594204882,0.00223587755730835,0.962324585439817,0.999519314121592,0.999498173819493,"soc_net_bl"
"1049","CDH6","End",-0.0166207132676809,6.50553580023824,0.987681765175349,0.321291031261233,0.999519314121592,0.999498173819493,"soc_net_bl"
"1050","PDZD2","End",0.00864966715549473,9.52304870603599,2.94033458081833,0.0876584754452513,0.999519314121592,0.999498173819493,"soc_net_bl"
"1051","GOLPH3","End",-0.00800679965798424,8.16918984617447,2.42799461581225,0.120477229716949,0.999519314121592,0.999498173819493,"soc_net_bl"
"1052","ZFR","End",-0.00989783073410966,8.12960252734634,3.99131318322664,0.0468420188301662,0.999519314121592,0.999498173819493,"soc_net_bl"
"1053","SUB1","End",0.00634950856521922,7.11265443857856,0.830021073122637,0.450543321925883,0.999519314121592,0.999498173819493,"soc_net_bl"
"1054","C1QTNF3-AMACR","End",0.0154605863210923,7.06842900278561,3.9250881820001,0.0486898084052343,0.999519314121592,0.999498173819493,"soc_net_bl"
"1055","RAI14","End",-0.00633270385016732,7.69061826817219,0.920021600364271,0.338415752598428,0.999519314121592,0.999498173819493,"soc_net_bl"
"1056","SLC1A3","End",0.0178313184103806,6.771502224263,1.68378949380049,0.195643195592267,0.999519314121592,0.999498173819493,"soc_net_bl"
"1057","NIPBL","End",0.000467129502396711,9.18262496755886,0.0197179766969856,0.888443073664322,0.999519314121592,0.999498173819493,"soc_net_bl"
"1058","CPLANE1","End",-0.00071914379761109,7.38520430717636,0.0123708307997175,0.911529677866783,0.999519314121592,0.999498173819493,"soc_net_bl"
"1059","WDR70","End",0.0104887276804899,8.37363917109923,6.5865043965316,0.0108714209829309,0.999519314121592,0.999498173819493,"soc_net_bl"
"1060","LIFR","End",0.0104077801359886,8.43624643554053,2.19675584656349,0.139587754116506,0.999519314121592,0.999498173819493,"soc_net_bl"
"1061","OSMR-AS1","End",0.00742153241178626,7.14985751547218,1.07120356233881,0.301695159827009,0.999519314121592,0.999498173819493,"soc_net_bl"
"1062","OSMR","End",-0.00767038485723708,9.18320731515247,2.3424270746622,0.127184562282923,0.999519314121592,0.999498173819493,"soc_net_bl"
"1063","RICTOR","End",4.86974320787358e-05,8.41932186015007,9.41336232828718e-05,0.99226674996385,0.999519314121592,0.999498173819493,"soc_net_bl"
"1064","PRKAA1","End",0.002311248239936,7.25979331134568,0.120638376406374,0.728641597705954,0.999519314121592,0.999498173819493,"soc_net_bl"
"1065","RPL37","End",0.00313219079148154,6.85483642920023,0.151765975198244,0.697192135731026,0.999519314121592,0.999498173819493,"soc_net_bl"
"1066","PLCXD3","End",0.00501205161646092,6.38358363725742,0.0697763408100658,0.791884968270584,0.999519314121592,0.999498173819493,"soc_net_bl"
"1067","GHR","End",0.00840296649056791,6.7604243762844,0.530690391237731,0.467013099144188,0.999519314121592,0.999498173819493,"soc_net_bl"
"1068","SELENOP","End",0.0215228628870747,6.95301221920883,6.74533746342289,0.00996846552398943,0.999519314121592,0.999498173819493,"soc_net_bl"
"1069","ZNF131","End",-0.00793221460913448,7.61716782052089,1.73699541502978,0.188752040199736,0.999519314121592,0.999498173819493,"soc_net_bl"
"1070","NNT","End",-0.000228234902918823,6.95211660299861,0.00068166933881563,0.979191831985396,0.999519314121592,0.999498173819493,"soc_net_bl"
"1071","PARP8","End",0.00947793215102156,6.61703648305016,0.614860175790666,0.433721846468867,0.999519314121592,0.999498173819493,"soc_net_bl"
"1072","ITGA1","End",0.00158817899611246,9.85532319244601,0.0864357117869969,0.769007420628786,0.999519314121592,0.999498173819493,"soc_net_bl"
"1073","ITGA2","End",-0.00956469035143805,7.88259004441287,1.34185082568633,0.247836749443484,0.999519314121592,0.999498173819493,"soc_net_bl"
"1074","ARL15","End",0.00167809620841417,11.4417430452042,0.0627437401639113,0.802420868883576,0.999519314121592,0.999498173819493,"soc_net_bl"
"1075","DHX29","End",-0.0040739999055364,6.88094657006426,0.265137030540307,0.607077356682597,0.999519314121592,0.999498173819493,"soc_net_bl"
"1076","MTREX","End",0.00726909530685644,7.39231214324196,1.38226428244796,0.240858076483513,0.999519314121592,0.999498173819493,"soc_net_bl"
"1077","PLPP1","End",-0.00073033874739881,10.1815790731666,0.00787662009638606,0.929352905566372,0.999519314121592,0.999498173819493,"soc_net_bl"
"1078","SLC38A9","End",-0.00473694268414284,6.80359493393599,0.209468626815992,0.647590191070775,0.999519314121592,0.999498173819493,"soc_net_bl"
"1079","IL6ST","End",-0.0025937828960744,8.77697593272081,0.344362591339282,0.557862630463108,0.999519314121592,0.999498173819493,"soc_net_bl"
"1080","MAP3K1","End",0.00244081044223956,7.86048042482121,0.147200960206703,0.701557732029775,0.999519314121592,0.999498173819493,"soc_net_bl"
"1081","GPBP1","End",0.00176444535753269,8.31458671303664,0.13777292481277,0.710826194343035,0.999519314121592,0.999498173819493,"soc_net_bl"
"1082","PDE4D","End",-0.00728740701045547,10.9063750399648,1.36508447559997,0.243794896686572,0.999519314121592,0.999498173819493,"soc_net_bl"
"1083","ELOVL7","End",-0.000740674388685979,11.4756689810714,0.0409726965202735,0.839758771500305,0.999519314121592,0.999498173819493,"soc_net_bl"
"1084","NDUFAF2","End",0.00944852841723956,7.34417574256617,1.92338686031402,0.16674540363779,0.999519314121592,0.999498173819493,"soc_net_bl"
"1085","ZSWIM6","End",0.00164335645928563,9.26703854606104,0.108991908566475,0.741577136372654,0.999519314121592,0.999498173819493,"soc_net_bl"
"1086","RNF180","End",0.00350353257011692,6.83752498060503,0.105831613711288,0.745218520698375,0.999519314121592,0.999498173819493,"soc_net_bl"
"1087","CWC27","End",-0.00870383010059053,7.52807724937462,1.65634674645963,0.199312996459043,0.999519314121592,0.999498173819493,"soc_net_bl"
"1088","ADAMTS6","End",-0.0229552431519512,8.27060715066231,3.30306906010955,0.0703731962000824,0.999519314121592,0.999498173819493,"soc_net_bl"
"1089","ERBIN","End",-0.00998324281655429,8.75247222366963,5.50481283752815,0.0197626577172947,0.999519314121592,0.999498173819493,"soc_net_bl"
"1090","SREK1","End",-0.0128676354012481,7.43076305239044,4.8050355143577,0.09211239508156,0.999519314121592,0.999498173819493,"soc_net_bl"
"1091","MAST4","End",-0.00378714221693514,9.07082439804826,0.385546815398457,0.535227264627444,0.999519314121592,0.999498173819493,"soc_net_bl"
"1092","PIK3R1","End",0.00370797129954059,7.38476480029876,0.206106772834852,0.650238410079279,0.999519314121592,0.999498173819493,"soc_net_bl"
"1093","OCLN","End",0.00427761714215558,7.86443526053444,0.579994674456737,0.447047517585625,0.999519314121592,0.999498173819493,"soc_net_bl"
"1094","BDP1","End",0.00464400829532874,7.63566971298042,0.770209744039574,0.393864849295209,0.999519314121592,0.999498173819493,"soc_net_bl"
"1095","MAP1B","End",0.00752635794073229,8.16317289309428,1.13710960444202,0.28731454554755,0.999519314121592,0.999498173819493,"soc_net_bl"
"1096","ZNF366","End",-0.00323510949875415,9.04450316134983,0.234237295760401,0.628832291730847,0.999519314121592,0.999498173819493,"soc_net_bl"
"1097","TNPO1","End",-0.0111003346587427,8.0110669055108,3.91057481312957,0.239585140480981,0.999519314121592,0.999498173819493,"soc_net_bl"
"1098","FCHO2","End",0.00330347457090831,8.73832662397812,0.6180951098252,0.459143055072575,0.999519314121592,0.999498173819493,"soc_net_bl"
"1099","BTF3","End",0.00765879130813985,7.13063089399463,0.7814659705982,0.377560607723803,0.999519314121592,0.999498173819493,"soc_net_bl"
"1100","ARHGEF28","End",0.00680248309109857,7.88817286457457,0.910932176227593,0.340808785342911,0.999519314121592,0.999498173819493,"soc_net_bl"
"1101","ENC1","End",0.00733271250458153,6.63169315244257,0.415514082964168,0.519787583356732,0.999519314121592,0.999498173819493,"soc_net_bl"
"1102","COL4A3BP","End",-0.005667880210037,7.97878485467726,1.15217908495357,0.354292215266468,0.999519314121592,0.999498173819493,"soc_net_bl"
"1103","POLK","End",0.00516680994725083,7.73578287068117,0.999293458423586,0.318468696631493,0.999519314121592,0.999498173819493,"soc_net_bl"
"1104","TBCA","End",0.00350914512862781,7.7608018225654,0.410624411772546,0.672058264031704,0.999519314121592,0.999498173819493,"soc_net_bl"
"1105","AP3B1","End",0.000319725956736145,8.34921629408275,0.0056144335411048,0.940331985256646,0.999519314121592,0.999498173819493,"soc_net_bl"
"1106","SCAMP1","End",-0.000832176948479558,8.03307036036506,0.0218626176467804,0.882574878568042,0.999519314121592,0.999498173819493,"soc_net_bl"
"1107","LHFPL2","End",-0.003694948044955,8.19806388740418,0.359368202603392,0.549411792196512,0.999519314121592,0.999498173819493,"soc_net_bl"
"1108","ARSB","End",-0.0157638341273771,7.44738804992619,3.20226726301222,0.074772446318887,0.999519314121592,0.999498173819493,"soc_net_bl"
"1109","TENT2","End",0.00023973179707249,8.27375796688462,0.00261353733714974,0.95926938690913,0.999519314121592,0.999498173819493,"soc_net_bl"
"1110","SERINC5","End",-0.00845759965401411,9.08293421851713,1.4760712391215,0.225560855373544,0.999519314121592,0.999498173819493,"soc_net_bl"
"1111","ZFYVE16","End",0.00510589823700611,7.7384358230526,1.14867144898897,0.372725875803705,0.999519314121592,0.999498173819493,"soc_net_bl"
"1112","DHFR","End",-0.00642530159867841,7.70689838035819,0.470609921644833,0.493355955610267,0.999519314121592,0.999498173819493,"soc_net_bl"
"1113","MSH3","End",-0.00417496739568406,7.42791523550874,0.389927206093058,0.532919242886494,0.999519314121592,0.999498173819493,"soc_net_bl"
"1114","RASGRF2","End",-0.000169301872450115,9.70812294749416,0.00193056004881687,0.964989535539071,0.999519314121592,0.999498173819493,"soc_net_bl"
"1115","CKMT2","End",0.00326062542600758,7.36345287294326,0.168177413785665,0.682095396000526,0.999519314121592,0.999498173819493,"soc_net_bl"
"1116","SSBP2","End",-0.0004668067262586,8.9744115672613,0.00736748071671036,0.931668520494813,0.999519314121592,0.999498173819493,"soc_net_bl"
"1117","ATG10","End",0.0103548218308676,7.48027239090088,2.13979506960744,0.14480385195796,0.999519314121592,0.999498173819493,"soc_net_bl"
"1118","RPS23","End",0.00133644574327422,8.37465598876404,0.0264431093567054,0.870957017534333,0.999519314121592,0.999498173819493,"soc_net_bl"
"1119","COX7C","End",0.00327159542371274,6.84416499445561,0.0902901591712551,0.76406365004415,0.999519314121592,0.999498173819493,"soc_net_bl"
"1120","RASA1","End",0.00439580650543959,8.2706488532366,1.03142662065878,0.310826609838671,0.999519314121592,0.999498173819493,"soc_net_bl"
"1121","CCNH","End",-0.00398168584649624,9.08036759590826,0.686626725215836,0.408121367631222,0.999519314121592,0.999498173819493,"soc_net_bl"
"1122","TMEM161B-AS1","End",0.010114302067348,7.17888757859648,1.66695757831653,0.197884515456749,0.999519314121592,0.999498173819493,"soc_net_bl"
"1123","MEF2C","End",0.00074109515252072,9.71293075611023,0.0365502468031139,0.848542121389581,0.999519314121592,0.999498173819493,"soc_net_bl"
"1124","MEF2C-AS1","End",0.000874844440551687,8.12984117128391,0.0166120359710899,0.897552356727737,0.999519314121592,0.999498173819493,"soc_net_bl"
"1125","ARRDC3","End",-0.00779795846679977,8.01998980263561,0.571542528747967,0.450373530648238,0.999519314121592,0.999498173819493,"soc_net_bl"
"1126","FAM172A","End",0.00339204330768241,9.0482552294819,0.743461581300267,0.515936452238995,0.999519314121592,0.999498173819493,"soc_net_bl"
"1127","KIAA0825","End",0.0128814798014631,6.74832257102694,1.243561666458,0.26587936484786,0.999519314121592,0.999498173819493,"soc_net_bl"
"1128","MCTP1","End",0.00354366402351333,9.09572907774674,0.146367938755915,0.702362718708502,0.999519314121592,0.999498173819493,"soc_net_bl"
"1129","TTC37","End",-0.00446471523348049,7.57369332771741,0.502795498996431,0.478949179638455,0.999519314121592,0.999498173819493,"soc_net_bl"
"1130","ELL2","End",-0.00626012662825204,9.01613411499824,0.50677183709061,0.477217563953113,0.999519314121592,0.999498173819493,"soc_net_bl"
"1131","AC104123.1","End",-0.00567720523113762,6.78652518690185,0.272685286769236,0.602008360988211,0.999519314121592,0.999498173819493,"soc_net_bl"
"1132","CAST","End",0.000956232401434315,8.27023061058373,0.0459294991596992,0.830482427252574,0.999519314121592,0.999498173819493,"soc_net_bl"
"1133","LNPEP","End",0.00135026790465,7.43956311209463,0.0484375556196897,0.96750477070832,0.999519314121592,0.999498173819493,"soc_net_bl"
"1134","CHD1","End",0.0087799944326444,7.88558647695905,2.92367462467229,0.0885560720937101,0.999519314121592,0.999498173819493,"soc_net_bl"
"1135","ST8SIA4","End",0.00792145061154923,7.26977684665283,1.14209956813321,0.286261878486773,0.999519314121592,0.999498173819493,"soc_net_bl"
"1136","PAM","End",-0.0064928612380169,9.87123063760181,3.11085101459726,0.0790197860319222,0.999519314121592,0.999498173819493,"soc_net_bl"
"1137","PPIP5K2","End",0.000107225072210708,7.27517972655717,0.000283477173558969,0.98658054276136,0.999519314121592,0.999498173819493,"soc_net_bl"
"1138","EFNA5","End",0.00200103876053471,6.56668848102382,0.0163306196572966,0.898419047726926,0.999519314121592,0.999498173819493,"soc_net_bl"
"1139","FBXL17","End",0.00258262535919611,8.96225711281346,0.352286680607469,0.553369593728071,0.999519314121592,0.999498173819493,"soc_net_bl"
"1140","FER","End",-0.00425267259558945,8.75753658451812,0.970701466888567,0.779120248284766,0.999519314121592,0.999498173819493,"soc_net_bl"
"1141","PJA2","End",-0.00383855751621445,7.97014203403182,0.607457901580982,0.43649944851388,0.999519314121592,0.999498173819493,"soc_net_bl"
"1142","MAN2A1","End",-0.00487485549888494,7.92885699062035,0.581482752373542,0.44646590887369,0.999519314121592,0.999498173819493,"soc_net_bl"
"1143","STARD4","End",-0.00663445891953236,7.58018270490506,0.724678287992483,0.395445634012351,0.999519314121592,0.999498173819493,"soc_net_bl"
"1144","NREP","End",-0.00549167601558642,6.92421762095016,0.327179421765816,0.567849597722819,0.999519314121592,0.999498173819493,"soc_net_bl"
"1145","EPB41L4A","End",-7.09031942622657e-05,9.54993695392818,0.000292677016687486,0.986364547808837,0.999519314121592,0.999498173819493,"soc_net_bl"
"1146","APC","End",-0.0115868994002508,7.23753079684316,2.54247960797556,0.11211096343553,0.999519314121592,0.999498173819493,"soc_net_bl"
"1147","REEP5","End",-0.00610546611685719,7.14101045666659,0.601290440905948,0.438834573810664,0.999519314121592,0.999498173819493,"soc_net_bl"
"1148","MCC","End",0.00199201401735915,9.41732435621568,0.136952687608322,0.711649442028356,0.999519314121592,0.999498173819493,"soc_net_bl"
"1149","YTHDC2","End",0.00345706951264306,7.47409325949478,0.27921483750721,0.597695047187015,0.999519314121592,0.999498173819493,"soc_net_bl"
"1150","AP3S1","End",0.0029273937950552,9.03549581552792,0.415227482858304,0.519931475322718,0.999519314121592,0.999498173819493,"soc_net_bl"
"1151","COMMD10","End",1.94261784389047e-05,8.60554880043143,9.49819462667769e-06,0.997543502378836,0.999519314121592,0.999498173819493,"soc_net_bl"
"1152","SEMA6A","End",0.00791225537429665,8.47745848448982,1.74091138189181,0.188256189860029,0.999519314121592,0.999498173819493,"soc_net_bl"
"1153","LINC02147","End",-0.00430139046239439,9.39857324682378,0.114474713756322,0.735396159516282,0.999519314121592,0.999498173819493,"soc_net_bl"
"1154","DMXL1","End",0.00385551845118735,7.73420032838608,0.517607319099003,0.472550434818653,0.999519314121592,0.999498173819493,"soc_net_bl"
"1155","TNFAIP8","End",-0.00597743151494741,7.56588353751356,0.471143767323443,0.493111128282113,0.999519314121592,0.999498173819493,"soc_net_bl"
"1156","HSD17B4","End",0.00132670909534282,8.08102007517813,0.0516281885995942,0.820443599144503,0.999519314121592,0.999498173819493,"soc_net_bl"
"1157","CSNK1G3","End",0.00300540959339946,7.76800977015109,0.325969059526336,0.568566127429479,0.999519314121592,0.999498173819493,"soc_net_bl"
"1158","ZNF608","End",-0.0128371276817091,7.00131061514885,1.25455513796172,0.263782032223521,0.999519314121592,0.999498173819493,"soc_net_bl"
"1159","GRAMD2B","End",0.0056170338205407,6.76406721202918,0.286036690818214,0.59325705995052,0.999519314121592,0.999498173819493,"soc_net_bl"
"1160","MARCH3","End",-0.0155335479637735,8.1604040130965,2.59369406947264,0.108578592044459,0.999519314121592,0.999498173819493,"soc_net_bl"
"1161","LINC01184","End",-0.00614428608476325,7.21005135479084,0.409125701773354,0.523011770643548,0.999519314121592,0.999498173819493,"soc_net_bl"
"1162","SLC12A2","End",-0.00340501256700343,8.57539457771728,0.31941321275901,0.572478114183263,0.999519314121592,0.999498173819493,"soc_net_bl"
"1163","SLC27A6","End",-0.0434051000916057,6.88888291594183,7.66730541980093,0.00605350204237992,0.999519314121592,0.999498173819493,"soc_net_bl"
"1164","HINT1","End",0.0163287536109058,7.41051579324558,4.75422331237589,0.0301792889675682,0.999519314121592,0.999498173819493,"soc_net_bl"
"1165","CDC42SE2","End",0.00843838838309883,7.47217731495277,1.76126817768344,0.185702965352621,0.999519314121592,0.999498173819493,"soc_net_bl"
"1166","SLC22A5","End",-0.00254994118348509,7.32070227321495,0.0606356785018261,0.805700395814862,0.999519314121592,0.999498173819493,"soc_net_bl"
"1167","AC116366.3","End",0.00144195171605429,7.68960925142335,0.047876014344023,0.826983589379194,0.999519314121592,0.999498173819493,"soc_net_bl"
"1168","IRF1","End",-0.0154484898992631,7.0150051156999,1.03762116594709,0.309381102700911,0.999519314121592,0.999498173819493,"soc_net_bl"
"1169","SHROOM1","End",0.00701175489509842,7.3214766730326,1.09027901454728,0.297439476056331,0.999519314121592,0.999498173819493,"soc_net_bl"
"1170","UQCRQ","End",0.00168636184781397,6.33919733245669,0.0197783419963819,0.88827356766145,0.999519314121592,0.999498173819493,"soc_net_bl"
"1171","AFF4","End",0.00245632266094219,8.71491628249999,0.298963759784824,0.585030866580396,0.999519314121592,0.999498173819493,"soc_net_bl"
"1172","HSPA4","End",0.00639222290075804,6.97701126997552,0.561278226771693,0.454465031986377,0.999519314121592,0.999498173819493,"soc_net_bl"
"1173","SKP1","End",0.00133297560741671,7.39252157208551,0.0296381669718729,0.86345604524679,0.999519314121592,0.999498173819493,"soc_net_bl"
"1174","UBE2B","End",0.00050985615361352,7.97669121739504,0.0108342273496002,0.917185068224572,0.999519314121592,0.999498173819493,"soc_net_bl"
"1175","DDX46","End",-0.00529619750644103,7.42612441203425,0.826344641154524,0.364225808878967,0.999519314121592,0.999498173819493,"soc_net_bl"
"1176","H2AFY","End",0.00383443606237132,7.3006988601594,0.363201601854848,0.603838070111031,0.999519314121592,0.999498173819493,"soc_net_bl"
"1177","SMAD5","End",0.000955041455856805,7.17908723769885,0.0253121375463401,0.873722943593903,0.999519314121592,0.999498173819493,"soc_net_bl"
"1178","FAM13B","End",0.00374796711958059,7.70581521673186,0.553001666350307,0.818153437114719,0.999519314121592,0.999498173819493,"soc_net_bl"
"1179","HSPA9","End",0.00602857578313168,7.26594479673663,0.763708945774709,0.383026862413609,0.999519314121592,0.999498173819493,"soc_net_bl"
"1180","CTNNA1","End",-0.0041191227915986,8.94887669873049,1.31929173849955,0.550758550284407,0.999519314121592,0.999498173819493,"soc_net_bl"
"1181","SIL1","End",0.00531201163839479,7.28481117378783,0.498868437915956,0.480669472216219,0.999519314121592,0.999498173819493,"soc_net_bl"
"1182","UBE2D2","End",0.000393188985155887,7.62538440187232,0.00549138100355789,0.940988270822532,0.999519314121592,0.999498173819493,"soc_net_bl"
"1183","NRG2","End",-0.0126238600618241,6.69933973817116,0.852746515431675,0.356685890025255,0.999519314121592,0.999498173819493,"soc_net_bl"
"1184","PURA","End",0.000256434053140517,7.56945635506679,0.00187239930847739,0.965520601811392,0.999519314121592,0.999498173819493,"soc_net_bl"
"1185","CYSTM1","End",0.00320810771318729,7.84967107679702,0.292548285399115,0.589083994189013,0.999519314121592,0.999498173819493,"soc_net_bl"
"1186","DIAPH1","End",-0.010594898811821,7.45210807689737,2.37864598554529,0.124295889147469,0.999519314121592,0.999498173819493,"soc_net_bl"
"1187","ARAP3","End",0.00245628570503438,7.2503934794295,0.149926218700413,0.96547930296616,0.999519314121592,0.999498173819493,"soc_net_bl"
"1188","PCDH1","End",-0.0035210381421549,7.16671016685126,0.204095206615417,0.651835458677764,0.999519314121592,0.999498173819493,"soc_net_bl"
"1189","DELE1","End",-0.00525072041810163,7.13371352158084,0.624165969139687,0.56355425747274,0.999519314121592,0.999498173819493,"soc_net_bl"
"1190","NDFIP1","End",0.00154140428237662,7.89255335760898,0.0849055140215062,0.771003265842722,0.999519314121592,0.999498173819493,"soc_net_bl"
"1191","ARHGAP26","End",0.00102764508777319,10.4657086814095,0.0404902263620549,0.840692227407839,0.999519314121592,0.999498173819493,"soc_net_bl"
"1192","NR3C1","End",0.00854096793610951,9.05064086182826,4.08813631594279,0.0442732183158122,0.999519314121592,0.999498173819493,"soc_net_bl"
"1193","KCTD16","End",0.00480044535245409,6.40044605778189,0.134815520826745,0.713807708671869,0.999519314121592,0.999498173819493,"soc_net_bl"
"1194","PRELID2","End",0.0119369693857736,8.57987489486785,3.44431424431657,0.0646716083653551,0.999519314121592,0.999498173819493,"soc_net_bl"
"1195","TCERG1","End",-0.00216263412640946,7.22399684447299,0.125222113854224,0.772641772313176,0.999519314121592,0.999498173819493,"soc_net_bl"
"1196","PPP2R2B","End",0.0100025582887539,6.67657166254572,0.65209636902547,0.420148172877222,0.999519314121592,0.999498173819493,"soc_net_bl"
"1197","ABLIM3","End",0.00838014794470049,7.74554030770729,1.23838305689615,0.266874559731828,0.999519314121592,0.999498173819493,"soc_net_bl"
"1198","AFAP1L1","End",-0.00682681529047781,7.32347601633777,0.779601760907623,0.378129268259958,0.999519314121592,0.999498173819493,"soc_net_bl"
"1199","CSNK1A1","End",-3.78030860710645e-05,9.57613702290328,0.000121189791527436,0.991225533556433,0.999519314121592,0.999498173819493,"soc_net_bl"
"1200","PPARGC1B","End",-0.00430050429921864,6.63759088672408,0.102593860826948,0.749012078881206,0.999519314121592,0.999498173819493,"soc_net_bl"
"1201","SLC26A2","End",-0.00106692002174613,7.9026343566175,0.0105015606111417,0.918461871305762,0.999519314121592,0.999498173819493,"soc_net_bl"
"1202","PDGFRB","End",0.0130080532231414,6.43685320492036,0.523451385466112,0.470063933347962,0.999519314121592,0.999498173819493,"soc_net_bl"
"1203","CD74","End",-0.0123976918848522,7.2884534927679,0.964524401645195,0.327019282333636,0.999519314121592,0.999498173819493,"soc_net_bl"
"1204","RPS14","End",0.00122620372186164,7.73390268458095,0.0161238884064857,0.899060573886665,0.999519314121592,0.999498173819493,"soc_net_bl"
"1205","DCTN4","End",-0.00421024350393207,7.07132817748267,0.349710523563639,0.554822749421281,0.999519314121592,0.999498173819493,"soc_net_bl"
"1206","SMIM3","End",0.00609022204494613,7.4477183570155,0.690208854922037,0.406902955216098,0.999519314121592,0.999498173819493,"soc_net_bl"
"1207","TNIP1","End",-0.00436629299990151,7.09390335379248,0.306653164278144,0.580246723443894,0.999519314121592,0.999498173819493,"soc_net_bl"
"1208","SPARC","End",-0.00489273010221168,8.6420996050813,0.37299267278248,0.541944166396545,0.999519314121592,0.999498173819493,"soc_net_bl"
"1209","G3BP1","End",-0.000460379449397091,7.79849517697645,0.0060791406226503,0.937916532771027,0.999519314121592,0.999498173819493,"soc_net_bl"
"1210","MFAP3","End",-0.00264717599108199,7.71319665757505,0.117554046270344,0.731996868033363,0.999519314121592,0.999498173819493,"soc_net_bl"
"1211","GALNT10","End",0.00753920425814526,7.45797360220342,1.2409424472028,0.266382129795485,0.999519314121592,0.999498173819493,"soc_net_bl"
"1212","LARP1","End",-0.00474567794665466,7.54127041066026,0.675348323141034,0.605469549303994,0.999519314121592,0.999498173819493,"soc_net_bl"
"1213","FAXDC2","End",0.00527867620805026,7.68416187453138,0.390375565025754,0.532684021340788,0.999519314121592,0.999498173819493,"soc_net_bl"
"1214","CNOT8","End",-0.00544811587983274,8.30238081877506,0.914067082963545,0.339980864642034,0.999519314121592,0.999498173819493,"soc_net_bl"
"1215","CLINT1","End",-0.00976551630701909,7.08321044973915,1.72347661775527,0.19047561710833,0.999519314121592,0.999498173819493,"soc_net_bl"
"1216","EBF1","End",-0.000575767826365504,9.5574936007545,0.0125483759342087,0.910899723046537,0.999519314121592,0.999498173819493,"soc_net_bl"
"1217","RNF145","End",0.000944825328244701,8.29340883082434,0.0234136836151428,0.87851226648292,0.999519314121592,0.999498173819493,"soc_net_bl"
"1218","LCP2","End",0.00600488731025149,6.93626154569137,0.471398188894655,0.492994519670952,0.999519314121592,0.999498173819493,"soc_net_bl"
"1219","RANBP17","End",0.0127160076482273,7.07726832456025,1.68922559143629,0.194925724443356,0.999519314121592,0.999498173819493,"soc_net_bl"
"1220","FBXW11","End",-0.00671038670683045,8.10590412231467,1.73542097561066,0.188951830674865,0.999519314121592,0.999498173819493,"soc_net_bl"
"1221","STK10","End",0.00457833630608927,7.62020263598656,0.701832804501905,0.407412732234466,0.999519314121592,0.999498173819493,"soc_net_bl"
"1222","DUSP1","End",0.000602867378253182,9.79512643488399,0.00739832047196139,0.931526007502516,0.999519314121592,0.999498173819493,"soc_net_bl"
"1223","ERGIC1","End",0.00819481532401346,7.42452590801647,1.88701709169397,0.170795473408062,0.999519314121592,0.999498173819493,"soc_net_bl"
"1224","ATP6V0E1","End",-0.00289422729723085,7.5407842885035,0.227678461556854,0.633676319185911,0.999519314121592,0.999498173819493,"soc_net_bl"
"1225","CREBRF","End",0.00740644724018683,7.51268635983532,1.42934519628368,0.2330282609909,0.999519314121592,0.999498173819493,"soc_net_bl"
"1226","CPEB4","End",-0.00506485120454665,7.88396791264156,0.79074642810171,0.374747573348743,0.999519314121592,0.999498173819493,"soc_net_bl"
"1227","UIMC1","End",0.00297693976528772,7.3768693430813,0.257971469248502,0.611974588622164,0.999519314121592,0.999498173819493,"soc_net_bl"
"1228","NSD1","End",0.0025386475198471,8.06447810436052,0.294507204105993,0.587840343842861,0.999519314121592,0.999498173819493,"soc_net_bl"
"1229","PHYKPL","End",0.00324842185739592,7.58635148153485,0.300360521682111,0.954864901110081,0.999519314121592,0.999498173819493,"soc_net_bl"
"1230","HNRNPH1","End",0.00172712702012759,8.10682560181695,0.133381951444488,0.826853757094419,0.999519314121592,0.999498173819493,"soc_net_bl"
"1231","CANX","End",0.00206645050126129,7.3262214727255,0.0881580306496638,0.766783823981597,0.999519314121592,0.999498173819493,"soc_net_bl"
"1232","SQSTM1","End",0.00256511457159062,8.14815972815994,0.155773368374649,0.693421741029745,0.999519314121592,0.999498173819493,"soc_net_bl"
"1233","RNF130","End",0.0024198374209108,7.70777199312876,0.16508259313013,0.770768048360097,0.999519314121592,0.999498173819493,"soc_net_bl"
"1234","MGAT1","End",-0.00968382482743299,8.0270411322881,2.14126424353263,0.144666574596637,0.999519314121592,0.999498173819493,"soc_net_bl"
"1235","BTNL9","End",-0.00359116653252449,9.72633859657487,0.322510475559843,0.570623367623011,0.999519314121592,0.999498173819493,"soc_net_bl"
"1236","RACK1","End",-0.0131935768937266,7.48017745506962,2.37471574332497,0.124605775199151,0.999519314121592,0.999498173819493,"soc_net_bl"
"1237","EXOC2","End",0.0021363767656767,8.45438647521326,0.231024643427135,0.631194412273743,0.999519314121592,0.999498173819493,"soc_net_bl"
"1238","FOXQ1","End",0.00127873729156866,6.76020291924411,0.0143910039714925,0.904611247978467,0.999519314121592,0.999498173819493,"soc_net_bl"
"1239","FOXC1","End",-0.000715114713718377,8.01886282943657,0.013722285527568,0.906843458994483,0.999519314121592,0.999498173819493,"soc_net_bl"
"1240","GMDS","End",-0.00419326576478571,9.35918706166521,0.96039809478852,0.328054183215342,0.999519314121592,0.999498173819493,"soc_net_bl"
"1241","GMDS-DT","End",0.00954191234853573,8.52878133750479,2.01277517000197,0.157251756156576,0.999519314121592,0.999498173819493,"soc_net_bl"
"1242","SERPINB1","End",0.00755694195521942,7.00833776378494,0.772949524356291,0.380168379817602,0.999519314121592,0.999498173819493,"soc_net_bl"
"1243","SERPINB9","End",-0.00495879805706574,7.53165773226714,0.446447121847183,0.504656544064669,0.999519314121592,0.999498173819493,"soc_net_bl"
"1244","SERPINB6","End",0.00123958221729787,8.90022143663507,0.0581435716424373,0.809656387323485,0.999519314121592,0.999498173819493,"soc_net_bl"
"1245","SLC22A23","End",-0.0118055394544398,8.53912040614429,3.03101148070583,0.0829435478028795,0.999519314121592,0.999498173819493,"soc_net_bl"
"1246","PXDC1","End",0.00716477479996787,7.07863456400358,1.10316923043673,0.294607480507992,0.999519314121592,0.999498173819493,"soc_net_bl"
"1247","PRPF4B","End",0.000936737727481981,7.98726346176018,0.029002178007194,0.864914681223143,0.999519314121592,0.999498173819493,"soc_net_bl"
"1248","CDYL","End",0.00291728984060156,7.91117048017704,0.305810128177844,0.580767390964278,0.999519314121592,0.999498173819493,"soc_net_bl"
"1249","FARS2","End",0.00666717768832384,8.22418852483062,1.77142795600908,0.184443830115565,0.999519314121592,0.999498173819493,"soc_net_bl"
"1250","RREB1","End",-0.010211810319547,7.991998996943,2.65173686864409,0.104723166018714,0.999519314121592,0.999498173819493,"soc_net_bl"
"1251","BMP6","End",0.00469614791877607,8.84705841461461,0.268724538700595,0.604656914831254,0.999519314121592,0.999498173819493,"soc_net_bl"
"1252","AL139807.1","End",-0.00111036269882402,6.71769998501369,0.00724568718141929,0.932234296187527,0.999519314121592,0.999498173819493,"soc_net_bl"
"1253","NEDD9","End",-0.00755349953408293,9.85564012046713,2.14667213455122,0.144162537849415,0.999519314121592,0.999498173819493,"soc_net_bl"
"1254","HIVEP1","End",-0.00187905160396668,8.93374241379553,0.0734293024775169,0.786635998747379,0.999519314121592,0.999498173819493,"soc_net_bl"
"1255","EDN1","End",-0.00187096267563102,9.22523811564588,0.0289714077957806,0.864985667954596,0.999519314121592,0.999498173819493,"soc_net_bl"
"1256","PHACTR1","End",-0.00289140791164131,9.51310787615546,0.320061601572461,0.572088856564823,0.999519314121592,0.999498173819493,"soc_net_bl"
"1257","GFOD1","End",0.00110196339525776,8.6288967396232,0.0432942657384779,0.835345190280601,0.999519314121592,0.999498173819493,"soc_net_bl"
"1258","RANBP9","End",-0.000819176951197957,7.66870930921408,0.0202156588093503,0.904828527664617,0.999519314121592,0.999498173819493,"soc_net_bl"
"1259","JARID2","End",0.00889113848801594,8.36155994794592,2.63000299149712,0.10614883408455,0.999519314121592,0.999498173819493,"soc_net_bl"
"1260","DTNBP1","End",-0.0182790840498243,7.4880811106829,6.13047126040103,0.0139644582291545,0.999519314121592,0.999498173819493,"soc_net_bl"
"1261","ATXN1","End",-0.00390446088496303,9.19719927989126,0.630677157606297,0.427876264372484,0.999519314121592,0.999498173819493,"soc_net_bl"
"1262","NUP153","End",0.00465574911131948,7.08979506338478,0.412070487308049,0.521521163642154,0.999519314121592,0.999498173819493,"soc_net_bl"
"1263","KIF13A","End",-0.00169992221086779,8.70225620610382,0.0960666004599014,0.756865636527273,0.999519314121592,0.999498173819493,"soc_net_bl"
"1264","DEK","End",-0.00525392156176518,7.12134499624029,0.515969100058333,0.473251282387127,0.999519314121592,0.999498173819493,"soc_net_bl"
"1265","RNF144B","End",-0.00181812782118809,9.8778671094321,0.0915289937202083,0.7624992062983,0.999519314121592,0.999498173819493,"soc_net_bl"
"1266","CDKAL1","End",-0.00308714596985212,9.09312039513365,0.678402157259367,0.464033471657533,0.999519314121592,0.999498173819493,"soc_net_bl"
"1267","C6orf62","End",0.00758290709489773,7.23687960146131,1.41554752099811,0.235290368918313,0.999519314121592,0.999498173819493,"soc_net_bl"
"1268","RIPOR2","End",0.00649011309496164,6.91330340055287,0.312906811263527,0.576413359332233,0.999519314121592,0.999498173819493,"soc_net_bl"
"1269","CARMIL1","End",0.00123569777489368,6.85466533546686,0.00749414907442548,0.93108507506301,0.999519314121592,0.999498173819493,"soc_net_bl"
"1270","HIST1H2AC","End",-0.0019812245227596,6.9290056782125,0.0189040438953573,0.890754961154583,0.999519314121592,0.999498173819493,"soc_net_bl"
"1271","HLA-A","End",0.00706891151054428,9.10244046934786,0.939988849270821,0.333237715643048,0.999519314121592,0.999498173819493,"soc_net_bl"
"1272","HLA-E","End",0.00158414988458806,10.4239564703982,0.111607337398138,0.738607611694682,0.999519314121592,0.999498173819493,"soc_net_bl"
"1273","PPP1R10","End",0.00606911761106381,7.18682292061875,0.653656466273852,0.419593492470969,0.999519314121592,0.999498173819493,"soc_net_bl"
"1274","TUBB","End",-0.00551870898568926,7.6711618506892,0.546881555225153,0.460303299462598,0.999519314121592,0.999498173819493,"soc_net_bl"
"1275","FLOT1","End",0.00549321013784833,7.61523474928091,0.663636961501849,0.416070736740137,0.999519314121592,0.999498173819493,"soc_net_bl"
"1276","IER3","End",0.0228660952077849,7.48414053399192,3.93725945365756,0.0483444885941409,0.999519314121592,0.999498173819493,"soc_net_bl"
"1277","HLA-C","End",-0.0012529384660353,8.80161967741979,0.022462452268682,0.880986820279118,0.999519314121592,0.999498173819493,"soc_net_bl"
"1278","HLA-B","End",-0.000400409635294609,9.27478850625496,0.00259186021114132,0.959438504867496,0.999519314121592,0.999498173819493,"soc_net_bl"
"1279","CLIC1","End",-0.00563892592878632,7.57269062921483,0.460816434200358,0.497883971346852,0.999519314121592,0.999498173819493,"soc_net_bl"
"1280","HSPA1A","End",-0.00866882088878015,9.49518534868824,0.322964769319929,0.570352312900975,0.999519314121592,0.999498173819493,"soc_net_bl"
"1281","HSPA1B","End",-0.00126169741798713,7.80294228885289,0.00596538796294039,0.938498957736051,0.999519314121592,0.999498173819493,"soc_net_bl"
"1282","TNXB","End",-0.0114375923653844,7.56449648627926,2.11701195205571,0.146951680632272,0.999519314121592,0.999498173819493,"soc_net_bl"
"1283","NOTCH4","End",-0.00722371263228898,8.10753702053912,1.81534943644178,0.179113698173927,0.999519314121592,0.999498173819493,"soc_net_bl"
"1284","HLA-DRB1","End",-0.0061963229479389,6.36873914768765,0.109327444458531,0.741193977173016,0.999519314121592,0.999498173819493,"soc_net_bl"
"1285","PSMB9","End",-0.00189639927275562,6.80821861939814,0.0331348615566666,0.85570996468536,0.999519314121592,0.999498173819493,"soc_net_bl"
"1286","TAP1","End",-0.00429157359725891,7.12366609562755,0.187745424764506,0.665181321543131,0.999519314121592,0.999498173819493,"soc_net_bl"
"1287","RPS18","End",0.00181491677958472,7.2882000418626,0.0255183067603302,0.873214077897761,0.999519314121592,0.999498173819493,"soc_net_bl"
"1288","TAPBP","End",-0.00177888943035155,7.43651749907334,0.0691151517247753,0.792850643830242,0.999519314121592,0.999498173819493,"soc_net_bl"
"1289","ITPR3","End",-0.0132778001883311,7.71666223076554,3.88522505184114,0.0498392664112069,0.999519314121592,0.999498173819493,"soc_net_bl"
"1290","C6orf106","End",-0.0126423266212719,7.24308139246609,3.41401185135484,0.0658515766672654,0.999519314121592,0.999498173819493,"soc_net_bl"
"1291","ANKS1A","End",-0.00383015922607378,10.1252102565771,0.514142174870276,0.474034853840625,0.999519314121592,0.999498173819493,"soc_net_bl"
"1292","PPARD","End",0.00691858595395401,8.73037475920672,1.99328397691192,0.159267864626627,0.999519314121592,0.999498173819493,"soc_net_bl"
"1293","RPL10A","End",0.0144047539022953,7.14924864413416,2.33745324707059,0.127587085462156,0.999519314121592,0.999498173819493,"soc_net_bl"
"1294","FKBP5","End",-0.00225086510808315,9.42024933434509,0.0962185673642871,0.756679513804219,0.999519314121592,0.999498173819493,"soc_net_bl"
"1295","SRPK1","End",-0.00669114787317761,7.38963286956248,1.17251463562562,0.279950652513762,0.999519314121592,0.999498173819493,"soc_net_bl"
"1296","MAPK14","End",-0.00629791615275699,7.59469794577598,1.11155217326738,0.292784332411674,0.999519314121592,0.999498173819493,"soc_net_bl"
"1297","STK38","End",-0.00609208196313903,7.77330749768611,1.13112123522467,0.430087960042718,0.999519314121592,0.999498173819493,"soc_net_bl"
"1298","SRSF3","End",0.00654718344716229,7.432518733268,1.14511878337439,0.354906793967884,0.999519314121592,0.999498173819493,"soc_net_bl"
"1299","CDKN1A","End",-0.00536478859825842,7.5528194951583,0.273972443799874,0.60115291257824,0.999519314121592,0.999498173819493,"soc_net_bl"
"1300","C6orf89","End",-0.00394872567050022,6.9395669152912,0.236022619367489,0.62752825869493,0.999519314121592,0.999498173819493,"soc_net_bl"
"1301","MTCH1","End",-0.00202990404078063,7.25033201442771,0.0954335782727554,0.757642677205322,0.999519314121592,0.999498173819493,"soc_net_bl"
"1302","ZFAND3","End",-0.00410795112998659,10.0196611723185,1.51114817215479,0.220144322512413,0.999519314121592,0.999498173819493,"soc_net_bl"
"1303","BTBD9","End",-0.00195697404926782,8.82056229443516,0.126872086294026,0.722004278356825,0.999519314121592,0.999498173819493,"soc_net_bl"
"1304","CCND3","End",-0.000355594077894628,8.47436970213966,0.00361105117066283,0.952131375580097,0.999519314121592,0.999498173819493,"soc_net_bl"
"1305","UBR2","End",0.00278034276959376,8.43894617005865,0.37611414005045,0.540259683714896,0.999519314121592,0.999498173819493,"soc_net_bl"
"1306","BICRAL","End",0.00814346794911303,7.35997492766746,1.46022427012314,0.22806051921133,0.999519314121592,0.999498173819493,"soc_net_bl"
"1307","XPO5","End",-0.00111748049773323,7.1319781432579,0.0215570701979341,0.883392375756347,0.999519314121592,0.999498173819493,"soc_net_bl"
"1308","HSP90AB1","End",0.00410070312979544,9.20866768307737,0.352504947330923,0.553246804707308,0.999519314121592,0.999498173819493,"soc_net_bl"
"1309","SUPT3H","End",0.00669433941674896,7.74148319607089,1.00478781472825,0.317144635095311,0.999519314121592,0.999498173819493,"soc_net_bl"
"1310","CLIC5","End",-0.00732297038757218,8.18707433710801,0.668659664050084,0.414314537469367,0.999519314121592,0.999498173819493,"soc_net_bl"
"1311","ADGRF5","End",0.00112787082972211,9.58516934499717,0.0721664078340166,0.788434490940171,0.999519314121592,0.999498173819493,"soc_net_bl"
"1312","CD2AP","End",0.0104150656049415,8.31050006548519,5.19286356155934,0.0235417370896351,0.999519314121592,0.999498173819493,"soc_net_bl"
"1313","PTCHD4","End",-0.00666832860636841,7.50975877428297,0.312799810176748,0.57647852443855,0.999519314121592,0.999498173819493,"soc_net_bl"
"1314","TRAM2","End",0.00181970346326904,7.1024210207688,0.0702176609686564,0.791243135989675,0.999519314121592,0.999498173819493,"soc_net_bl"
"1315","ELOVL5","End",-0.000358055444283186,7.75431968549343,0.0023768386226812,0.961156027515566,0.999519314121592,0.999498173819493,"soc_net_bl"
"1316","LRRC1","End",-0.0044664358062854,7.82316063179298,0.143962830228519,0.704701728870617,0.999519314121592,0.999498173819493,"soc_net_bl"
"1317","DST","End",-0.0021372425029654,7.72752500554083,0.0555623981026545,0.813849549791318,0.999519314121592,0.999498173819493,"soc_net_bl"
"1318","ZNF451","End",0.00448409722252464,7.40945645180656,0.695936955878386,0.40496569015529,0.999519314121592,0.999498173819493,"soc_net_bl"
"1319","PRIM2","End",0.00901538801922749,7.09099438239864,0.989364881623776,0.320879891684532,0.999519314121592,0.999498173819493,"soc_net_bl"
"1320","KHDRBS2","End",-0.00629128180582279,6.96306179460636,0.37969432460255,0.538339467801876,0.999519314121592,0.999498173819493,"soc_net_bl"
"1321","PHF3","End",-0.00516288501275112,7.94776505489907,0.859982996044482,0.354656922004957,0.999519314121592,0.999498173819493,"soc_net_bl"
"1322","ADGRB3","End",0.00198756372694037,7.51842330424523,0.051988294945734,0.819829266269972,0.999519314121592,0.999498173819493,"soc_net_bl"
"1323","LMBRD1","End",-0.00758775898687547,7.4076617709902,1.10181532560824,0.294903299083914,0.999519314121592,0.999498173819493,"soc_net_bl"
"1324","FAM135A","End",-3.11924451155683e-05,7.68979113562212,4.22970293298912e-05,0.994816198474604,0.999519314121592,0.999498173819493,"soc_net_bl"
"1325","SMAP1","End",-0.00799827143494266,8.0067414349202,2.20359402379477,0.138975955960038,0.999519314121592,0.999498173819493,"soc_net_bl"
"1326","AL136164.2","End",-0.0045688272039722,7.45951230889682,0.284359558606922,0.594341771483523,0.999519314121592,0.999498173819493,"soc_net_bl"
"1327","OOEP","End",0.0111912153300371,6.8477027681863,0.909565324514647,0.341170620301986,0.999519314121592,0.999498173819493,"soc_net_bl"
"1328","EEF1A1","End",0.000168827381509481,9.29132423128142,0.000491511514589711,0.982330362767196,0.999519314121592,0.999498173819493,"soc_net_bl"
"1329","CD109","End",0.00105764534374888,7.11949710092941,0.0123170734617189,0.911721317827196,0.999519314121592,0.999498173819493,"soc_net_bl"
"1330","SENP6","End",0.00540689576246701,8.43303478104037,1.38564752429453,0.240284833784489,0.999519314121592,0.999498173819493,"soc_net_bl"
"1331","MYO6","End",-0.000481474479362954,8.73005760182929,0.0129552505182989,0.909472884686117,0.999519314121592,0.999498173819493,"soc_net_bl"
"1332","PHIP","End",-0.00478759694977196,8.83416331358465,1.40475759929027,0.237077985451745,0.999519314121592,0.999498173819493,"soc_net_bl"
"1333","HMGN3","End",-0.00383364753300431,7.34237757257078,0.277753548704422,0.598654708832066,0.999519314121592,0.999498173819493,"soc_net_bl"
"1334","SH3BGRL2","End",-0.00165123446407528,7.1513808822462,0.0465635437171646,0.829334360851115,0.999519314121592,0.999498173819493,"soc_net_bl"
"1335","BCKDHB","End",0.00416268546689835,7.23593266230931,0.297635577459673,0.585865312460037,0.999519314121592,0.999498173819493,"soc_net_bl"
"1336","TENT5A","End",-0.0122724956184852,6.74098264738744,0.94400009940171,0.332210339249295,0.999519314121592,0.999498173819493,"soc_net_bl"
"1337","IBTK","End",0.00512598041140525,7.36709893679447,0.671955282252363,0.413168189185997,0.999519314121592,0.999498173819493,"soc_net_bl"
"1338","DOPEY1","End",-0.00215735621244789,7.47348939905215,0.105790503702873,0.78642793197026,0.999519314121592,0.999498173819493,"soc_net_bl"
"1339","SNX14","End",0.00435408815651779,7.41569132588566,0.547367758160881,0.988404158242676,0.999519314121592,0.999498173819493,"soc_net_bl"
"1340","ZNF292","End",-0.00478913064850163,8.48504929612347,1.14413415130248,0.285834081071803,0.999519314121592,0.999498173819493,"soc_net_bl"
"1341","RNGTT","End",0.00382546995334523,7.74426366217586,0.411774602682861,0.52167059555539,0.999519314121592,0.999498173819493,"soc_net_bl"
"1342","PNRC1","End",0.00418464409957567,7.24039012658667,0.362619599224918,0.547612354338971,0.999519314121592,0.999498173819493,"soc_net_bl"
"1343","UBE2J1","End",-0.00589008494056626,7.65935661626981,0.831436489329415,0.362754604671674,0.999519314121592,0.999498173819493,"soc_net_bl"
"1344","ANKRD6","End",0.000785422853130754,6.93120201096739,0.00762114427651955,0.930505090302837,0.999519314121592,0.999498173819493,"soc_net_bl"
"1345","MDN1","End",-0.0039876572752531,7.07293854747225,0.292614008477479,0.982511182059244,0.999519314121592,0.999498173819493,"soc_net_bl"
"1346","BACH2","End",0.00502301530945483,7.4660565229873,0.281727883977792,0.596052163914464,0.999519314121592,0.999498173819493,"soc_net_bl"
"1347","MAP3K7","End",-0.00682438184777289,7.41997191591599,1.32819811985902,0.250250285889146,0.999519314121592,0.999498173819493,"soc_net_bl"
"1348","UFL1-AS1","End",0.0349947590023651,6.1389131933383,6.18655016724599,0.013539453037909,0.999519314121592,0.999498173819493,"soc_net_bl"
"1349","FBXL4","End",0.00694496308607689,6.96104699193198,0.796532517041791,0.373008649801182,0.999519314121592,0.999498173819493,"soc_net_bl"
"1350","PNISR","End",0.000739633085581315,9.01261854585196,0.0375380682734747,0.84653432939849,0.999519314121592,0.999498173819493,"soc_net_bl"
"1351","ASCC3","End",-0.00735429500869248,8.47148341672144,2.23669580164528,0.136056823699492,0.999519314121592,0.999498173819493,"soc_net_bl"
"1352","GRIK2","End",0.012481423968427,6.42567539684677,1.00084808924706,0.318093315085015,0.999519314121592,0.999498173819493,"soc_net_bl"
"1353","HACE1","End",-0.00450870734867199,7.37901243903935,0.35601345727946,0.551280071192496,0.999519314121592,0.999498173819493,"soc_net_bl"
"1354","PREP","End",-0.00720011155981239,7.33667960230583,0.992524448830381,0.320109971220772,0.999519314121592,0.999498173819493,"soc_net_bl"
"1355","ATG5","End",0.00109989843003355,7.36444198696518,0.0331431865622313,0.855692039806476,0.999519314121592,0.999498173819493,"soc_net_bl"
"1356","PDSS2","End",-5.36377122098162e-05,7.95086363379275,9.42415995592129e-05,0.992262316150092,0.999519314121592,0.999498173819493,"soc_net_bl"
"1357","SOBP","End",-0.00324966703857062,7.38708433010229,0.155531025508103,0.693648149369209,0.999519314121592,0.999498173819493,"soc_net_bl"
"1358","SEC63","End",6.6200178963266e-06,7.25367592897685,3.886673627167e-06,0.99842860538598,0.999519314121592,0.999498173819493,"soc_net_bl"
"1359","SNX3","End",0.00275370365304452,7.6715265046152,0.158565438897273,0.690827822521285,0.999519314121592,0.999498173819493,"soc_net_bl"
"1360","FOXO3","End",0.00856330107183033,8.93628376607909,2.79287003037567,0.0959624463734339,0.999519314121592,0.999498173819493,"soc_net_bl"
"1361","SESN1","End",0.00186788729054086,7.75346694154858,0.0883944319183075,0.766480469270941,0.999519314121592,0.999498173819493,"soc_net_bl"
"1362","CDK19","End",-0.00747794634508841,7.55090967023722,1.11645322129048,0.291725144324084,0.999519314121592,0.999498173819493,"soc_net_bl"
"1363","AMD1","End",0.00713333642691967,6.9369915216169,0.791183998352567,0.374615669927698,0.999519314121592,0.999498173819493,"soc_net_bl"
"1364","REV3L","End",0.00010708889556902,8.6240663791212,0.000436354538102742,0.983351138440674,0.999519314121592,0.999498173819493,"soc_net_bl"
"1365","TRAF3IP2-AS1","End",0.0094922287350898,7.52708935300654,1.99611548260744,0.158973154747413,0.999519314121592,0.999498173819493,"soc_net_bl"
"1366","TRAF3IP2","End",-0.0169838252925075,6.60608027603716,1.90735611471543,0.168516758968923,0.999519314121592,0.999498173819493,"soc_net_bl"
"1367","FYN","End",-0.00127879332567024,9.28121828318869,0.0733918065060492,0.78668915670036,0.999519314121592,0.999498173819493,"soc_net_bl"
"1368","LAMA4","End",0.00928765313718748,7.82460569830797,1.35877973010833,0.244883656631525,0.999519314121592,0.999498173819493,"soc_net_bl"
"1369","MARCKS","End",0.00798554856505879,6.87165765505967,0.581630577657939,0.446408196322421,0.999519314121592,0.999498173819493,"soc_net_bl"
"1370","NT5DC1","End",0.00283404311740229,7.86907740003438,0.189267302682759,0.663910456952503,0.999519314121592,0.999498173819493,"soc_net_bl"
"1371","CEP85L","End",-0.00729305737118935,7.77586327982979,1.42055762278345,0.234465898085821,0.999519314121592,0.999498173819493,"soc_net_bl"
"1372","MCM9","End",0.00702232986635601,7.43760877864259,1.12864643777456,0.289111234884436,0.999519314121592,0.999498173819493,"soc_net_bl"
"1373","MAN1A1","End",-0.000517974171200455,8.25607367053854,0.00825223390341337,0.927692582446699,0.999519314121592,0.999498173819493,"soc_net_bl"
"1374","GJA1","End",0.00010619474908603,7.32932010409278,0.000166298562747883,0.989721525381617,0.999519314121592,0.999498173819493,"soc_net_bl"
"1375","SERINC1","End",0.0108257119529003,7.90418570864577,4.16613782182157,0.0423124136374817,0.999519314121592,0.999498173819493,"soc_net_bl"
"1376","NKAIN2","End",0.00177120844269815,8.02840127117035,0.0114294819106756,0.914948935819636,0.999519314121592,0.999498173819493,"soc_net_bl"
"1377","RNF217","End",-0.00879469604948284,7.97984400160052,2.16812600010626,0.142182443596545,0.999519314121592,0.999498173819493,"soc_net_bl"
"1378","TPD52L1","End",0.00152048035029672,7.38129913922848,0.0296392095277214,0.863453667451356,0.999519314121592,0.999498173819493,"soc_net_bl"
"1379","NCOA7","End",0.00313892123874775,8.2180490420757,0.334472482946633,0.563569022267612,0.999519314121592,0.999498173819493,"soc_net_bl"
"1380","PTPRK","End",0.00103104332099288,9.66127653747405,0.0507559660271382,0.821940993078436,0.999519314121592,0.999498173819493,"soc_net_bl"
"1381","LAMA2","End",0.0191166892982079,8.51345999028165,6.12205843892227,0.014029398779228,0.999519314121592,0.999498173819493,"soc_net_bl"
"1382","ARHGAP18","End",0.0127119865052569,7.57726681353018,3.37721515025341,0.0673156245491346,0.999519314121592,0.999498173819493,"soc_net_bl"
"1383","EPB41L2","End",-0.00273590148265654,7.80903471684966,0.211732115536268,0.645821635474517,0.999519314121592,0.999498173819493,"soc_net_bl"
"1384","CTGF","End",0.00124755556093088,8.25363459686885,0.0112071976025369,0.915776918966922,0.999519314121592,0.999498173819493,"soc_net_bl"
"1385","AL133346.1","End",0.0303290935218942,6.4327566695012,4.80310931487514,0.029351078840244,0.999519314121592,0.999498173819493,"soc_net_bl"
"1386","STX7","End",0.00702943799768569,7.69201807971728,1.34103846843656,0.247979554866767,0.999519314121592,0.999498173819493,"soc_net_bl"
"1387","RPS12","End",0.00335838694572674,7.43346552298343,0.128385940473633,0.720420269249624,0.999519314121592,0.999498173819493,"soc_net_bl"
"1388","AHI1","End",-0.000711690167253999,8.24594096294844,0.0181829754218731,0.892845820714968,0.999519314121592,0.999498173819493,"soc_net_bl"
"1389","PDE7B","End",-0.00128612992077714,7.8761191426002,0.0136908434386351,0.90694975703261,0.999519314121592,0.999498173819493,"soc_net_bl"
"1390","BCLAF1","End",-0.00561622468597893,7.76877829815549,1.09132522301449,0.297208318657955,0.999519314121592,0.999498173819493,"soc_net_bl"
"1391","MAP3K5","End",0.00441093577084353,8.30492375957042,0.517399139659689,0.472639402739133,0.999519314121592,0.999498173819493,"soc_net_bl"
"1392","IFNGR1","End",-0.00323536978544241,8.9547877239321,0.199480986057518,0.655534989315305,0.999519314121592,0.999498173819493,"soc_net_bl"
"1393","TNFAIP3","End",-0.0029291859734662,6.5318824344627,0.0262756871942115,0.871362587068363,0.999519314121592,0.999498173819493,"soc_net_bl"
"1394","PERP","End",-0.00141347740529054,7.45573575362003,0.0359178058453351,0.849842389044564,0.999519314121592,0.999498173819493,"soc_net_bl"
"1395","ARFGEF3","End",0.00318091683174968,7.9377267390931,0.286320919790687,0.593073636113555,0.999519314121592,0.999498173819493,"soc_net_bl"
"1396","NHSL1","End",-0.031619020917991,7.31132480369831,10.7891388825986,0.00117029752082419,0.888697636424933,0.999498173819493,"soc_net_bl"
"1397","REPS1","End",-0.00151223204994921,7.28265159830959,0.0408218282261105,0.840050045217247,0.999519314121592,0.999498173819493,"soc_net_bl"
"1398","ADGRG6","End",0.0173345628226157,7.38316905471429,2.80463755508523,0.0952691669186405,0.999519314121592,0.999498173819493,"soc_net_bl"
"1399","HIVEP2","End",-0.00202517065724202,8.56517381947684,0.11968361023033,0.729675048764164,0.999519314121592,0.999498173819493,"soc_net_bl"
"1400","AIG1","End",0.0094157685152622,7.24773787867251,1.61319158714955,0.205249740530322,0.999519314121592,0.999498173819493,"soc_net_bl"
"1401","PHACTR2","End",0.00122672827625426,7.19257489615582,0.0203693892016777,0.88662764855805,0.999519314121592,0.999498173819493,"soc_net_bl"
"1402","UTRN","End",-0.000479576518699138,10.399225558815,0.0168255204099266,0.896899846143121,0.999519314121592,0.999498173819493,"soc_net_bl"
"1403","SHPRH","End",-0.00331048936851215,8.09616653920395,0.457340290614005,0.49950810127427,0.999519314121592,0.999498173819493,"soc_net_bl"
"1404","STXBP5-AS1","End",0.0101619201920348,6.93594310373417,1.46287434168771,0.227640182684462,0.999519314121592,0.999498173819493,"soc_net_bl"
"1405","STXBP5","End",0.00406067432928955,8.1711749483899,0.665280995643627,0.58719227993861,0.999519314121592,0.999498173819493,"soc_net_bl"
"1406","SAMD5","End",-0.00536693358681902,6.43272594303475,0.125670250297665,0.723269412581445,0.999519314121592,0.999498173819493,"soc_net_bl"
"1407","SASH1","End",-0.00049113908898271,9.70666751079399,0.0115622608656936,0.914458231142959,0.999519314121592,0.999498173819493,"soc_net_bl"
"1408","TAB2","End",0.00128857345403071,7.70879357974644,0.0547368937048328,0.815212231826976,0.999519314121592,0.999498173819493,"soc_net_bl"
"1409","PLEKHG1","End",-0.0113212566521275,10.7662642529553,3.7037755609689,0.0554486612907488,0.999519314121592,0.999498173819493,"soc_net_bl"
"1410","MTHFD1L","End",-0.00649443141758551,7.9057361379177,0.451361419503612,0.502322729150779,0.999519314121592,0.999498173819493,"soc_net_bl"
"1411","AKAP12","End",-0.0149147984421385,9.65911948445743,2.56335801268789,0.110655811502453,0.999519314121592,0.999498173819493,"soc_net_bl"
"1412","SYNE1","End",0.000100666723287192,10.8305590546961,0.000693404720510838,0.979013524435411,0.999519314121592,0.999498173819493,"soc_net_bl"
"1413","MYCT1","End",-0.00948150060307662,7.44572802873818,1.89504796877977,0.169891500818189,0.999519314121592,0.999498173819493,"soc_net_bl"
"1414","CNKSR3","End",-0.005437320968246,9.11770603394544,0.542703516356909,0.462019915164957,0.999519314121592,0.999498173819493,"soc_net_bl"
"1415","SCAF8","End",0.000883126708085502,8.03858989343353,0.0274360772612989,0.868578252489665,0.999519314121592,0.999498173819493,"soc_net_bl"
"1416","TIAM2","End",-0.00606811718055966,7.69648298129281,0.988865690580486,0.321001757889751,0.999519314121592,0.999498173819493,"soc_net_bl"
"1417","ARID1B","End",-0.000194513789248914,9.87657474565777,0.0036214718305347,0.952062439994877,0.999519314121592,0.999498173819493,"soc_net_bl"
"1418","ZDHHC14","End",-0.0142157698953393,7.58120587697869,3.83677377631083,0.0512753497136281,0.999519314121592,0.999498173819493,"soc_net_bl"
"1419","SNX9","End",-0.0141189329738826,8.2682103723988,5.50215579862004,0.0197920266111855,0.999519314121592,0.999498173819493,"soc_net_bl"
"1420","SYNJ2","End",-0.0207699815471811,7.42444567991783,5.08363216796366,0.0250371728747125,0.999519314121592,0.999498173819493,"soc_net_bl"
"1421","TULP4","End",0.00362226981827382,8.1704381116033,0.502122034498868,0.479243479495261,0.999519314121592,0.999498173819493,"soc_net_bl"
"1422","TMEM181","End",-0.0139932258351494,7.29000912974163,3.90628089081659,0.0765374455083166,0.999519314121592,0.999498173819493,"soc_net_bl"
"1423","WTAP","End",0.00135246539646305,7.79499785999807,0.0448509383597713,0.832454587480709,0.999519314121592,0.999498173819493,"soc_net_bl"
"1424","IGF2R","End",-0.00110402123767814,7.74861725358062,0.0294516764357799,0.863882076067154,0.999519314121592,0.999498173819493,"soc_net_bl"
"1425","MAP3K4","End",-0.00268417600239072,7.40923815378405,0.167959273235053,0.682290303200716,0.999519314121592,0.999498173819493,"soc_net_bl"
"1426","AGPAT4","End",-0.00901733688552339,7.20904704468044,1.21197861419754,0.272022017998868,0.999519314121592,0.999498173819493,"soc_net_bl"
"1427","PRKN","End",0.00607768302914142,8.55218474890746,0.969810270108131,0.325699893969337,0.999519314121592,0.999498173819493,"soc_net_bl"
"1428","QKI","End",0.00440110144647023,10.1151780087151,1.85907792514258,0.173983938990201,0.999519314121592,0.999498173819493,"soc_net_bl"
"1429","PDE10A","End",-0.00375527909149184,9.99582789140922,0.495091190378262,0.482333746381478,0.999519314121592,0.999498173819493,"soc_net_bl"
"1430","RPS6KA2","End",0.00111485887839578,9.66374815993323,0.0646181911568584,0.799553621103923,0.999519314121592,0.999498173819493,"soc_net_bl"
"1431","AFDN","End",0.00205927884639629,9.75258580766686,0.252128679736839,0.616031558574429,0.999519314121592,0.999498173819493,"soc_net_bl"
"1432","WDR27","End",0.00162913285641727,6.93931622342136,0.0316713151540611,0.858898150228244,0.999519314121592,0.999498173819493,"soc_net_bl"
"1433","PHF10","End",-0.0062285482584417,7.56305980639977,0.60663946924159,0.436808224808465,0.999519314121592,0.999498173819493,"soc_net_bl"
"1434","FAM120B","End",0.000235311890947738,8.0067684077813,0.0018521672206349,0.965707274123103,0.999519314121592,0.999498173819493,"soc_net_bl"
"1435","PSMB1","End",0.00143886128755977,7.0674631298387,0.0318522707123254,0.858499894831073,0.999519314121592,0.999498173819493,"soc_net_bl"
"1436","SUN1","End",0.00714307569657267,7.79958691655361,1.71322048670099,0.191795531805486,0.999519314121592,0.999498173819493,"soc_net_bl"
"1437","GPR146","End",0.00221161409657623,7.22113882419266,0.0700579432730486,0.791475170874853,0.999519314121592,0.999498173819493,"soc_net_bl"
"1438","MAD1L1","End",-0.0017288874741131,7.02863112839679,0.0560185926916163,0.954608901272193,0.999519314121592,0.999498173819493,"soc_net_bl"
"1439","CHST12","End",-0.000149880240350045,7.14866766646889,0.000527902108725023,0.98168803966912,0.999519314121592,0.999498173819493,"soc_net_bl"
"1440","SDK1","End",0.0138954861946541,8.38464186406252,1.71616004513581,0.191416131322124,0.999519314121592,0.999498173819493,"soc_net_bl"
"1441","FOXK1","End",0.011428916091427,7.25378069437342,2.78771526190516,0.0962678771431021,0.999519314121592,0.999498173819493,"soc_net_bl"
"1442","TNRC18","End",-0.00237335192718027,7.25352582098152,0.101374545937562,0.750457806852729,0.999519314121592,0.999498173819493,"soc_net_bl"
"1443","ACTB","End",-0.0031053126470393,9.84798293566278,0.258103632328702,0.611883491681244,0.999519314121592,0.999498173819493,"soc_net_bl"
"1444","FSCN1","End",0.00672142777035282,6.7539666130383,0.430931272020318,0.512148978646714,0.999519314121592,0.999498173819493,"soc_net_bl"
"1445","RNF216","End",-0.00164935372538975,7.93650306572033,0.10119748263303,0.750668544009433,0.999519314121592,0.999498173819493,"soc_net_bl"
"1446","CYTH3","End",0.0107099437965,7.70184402371974,2.53375723858618,0.112725147028881,0.999519314121592,0.999498173819493,"soc_net_bl"
"1447","RAC1","End",-0.00105453925848803,8.99774503106294,0.0482252899778908,0.826363705656447,0.999519314121592,0.999498173819493,"soc_net_bl"
"1448","C1GALT1","End",-0.00426652493509875,8.00484566810288,0.385505849734898,0.535248935062082,0.999519314121592,0.999498173819493,"soc_net_bl"
"1449","UMAD1","End",-0.00324367211028765,7.94481721560024,0.247597629063727,0.619218460201815,0.999519314121592,0.999498173819493,"soc_net_bl"
"1450","GLCCI1","End",-0.00636993667472562,7.28081582677947,0.689121056541328,0.407272389059015,0.999519314121592,0.999498173819493,"soc_net_bl"
"1451","ICA1","End",0.00577091748816794,7.92054573267715,0.679555254745187,0.410542449283578,0.999519314121592,0.999498173819493,"soc_net_bl"
"1452","NDUFA4","End",-0.000725053972469756,6.99673316471671,0.00711270577148764,0.932857541347756,0.999519314121592,0.999498173819493,"soc_net_bl"
"1453","PHF14","End",-0.00250080459757059,8.35132586676393,0.28265097219503,0.875292132461606,0.999519314121592,0.999498173819493,"soc_net_bl"
"1454","THSD7A","End",0.000305001874525915,9.74393045930698,0.00259514586849802,0.959412825758365,0.999519314121592,0.999498173819493,"soc_net_bl"
"1455","ARL4A","End",-0.00622619633306493,7.12576321530604,0.506153591054541,0.477486124338565,0.999519314121592,0.999498173819493,"soc_net_bl"
"1456","AC011287.1","End",0.0073845422359529,6.23548241293832,0.191873957916659,0.661747787058683,0.999519314121592,0.999498173819493,"soc_net_bl"
"1457","SNX13","End",-0.0127693480106005,7.92229965765969,6.03689907824808,0.0147046552766663,0.999519314121592,0.999498173819493,"soc_net_bl"
"1458","HDAC9","End",0.00329862220169786,6.47535816397935,0.0487652797765375,0.825409962453142,0.999519314121592,0.999498173819493,"soc_net_bl"
"1459","DNAH11","End",-0.0268223995996574,6.54658504035335,2.47380849836061,0.117048767159858,0.999519314121592,0.999498173819493,"soc_net_bl"
"1460","RAPGEF5","End",-0.010974513616314,9.12668100589627,2.0021762754517,0.15834442790179,0.999519314121592,0.999498173819493,"soc_net_bl"
"1461","STEAP1B","End",1.58689595960088e-05,7.2783352657647,9.44682184957668e-06,0.997550154580273,0.999519314121592,0.999498173819493,"soc_net_bl"
"1462","TOMM7","End",0.005634870938201,6.65343067251507,0.262644800901679,0.608771060656274,0.999519314121592,0.999498173819493,"soc_net_bl"
"1463","FAM126A","End",-6.98549026279469e-05,7.25094353991334,4.60531146951682e-05,0.994590929237894,0.999519314121592,0.999498173819493,"soc_net_bl"
"1464","TRA2A","End",0.00618037260162325,8.3298378159435,1.75054369880747,0.187042989169478,0.999519314121592,0.999498173819493,"soc_net_bl"
"1465","HNRNPA2B1","End",0.0021227666682538,8.98654629946687,0.27229476475343,0.602268411443845,0.999519314121592,0.999498173819493,"soc_net_bl"
"1466","SKAP2","End",0.00358672887446928,7.57687617282648,0.31265618680811,0.576566016029173,0.999519314121592,0.999498173819493,"soc_net_bl"
"1467","HIBADH","End",0.0125086856813793,6.994200903596,1.90985664142495,0.168239035782227,0.999519314121592,0.999498173819493,"soc_net_bl"
"1468","TAX1BP1","End",5.52984893262537e-05,8.35983638120696,0.000172285006258117,0.989538168370547,0.999519314121592,0.999498173819493,"soc_net_bl"
"1469","JAZF1","End",0.00119113306357158,7.88522336356762,0.0296634180648866,0.863398466255913,0.999519314121592,0.999498173819493,"soc_net_bl"
"1470","CREB5","End",-0.00833074969649518,6.93049474457075,0.385346279037599,0.53533336162022,0.999519314121592,0.999498173819493,"soc_net_bl"
"1471","MTURN","End",-0.00153279232291254,7.03053844240605,0.0311258176308462,0.860105861280033,0.999519314121592,0.999498173819493,"soc_net_bl"
"1472","NOD1","End",0.00722708915128657,7.8888611235268,1.67632715753136,0.196633163022636,0.999519314121592,0.999498173819493,"soc_net_bl"
"1473","AVL9","End",0.000653280448030743,8.35054955950351,0.0196924874265821,0.888514727083067,0.999519314121592,0.999498173819493,"soc_net_bl"
"1474","KBTBD2","End",0.00186958687363374,7.44753076409758,0.0889472175710263,0.765772843446328,0.999519314121592,0.999498173819493,"soc_net_bl"
"1475","FKBP9","End",0.00161671230828673,7.08210062116545,0.0465654657134898,0.829330893164252,0.999519314121592,0.999498173819493,"soc_net_bl"
"1476","NT5C3A","End",-0.0103731838604719,7.31808989820112,2.20276262650066,0.17019141589319,0.999519314121592,0.999498173819493,"soc_net_bl"
"1477","BBS9","End",0.00301237584609294,9.44683274586218,0.310026733976367,0.578172493418667,0.999519314121592,0.999498173819493,"soc_net_bl"
"1478","DPY19L1","End",-0.0069469557902199,7.34158162856213,0.929042167737693,0.336063186182288,0.999519314121592,0.999498173819493,"soc_net_bl"
"1479","SEPT7","End",0.00305499555277485,8.45794454563183,0.686079389053437,0.408308008930216,0.999519314121592,0.999498173819493,"soc_net_bl"
"1480","EEPD1","End",0.00660715216545004,7.29045416878147,0.527385284884182,0.468402045255775,0.999519314121592,0.999498173819493,"soc_net_bl"
"1481","ELMO1","End",0.00218201388518786,9.34805142304103,0.250300253418399,0.617313231499469,0.999519314121592,0.999498173819493,"soc_net_bl"
"1482","TRGC2","End",0.00248213853183699,6.62352154622104,0.036891286256459,0.847845798492124,0.999519314121592,0.999498173819493,"soc_net_bl"
"1483","VPS41","End",0.00602729749345424,7.58806068597873,0.949551312269313,0.330795522130932,0.999519314121592,0.999498173819493,"soc_net_bl"
"1484","CDK13","End",-0.000687310529890326,8.57800616660585,0.0305977248396412,0.955091482529567,0.999519314121592,0.999498173819493,"soc_net_bl"
"1485","COA1","End",-0.00365265766929535,7.30359573227211,0.306905773591485,0.580090891620915,0.999519314121592,0.999498173819493,"soc_net_bl"
"1486","NUDCD3","End",0.00206217091231607,7.4363147021093,0.112234192270815,0.737901649171618,0.999519314121592,0.999498173819493,"soc_net_bl"
"1487","PPIA","End",-0.00943687979637986,7.59652916403116,1.81887025464445,0.178694238091817,0.999519314121592,0.999498173819493,"soc_net_bl"
"1488","CCM2","End",-0.00423323759168573,7.1573257041253,0.400396273500234,0.551948612352375,0.999519314121592,0.999498173819493,"soc_net_bl"
"1489","RAMP3","End",0.00596804119400627,7.83896069742578,0.482581963926247,0.487913958929967,0.999519314121592,0.999498173819493,"soc_net_bl"
"1490","IGFBP3","End",0.00981869435221194,7.90648113493828,0.50326235231039,0.478745341498576,0.999519314121592,0.999498173819493,"soc_net_bl"
"1491","UPP1","End",-0.00803669335710008,7.26428936148334,0.546569478497589,0.460431170211842,0.999519314121592,0.999498173819493,"soc_net_bl"
"1492","GRB10","End",0.00690839144502839,9.87285934453426,1.98670585972273,0.159954948270908,0.999519314121592,0.999498173819493,"soc_net_bl"
"1493","EGFR","End",-0.0120808890055314,9.28655655072701,4.72178304848312,0.0307423867164484,0.999519314121592,0.999498173819493,"soc_net_bl"
"1494","VOPP1","End",0.00651213822748162,8.00147058085985,1.80432500308545,0.180434536488619,0.999519314121592,0.999498173819493,"soc_net_bl"
"1495","CHCHD2","End",-0.00970709318681793,7.18906880372753,1.24082813523044,0.266404099299655,0.999519314121592,0.999498173819493,"soc_net_bl"
"1496","TPST1","End",-0.00492934403812362,7.13175816773566,0.324910804007653,0.569194058328776,0.999519314121592,0.999498173819493,"soc_net_bl"
"1497","SBDS","End",0.0058990879863695,6.74786408610227,0.441817527489568,0.506872223409893,0.999519314121592,0.999498173819493,"soc_net_bl"
"1498","TYW1","End",0.00262416843653387,7.23325821502481,0.161135691649226,0.68846327726953,0.999519314121592,0.999498173819493,"soc_net_bl"
"1499","AUTS2","End",0.00145978241802172,9.60279849825029,0.106191001970228,0.744801415729705,0.999519314121592,0.999498173819493,"soc_net_bl"
"1500","GALNT17","End",-0.0104311487995399,8.67590082178712,0.991467739001463,0.320367197399793,0.999519314121592,0.999498173819493,"soc_net_bl"
"1501","TYW1B","End",-0.00348835594209637,6.96757091843708,0.165665091614672,0.68434915413056,0.999519314121592,0.999498173819493,"soc_net_bl"
"1502","BAZ1B","End",-0.000310143561373925,7.39199467386391,0.00326063383861853,0.9545105592528,0.999519314121592,0.999498173819493,"soc_net_bl"
"1503","ELN","End",-0.015906387901609,6.86007317268338,0.544455325100678,0.461298916737743,0.999519314121592,0.999498173819493,"soc_net_bl"
"1504","GTF2I","End",0.00536518092410508,8.76914903942343,1.61362935522489,0.205188475377455,0.999519314121592,0.999498173819493,"soc_net_bl"
"1505","HIP1","End",-0.00698529024464579,8.30063781631869,1.78780507468939,0.182435057967745,0.999519314121592,0.999498173819493,"soc_net_bl"
"1506","HSPB1","End",0.0158805857305853,8.24456914465295,2.00175514657724,0.158388022353411,0.999519314121592,0.999498173819493,"soc_net_bl"
"1507","YWHAG","End",0.00439080102237723,7.47819214304886,0.590136372335112,0.460361861327277,0.999519314121592,0.999498173819493,"soc_net_bl"
"1508","CCDC146","End",-0.00200581037585712,6.92911934468432,0.0410231465102837,0.839661494876438,0.999519314121592,0.999498173819493,"soc_net_bl"
"1509","PTPN12","End",0.00154717384306202,9.02194792277853,0.154130284756379,0.694960800458965,0.999519314121592,0.999498173819493,"soc_net_bl"
"1510","RSBN1L","End",0.00149722873280699,7.29302379662895,0.0449942453924964,0.832191131547292,0.999519314121592,0.999498173819493,"soc_net_bl"
"1511","MAGI2","End",0.00564001090302161,8.82436887254464,0.771404718504393,0.380644137600593,0.999519314121592,0.999498173819493,"soc_net_bl"
"1512","CACNA2D1","End",-0.00121301746755489,7.1841924348067,0.0127847418439277,0.910068026075598,0.999519314121592,0.999498173819493,"soc_net_bl"
"1513","SEMA3E","End",-0.00495593815485394,6.27833821059998,0.114802509202317,0.735031896748655,0.999519314121592,0.999498173819493,"soc_net_bl"
"1514","GRM3","End",0.0270638106023689,6.32068758245422,3.32210700825696,0.0695741139515759,0.999519314121592,0.999498173819493,"soc_net_bl"
"1515","KIAA1324L","End",-0.000248208525577653,7.27171442438079,0.00140362832181297,0.970144760186668,0.999519314121592,0.999498173819493,"soc_net_bl"
"1516","DMTF1","End",0.00571826759722029,7.79540813649651,1.32025229030292,0.492521293631086,0.999519314121592,0.999498173819493,"soc_net_bl"
"1517","TMEM243","End",-0.00614413231209586,7.08666645135268,0.57621011891502,0.448532024781042,0.999519314121592,0.999498173819493,"soc_net_bl"
"1518","ABCB1","End",0.00350893749833013,11.918523808141,0.790983298681919,0.37467616175085,0.999519314121592,0.999498173819493,"soc_net_bl"
"1519","RUNDC3B","End",0.00843239482912103,9.17502593571317,2.41579175522401,0.121409177447586,0.999519314121592,0.999498173819493,"soc_net_bl"
"1520","AKAP9","End",-0.00651988669343934,8.44408236473504,2.06110084684813,0.152377601375588,0.999519314121592,0.999498173819493,"soc_net_bl"
"1521","KRIT1","End",0.00226545514643481,7.520523647956,0.155206919556176,0.72828930675261,0.999519314121592,0.999498173819493,"soc_net_bl"
"1522","ANKIB1","End",-0.00740056361054943,8.11480140567701,1.98077969861155,0.160576842988062,0.999519314121592,0.999498173819493,"soc_net_bl"
"1523","CDK6","End",-0.00307265342310992,7.76839236255549,0.259819680814766,0.610703316836507,0.999519314121592,0.999498173819493,"soc_net_bl"
"1524","SAMD9L","End",0.00534056284290725,7.16554231970522,0.255601175182345,0.613613386087251,0.999519314121592,0.999498173819493,"soc_net_bl"
"1525","VPS50","End",0.000787113043091285,7.20755870984977,0.0104752857468684,0.918563581665183,0.999519314121592,0.999498173819493,"soc_net_bl"
"1526","GNG11","End",0.00615837274518797,7.99523578484786,0.726802830936142,0.39475485480218,0.999519314121592,0.999498173819493,"soc_net_bl"
"1527","CASD1","End",-0.00684412324242828,7.15629930046724,0.827393263505764,0.363922150479246,0.999519314121592,0.999498173819493,"soc_net_bl"
"1528","PON2","End",-0.00621132658059823,9.76665008504879,1.40853902210127,0.236449624113774,0.999519314121592,0.999498173819493,"soc_net_bl"
"1529","PDK4","End",-0.0033140943454392,7.75300999099744,0.0694387062107985,0.792377473702197,0.999519314121592,0.999498173819493,"soc_net_bl"
"1530","SLC25A13","End",-0.00543203765732935,7.49189618392146,0.610224057722064,0.435458310600348,0.999519314121592,0.999498173819493,"soc_net_bl"
"1531","SEM1","End",0.00494068086487047,7.64790283325796,0.524908537319636,0.469447247154858,0.999519314121592,0.999498173819493,"soc_net_bl"
"1532","LMTK2","End",0.00349227569453956,7.43928385915629,0.316215750728532,0.574405360605759,0.999519314121592,0.999498173819493,"soc_net_bl"
"1533","BRI3","End",0.0110915535817804,7.15567905374536,3.02928937845164,0.0830304783352868,0.999519314121592,0.999498173819493,"soc_net_bl"
"1534","BAIAP2L1","End",-0.00839866763296191,7.72393102490546,1.27501115699861,0.259934060575734,0.999519314121592,0.999498173819493,"soc_net_bl"
"1535","TRRAP","End",-0.0103785099204352,7.41589108805414,2.85748243520198,0.0922227103668117,0.999519314121592,0.999498173819493,"soc_net_bl"
"1536","SMURF1","End",-0.00574443053031027,7.65316220836828,0.793074713840861,0.37404647343759,0.999519314121592,0.999498173819493,"soc_net_bl"
"1537","ZKSCAN1","End",-0.00419713265152923,8.62952817311547,0.439560961665322,0.507958273285659,0.999519314121592,0.999498173819493,"soc_net_bl"
"1538","GNB2","End",0.00583269774051161,7.0093555326591,0.417004438185805,0.519040459084981,0.999519314121592,0.999498173819493,"soc_net_bl"
"1539","TRIM56","End",-0.00420362877848383,7.71511648285719,0.512141716504122,0.47489527701732,0.999519314121592,0.999498173819493,"soc_net_bl"
"1540","SERPINE1","End",0.00927508345175532,7.89659681585117,0.178360017328461,0.673157137797596,0.999519314121592,0.999498173819493,"soc_net_bl"
"1541","CUX1","End",-0.00538280422758515,9.19132891882674,1.76774128605465,0.317957715299142,0.999519314121592,0.999498173819493,"soc_net_bl"
"1542","PRKRIP1","End",0.00168467808946181,7.17666138447448,0.0530224432503797,0.818077378885743,0.999519314121592,0.999498173819493,"soc_net_bl"
"1543","LINC01004","End",-0.00571938245674471,7.42217097489409,0.760266703065187,0.384099499945062,0.999519314121592,0.999498173819493,"soc_net_bl"
"1544","KMT2E","End",0.0031778067324323,9.44141031827955,0.753288490253706,0.386287158679969,0.999519314121592,0.999498173819493,"soc_net_bl"
"1545","SRPK2","End",0.00431460345401927,9.39805211696745,1.3518136805148,0.246093559763162,0.999519314121592,0.999498173819493,"soc_net_bl"
"1546","ATXN7L1","End",0.00543999333094524,7.41118286429163,0.610689945990151,0.435283331631281,0.999519314121592,0.999498173819493,"soc_net_bl"
"1547","SYPL1","End",0.00477005281521034,7.58997208018309,0.61569574043791,0.43341000956161,0.999519314121592,0.999498173819493,"soc_net_bl"
"1548","NAMPT","End",0.0111298272505407,10.0611172581663,2.47045234604208,0.11729620544167,0.999519314121592,0.999498173819493,"soc_net_bl"
"1549","HBP1","End",0.00762518490519639,7.20614943276378,1.66143293983183,0.198626756312781,0.999519314121592,0.999498173819493,"soc_net_bl"
"1550","COG5","End",-0.00763293397368167,8.4236327151496,2.6578893901065,0.104323424705829,0.999519314121592,0.999498173819493,"soc_net_bl"
"1551","BCAP29","End",0.000447287234236947,7.78158002314679,0.00743069938688164,0.9313767035716,0.999519314121592,0.999498173819493,"soc_net_bl"
"1552","SLC26A3","End",-0.0266365077695191,7.93616312467771,4.70395493977172,0.0310565322814263,0.999519314121592,0.999498173819493,"soc_net_bl"
"1553","PNPLA8","End",-0.00258744654986011,7.23613286256663,0.117801061731183,0.73172635243543,0.999519314121592,0.999498173819493,"soc_net_bl"
"1554","IMMP2L","End",0.000696577351481182,9.90907866317539,0.0201690895441452,0.887182670467538,0.999519314121592,0.999498173819493,"soc_net_bl"
"1555","DOCK4","End",-0.0088350942344321,9.63279313669775,1.89782020951626,0.169580734158743,0.999519314121592,0.999498173819493,"soc_net_bl"
"1556","ZNF277","End",0.00221264612484153,7.117348405295,0.079812326556347,0.777790638551631,0.999519314121592,0.999498173819493,"soc_net_bl"
"1557","IFRD1","End",0.012142796675685,7.25174049015191,2.77312274922744,0.0971383070308827,0.999519314121592,0.999498173819493,"soc_net_bl"
"1558","TMEM168","End",0.00125232245534594,6.87325842406818,0.0247247747830443,0.875184432997025,0.999519314121592,0.999498173819493,"soc_net_bl"
"1559","GPR85","End",0.00337488970708457,8.31541361543865,0.142619035819056,0.706018341741046,0.999519314121592,0.999498173819493,"soc_net_bl"
"1560","CAV2","End",-0.00315686343032675,7.15936998303094,0.163362776858774,0.686432086634085,0.999519314121592,0.999498173819493,"soc_net_bl"
"1561","CAV1","End",0.0045464078809013,7.295389465488,0.265569486262466,0.60678448916936,0.999519314121592,0.999498173819493,"soc_net_bl"
"1562","CAPZA2","End",-0.0016815462998531,8.24217050746813,0.128710435543664,0.811475945324888,0.999519314121592,0.999498173819493,"soc_net_bl"
"1563","ST7","End",0.00367741285043705,7.87000612423557,0.41333192480922,0.520884943699198,0.999519314121592,0.999498173819493,"soc_net_bl"
"1564","CTTNBP2","End",0.00763270200405216,7.34706627589482,0.606091912286738,0.437014992865992,0.999519314121592,0.999498173819493,"soc_net_bl"
"1565","CADPS2","End",-0.00579868359618374,10.2363457679783,1.74521385709235,0.187713154786622,0.999519314121592,0.999498173819493,"soc_net_bl"
"1566","WASL","End",0.00524685813958607,7.35753320837747,0.710777714764453,0.420899650851112,0.999519314121592,0.999498173819493,"soc_net_bl"
"1567","GRM8","End",0.0240073548345123,6.18845884978495,1.7093475699622,0.19229674597812,0.999519314121592,0.999498173819493,"soc_net_bl"
"1568","ZNF800","End",0.00755227204385058,7.83006034342344,1.70903994605315,0.192336623029853,0.999519314121592,0.999498173819493,"soc_net_bl"
"1569","SND1","End",-0.00358720650610289,7.91867175550065,0.438681169365167,0.604685374553844,0.999519314121592,0.999498173819493,"soc_net_bl"
"1570","IMPDH1","End",0.00270558463399311,7.01910967557548,0.0963551287258672,0.756512396592951,0.999519314121592,0.999498173819493,"soc_net_bl"
"1571","HILPDA","End",-0.00604020822546592,7.69442779452387,0.177576671323825,0.673833937168251,0.999519314121592,0.999498173819493,"soc_net_bl"
"1572","TNPO3","End",-6.55787007217497e-05,7.28977056526553,5.43621468228749e-05,0.994123200762264,0.999519314121592,0.999498173819493,"soc_net_bl"
"1573","AHCYL2","End",-0.00131861740306343,8.55555788513726,0.0648769496781516,0.799161306629964,0.999519314121592,0.999498173819493,"soc_net_bl"
"1574","NRF1","End",0.00145738579735915,7.74137332865302,0.087918962704444,0.988665065397806,0.999519314121592,0.999498173819493,"soc_net_bl"
"1575","UBE2H","End",-0.0029808819589302,8.55239459221297,0.484945514857163,0.972751683732816,0.999519314121592,0.999498173819493,"soc_net_bl"
"1576","KLHDC10","End",-8.62498096844316e-05,7.35163830602432,0.000133159341910855,0.990802439602285,0.999519314121592,0.999498173819493,"soc_net_bl"
"1577","AC016831.7","End",0.00253802716332765,10.1816555181938,0.345075558142986,0.557455535706378,0.999519314121592,0.999498173819493,"soc_net_bl"
"1578","MKLN1","End",-0.000459758782629098,9.36150431410721,0.0179706097123121,0.893469628651522,0.999519314121592,0.999498173819493,"soc_net_bl"
"1579","PODXL","End",-0.00697679267516398,10.1292741200634,3.24277517435424,0.0729698976657784,0.999519314121592,0.999498173819493,"soc_net_bl"
"1580","CHCHD3","End",-0.000414831099825036,8.42734565472813,0.00672824293953729,0.934693175598083,0.999519314121592,0.999498173819493,"soc_net_bl"
"1581","EXOC4","End",0.00269214801850346,9.56201724033785,0.590099592011644,0.443121052143964,0.999519314121592,0.999498173819493,"soc_net_bl"
"1582","CALD1","End",0.000406030507330656,8.68558803504004,0.00228532207282515,0.961910598720751,0.999519314121592,0.999498173819493,"soc_net_bl"
"1583","TMEM140","End",0.00343967731202851,6.85726228718773,0.125136602431127,0.723833350894093,0.999519314121592,0.999498173819493,"soc_net_bl"
"1584","CNOT4","End",-0.0012185221090988,8.09791658611757,0.0575599510909236,0.8105957386416,0.999519314121592,0.999498173819493,"soc_net_bl"
"1585","MTPN","End",0.00549845617195554,7.373457505653,0.799755917600294,0.597306984065231,0.999519314121592,0.999498173819493,"soc_net_bl"
"1586","PTN","End",0.00914827427910148,6.48738688759112,0.310566498382794,0.577841994679248,0.999519314121592,0.999498173819493,"soc_net_bl"
"1587","DGKI","End",-0.0147426367070551,6.86798383714657,1.50117444367434,0.221668379639907,0.999519314121592,0.999498173819493,"soc_net_bl"
"1588","CREB3L2","End",-0.00193260857510488,7.09105609543063,0.0510942134071991,0.821358711023771,0.999519314121592,0.999498173819493,"soc_net_bl"
"1589","KIAA1549","End",-0.00140925220603214,8.17004926102871,0.0571706778289528,0.811225086706379,0.999519314121592,0.999498173819493,"soc_net_bl"
"1590","ZC3HAV1","End",0.00861135884092915,7.92982545560428,1.75977258747824,0.185889164851243,0.999519314121592,0.999498173819493,"soc_net_bl"
"1591","UBN2","End",0.00520416886229567,7.23573635417029,0.614963984420978,0.433683085946539,0.999519314121592,0.999498173819493,"soc_net_bl"
"1592","HIPK2","End",0.00291959159362959,7.87385132372498,0.304139943785222,0.581801688863949,0.999519314121592,0.999498173819493,"soc_net_bl"
"1593","PARP12","End",0.00818904609698692,7.25253938569939,1.26617063609669,0.261588409541111,0.999519314121592,0.999498173819493,"soc_net_bl"
"1594","KDM7A","End",0.00359173446424041,7.84622499700868,0.374384313896483,0.541191981960725,0.999519314121592,0.999498173819493,"soc_net_bl"
"1595","DENND2A","End",0.0104595877035433,7.31767512188517,1.40110884077632,0.237686231058521,0.999519314121592,0.999498173819493,"soc_net_bl"
"1596","BRAF","End",-0.00116265611892776,8.86802039178694,0.102680533080256,0.748909674043832,0.999519314121592,0.999498173819493,"soc_net_bl"
"1597","TCAF2","End",-0.00860076430788846,7.74878354838959,0.73478475176658,0.392175099995906,0.999519314121592,0.999498173819493,"soc_net_bl"
"1598","TCAF1","End",0.00307508370329577,7.01987017230246,0.167443463722022,0.682751764791347,0.999519314121592,0.999498173819493,"soc_net_bl"
"1599","TPK1","End",0.00554559030661908,7.84478917721084,0.675781270475303,0.411843241378227,0.999519314121592,0.999498173819493,"soc_net_bl"
"1600","CNTNAP2","End",0.00923216445152202,7.5361250857411,1.38103346131659,0.241067036272569,0.999519314121592,0.999498173819493,"soc_net_bl"
"1601","CUL1","End",-0.00133731747948082,8.02611738107811,0.0901428670297376,0.814460272305722,0.999519314121592,0.999498173819493,"soc_net_bl"
"1602","GIMAP8","End",0.01213758245822,7.28107535935341,3.14177136849245,0.0775546558305878,0.999519314121592,0.999498173819493,"soc_net_bl"
"1603","GIMAP7","End",0.00976946174833064,8.37005065636703,2.24889168876774,0.134998770533175,0.999519314121592,0.999498173819493,"soc_net_bl"
"1604","GIMAP4","End",-0.00952480549863647,7.25441645079226,1.39861056532892,0.238103788871414,0.999519314121592,0.999498173819493,"soc_net_bl"
"1605","NOS3","End",-0.00147929298040161,7.45783048109378,0.0359020435366287,0.849874946471291,0.999519314121592,0.999498173819493,"soc_net_bl"
"1606","AGAP3","End",0.00550601466844218,7.55997495446629,0.831346307741616,0.36278058932258,0.999519314121592,0.999498173819493,"soc_net_bl"
"1607","RHEB","End",0.00357855556060924,7.4617186174863,0.319795369955298,0.572248624580723,0.999519314121592,0.999498173819493,"soc_net_bl"
"1608","PRKAG2","End",-0.016327604273558,7.59015658739698,4.76766112271681,0.02994921535583,0.999519314121592,0.999498173819493,"soc_net_bl"
"1609","GALNT11","End",0.00418550387545784,6.86708683894902,0.223312952121988,0.636948181846115,0.999519314121592,0.999498173819493,"soc_net_bl"
"1610","KMT2C","End",-0.00228388824211903,9.04340619303785,0.387474953662574,0.691031789408671,0.999519314121592,0.999498173819493,"soc_net_bl"
"1611","RBM33","End",0.00130433601120042,7.90457460673638,0.0811551100665182,0.775978976648482,0.999519314121592,0.999498173819493,"soc_net_bl"
"1612","LMBR1","End",-0.00216531377969896,9.63116044005441,0.326848763035431,0.568045171473815,0.999519314121592,0.999498173819493,"soc_net_bl"
"1613","UBE3C","End",-0.00524136860943135,8.13033567145858,1.1486537136716,0.517451580037097,0.999519314121592,0.999498173819493,"soc_net_bl"
"1614","DNAJB6","End",0.00186700481305519,8.24632898641878,0.0894640862327017,0.765113358849517,0.999519314121592,0.999498173819493,"soc_net_bl"
"1615","PTPRN2","End",0.00447609732511632,6.64054246352162,0.158602746553847,0.690793342376088,0.999519314121592,0.999498173819493,"soc_net_bl"
"1616","ESYT2","End",-0.00265336225594917,10.8456789346486,0.401944063984138,0.526678967072858,0.999519314121592,0.999498173819493,"soc_net_bl"
"1617","WDR60","End",-0.0070172723315587,8.8686301473283,1.45232474565904,0.229319067295049,0.999519314121592,0.999498173819493,"soc_net_bl"
"1618","IL3RA","End",-0.0144772315067074,6.9873648548606,2.29335740693815,0.131218758007587,0.999519314121592,0.999498173819493,"soc_net_bl"
"1619","SLC25A6","End",0.0155026687699774,6.90018839056119,2.559534177803,0.110920747989663,0.999519314121592,0.999498173819493,"soc_net_bl"
"1620","DHRSX","End",-0.0110659553139107,8.22762402283716,3.43449024615818,0.0650516453734022,0.999519314121592,0.999498173819493,"soc_net_bl"
"1621","CD99","End",0.00251254436098288,7.47465759459526,0.088410934141172,0.766459309795665,0.999519314121592,0.999498173819493,"soc_net_bl"
"1622","PRKX","End",-0.000488067332349757,7.92713246787779,0.00492117901234025,0.94413065941212,0.999519314121592,0.999498173819493,"soc_net_bl"
"1623","TBL1X","End",0.00447138235025067,8.06420959890234,0.509129749769065,0.47619557111361,0.999519314121592,0.999498173819493,"soc_net_bl"
"1624","SHROOM2","End",0.00629845738349085,7.9305555216381,1.18548756123412,0.277312466635236,0.999519314121592,0.999498173819493,"soc_net_bl"
"1625","WWC3","End",0.00297165583987332,7.54587751554187,0.278138720828485,0.598401444724929,0.999519314121592,0.999498173819493,"soc_net_bl"
"1626","MID1","End",0.00464678641722489,7.81030668627965,0.423517447674612,0.515797508561915,0.999519314121592,0.999498173819493,"soc_net_bl"
"1627","TMSB4X","End",0.00585286280512201,9.5334988119712,0.444555693922749,0.505559747902628,0.999519314121592,0.999498173819493,"soc_net_bl"
"1628","OFD1","End",-0.00413662618756732,7.11731134250164,0.343867246976525,0.558145799546325,0.999519314121592,0.999498173819493,"soc_net_bl"
"1629","GPM6B","End",0.00254876187493148,6.87660639479936,0.0574388345582621,0.810791308986712,0.999519314121592,0.999498173819493,"soc_net_bl"
"1630","CA5B","End",0.00403394794371372,7.58177829991309,0.467888344449964,0.526527543574117,0.999519314121592,0.999498173819493,"soc_net_bl"
"1631","AP1S2","End",-0.00193652692982079,7.21725644284245,0.0777191078046583,0.861857272534219,0.999519314121592,0.999498173819493,"soc_net_bl"
"1632","NHS","End",0.0132232751123268,7.68872351792857,2.75630789707427,0.0981520152093211,0.999519314121592,0.999498173819493,"soc_net_bl"
"1633","SCML1","End",-0.0035949585966493,7.3204155349896,0.294209323337331,0.83135826984793,0.999519314121592,0.999498173819493,"soc_net_bl"
"1634","SH3KBP1","End",0.0142866263378436,7.32796855839528,3.75128433938697,0.0539177713727649,0.999519314121592,0.999498173819493,"soc_net_bl"
"1635","EIF1AX","End",0.0050027320327091,7.34786039078092,0.489282273042187,0.484911809531101,0.999519314121592,0.999498173819493,"soc_net_bl"
"1636","RPS6KA3","End",0.00446590852261541,9.07248237816503,0.917787073568779,0.339001944061364,0.999519314121592,0.999498173819493,"soc_net_bl"
"1637","SAT1","End",0.000378020839607524,10.2807867794965,0.0029198483132822,0.956950859561219,0.999519314121592,0.999498173819493,"soc_net_bl"
"1638","APOO","End",0.00329189146086287,8.15225996340937,0.210100789220223,0.647095097007316,0.999519314121592,0.999498173819493,"soc_net_bl"
"1639","ZFX","End",-0.0133046387856138,7.2870720661842,4.0284221121173,0.0458392860524801,0.999519314121592,0.999498173819493,"soc_net_bl"
"1640","POLA1","End",0.00289510136162295,7.20224673861023,0.209578324449747,0.647504213800124,0.999519314121592,0.999498173819493,"soc_net_bl"
"1641","IL1RAPL1","End",-0.00489658641890843,7.02657747981179,0.220317095842449,0.63921623639,0.999519314121592,0.999498173819493,"soc_net_bl"
"1642","DMD","End",0.00928188411290202,7.05372639466067,1.15820402894223,0.282897880626627,0.999519314121592,0.999498173819493,"soc_net_bl"
"1643","AF241726.2","End",-0.00198144583872912,6.96302483860084,0.0527850504380823,0.818477929641241,0.999519314121592,0.999498173819493,"soc_net_bl"
"1644","SRPX","End",0.0145628792873166,6.06153380320556,0.594519166527999,0.441420515423685,0.999519314121592,0.999498173819493,"soc_net_bl"
"1645","RPGR","End",-0.000166970032403779,9.48687636698661,0.000831582162270366,0.977017955877715,0.999519314121592,0.999498173819493,"soc_net_bl"
"1646","USP9X","End",0.000172750123324139,8.01056175729202,0.00134158267027124,0.970811771930634,0.999519314121592,0.999498173819493,"soc_net_bl"
"1647","DDX3X","End",-2.59425969667287e-05,8.02853070281988,1.65403853116941e-05,0.996758335126538,0.999519314121592,0.999498173819493,"soc_net_bl"
"1648","CASK","End",0.00822083089121996,7.56556033400553,1.93907012659268,0.165033152055263,0.999519314121592,0.999498173819493,"soc_net_bl"
"1649","MAOA","End",0.00805191003667219,7.91348320490653,1.36500668804444,0.243808293546937,0.999519314121592,0.999498173819493,"soc_net_bl"
"1650","KDM6A","End",-0.00104237152267087,8.76011633441052,0.0446559465376183,0.832813768231591,0.999519314121592,0.999498173819493,"soc_net_bl"
"1651","CXorf36","End",0.0022269181979057,8.90449665052643,0.197839238993146,0.656863672138341,0.999519314121592,0.999498173819493,"soc_net_bl"
"1652","MIR222HG","End",-0.0116411725281048,7.47357956482719,1.75110218580487,0.186972927954155,0.999519314121592,0.999498173819493,"soc_net_bl"
"1653","TIMP1","End",-0.000976939243406716,6.92749585447659,0.00524674188317991,0.942315362380575,0.999519314121592,0.999498173819493,"soc_net_bl"
"1654","SLC38A5","End",0.013048991343504,8.04638405696593,3.43393702551984,0.065073117678159,0.999519314121592,0.999498173819493,"soc_net_bl"
"1655","WDR13","End",0.00432017609432833,7.17825318620246,0.333923709183641,0.563888941936356,0.999519314121592,0.999498173819493,"soc_net_bl"
"1656","PCSK1N","End",0.0152787732593567,6.42441888405446,1.61933018110667,0.204392627286364,0.999519314121592,0.999498173819493,"soc_net_bl"
"1657","SHROOM4","End",0.00238374513726924,8.64212097751231,0.261305926528735,0.609685147489181,0.999519314121592,0.999498173819493,"soc_net_bl"
"1658","HUWE1","End",0.00842920474878419,7.84859791754583,3.23948226062849,0.0789087468592748,0.999519314121592,0.999498173819493,"soc_net_bl"
"1659","NBDY","End",-0.00248376531085623,8.01108563919705,0.187855038697411,0.665089582752338,0.999519314121592,0.999498173819493,"soc_net_bl"
"1660","MSN","End",-0.0019486112544213,8.77975763158697,0.0935625027337366,0.7599560853499,0.999519314121592,0.999498173819493,"soc_net_bl"
"1661","OPHN1","End",0.00999093424352769,7.74234440684747,2.46649517427297,0.117588702107857,0.999519314121592,0.999498173819493,"soc_net_bl"
"1662","STARD8","End",-0.000996431339657581,7.63487245374608,0.0257496617253996,0.872645552846222,0.999519314121592,0.999498173819493,"soc_net_bl"
"1663","TAF1","End",0.00983240272292155,7.73638508577217,2.73182015543234,0.0996491205488622,0.999519314121592,0.999498173819493,"soc_net_bl"
"1664","OGT","End",-0.0004352787128016,7.68229002910712,0.0048120363092675,0.94475266433178,0.999519314121592,0.999498173819493,"soc_net_bl"
"1665","NHSL2","End",0.00712273719456386,7.08646068098022,1.06336834626366,0.303466000416843,0.999519314121592,0.999498173819493,"soc_net_bl"
"1666","RPS4X","End",0.000209392309817594,7.64103419550068,0.00047672276060029,0.982598174736102,0.999519314121592,0.999498173819493,"soc_net_bl"
"1667","HDAC8","End",0.0011826261630016,8.52570274316016,0.0727405631689369,0.939404564787032,0.999519314121592,0.999498173819493,"soc_net_bl"
"1668","CHIC1","End",0.0088019413243958,7.17144673013542,1.84091446979902,0.279092737823346,0.999519314121592,0.999498173819493,"soc_net_bl"
"1669","XIST","End",-0.0219795550107488,9.0758274448283,1.10483682021287,0.294243648183683,0.999519314121592,0.999498173819493,"soc_net_bl"
"1670","JPX","End",-0.0107690830535389,8.2962931146785,3.67416210073319,0.0564263232923876,0.999519314121592,0.999498173819493,"soc_net_bl"
"1671","FTX","End",-0.000852246263122959,10.430005636139,0.058369652549163,0.80929384595867,0.999519314121592,0.999498173819493,"soc_net_bl"
"1672","SLC16A2","End",0.00922329499879235,7.13851034072002,1.374314345308,0.24221167428146,0.999519314121592,0.999498173819493,"soc_net_bl"
"1673","AC233296.1","End",0.00533919914103342,7.19697297909708,0.190796044965295,0.66263996641928,0.999519314121592,0.999498173819493,"soc_net_bl"
"1674","ATRX","End",0.00352408743316472,9.06639708542393,1.26695605425932,0.261440902863297,0.999519314121592,0.999498173819493,"soc_net_bl"
"1675","PGK1","End",0.00374852880590514,7.75998730587965,0.35254602310167,0.553223702706188,0.999519314121592,0.999498173819493,"soc_net_bl"
"1676","ITM2A","End",0.0138189711121237,9.50132699360418,3.9483939206448,0.0480308629566469,0.999519314121592,0.999498173819493,"soc_net_bl"
"1677","BRWD3","End",0.0041898965534726,7.23067827581275,0.414640737677872,0.6701841833476,0.999519314121592,0.999498173819493,"soc_net_bl"
"1678","SH3BGRL","End",0.00930756583320417,7.31914528060678,1.83842476442569,0.176385218859716,0.999519314121592,0.999498173819493,"soc_net_bl"
"1679","CHM","End",6.77419876293476e-05,7.41610556373906,0.000164847087346386,0.989766477131598,0.999519314121592,0.999498173819493,"soc_net_bl"
"1680","PCDH11X","End",-0.0238916165007591,7.18893123350326,2.40065119972723,0.122576668689333,0.999519314121592,0.999498173819493,"soc_net_bl"
"1681","DIAPH2","End",0.00611681891209531,7.44448029452393,0.517178730898536,0.472733626627298,0.999519314121592,0.999498173819493,"soc_net_bl"
"1682","SYTL4","End",-0.010704337603004,7.01704846421789,1.44374142592468,0.230696096189053,0.999519314121592,0.999498173819493,"soc_net_bl"
"1683","ARMCX4","End",0.0087142567393315,7.44866443781187,1.48790396975582,0.22371591823065,0.999519314121592,0.999498173819493,"soc_net_bl"
"1684","ZMAT1","End",-0.00213935620199553,6.90319392516279,0.047322744828581,0.827970384988326,0.999519314121592,0.999498173819493,"soc_net_bl"
"1685","BEX3","End",0.00835556625007636,6.83799701063938,0.717728663639533,0.397717512431462,0.999519314121592,0.999498173819493,"soc_net_bl"
"1686","MORF4L2","End",-0.0107238964305,7.45422497161101,2.40589684599395,0.122170764558296,0.999519314121592,0.999498173819493,"soc_net_bl"
"1687","PLP1","End",0.00834342190672269,7.14057756243233,0.76869931457745,0.38147936480267,0.999519314121592,0.999498173819493,"soc_net_bl"
"1688","TSC22D3","End",0.00438311474938318,7.85025618571126,0.334223642786683,0.563714045627908,0.999519314121592,0.999498173819493,"soc_net_bl"
"1689","ACSL4","End",-0.00523470732738146,7.74067673557097,0.530881651241378,0.46693292641993,0.999519314121592,0.999498173819493,"soc_net_bl"
"1690","ALG13","End",-0.00561756660062182,8.00879606472218,0.92639005638951,0.336752567145899,0.999519314121592,0.999498173819493,"soc_net_bl"
"1691","PLS3","End",-0.00911943072089491,7.56015788535037,1.21411714571013,0.271600505579458,0.999519314121592,0.999498173819493,"soc_net_bl"
"1692","WDR44","End",-0.0034344795918987,7.19780951414774,0.249774583347766,0.617682794434229,0.999519314121592,0.999498173819493,"soc_net_bl"
"1693","IL13RA1","End",0.00935985993545537,7.76226982556739,2.67854654826129,0.10299353593594,0.999519314121592,0.999498173819493,"soc_net_bl"
"1694","THOC2","End",0.00720639432618831,7.81753074858814,2.00198220274937,0.158364516229514,0.999519314121592,0.999498173819493,"soc_net_bl"
"1695","XIAP","End",0.00215504447233518,7.35455568944425,0.14542185193085,0.703280158270368,0.999519314121592,0.999498173819493,"soc_net_bl"
"1696","STAG2","End",0.00380492563312316,7.96940288298659,0.450894799557072,0.502543534193803,0.999519314121592,0.999498173819493,"soc_net_bl"
"1697","APLN","End",-0.0253151092943214,5.99836412959073,1.53886115943354,0.21597510204956,0.999519314121592,0.999498173819493,"soc_net_bl"
"1698","ENOX2","End",0.000851841554041514,7.07140578986449,0.00862251808845673,0.926092712581064,0.999519314121592,0.999498173819493,"soc_net_bl"
"1699","HS6ST2","End",0.0176839287251386,6.473977615816,1.76779812521693,0.184892539841577,0.999519314121592,0.999498173819493,"soc_net_bl"
"1700","RBMX","End",-0.000828725120545469,7.36361892697999,0.0166485454708302,0.991144947324697,0.999519314121592,0.999498173819493,"soc_net_bl"
"1701","Z96074.1","End",0.0125313457768229,6.93832019063716,1.23656458802786,0.267225127799499,0.999519314121592,0.999498173819493,"soc_net_bl"
"1702","ATP11C","End",0.00455117919606142,7.51973955113583,0.417718254390259,0.518683288871711,0.999519314121592,0.999498173819493,"soc_net_bl"
"1703","IDS","End",0.00502318401240698,7.18270381636126,0.454708848285373,0.50074356599303,0.999519314121592,0.999498173819493,"soc_net_bl"
"1704","LINC00894","End",0.00329721384346024,6.90053731090988,0.105309486056715,0.745825898796121,0.999519314121592,0.999498173819493,"soc_net_bl"
"1705","MTM1","End",0.0127728747004118,7.6176201855859,4.31811673727436,0.0387510160245052,0.999519314121592,0.999498173819493,"soc_net_bl"
"1706","BGN","End",-0.00166697999255025,6.75601254026571,0.0149799079502267,0.902688654399665,0.999519314121592,0.999498173819493,"soc_net_bl"
"1707","BCAP31","End",0.00457044017525654,7.39672259499718,0.423530418424613,0.515791085684279,0.999519314121592,0.999498173819493,"soc_net_bl"
"1708","MECP2","End",0.00580112839170235,7.54861399821876,1.13358042880889,0.288062033569546,0.999519314121592,0.999498173819493,"soc_net_bl"
"1709","FLNA","End",-0.00410789641707419,7.2841672977021,0.215247578418883,0.643097448934907,0.999519314121592,0.999498173819493,"soc_net_bl"
"1710","RPL10","End",0.00438864105133299,8.73143962644205,0.345621449241072,0.557144221452642,0.999519314121592,0.999498173819493,"soc_net_bl"
"1711","GDI1","End",0.00400631726640663,7.0223785311316,0.315966728118379,0.574555995221136,0.999519314121592,0.999498173819493,"soc_net_bl"
"1712","CLIC2","End",3.98187359632403e-07,7.2795121746587,8.19667736754783e-06,0.997718004252457,0.999519314121592,0.999498173819493,"soc_net_bl"
"1713","TDRP","End",-0.0014427760775553,8.15035209205503,0.0745809229129428,0.785010392917526,0.999519314121592,0.999498173819493,"soc_net_bl"
"1714","ERICH1","End",0.00221051035534777,7.4239314011924,0.123138784888839,0.725956668206791,0.999519314121592,0.999498173819493,"soc_net_bl"
"1715","CSMD1","End",0.00877711092086426,7.85331727792116,1.30688157517683,0.254076872815745,0.999519314121592,0.999498173819493,"soc_net_bl"
"1716","MCPH1","End",0.000107398810548126,8.28467143873205,0.000440089713758209,0.983280043969377,0.999519314121592,0.999498173819493,"soc_net_bl"
"1717","ANGPT2","End",-0.037285339479866,9.7576216400048,8.88353162712504,0.00316751440959822,0.888697636424933,0.999498173819493,"soc_net_bl"
"1718","PRAG1","End",0.00608660467105784,6.77651218402302,0.292959520210954,0.588822469436688,0.999519314121592,0.999498173819493,"soc_net_bl"
"1719","MFHAS1","End",0.00659804145421653,7.94403554657986,1.0401558325627,0.308792165490905,0.999519314121592,0.999498173819493,"soc_net_bl"
"1720","TNKS","End",-0.00301978819512726,8.55660881486916,0.497814329284069,0.63467814720231,0.999519314121592,0.999498173819493,"soc_net_bl"
"1721","MSRA","End",0.00166053247132618,8.33848037453616,0.0986787600894804,0.753688530351214,0.999519314121592,0.999498173819493,"soc_net_bl"
"1722","SOX7","End",-0.000959589645636232,7.13436910239201,0.0135023801945287,0.907589515450339,0.999519314121592,0.999498173819493,"soc_net_bl"
"1723","XKR6","End",-0.0139813659310699,8.02949998416381,3.14362646036581,0.0774676946022301,0.999519314121592,0.999498173819493,"soc_net_bl"
"1724","CTSB","End",-0.00265788929647873,7.21512335658877,0.144874199593491,0.703812791461267,0.999519314121592,0.999498173819493,"soc_net_bl"
"1725","DLC1","End",0.0110561011103839,9.32496787112761,2.93313492814306,0.0880451518719465,0.999519314121592,0.999498173819493,"soc_net_bl"
"1726","MICU3","End",0.00467151208886331,7.11465707877807,0.404966268538749,0.525130153793989,0.999519314121592,0.999498173819493,"soc_net_bl"
"1727","MTUS1","End",-0.00114810343321163,9.91996241565267,0.0764473792876344,0.782404138742237,0.999519314121592,0.999498173819493,"soc_net_bl"
"1728","PCM1","End",-0.00154562375680884,8.58211109910465,0.1719193390357,0.678774775524745,0.999519314121592,0.999498173819493,"soc_net_bl"
"1729","PSD3","End",0.00289186879845888,7.37570000360141,0.151062351624741,0.697860049940576,0.999519314121592,0.999498173819493,"soc_net_bl"
"1730","CSGALNACT1","End",0.000488760048729505,8.97984357006559,0.00298643499800381,0.956463247101586,0.999519314121592,0.999498173819493,"soc_net_bl"
"1731","INTS10","End",0.00809808878244645,7.09331764222784,1.22514166830922,0.269440503827807,0.999519314121592,0.999498173819493,"soc_net_bl"
"1732","PPP3CC","End",-0.000566877504217757,8.94720267859275,0.0172854203166661,0.895508326264683,0.999519314121592,0.999498173819493,"soc_net_bl"
"1733","SORBS3","End",-0.00934640944825095,7.13477674463403,1.25721585262199,0.263277529151392,0.999519314121592,0.999498173819493,"soc_net_bl"
"1734","TNFRSF10B","End",-0.00492622746548404,7.70345932816409,0.547032903510748,0.460241306140894,0.999519314121592,0.999498173819493,"soc_net_bl"
"1735","TNFRSF10D","End",-0.00967469072654835,8.09628775548904,1.8693778373353,0.172800553568407,0.999519314121592,0.999498173819493,"soc_net_bl"
"1736","TNFRSF10A","End",-0.0138568096306968,7.04809135983624,3.12689486154721,0.0782558573780102,0.999519314121592,0.999498173819493,"soc_net_bl"
"1737","SLC25A37","End",0.00327655268380898,7.22986708737103,0.17611993471723,0.675097227150004,0.999519314121592,0.999498173819493,"soc_net_bl"
"1738","STC1","End",-0.0591753760585138,6.62768551813239,8.80074829636766,0.0033091856749915,0.888697636424933,0.999498173819493,"soc_net_bl"
"1739","PPP2R2A","End",-0.000825839194599436,8.5001258832222,0.0399581419654162,0.841728410062595,0.999519314121592,0.999498173819493,"soc_net_bl"
"1740","BNIP3L","End",-0.00784804246404094,7.44551882439088,0.688107387937331,0.407617091053238,0.999519314121592,0.999498173819493,"soc_net_bl"
"1741","DPYSL2","End",0.00085253158096262,7.6520690642688,0.0207095159921738,0.885691513361673,0.999519314121592,0.999498173819493,"soc_net_bl"
"1742","CLU","End",0.0159314307649801,8.35617485922638,5.41761370380171,0.0207506192226642,0.999519314121592,0.999498173819493,"soc_net_bl"
"1743","HMBOX1","End",0.00712379559502453,8.2403294818129,2.17521626687001,0.141534821273178,0.999519314121592,0.999498173819493,"soc_net_bl"
"1744","KIF13B","End",-0.00811034184826588,7.73716844715199,1.49157428385231,0.223147346881648,0.999519314121592,0.999498173819493,"soc_net_bl"
"1745","SARAF","End",-0.00493411537041368,7.97296412379931,0.651094964969659,0.420504792577718,0.999519314121592,0.999498173819493,"soc_net_bl"
"1746","RBPMS","End",0.00614146142365071,8.7334960112807,1.37112670149915,0.242757031791768,0.999519314121592,0.999498173819493,"soc_net_bl"
"1747","PPP2CB","End",0.00883284036598478,7.54544220376303,2.56019259864387,0.110875078958699,0.999519314121592,0.999498173819493,"soc_net_bl"
"1748","WRN","End",0.00743142364130692,7.3540168314606,1.02478456287257,0.312386372635942,0.999519314121592,0.999498173819493,"soc_net_bl"
"1749","NSD3","End",-0.00540537024665562,8.37821052123398,1.68785851086701,0.195105863774692,0.999519314121592,0.999498173819493,"soc_net_bl"
"1750","FGFR1","End",-0.0131416863046503,7.5135109667915,1.95159900437558,0.163679801485606,0.999519314121592,0.999498173819493,"soc_net_bl"
"1751","TACC1","End",0.00258738587650909,11.2478308226177,0.332242080027649,0.56487147429461,0.999519314121592,0.999498173819493,"soc_net_bl"
"1752","ADAM9","End",0.00375775573089871,6.81536405116148,0.17673904062246,0.674559586340922,0.999519314121592,0.999498173819493,"soc_net_bl"
"1753","TCIM","End",-0.00494237091805823,6.32462535661966,0.104342490888173,0.746955192215407,0.999519314121592,0.999498173819493,"soc_net_bl"
"1754","KAT6A","End",0.000533241781007157,9.30965111330999,0.0185551881661694,0.891761357746832,0.999519314121592,0.999498173819493,"soc_net_bl"
"1755","PLAT","End",-0.000225947272952838,8.26155311032721,0.000983568379463874,0.975006486844387,0.999519314121592,0.999498173819493,"soc_net_bl"
"1756","IKBKB","End",0.00174287685814245,8.17434098086826,0.137450645646831,0.711149322901153,0.999519314121592,0.999498173819493,"soc_net_bl"
"1757","SLC20A2","End",-0.000176108163155333,7.66588382473872,0.000568548870132664,0.980996259695261,0.999519314121592,0.999498173819493,"soc_net_bl"
"1758","HOOK3","End",0.00546131999000259,7.8522787464874,1.12111118218776,0.290723040100967,0.999519314121592,0.999498173819493,"soc_net_bl"
"1759","HGSNAT","End",0.00888698795703172,7.45779307079364,1.53206585788642,0.216988588854523,0.999519314121592,0.999498173819493,"soc_net_bl"
"1760","SPIDR","End",-0.00116915076311116,9.72838791491497,0.103220877226325,0.748272320172869,0.999519314121592,0.999498173819493,"soc_net_bl"
"1761","CEBPD","End",-0.00251037370855532,9.17735563457764,0.0805143343859838,0.776841463771209,0.999519314121592,0.999498173819493,"soc_net_bl"
"1762","PRKDC","End",-0.00608504937802947,7.5607299562233,1.09032547886688,0.752382191910446,0.999519314121592,0.999498173819493,"soc_net_bl"
"1763","PCMTD1","End",0.000703392416671143,8.35602486283964,0.027504660680285,0.899039410492849,0.999519314121592,0.999498173819493,"soc_net_bl"
"1764","RB1CC1","End",0.00622899342813502,8.10668763950754,1.79449042537833,0.181622385070996,0.999519314121592,0.999498173819493,"soc_net_bl"
"1765","ATP6V1H","End",-0.00753758721295089,7.23531643848084,1.34461313104757,0.247351915798028,0.999519314121592,0.999498173819493,"soc_net_bl"
"1766","LYPLA1","End",0.0021794221085479,7.09648575167525,0.09519650948348,0.757934408048096,0.999519314121592,0.999498173819493,"soc_net_bl"
"1767","RPS20","End",-0.00651916613831895,7.090094720194,0.378806621451891,0.538814415363721,0.999519314121592,0.999498173819493,"soc_net_bl"
"1768","SDCBP","End",-0.000101570084122525,8.6829333020175,0.00043734801553186,0.983332199201344,0.999519314121592,0.999498173819493,"soc_net_bl"
"1769","NSMAF","End",0.00147948001112429,6.9426861499414,0.0384136922306729,0.844777384184138,0.999519314121592,0.999498173819493,"soc_net_bl"
"1770","TOX","End",0.0199119610020058,7.84965157759408,5.89875762319844,0.0158725901567265,0.999519314121592,0.999498173819493,"soc_net_bl"
"1771","RAB2A","End",0.00581121143381604,8.32255044135135,2.28837070626515,0.13163670018409,0.999519314121592,0.999498173819493,"soc_net_bl"
"1772","ASPH","End",0.00437166250880676,7.7676805232449,0.436495198667109,0.509440228897903,0.999519314121592,0.999498173819493,"soc_net_bl"
"1773","YTHDF3","End",-0.00578628796529866,7.25211059574285,0.717942807896602,0.397647225173464,0.999519314121592,0.999498173819493,"soc_net_bl"
"1774","SGK3","End",-0.00355311806610904,7.43642512218869,0.254468095682173,0.614400160569082,0.999519314121592,0.999498173819493,"soc_net_bl"
"1775","CSPP1","End",-0.00104845710558037,7.33244246377995,0.0279052519009839,0.955284829290231,0.999519314121592,0.999498173819493,"soc_net_bl"
"1776","ARFGEF1","End",-0.00338361369947556,8.34133546225944,0.588860217803698,0.459125672212729,0.999519314121592,0.999498173819493,"soc_net_bl"
"1777","PREX2","End",0.00425787779557555,9.42516277387528,0.889797549705572,0.346462260830156,0.999519314121592,0.999498173819493,"soc_net_bl"
"1778","SULF1","End",0.00357790106318135,6.13642227220139,0.0398102420182416,0.842017703716061,0.999519314121592,0.999498173819493,"soc_net_bl"
"1779","NCOA2","End",0.00325277473867224,8.62139984027546,0.518373399106699,0.472223275360496,0.999519314121592,0.999498173819493,"soc_net_bl"
"1780","RPL7","End",0.00148893033552555,7.26232507404742,0.0175388202557667,0.894749654729378,0.999519314121592,0.999498173819493,"soc_net_bl"
"1781","STAU2","End",-0.013939366344825,8.931666579147,4.37393101662299,0.0375238041135348,0.999519314121592,0.999498173819493,"soc_net_bl"
"1782","LY96","End",0.00136389252856439,6.87215206574289,0.0171867783829637,0.895805185875276,0.999519314121592,0.999498173819493,"soc_net_bl"
"1783","ZNF704","End",-0.000570521868368674,7.93144093066179,0.0060621739027064,0.938003054074903,0.999519314121592,0.999498173819493,"soc_net_bl"
"1784","CA2","End",-0.00333696360333802,6.76446133463443,0.0682257139779391,0.794157504072249,0.999519314121592,0.999498173819493,"soc_net_bl"
"1785","WWP1","End",0.00585816165371648,8.28199216320204,1.3191978316487,0.251857212167004,0.999519314121592,0.999498173819493,"soc_net_bl"
"1786","AF117829.1","End",0.00479265797180824,7.25788648834728,0.421589043838878,0.516753981002891,0.999519314121592,0.999498173819493,"soc_net_bl"
"1787","RUNX1T1","End",-0.00457154303695842,8.85193745152871,0.484220858802328,0.487176785471342,0.999519314121592,0.999498173819493,"soc_net_bl"
"1788","TRIQK","End",-0.000385845369321992,6.88680639020334,0.00161674467502655,0.967959466663666,0.999519314121592,0.999498173819493,"soc_net_bl"
"1789","UQCRB","End",0.000873145457042463,6.58779215163418,0.005574361154856,0.940544905033579,0.999519314121592,0.999498173819493,"soc_net_bl"
"1790","CPQ","End",0.0108895605346024,7.8037808715457,2.5388717372789,0.112364560103423,0.999519314121592,0.999498173819493,"soc_net_bl"
"1791","MTDH","End",-0.000784862498252229,8.12330414195324,0.0273481247527174,0.868787148490906,0.999519314121592,0.999498173819493,"soc_net_bl"
"1792","RPL30","End",-0.00333941736296305,7.38836672839851,0.143070985203089,0.705574745471044,0.999519314121592,0.999498173819493,"soc_net_bl"
"1793","STK3","End",-0.000213406889441706,9.37967721638019,0.00328597546586948,0.954334323133059,0.999519314121592,0.999498173819493,"soc_net_bl"
"1794","VPS13B","End",0.00428615009309501,8.974872809491,1.35366357562425,0.245771545409916,0.999519314121592,0.999498173819493,"soc_net_bl"
"1795","COX6C","End",-0.00404965415167531,6.83995487833605,0.168377173066326,0.681917041894116,0.999519314121592,0.999498173819493,"soc_net_bl"
"1796","RNF19A","End",-0.00714795145680522,8.92755227736904,1.53860694544971,0.216012914722835,0.999519314121592,0.999498173819493,"soc_net_bl"
"1797","PABPC1","End",-0.00355884073301415,7.50803250979194,0.346502059228404,0.556642718653127,0.999519314121592,0.999498173819493,"soc_net_bl"
"1798","YWHAZ","End",0.00392272179448638,8.14369673439617,0.727316047764401,0.394588247711962,0.999519314121592,0.999498173819493,"soc_net_bl"
"1799","ZNF706","End",0.00541704121589256,7.30577853482499,0.875672616798045,0.422686434517165,0.999519314121592,0.999498173819493,"soc_net_bl"
"1800","NCALD","End",0.0194964283680671,7.32520311332997,3.72823126161807,0.0546549084840691,0.999519314121592,0.999498173819493,"soc_net_bl"
"1801","UBR5","End",-0.00167101252986369,9.14235875948355,0.213693753580588,0.899076400182209,0.999519314121592,0.999498173819493,"soc_net_bl"
"1802","FZD6","End",0.00727032025680851,7.3776385824858,1.45428327554737,0.229006253933414,0.999519314121592,0.999498173819493,"soc_net_bl"
"1803","SLC25A32","End",0.00515786125487869,6.97852118969295,0.395936271506323,0.529782238460092,0.999519314121592,0.999498173819493,"soc_net_bl"
"1804","RIMS2","End",-0.00283091169537919,7.90428744900196,0.0932384272443677,0.760359338459395,0.999519314121592,0.999498173819493,"soc_net_bl"
"1805","ZFPM2","End",-0.00120234442160416,9.32024120216117,0.056366831947836,0.812531893370518,0.999519314121592,0.999498173819493,"soc_net_bl"
"1806","OXR1","End",-0.000887433535457005,8.4991574037195,0.0448811199660132,0.832399065032318,0.999519314121592,0.999498173819493,"soc_net_bl"
"1807","EIF3E","End",0.00223568312765785,7.11398981186496,0.106935259134702,0.836001867225462,0.999519314121592,0.999498173819493,"soc_net_bl"
"1808","NUDCD1","End",-0.00405130791253119,7.23782117137228,0.279428757390477,0.597554830974246,0.999519314121592,0.999498173819493,"soc_net_bl"
"1809","PKHD1L1","End",-0.00499511389768696,6.70478445675711,0.0575420244137997,0.810624671630452,0.999519314121592,0.999498173819493,"soc_net_bl"
"1810","TRPS1","End",-0.00967473505409079,8.29510264635386,2.65534725014056,0.104488388286641,0.999519314121592,0.999498173819493,"soc_net_bl"
"1811","EIF3H","End",0.00961084933857409,7.65383968163135,3.47955458092324,0.0633278393652812,0.999519314121592,0.999498173819493,"soc_net_bl"
"1812","RAD21","End",0.00371557632980734,7.34752846743856,0.402192246021407,0.924568020236392,0.999519314121592,0.999498173819493,"soc_net_bl"
"1813","EXT1","End",-0.0047848890430223,8.8080988238321,0.37962867387969,0.538374566630649,0.999519314121592,0.999498173819493,"soc_net_bl"
"1814","SAMD12","End",0.00576435239632779,9.88951215381417,1.40080798922162,0.237736467617465,0.999519314121592,0.999498173819493,"soc_net_bl"
"1815","SAMD12-AS1","End",-0.0035366609811336,6.69734193304482,0.0782516327371496,0.77991710957377,0.999519314121592,0.999498173819493,"soc_net_bl"
"1816","TAF2","End",-0.00103772133724923,7.18666818574559,0.0216825872429629,0.883055841018957,0.999519314121592,0.999498173819493,"soc_net_bl"
"1817","DEPTOR","End",0.00053839322261539,7.90010877391145,0.00341894742753948,0.953420556814724,0.999519314121592,0.999498173819493,"soc_net_bl"
"1818","ZHX2","End",-0.00462578110004543,8.40308724652756,0.620681169615595,0.431556505375636,0.999519314121592,0.999498173819493,"soc_net_bl"
"1819","ATAD2","End",0.00436010694146815,6.80233718897814,0.182337250817826,0.669747636032101,0.999519314121592,0.999498173819493,"soc_net_bl"
"1820","FAM91A1","End",0.0025581060974985,7.23363477723808,0.149421427965703,0.699424685938379,0.999519314121592,0.999498173819493,"soc_net_bl"
"1821","TMEM65","End",0.0103031197001045,7.32483863646741,2.3841594407383,0.123862621642657,0.999519314121592,0.999498173819493,"soc_net_bl"
"1822","MTSS1","End",-0.00207460384564299,8.4528179134697,0.120682900768541,0.728593516015644,0.999519314121592,0.999498173819493,"soc_net_bl"
"1823","NSMCE2","End",-0.00721774738274599,8.51458537253024,2.07877645039106,0.15063801656039,0.999519314121592,0.999498173819493,"soc_net_bl"
"1824","PCAT1","End",0.0124036888949158,7.5473020428035,1.65230430976951,0.199860406948991,0.999519314121592,0.999498173819493,"soc_net_bl"
"1825","FAM49B","End",-0.00197508630864729,7.92194822416444,0.0932960925251892,0.760287528492798,0.999519314121592,0.999498173819493,"soc_net_bl"
"1826","ASAP1","End",-0.0033519239645566,10.4538123409019,0.833924102449591,0.362038847658788,0.999519314121592,0.999498173819493,"soc_net_bl"
"1827","EFR3A","End",-0.00403443001168383,7.66583397053781,0.558855850290684,0.608480197656122,0.999519314121592,0.999498173819493,"soc_net_bl"
"1828","PHF20L1","End",0.0034473104454018,7.77876501166514,0.406345276143497,0.524426140495978,0.999519314121592,0.999498173819493,"soc_net_bl"
"1829","NDRG1","End",-0.00690530212701163,8.74699858629113,0.746247117434995,0.388512707853345,0.999519314121592,0.999498173819493,"soc_net_bl"
"1830","ST3GAL1","End",0.00235645977924885,8.18955494564911,0.240962699618293,0.62395145098762,0.999519314121592,0.999498173819493,"soc_net_bl"
"1831","KHDRBS3","End",0.00592863045863089,6.76993255026355,0.370916900321251,0.543069715278052,0.999519314121592,0.999498173819493,"soc_net_bl"
"1832","TRAPPC9","End",0.0096717952752076,8.37164504432417,3.50024384623595,0.0625529066171843,0.999519314121592,0.999498173819493,"soc_net_bl"
"1833","AGO2","End",-0.0101155942823204,7.52794825061455,3.07643326500852,0.138129672603618,0.999519314121592,0.999498173819493,"soc_net_bl"
"1834","PTK2","End",-0.00503186994369403,9.40206054278811,1.5185880172323,0.219015648667733,0.999519314121592,0.999498173819493,"soc_net_bl"
"1835","DENND3","End",0.00867661698046026,8.37482333883317,2.16990377094455,0.142019748563049,0.999519314121592,0.999498173819493,"soc_net_bl"
"1836","SLC45A4","End",-0.0354901186660619,5.9636311276743,2.1295904790405,0.1457614363265,0.999519314121592,0.999498173819493,"soc_net_bl"
"1837","LY6E","End",0.0168173463907113,8.47173801371348,5.25613784706351,0.0227184269791901,0.999519314121592,0.999498173819493,"soc_net_bl"
"1838","GSDMD","End",-0.000613879339136073,6.86902988924194,0.00481992900757805,0.94470744755999,0.999519314121592,0.999498173819493,"soc_net_bl"
"1839","EEF1D","End",-0.000748579793001301,7.50182815802,0.0110810205892305,0.916250611005543,0.999519314121592,0.999498173819493,"soc_net_bl"
"1840","PLEC","End",-0.00645419804434229,7.45765097795565,0.750965996260742,0.387019203242429,0.999519314121592,0.999498173819493,"soc_net_bl"
"1841","RPL8","End",-0.00711761937919216,7.90930710540814,0.689776470302972,0.407049741018976,0.999519314121592,0.999498173819493,"soc_net_bl"
"1842","WASHC1","End",0.00182293796682125,7.15392616726735,0.065327697999155,0.938527065006814,0.999519314121592,0.999498173819493,"soc_net_bl"
"1843","DOCK8","End",0.00952969549102255,5.83102216930466,0.234282267733817,0.628799368129535,0.999519314121592,0.999498173819493,"soc_net_bl"
"1844","KANK1","End",-0.00565080517174588,8.39855577661697,0.757628274813682,0.384924560057936,0.999519314121592,0.999498173819493,"soc_net_bl"
"1845","SMARCA2","End",0.00291159116151169,9.30401312576239,0.482665576163058,0.487876305283689,0.999519314121592,0.999498173819493,"soc_net_bl"
"1846","PUM3","End",0.00226508530464158,7.21240530433523,0.0948916633173123,0.758310129500725,0.999519314121592,0.999498173819493,"soc_net_bl"
"1847","RFX3","End",-0.00138898930286771,9.44365645492448,0.111167091611351,0.739104734355365,0.999519314121592,0.999498173819493,"soc_net_bl"
"1848","RFX3-AS1","End",-0.00830370073491434,6.51306087222387,0.359864556368669,0.549136377603777,0.999519314121592,0.999498173819493,"soc_net_bl"
"1849","GLIS3","End",0.000505100866103076,9.38346055298767,0.00521703972193184,0.942478586729708,0.999519314121592,0.999498173819493,"soc_net_bl"
"1850","SLC1A1","End",5.44654180492214e-05,9.9175341873859,0.000115190357185461,0.991445469152027,0.999519314121592,0.999498173819493,"soc_net_bl"
"1851","SPATA6L","End",-0.00453128583481455,7.19412184648917,0.203199969709499,0.652549266731864,0.999519314121592,0.999498173819493,"soc_net_bl"
"1852","CDC37L1","End",0.00262809195346788,6.90632374550902,0.099239574390764,0.753012469321288,0.999519314121592,0.999498173819493,"soc_net_bl"
"1853","AK3","End",0.00305975135565831,7.5399850651394,0.242699830204532,0.622704520951224,0.999519314121592,0.999498173819493,"soc_net_bl"
"1854","RCL1","End",0.01120809548594,7.66219376138143,3.25584762846496,0.0723982493561246,0.999519314121592,0.999498173819493,"soc_net_bl"
"1855","JAK2","End",0.00908852372666102,8.38436809776313,2.73344864256555,0.0995487854051273,0.999519314121592,0.999498173819493,"soc_net_bl"
"1856","RIC1","End",-0.00966054611954387,7.6374477396639,2.74632735035875,0.0987591930947956,0.999519314121592,0.999498173819493,"soc_net_bl"
"1857","KIAA2026","End",0.00233989842481848,8.15304193672203,0.256124625467235,0.711423060931633,0.999519314121592,0.999498173819493,"soc_net_bl"
"1858","UHRF2","End",-0.00964062996572304,7.23093032398565,2.10448454040842,0.240801228277156,0.999519314121592,0.999498173819493,"soc_net_bl"
"1859","KDM4C","End",0.0011070063280799,8.68794238336499,0.0710463468766966,0.790043748049388,0.999519314121592,0.999498173819493,"soc_net_bl"
"1860","PTPRD","End",0.00837382543218191,7.42803420320085,0.969299770389889,0.325827009042776,0.999519314121592,0.999498173819493,"soc_net_bl"
"1861","MPDZ","End",-0.00809663733270703,8.73082220661226,2.24776467099551,0.135096155583423,0.999519314121592,0.999498173819493,"soc_net_bl"
"1862","NFIB","End",0.00406027757882437,10.3054109138543,0.917353032472433,0.339115966413406,0.999519314121592,0.999498173819493,"soc_net_bl"
"1863","ZDHHC21","End",0.00656085761751304,7.69356375842631,1.12482082830285,0.289928106668121,0.999519314121592,0.999498173819493,"soc_net_bl"
"1864","PSIP1","End",0.0116204440922698,6.98152951846754,2.42956386210555,0.178293748252053,0.999519314121592,0.999498173819493,"soc_net_bl"
"1865","BNC2","End",-0.00745721503077499,8.17236283193056,0.534330609488623,0.465490970735293,0.999519314121592,0.999498173819493,"soc_net_bl"
"1866","CNTLN","End",-0.00131112874812335,7.94718769143253,0.0469117444626647,0.828707351328721,0.999519314121592,0.999498173819493,"soc_net_bl"
"1867","PLIN2","End",-0.0107863322074241,7.5448140928129,0.889600819386795,0.346515481815383,0.999519314121592,0.999498173819493,"soc_net_bl"
"1868","DENND4C","End",-0.00821124070507481,8.83301077684433,3.59228273310538,0.132766424322825,0.999519314121592,0.999498173819493,"soc_net_bl"
"1869","RPS6","End",-0.00380542488130839,8.22312845478172,0.205791623864065,0.650487994381407,0.999519314121592,0.999498173819493,"soc_net_bl"
"1870","ACER2","End",-0.00727689566222363,9.23321700146785,1.01437375166553,0.314851854954672,0.999519314121592,0.999498173819493,"soc_net_bl"
"1871","MLLT3","End",-0.00145881142493084,8.47144770768606,0.0560411739621362,0.813064114478916,0.999519314121592,0.999498173819493,"soc_net_bl"
"1872","FOCAD","End",0.00332189597104211,7.82177922675281,0.251044871032433,0.616790571463393,0.999519314121592,0.999498173819493,"soc_net_bl"
"1873","TEK","End",-0.000841880024796504,8.69623352420133,0.0177911222559005,0.893999791416561,0.999519314121592,0.999498173819493,"soc_net_bl"
"1874","MOB3B","End",0.00553940802316814,8.3903609836063,0.790432464313687,0.374842256494876,0.999519314121592,0.999498173819493,"soc_net_bl"
"1875","C9orf72","End",0.00460530537309266,6.98267648447626,0.289286449520193,0.591166822924937,0.999519314121592,0.999498173819493,"soc_net_bl"
"1876","DDX58","End",0.00737841957985305,7.36323130808354,0.641656315785852,0.423888494265321,0.999519314121592,0.999498173819493,"soc_net_bl"
"1877","DNAJA1","End",0.0087594327666331,8.00932121029373,1.10155618326487,0.294959963395556,0.999519314121592,0.999498173819493,"soc_net_bl"
"1878","B4GALT1","End",0.00166950591502949,7.80917285854812,0.046353837665234,0.829713165802503,0.999519314121592,0.999498173819493,"soc_net_bl"
"1879","NFX1","End",-0.00491324425408954,7.23976544000265,0.518657560404996,0.472102015806713,0.999519314121592,0.999498173819493,"soc_net_bl"
"1880","UBE2R2","End",0.00536569497625552,7.85381484788835,1.07183404987242,0.301553245880363,0.999519314121592,0.999498173819493,"soc_net_bl"
"1881","UBAP2","End",-0.00849720073761462,7.34435864792298,1.32066284203639,0.251594781404705,0.999519314121592,0.999498173819493,"soc_net_bl"
"1882","UBAP1","End",-6.38849038465356e-05,7.3906803588098,7.12848964085287e-05,0.993270387052263,0.999519314121592,0.999498173819493,"soc_net_bl"
"1883","FAM219A","End",-7.26695980403e-05,7.62904805487774,0.000136811460244205,0.990677169204865,0.999519314121592,0.999498173819493,"soc_net_bl"
"1884","VCP","End",-6.84337114385837e-05,7.68104400015448,0.000189678465393022,0.989022796021254,0.999519314121592,0.999498173819493,"soc_net_bl"
"1885","UNC13B","End",-0.00185762120263752,8.98666244332026,0.149627891984069,0.69922727875884,0.999519314121592,0.999498173819493,"soc_net_bl"
"1886","RUSC2","End",-0.0025417179768716,7.52697508495552,0.123600987389814,0.725463718821353,0.999519314121592,0.999498173819493,"soc_net_bl"
"1887","TLN1","End",0.0112291417665483,7.02925803943697,2.24888870652053,0.134999028123447,0.999519314121592,0.999498173819493,"soc_net_bl"
"1888","SPAAR","End",-0.0069533006795877,7.37207309322787,0.772656558351346,0.380258540490781,0.999519314121592,0.999498173819493,"soc_net_bl"
"1889","RECK","End",-0.00101742813201434,7.0488389071726,0.0141027506510137,0.905566857301171,0.999519314121592,0.999498173819493,"soc_net_bl"
"1890","CLTA","End",0.00352379042541848,7.17879432206628,0.259202302452149,0.61112733824989,0.999519314121592,0.999498173819493,"soc_net_bl"
"1891","RNF38","End",0.00375338093160078,8.15080105493646,0.593915092317876,0.525012313691474,0.999519314121592,0.999498173819493,"soc_net_bl"
"1892","ZCCHC7","End",-0.0061453441724967,8.76148740574826,1.41358449097703,0.235614369424419,0.999519314121592,0.999498173819493,"soc_net_bl"
"1893","DCAF10","End",-0.00301639915146441,7.50197760029776,0.254894967283994,0.614103496712838,0.999519314121592,0.999498173819493,"soc_net_bl"
"1894","BMS1P14","End",-0.0122379939431908,7.09083277373811,0.901116490410208,0.343418785225334,0.999519314121592,0.999498173819493,"soc_net_bl"
"1895","CNTNAP3B","End",0.00120395363842846,9.04280124384627,0.0329576483579994,0.856092082351774,0.999519314121592,0.999498173819493,"soc_net_bl"
"1896","PGM5","End",-0.00432927701845441,7.97113560519642,0.247847535371489,0.61904174405859,0.999519314121592,0.999498173819493,"soc_net_bl"
"1897","PIP5K1B","End",0.0019435671556937,6.70212755595543,0.0316083488188132,0.859037004669026,0.999519314121592,0.999498173819493,"soc_net_bl"
"1898","PTAR1","End",-0.00495742899120634,7.76866840350354,0.762218132402262,0.383490890685101,0.999519314121592,0.999498173819493,"soc_net_bl"
"1899","MAMDC2","End",-0.0053118121910619,6.909588362754,0.208473948668789,0.648371032145473,0.999519314121592,0.999498173819493,"soc_net_bl"
"1900","SMC5","End",-0.00769796364654482,7.85832335247565,1.99728383125714,0.45184999783844,0.999519314121592,0.999498173819493,"soc_net_bl"
"1901","KLF9","End",-0.00132907036342244,7.74819476529912,0.0301227963609379,0.862355338751276,0.999519314121592,0.999498173819493,"soc_net_bl"
"1902","TRPM3","End",0.0126798632614451,7.10449184953742,0.920446901962139,0.338304336521599,0.999519314121592,0.999498173819493,"soc_net_bl"
"1903","CEMIP2","End",0.00392750555800603,9.7151094327653,0.72679279804858,0.394758112820722,0.999519314121592,0.999498173819493,"soc_net_bl"
"1904","ZFAND5","End",0.00919120207581011,7.45290299755925,1.85572699307691,0.174370956396191,0.999519314121592,0.999498173819493,"soc_net_bl"
"1905","ANXA1","End",0.00112274655089558,7.3283692983594,0.0136288057802731,0.907159854782002,0.999519314121592,0.999498173819493,"soc_net_bl"
"1906","TRPM6","End",0.00529868928206664,7.84485518843825,0.528914613382843,0.467758531172222,0.999519314121592,0.999498173819493,"soc_net_bl"
"1907","OSTF1","End",-0.0016497181934428,7.31022449094541,0.0518973003774277,0.819984288950091,0.999519314121592,0.999498173819493,"soc_net_bl"
"1908","PCSK5","End",0.0042490727336376,7.08074687791763,0.0577077970251723,0.810357302328826,0.999519314121592,0.999498173819493,"soc_net_bl"
"1909","GCNT1","End",-0.0111513044336693,6.85794684083153,1.046995386526,0.30721025519431,0.999519314121592,0.999498173819493,"soc_net_bl"
"1910","VPS13A","End",-0.00746147765350485,7.64335985498942,1.47417836682693,0.225857687471941,0.999519314121592,0.999498173819493,"soc_net_bl"
"1911","GNA14","End",0.014641002046049,7.65585670202128,2.78643226967642,0.0963440625830243,0.999519314121592,0.999498173819493,"soc_net_bl"
"1912","GNAQ","End",0.00234467308944307,10.17770733268,0.66979660339031,0.413918532030377,0.999519314121592,0.999498173819493,"soc_net_bl"
"1913","TLE4","End",-0.008919336900087,8.23669618707493,1.75847682926832,0.186050661756182,0.999519314121592,0.999498173819493,"soc_net_bl"
"1914","TLE1","End",0.00149015596416509,8.1691369684234,0.0518397807932196,0.820082355822687,0.999519314121592,0.999498173819493,"soc_net_bl"
"1915","FRMD3","End",-0.00598201195916053,7.49391704400302,0.403091798979733,0.526089818260087,0.999519314121592,0.999498173819493,"soc_net_bl"
"1916","UBQLN1","End",0.00238970499494573,7.33232834063949,0.147500091540484,0.701269305752974,0.999519314121592,0.999498173819493,"soc_net_bl"
"1917","HNRNPK","End",0.00300645830683864,7.94642953817998,0.298562477191958,0.89652922187108,0.999519314121592,0.999498173819493,"soc_net_bl"
"1918","AGTPBP1","End",0.00515714732755418,8.15649216288072,0.854438638851883,0.356210024136621,0.999519314121592,0.999498173819493,"soc_net_bl"
"1919","NAA35","End",0.000398847484319961,7.077046696139,0.00342882022334315,0.953353429272118,0.999519314121592,0.999498173819493,"soc_net_bl"
"1920","GOLM1","End",0.00757933234624048,7.13203886093999,0.913643008593468,0.34009270256883,0.999519314121592,0.999498173819493,"soc_net_bl"
"1921","TUT7","End",0.00281019794556022,7.34855225151339,0.230257472805629,0.687261834852329,0.999519314121592,0.999498173819493,"soc_net_bl"
"1922","SPIN1","End",0.00770123396682088,7.21637712001194,1.49600427104862,0.222463408410966,0.999519314121592,0.999498173819493,"soc_net_bl"
"1923","SECISBP2","End",-0.00590951461666124,7.44187135824164,0.864257984689543,0.410083027914991,0.999519314121592,0.999498173819493,"soc_net_bl"
"1924","AUH","End",-0.00489293509977752,7.69765309946023,0.543229884691553,0.461803087147563,0.999519314121592,0.999498173819493,"soc_net_bl"
"1925","CENPP","End",0.00405346834255743,7.11390259508782,0.132515386121488,0.716152363352774,0.999519314121592,0.999498173819493,"soc_net_bl"
"1926","OMD","End",-0.0235262548198604,6.66088260021105,2.93666593576502,0.0878552779471561,0.999519314121592,0.999498173819493,"soc_net_bl"
"1927","FAM120A","End",0.00113936494874239,7.87557212128555,0.0690846347821098,0.93336505656744,0.999519314121592,0.999498173819493,"soc_net_bl"
"1928","C9orf3","End",0.00277806553642206,8.35058050868869,0.289894311253179,0.590777530466585,0.999519314121592,0.999498173819493,"soc_net_bl"
"1929","FANCC","End",0.00182991650228821,7.6886876532986,0.068271621982667,0.794089828900831,0.999519314121592,0.999498173819493,"soc_net_bl"
"1930","ERCC6L2","End",-0.00666523412618251,7.27645551830769,0.893599565693897,0.345435890181395,0.999519314121592,0.999498173819493,"soc_net_bl"
"1931","HABP4","End",0.0101169610606735,6.96797810267091,1.98797608846199,0.15982200902924,0.999519314121592,0.999498173819493,"soc_net_bl"
"1932","CDC14B","End",-0.00662953290103212,7.58126892499212,0.895477562018827,0.344930441339641,0.999519314121592,0.999498173819493,"soc_net_bl"
"1933","MFSD14C","End",0.00159601213438383,7.39326575905965,0.0767720673715143,0.882319402824534,0.999519314121592,0.999498173819493,"soc_net_bl"
"1934","TBC1D2","End",0.000597341959336076,6.89232263273444,0.00526885898869917,0.942194122186353,0.999519314121592,0.999498173819493,"soc_net_bl"
"1935","SEC61B","End",0.00534781837487923,6.59992975568283,0.286160245884059,0.593177310732226,0.999519314121592,0.999498173819493,"soc_net_bl"
"1936","ERP44","End",-0.01172424695082,7.34177515334538,2.96891566593704,0.0861416044522574,0.999519314121592,0.999498173819493,"soc_net_bl"
"1937","INVS","End",0.000523838958611072,8.12541065071624,0.00718260350000104,0.932529226377659,0.999519314121592,0.999498173819493,"soc_net_bl"
"1938","ABCA1","End",-0.0104646955627157,7.94818762009199,1.4116993612075,0.235926023394205,0.999519314121592,0.999498173819493,"soc_net_bl"
"1939","SLC44A1","End",-0.00179629818045849,7.53744604975229,0.0703961775038544,0.790984124580647,0.999519314121592,0.999498173819493,"soc_net_bl"
"1940","RAD23B","End",-0.00707170221252559,7.44386201379261,1.34095109717504,0.312765668252338,0.999519314121592,0.999498173819493,"soc_net_bl"
"1941","KLF4","End",-0.00971722727818303,7.40290219806099,0.862413656742042,0.35397897120544,0.999519314121592,0.999498173819493,"soc_net_bl"
"1942","CTNNAL1","End",-0.00118132464337731,7.14749067203353,0.0206731731938061,0.885791163826159,0.999519314121592,0.999498173819493,"soc_net_bl"
"1943","TMEM245","End",0.00711688620093478,7.72504548470497,1.62547748213721,0.20353854550719,0.999519314121592,0.999498173819493,"soc_net_bl"
"1944","ECPAS","End",-0.00748576314495036,8.1455666461999,2.46143995542455,0.117963541782634,0.999519314121592,0.999498173819493,"soc_net_bl"
"1945","PTBP3","End",-0.00154286667671696,7.6478100114891,0.0773486848438528,0.78115784868512,0.999519314121592,0.999498173819493,"soc_net_bl"
"1946","SLC31A1","End",0.0046686230689759,7.49554493489104,0.43359355285107,0.51084975954052,0.999519314121592,0.999498173819493,"soc_net_bl"
"1947","RGS3","End",-0.00577356594751734,7.98088961939475,0.996265560175073,0.319201492019439,0.999519314121592,0.999498173819493,"soc_net_bl"
"1948","ATP6V1G1","End",-0.00167821106906954,7.21751241885619,0.0371244711982689,0.847371608821399,0.999519314121592,0.999498173819493,"soc_net_bl"
"1949","CDK5RAP2","End",-0.0159931904779335,7.37677191284025,4.56432719330942,0.0336366125339482,0.999519314121592,0.999498173819493,"soc_net_bl"
"1950","RAB14","End",-0.00481227786845862,7.63079285423367,0.783219425014869,0.377026834210243,0.999519314121592,0.999498173819493,"soc_net_bl"
"1951","GSN","End",0.000206027185148531,8.16144789411588,0.00102260743961862,0.974515467917885,0.999519314121592,0.999498173819493,"soc_net_bl"
"1952","STOM","End",6.19436722053146e-05,9.69810630600628,0.000150937114778928,0.990207725972176,0.999519314121592,0.999498173819493,"soc_net_bl"
"1953","DAB2IP","End",-0.00207076309867005,8.7598381807457,0.20751104178063,0.649129080751709,0.999519314121592,0.999498173819493,"soc_net_bl"
"1954","MRRF","End",0.0050059827373042,6.97787571425976,0.409778778041799,0.522680541332033,0.999519314121592,0.999498173819493,"soc_net_bl"
"1955","RC3H2","End",0.0104894578252655,7.271233862125,3.29568488164326,0.0706857902897346,0.999519314121592,0.999498173819493,"soc_net_bl"
"1956","RABGAP1","End",-0.00666946022013848,8.08793480040011,1.94310530570996,0.164595879319939,0.999519314121592,0.999498173819493,"soc_net_bl"
"1957","STRBP","End",-0.00468202514592516,6.92222405652647,0.245456190073704,0.620737317520111,0.999519314121592,0.999498173819493,"soc_net_bl"
"1958","DENND1A","End",0.000448798656154115,9.6198154541928,0.0118366462117279,0.913453149507954,0.999519314121592,0.999498173819493,"soc_net_bl"
"1959","RPL35","End",-0.00433493186688657,7.15044620455624,0.146002174040039,0.702717003958758,0.999519314121592,0.999498173819493,"soc_net_bl"
"1960","SCAI","End",0.00461026613963026,7.01151178861471,0.331458145867901,0.565330640045403,0.999519314121592,0.999498173819493,"soc_net_bl"
"1961","PPP6C","End",0.00303015404318572,7.1887159263195,0.211413297545683,0.646070045632713,0.999519314121592,0.999498173819493,"soc_net_bl"
"1962","HSPA5","End",-0.00714073330228104,8.06949168324491,0.365574916989691,0.545986294908982,0.999519314121592,0.999498173819493,"soc_net_bl"
"1963","GAPVD1","End",0.00312163308903814,7.3207501652394,0.288084417515683,0.642094536326672,0.999519314121592,0.999498173819493,"soc_net_bl"
"1964","MAPKAP1","End",0.000330529164560188,7.71131961625776,0.00360349723814104,0.952181409391711,0.999519314121592,0.999498173819493,"soc_net_bl"
"1965","PBX3","End",0.000218491309264797,7.71349180754755,0.000995574271778716,0.974854458823538,0.999519314121592,0.999498173819493,"soc_net_bl"
"1966","MVB12B","End",0.00334230215783907,7.17789061374928,0.1741716627352,0.676796425122694,0.999519314121592,0.999498173819493,"soc_net_bl"
"1967","FAM129B","End",-0.0162126091303678,7.04688612882554,3.92227744220433,0.0487699257959719,0.999519314121592,0.999498173819493,"soc_net_bl"
"1968","STXBP1","End",0.00509149186912856,7.90974977890705,0.953274612075595,0.334460770618771,0.999519314121592,0.999498173819493,"soc_net_bl"
"1969","SH2D3C","End",0.000700781897694733,7.96098869031901,0.0162949109359447,0.898529562530688,0.999519314121592,0.999498173819493,"soc_net_bl"
"1970","ENG","End",0.00342167906968408,9.47261219815967,0.426126311189757,0.514508458927213,0.999519314121592,0.999498173819493,"soc_net_bl"
"1971","SPTAN1","End",-0.00485917704425262,8.67429784646268,0.968047396576293,0.326139131119923,0.999519314121592,0.999498173819493,"soc_net_bl"
"1972","PKN3","End",-0.010914824395617,7.40619714596674,2.49818479353275,0.115268884536122,0.999519314121592,0.999498173819493,"soc_net_bl"
"1973","LRRC8A","End",-0.0189902941042152,7.19867766107388,4.94042934474816,0.0271496491353295,0.999519314121592,0.999498173819493,"soc_net_bl"
"1974","FNBP1","End",0.000827995900718372,7.81109720997337,0.0227680581710819,0.880186065861902,0.999519314121592,0.999498173819493,"soc_net_bl"
"1975","ABL1","End",-0.000988888621401827,8.05830132164076,0.0307104873708207,0.861032723166046,0.999519314121592,0.999498173819493,"soc_net_bl"
"1976","AIF1L","End",-0.0129455879117903,7.41330011445363,1.93480288201399,0.16549702604785,0.999519314121592,0.999498173819493,"soc_net_bl"
"1977","NUP214","End",-0.00828711713467095,7.49834652997381,1.7107979529918,0.192108864605464,0.999519314121592,0.999498173819493,"soc_net_bl"
"1978","PRRC2B","End",-0.00201842428025841,8.02882143000706,0.177381546302419,0.81814369043761,0.999519314121592,0.999498173819493,"soc_net_bl"
"1979","RAPGEF1","End",-0.0124207578284059,9.75816544715649,5.54720937777414,0.0193001263031481,0.999519314121592,0.999498173819493,"soc_net_bl"
"1980","MED27","End",0.0023890110864513,7.39863536096825,0.14909896993818,0.699733312878127,0.999519314121592,0.999498173819493,"soc_net_bl"
"1981","SETX","End",0.00208121384748734,8.28807123706357,0.215584322768949,0.64283792314902,0.999519314121592,0.999498173819493,"soc_net_bl"
"1982","RPL7A","End",-0.00533671842454021,7.17280020662633,0.317270620715585,0.573768131298775,0.999519314121592,0.999498173819493,"soc_net_bl"
"1983","NACC2","End",-0.00765827472289085,7.52793191086957,1.27696329556832,0.259570507663195,0.999519314121592,0.999498173819493,"soc_net_bl"
"1984","NOTCH1","End",-0.00440632439810437,7.77030747808797,0.498227104375544,0.480951380028147,0.999519314121592,0.999498173819493,"soc_net_bl"
"1985","EGFL7","End",-0.00185754550138953,10.1557630700067,0.148890584685612,0.699932964066951,0.999519314121592,0.999498173819493,"soc_net_bl"
"1986","EDF1","End",0.0019791344677437,6.96366539582364,0.0511043673485883,0.821341262708873,0.999519314121592,0.999498173819493,"soc_net_bl"
"1987","TUBB4B","End",-0.00806322118252887,7.73889199095233,0.84624762346137,0.358521698771,0.999519314121592,0.999498173819493,"soc_net_bl"
"1988","EHMT1","End",-0.00298946776587474,8.13943104316625,0.398722660059019,0.873805190251543,0.999519314121592,0.999498173819493,"soc_net_bl"
"1989","IFITM2","End",0.00430592067947523,8.38776100816136,0.243238178983196,0.622319215131737,0.999519314121592,0.999498173819493,"soc_net_bl"
"1990","IFITM3","End",-0.000668310945196659,9.56884717288552,0.00650916371016741,0.935762853710104,0.999519314121592,0.999498173819493,"soc_net_bl"
"1991","DEAF1","End",0.000168624368496132,7.22063565159407,0.00057078483192337,0.980958934987482,0.999519314121592,0.999498173819493,"soc_net_bl"
"1992","RPLP2","End",0.00699157493100564,7.30501583996607,0.52943697064643,0.467539058618481,0.999519314121592,0.999498173819493,"soc_net_bl"
"1993","CD151","End",-0.0114985735804494,7.29718709695947,2.15246009419055,0.143625278912634,0.999519314121592,0.999498173819493,"soc_net_bl"
"1994","POLR2L","End",0.00257542018371679,6.71855598596215,0.0551867759157497,0.814468265223532,0.999519314121592,0.999498173819493,"soc_net_bl"
"1995","TSPAN4","End",0.0121734458364044,6.69202439683024,1.89308056820618,0.170112443934807,0.999519314121592,0.999498173819493,"soc_net_bl"
"1996","AP2A2","End",0.0115896092848428,7.45138205851326,4.22683036181986,0.0408503609075344,0.999519314121592,0.999498173819493,"soc_net_bl"
"1997","CD81","End",0.00509090831724925,8.12458441145367,0.772931403202808,0.380173955747094,0.999519314121592,0.999498173819493,"soc_net_bl"
"1998","CDKN1C","End",-0.0447005004330785,6.11541376199454,4.58458443845091,0.0332487331816139,0.999519314121592,0.999498173819493,"soc_net_bl"
"1999","NAP1L4","End",0.00742445523156846,7.79469105295734,2.22124681908601,0.155363325924713,0.999519314121592,0.999498173819493,"soc_net_bl"
"2000","NUP98","End",0.00474650762126352,7.53620957059797,0.645010492815541,0.422681374833762,0.999519314121592,0.999498173819493,"soc_net_bl"
"2001","STIM1","End",-0.000142770426002842,7.11765420024717,0.000358414319335773,0.984910907048548,0.999519314121592,0.999498173819493,"soc_net_bl"
"2002","HBB","End",-0.0313711138571114,7.13729488794135,1.90618514439641,0.168646995429575,0.999519314121592,0.999498173819493,"soc_net_bl"
"2003","AC104389.4","End",0.00672378917844243,6.65404852699346,0.398366065625759,0.528523207796099,0.999519314121592,0.999498173819493,"soc_net_bl"
"2004","TRIM5","End",0.00239430675179467,6.63452948768553,0.02232675824232,0.881344153562228,0.999519314121592,0.999498173819493,"soc_net_bl"
"2005","TRIM22","End",0.0169533573091777,7.68488743545665,4.19354221007298,0.0416455190308229,0.999519314121592,0.999498173819493,"soc_net_bl"
"2006","ILK","End",0.0102811674396445,7.29551914906632,2.26265913221186,0.133815484043079,0.999519314121592,0.999498173819493,"soc_net_bl"
"2007","RPL27A","End",0.00369661380381434,7.2375829817481,0.108095790191584,0.742603660678075,0.999519314121592,0.999498173819493,"soc_net_bl"
"2008","ST5","End",0.00382629901704939,6.79095226444819,0.144920842583633,0.703767382755116,0.999519314121592,0.999498173819493,"soc_net_bl"
"2009","DENND5A","End",6.36996085962632e-05,8.18605034932408,0.000165140011446429,0.989757389468872,0.999519314121592,0.999498173819493,"soc_net_bl"
"2010","IPO7","End",-0.00665887049102671,7.19552698868201,0.898842635287897,0.591542370377096,0.999519314121592,0.999498173819493,"soc_net_bl"
"2011","SWAP70","End",-0.000276012423936757,8.49246508088693,0.00304443952190846,0.956042907028265,0.999519314121592,0.999498173819493,"soc_net_bl"
"2012","SBF2","End",-0.0015841097570849,9.86033548869687,0.190044865627972,0.663263488050116,0.999519314121592,0.999498173819493,"soc_net_bl"
"2013","ADM","End",-0.00934378419221161,7.24803128160865,0.517061647034013,0.472783691921968,0.999519314121592,0.999498173819493,"soc_net_bl"
"2014","MTRNR2L8","End",-0.00715649805141814,6.30073020836344,0.13877862947495,0.709820596457985,0.999519314121592,0.999498173819493,"soc_net_bl"
"2015","EIF4G2","End",0.00283588902896059,7.89103838622921,0.297922570856768,0.69414201104457,0.999519314121592,0.999498173819493,"soc_net_bl"
"2016","GALNT18","End",-0.00992399931414857,11.1398073873012,3.88300589920825,0.0499040978700488,0.999519314121592,0.999498173819493,"soc_net_bl"
"2017","USP47","End",0.00113906687822125,8.23012516306046,0.0674711696003578,0.827969076545448,0.999519314121592,0.999498173819493,"soc_net_bl"
"2018","PARVA","End",-0.000386757215023592,7.0630017738866,0.00255855341696411,0.959699741502415,0.999519314121592,0.999498173819493,"soc_net_bl"
"2019","TEAD1","End",0.00467448492520117,9.2437450730243,1.236114563549,0.26731197338424,0.999519314121592,0.999498173819493,"soc_net_bl"
"2020","BTBD10","End",-0.00188190836117675,7.32352625303812,0.0721607917331585,0.788442526395468,0.999519314121592,0.999498173819493,"soc_net_bl"
"2021","FAR1","End",-0.00817332052356628,8.17424162118894,3.12521625695314,0.113225731749481,0.999519314121592,0.999498173819493,"soc_net_bl"
"2022","PSMA1","End",-0.0194281546180228,6.9262728459425,2.67427024683118,0.103267300361671,0.999519314121592,0.999498173819493,"soc_net_bl"
"2023","PDE3B","End",-0.0134966050813459,7.69373537288755,2.61587225005474,0.107087241174094,0.999519314121592,0.999498173819493,"soc_net_bl"
"2024","C11orf58","End",0.00563655963896761,7.44458021923339,0.961424594072292,0.327796324387122,0.999519314121592,0.999498173819493,"soc_net_bl"
"2025","PLEKHA7","End",0.00244657026752654,8.05136482123537,0.135566580863698,0.713047033054911,0.999519314121592,0.999498173819493,"soc_net_bl"
"2026","RPS13","End",-0.00340941774211144,7.09815539243409,0.0986109443717805,0.753770425095687,0.999519314121592,0.999498173819493,"soc_net_bl"
"2027","PIK3C2A","End",0.00490863962770352,9.18343514593398,1.66137568044343,0.198634466343952,0.999519314121592,0.999498173819493,"soc_net_bl"
"2028","NUCB2","End",-0.00903768675591671,6.97468882666257,1.18461516285742,0.277488889277051,0.999519314121592,0.999498173819493,"soc_net_bl"
"2029","SERGEF","End",0.0112837801647797,7.05935082337823,2.22238441989281,0.137310331132163,0.999519314121592,0.999498173819493,"soc_net_bl"
"2030","LDHA","End",0.00131178253429779,7.66176411393273,0.0258549940469749,0.872387580321216,0.999519314121592,0.999498173819493,"soc_net_bl"
"2031","TSG101","End",0.00576508942785927,6.98409026483791,0.602044852795662,0.574665940892448,0.999519314121592,0.999498173819493,"soc_net_bl"
"2032","NAV2","End",-0.00602084679601473,9.06060183400112,0.977922186446951,0.323688824110535,0.999519314121592,0.999498173819493,"soc_net_bl"
"2033","BDNF-AS","End",-0.00838721735559373,6.81478307876833,0.606164473409358,0.436987583761452,0.999519314121592,0.999498173819493,"soc_net_bl"
"2034","METTL15","End",-0.00463419764396597,7.899457889778,0.587220689062821,0.444234237947129,0.999519314121592,0.999498173819493,"soc_net_bl"
"2035","IMMP1L","End",0.00162687772349575,7.02559016924881,0.0390820950807572,0.84345018166967,0.999519314121592,0.999498173819493,"soc_net_bl"
"2036","ELP4","End",-0.0127634798000447,8.03420926200642,3.88744652916373,0.0497744567324315,0.999519314121592,0.999498173819493,"soc_net_bl"
"2037","HIPK3","End",-0.00395039400418327,9.55031114108842,0.497286760757267,0.48136521442607,0.999519314121592,0.999498173819493,"soc_net_bl"
"2038","KIAA1549L","End",0.000792316065490415,7.04962662517485,0.00425796882837705,0.948025732953934,0.999519314121592,0.999498173819493,"soc_net_bl"
"2039","CD59","End",-0.0106482709428649,7.00137549064812,1.07855909204643,0.300044895353292,0.999519314121592,0.999498173819493,"soc_net_bl"
"2040","LMO2","End",0.00881892810074811,8.24644046019951,1.93347047201294,0.165642173676043,0.999519314121592,0.999498173819493,"soc_net_bl"
"2041","SLC1A2","End",0.00470653836459976,6.65753722769027,0.140213867727296,0.708392674356083,0.999519314121592,0.999498173819493,"soc_net_bl"
"2042","TRIM44","End",0.00198882910985774,8.02344248225806,0.177067371648388,0.861711122565765,0.999519314121592,0.999498173819493,"soc_net_bl"
"2043","LDLRAD3","End",-0.0044830917029286,10.0992472231137,0.678908994035965,0.410764767132022,0.999519314121592,0.999498173819493,"soc_net_bl"
"2044","PRR5L","End",-0.000593032913830339,7.5226403154624,0.00780122730378476,0.929690939466815,0.999519314121592,0.999498173819493,"soc_net_bl"
"2045","TTC17","End",-0.000118062055732894,8.83683537383486,0.000941748960393633,0.97554342477363,0.999519314121592,0.999498173819493,"soc_net_bl"
"2046","HSD17B12","End",0.00109456925960914,8.40926989138019,0.0472545336525599,0.828092462063641,0.999519314121592,0.999498173819493,"soc_net_bl"
"2047","C11orf96","End",0.0235907443491394,6.05904665855684,1.66687788692886,0.197895198805439,0.999519314121592,0.999498173819493,"soc_net_bl"
"2048","PHF21A","End",0.00914916664792593,8.45822440454151,3.19489415250397,0.0751056853077029,0.999519314121592,0.999498173819493,"soc_net_bl"
"2049","AMBRA1","End",-0.000384915750123445,8.41737199588138,0.00663186448994518,0.935161560454438,0.999519314121592,0.999498173819493,"soc_net_bl"
"2050","CELF1","End",0.00271175881220831,8.20953993268093,0.414623887298742,0.901458862624814,0.999519314121592,0.999498173819493,"soc_net_bl"
"2051","FNBP4","End",-0.000487586659699542,7.91840149910033,0.0101748408794248,0.919735899411141,0.999519314121592,0.999498173819493,"soc_net_bl"
"2052","PTPRJ","End",-0.00207251837480179,7.12500679388853,0.0250003087917188,0.874496652209636,0.999519314121592,0.999498173819493,"soc_net_bl"
"2053","CTNND1","End",-0.00444275236639693,7.69936125364957,0.661097266932714,0.416962963399559,0.999519314121592,0.999498173819493,"soc_net_bl"
"2054","STX3","End",0.000726304469532967,7.36021064943672,0.0122215242759493,0.912062989832311,0.999519314121592,0.999498173819493,"soc_net_bl"
"2055","FTH1","End",0.00152827983893954,9.1244825810322,0.0354911572126107,0.850726268933073,0.999519314121592,0.999498173819493,"soc_net_bl"
"2056","ASRGL1","End",-0.0103350185979478,7.89377382015777,1.46722221430105,0.226952577808862,0.999519314121592,0.999498173819493,"soc_net_bl"
"2057","AHNAK","End",-0.00165487129323586,8.18240760540875,0.0767300592361028,0.782012412248853,0.999519314121592,0.999498173819493,"soc_net_bl"
"2058","SLC3A2","End",0.00527442622492635,8.34229476514903,0.718474436845884,0.39747280971764,0.999519314121592,0.999498173819493,"soc_net_bl"
"2059","PLA2G16","End",0.00561652714316638,7.32177892921734,0.595912075156366,0.44088664953983,0.999519314121592,0.999498173819493,"soc_net_bl"
"2060","RTN3","End",0.010792918473611,7.78654117607558,3.21678497522023,0.0741209572270708,0.999519314121592,0.999498173819493,"soc_net_bl"
"2061","STIP1","End",-0.00519058114842343,6.92984039511747,0.173250500986553,0.677603711311452,0.999519314121592,0.999498173819493,"soc_net_bl"
"2062","PRDX5","End",-0.00611350278857133,6.35739171338693,0.203899414578807,0.651991410132199,0.999519314121592,0.999498173819493,"soc_net_bl"
"2063","SF1","End",0.00616535170383978,8.13987880501919,1.66476537010489,0.1981786488072,0.999519314121592,0.999498173819493,"soc_net_bl"
"2064","MAP4K2","End",0.00624713021924304,7.17890307420582,0.659004805940251,0.417700214147457,0.999519314121592,0.999498173819493,"soc_net_bl"
"2065","FAU","End",0.00322837927473394,7.31828902066736,0.117052130782827,0.732547514270694,0.999519314121592,0.999498173819493,"soc_net_bl"
"2066","NEAT1","End",-0.0128465873903684,12.6290359777272,5.98673968081861,0.0151180701436681,0.999519314121592,0.999498173819493,"soc_net_bl"
"2067","MALAT1","End",-0.00423037487567422,15.8182538241329,1.09425805681236,0.296561548984217,0.999519314121592,0.999498173819493,"soc_net_bl"
"2068","MAP3K11","End",-0.00589610647728573,7.01709296110102,0.623072087981966,0.430671876873265,0.999519314121592,0.999498173819493,"soc_net_bl"
"2069","CFL1","End",-0.00480761336513033,7.95655569723366,0.416681407186126,0.519202235693874,0.999519314121592,0.999498173819493,"soc_net_bl"
"2070","CCDC85B","End",0.0179389471062275,7.80800708240373,8.6600862758264,0.00356496362824729,0.888697636424933,0.999498173819493,"soc_net_bl"
"2071","PACS1","End",0.00258162072782412,8.3992356763704,0.243539265252828,0.622103953552045,0.999519314121592,0.999498173819493,"soc_net_bl"
"2072","KDM2A","End",0.000881290182039312,8.27388941241197,0.0389875960530854,0.843637102387592,0.999519314121592,0.999498173819493,"soc_net_bl"
"2073","GSTP1","End",-0.00180782146536468,7.43612397498948,0.0406642100507572,0.840354949673784,0.999519314121592,0.999498173819493,"soc_net_bl"
"2074","CHKA","End",-0.0104316826378265,7.99690689016798,1.56110529328817,0.212696850142808,0.999519314121592,0.999498173819493,"soc_net_bl"
"2075","KMT5B","End",0.0055040882228991,7.59532682202257,0.946476265102955,0.331578250189916,0.999519314121592,0.999498173819493,"soc_net_bl"
"2076","PPP6R3","End",-0.00014495506069016,9.07882460125343,0.00177528834405366,0.966426087995914,0.999519314121592,0.999498173819493,"soc_net_bl"
"2077","CPT1A","End",0.00174869234549192,7.55295146564128,0.0801988203175684,0.77726751039246,0.999519314121592,0.999498173819493,"soc_net_bl"
"2078","PPFIA1","End",0.000203838334161465,7.7283384245635,0.00142679165641873,0.969899542255396,0.999519314121592,0.999498173819493,"soc_net_bl"
"2079","CTTN","End",0.00715497634529964,7.57185603425978,1.86645170893844,0.173135795211656,0.999519314121592,0.999498173819493,"soc_net_bl"
"2080","FCHSD2","End",-0.000521415173920498,9.6451463843299,0.0152912984754946,0.901687553477855,0.999519314121592,0.999498173819493,"soc_net_bl"
"2081","FAM168A","End",-0.00235153047780512,7.38894495688892,0.118205104026,0.731284553862494,0.999519314121592,0.999498173819493,"soc_net_bl"
"2082","RAB6A","End",-0.00292833818741199,8.0459550931051,0.323889959087818,0.940638325889228,0.999519314121592,0.999498173819493,"soc_net_bl"
"2083","PGM2L1","End",0.0112779910248322,6.65349866268629,1.29012967237215,0.257134916529919,0.999519314121592,0.999498173819493,"soc_net_bl"
"2084","RNF169","End",-0.00748039610012978,7.61611138964213,1.35190395208742,0.246077834022012,0.999519314121592,0.999498173819493,"soc_net_bl"
"2085","XRRA1","End",0.0142553512212151,7.02374400326185,2.64248481468556,0.105327471884816,0.999519314121592,0.999498173819493,"soc_net_bl"
"2086","SPCS2","End",-0.00334969630429115,7.07587317038554,0.188378656004461,0.664651791989307,0.999519314121592,0.999498173819493,"soc_net_bl"
"2087","SLCO2B1","End",0.00390465148730359,9.60862035434001,1.0298213839215,0.311202634079847,0.999519314121592,0.999498173819493,"soc_net_bl"
"2088","RPS3","End",0.0101077433715216,7.8523283180556,1.57106426228033,0.21124840441234,0.999519314121592,0.999498173819493,"soc_net_bl"
"2089","SERPINH1","End",-0.00842861070215729,7.52423062010244,0.87896604727099,0.349409130792225,0.999519314121592,0.999498173819493,"soc_net_bl"
"2090","UVRAG","End",-0.00325970103830181,9.2140945009368,0.526238962947903,0.468885332809976,0.999519314121592,0.999498173819493,"soc_net_bl"
"2091","EMSY","End",-0.00141629809396539,7.63983150956972,0.0624229085561478,0.802916172096394,0.999519314121592,0.999498173819493,"soc_net_bl"
"2092","LRRC32","End",-0.00524084723592073,8.57508666620818,0.52345526067772,0.47006229157158,0.999519314121592,0.999498173819493,"soc_net_bl"
"2093","ACER3","End",-0.00142992631506137,8.34355378710833,0.0597021918224658,0.807171944354413,0.999519314121592,0.999498173819493,"soc_net_bl"
"2094","RSF1","End",0.00133439822512259,8.22648126332614,0.0900459055544316,0.860036294175994,0.999519314121592,0.999498173819493,"soc_net_bl"
"2095","GAB2","End",0.00394848012001437,6.97252113637774,0.145074589097381,0.703617763978238,0.999519314121592,0.999498173819493,"soc_net_bl"
"2096","RAB30","End",0.00462063840978726,7.84242053131112,0.600349483367188,0.439192526414941,0.999519314121592,0.999498173819493,"soc_net_bl"
"2097","PCF11","End",-0.00223951726263792,7.33406772987041,0.121184402136333,0.728052632029806,0.999519314121592,0.999498173819493,"soc_net_bl"
"2098","DLG2","End",0.00366096161792257,9.2195204393391,0.492616597193049,0.483429222524264,0.999519314121592,0.999498173819493,"soc_net_bl"
"2099","PICALM","End",-0.00571156360598671,10.544238774155,2.20383360092234,0.138954576392121,0.999519314121592,0.999498173819493,"soc_net_bl"
"2100","ME3","End",0.00164078319474873,7.62111500361322,0.0563950441777023,0.812485862815339,0.999519314121592,0.999498173819493,"soc_net_bl"
"2101","PRSS23","End",-0.0016860140594798,8.27099102700767,0.0381849370894915,0.845234359199541,0.999519314121592,0.999498173819493,"soc_net_bl"
"2102","FZD4","End",-0.00873444464511276,7.27864039535649,1.34095393617545,0.24799442072414,0.999519314121592,0.999498173819493,"soc_net_bl"
"2103","TMEM135","End",-0.00928593747204127,7.7511209996906,2.22008282518481,0.13751313547675,0.999519314121592,0.999498173819493,"soc_net_bl"
"2104","NOX4","End",-0.0123645009292287,6.20129927562988,0.613602357417974,0.434191916758143,0.999519314121592,0.999498173819493,"soc_net_bl"
"2105","CHORDC1","End",0.0123576611353943,7.05874070385841,1.36933689442824,0.243063899542769,0.999519314121592,0.999498173819493,"soc_net_bl"
"2106","SLC36A4","End",-0.00777924243968547,6.84753495080518,0.753925826640094,0.386086617807441,0.999519314121592,0.999498173819493,"soc_net_bl"
"2107","TAF1D","End",-0.00130081117943965,7.5065133269032,0.0436471182869892,0.834685279611342,0.999519314121592,0.999498173819493,"soc_net_bl"
"2108","AMOTL1","End",0.000151804050530902,7.37909530147005,0.000564459248960526,0.981064717862499,0.999519314121592,0.999498173819493,"soc_net_bl"
"2109","SESN3","End",0.0154539047544251,7.44658809784965,2.83858881178762,0.0932994917010498,0.999519314121592,0.999498173819493,"soc_net_bl"
"2110","CEP57","End",0.00666101771920206,7.17886802184206,1.0475053060511,0.336089613122616,0.999519314121592,0.999498173819493,"soc_net_bl"
"2111","MAML2","End",0.000686035378616294,8.6505612598287,0.00888589638893767,0.924975741925577,0.999519314121592,0.999498173819493,"soc_net_bl"
"2112","PGR","End",7.17766096089462e-05,7.31583464313347,4.47203599587679e-05,0.994669770591283,0.999519314121592,0.999498173819493,"soc_net_bl"
"2113","YAP1","End",0.00500605804918268,8.26018124223491,1.07440519391043,0.300975411397348,0.999519314121592,0.999498173819493,"soc_net_bl"
"2114","TMEM123","End",0.00762252023431183,8.91958013372788,1.75080379832556,0.187010356323791,0.999519314121592,0.999498173819493,"soc_net_bl"
"2115","DYNC2H1","End",0.0129413526786371,6.54105606591774,1.53676223437905,0.216287540876878,0.999519314121592,0.999498173819493,"soc_net_bl"
"2116","CASP4","End",0.000704470466161881,7.42615487939455,0.0101302294044268,0.919911454147341,0.999519314121592,0.999498173819493,"soc_net_bl"
"2117","CWF19L2","End",-0.00392076411695314,7.46882610031739,0.348737682951634,0.555373389278583,0.999519314121592,0.999498173819493,"soc_net_bl"
"2118","CUL5","End",0.00541249402503306,7.68181758243778,1.00083177680032,0.318097250864166,0.999519314121592,0.999498173819493,"soc_net_bl"
"2119","ACAT1","End",-0.00549885605956528,7.14596494115852,0.489008111383703,0.485034048675849,0.999519314121592,0.999498173819493,"soc_net_bl"
"2120","ATM","End",-0.000819265474332675,7.26444216854634,0.0134733643824086,0.907688413754147,0.999519314121592,0.999498173819493,"soc_net_bl"
"2121","EXPH5","End",0.0026746512941847,7.51612577728203,0.121236462073688,0.727996555819299,0.999519314121592,0.999498173819493,"soc_net_bl"
"2122","DDX10","End",-0.00241855349402837,7.50460350301695,0.120446030889744,0.728849425285713,0.999519314121592,0.999498173819493,"soc_net_bl"
"2123","RDX","End",-0.00409277656811434,8.11832981812375,0.616584196711751,0.433078808261863,0.999519314121592,0.999498173819493,"soc_net_bl"
"2124","SIK2","End",-0.00397185880905487,8.25276853038852,0.492646141578728,0.483416119310678,0.999519314121592,0.999498173819493,"soc_net_bl"
"2125","PTS","End",-0.00484801420881988,6.89765153504136,0.241396528185566,0.623639522629965,0.999519314121592,0.999498173819493,"soc_net_bl"
"2126","ZBTB16","End",-0.00443250557218348,10.1959817601845,0.666172287703335,0.415182874711417,0.999519314121592,0.999498173819493,"soc_net_bl"
"2127","SIK3","End",-0.00253045125963463,9.5113692739725,0.39350228236381,0.5310488650789,0.999519314121592,0.999498173819493,"soc_net_bl"
"2128","PAFAH1B2","End",0.0128548670461683,7.03567423342825,4.14387696674133,0.0629936948962415,0.999519314121592,0.999498173819493,"soc_net_bl"
"2129","TAGLN","End",-0.00441618192566458,6.51965248728892,0.0532592476529868,0.817678760744327,0.999519314121592,0.999498173819493,"soc_net_bl"
"2130","MPZL2","End",-0.00715412569179495,6.56225092807742,0.262779747784742,0.608679092049875,0.999519314121592,0.999498173819493,"soc_net_bl"
"2131","ATP5MG","End",-0.0134433433286876,6.86379671973753,1.90137816109083,0.169182849975393,0.999519314121592,0.999498173819493,"soc_net_bl"
"2132","KMT2A","End",0.000359153251672662,8.27211149926655,0.00623845007577147,0.937109991718917,0.999519314121592,0.999498173819493,"soc_net_bl"
"2133","PHLDB1","End",-0.00234810624268022,7.42926752221313,0.105189884480702,0.745965262574965,0.999519314121592,0.999498173819493,"soc_net_bl"
"2134","DDX6","End",0.00364992762150316,7.56578968742957,0.449386026143075,0.503258624347446,0.999519314121592,0.999498173819493,"soc_net_bl"
"2135","RPS25","End",0.0067337027757424,7.30304197299236,0.491606179486393,0.483877705905724,0.999519314121592,0.999498173819493,"soc_net_bl"
"2136","CBL","End",-0.00728831686044882,7.30870156129422,1.11279480605478,0.292515315065498,0.999519314121592,0.999498173819493,"soc_net_bl"
"2137","MCAM","End",-0.023298504119709,6.66047266032837,2.66848382988486,0.103639017280168,0.999519314121592,0.999498173819493,"soc_net_bl"
"2138","ARHGEF12","End",0.00553664904254173,9.35324896253495,2.63708965408491,0.10568163539589,0.999519314121592,0.999498173819493,"soc_net_bl"
"2139","HSPA8","End",0.00313138641771618,8.07318521197911,0.144232545963324,0.704438317003184,0.999519314121592,0.999498173819493,"soc_net_bl"
"2140","TBRG1","End",0.00607302584270266,7.23623533477862,0.900746088126404,0.490496913617061,0.999519314121592,0.999498173819493,"soc_net_bl"
"2141","NRGN","End",0.0212944140148055,7.06221688090745,5.25739919038596,0.0227023235631066,0.999519314121592,0.999498173819493,"soc_net_bl"
"2142","ESAM","End",-0.00261172175686955,8.26329981433015,0.263675165827872,0.608069604056699,0.999519314121592,0.999498173819493,"soc_net_bl"
"2143","ROBO4","End",0.00886178803860818,7.9408800910429,2.41208808858337,0.121693618160366,0.999519314121592,0.999498173819493,"soc_net_bl"
"2144","ETS1","End",-0.00040213576246494,8.62562962548557,0.00560496359606358,0.940382233531042,0.999519314121592,0.999498173819493,"soc_net_bl"
"2145","FLI1","End",0.0065610961925214,10.8040508946423,2.45147686279787,0.118706191935738,0.999519314121592,0.999498173819493,"soc_net_bl"
"2146","ARHGAP32","End",0.00568234552512518,7.46425160258885,0.719077678078304,0.397275034206606,0.999519314121592,0.999498173819493,"soc_net_bl"
"2147","APLP2","End",-0.00535614428069265,7.74746709176121,0.882433604946116,0.348462025125139,0.999519314121592,0.999498173819493,"soc_net_bl"
"2148","ZBTB44","End",-0.00124098001939547,7.19208328199839,0.0365648024564707,0.84851233350756,0.999519314121592,0.999498173819493,"soc_net_bl"
"2149","OPCML","End",0.0218165345338024,6.90394953343559,5.65113807647127,0.0182133244197471,0.999519314121592,0.999498173819493,"soc_net_bl"
"2150","ZMYND11","End",0.00359912194347536,8.19966750210049,0.681907893138809,0.647910111127793,0.999519314121592,0.999498173819493,"soc_net_bl"
"2151","DIP2C","End",-0.0076589701471572,7.85698420307692,1.36271947256062,0.244202609794787,0.999519314121592,0.999498173819493,"soc_net_bl"
"2152","LARP4B","End",-0.00301956262512395,8.0253693595346,0.35462191814334,0.726846776793065,0.999519314121592,0.999498173819493,"soc_net_bl"
"2153","WDR37","End",-0.0100147990318457,7.40428960200972,2.60709188381271,0.107674946313666,0.999519314121592,0.999498173819493,"soc_net_bl"
"2154","KLF6","End",-0.000557093171002778,9.19848170517825,0.00749595039473889,0.931076813997904,0.999519314121592,0.999498173819493,"soc_net_bl"
"2155","NET1","End",-0.0023576570981941,8.32123544210202,0.0822318851440357,0.774537886215634,0.999519314121592,0.999498173819493,"soc_net_bl"
"2156","FAM208B","End",0.00361525222624283,8.08066997669232,0.54626655356172,0.460555345139041,0.999519314121592,0.999498173819493,"soc_net_bl"
"2157","GDI2","End",0.000881182911661963,7.35874838957582,0.0207311355055133,0.885632275878554,0.999519314121592,0.999498173819493,"soc_net_bl"
"2158","IL15RA","End",-0.00624454374877972,6.99025807682328,0.460069688575547,0.498232110747836,0.999519314121592,0.999498173819493,"soc_net_bl"
"2159","RBM17","End",-0.00320826262713704,8.19717975227922,0.401494942145796,0.526909829038603,0.999519314121592,0.999498173819493,"soc_net_bl"
"2160","SFMBT2","End",0.0039784193943575,8.57326907110124,0.477440517237322,0.490238685417622,0.999519314121592,0.999498173819493,"soc_net_bl"
"2161","ITIH5","End",0.00033485478022027,9.10796100387235,0.00207531783385082,0.963701556200239,0.999519314121592,0.999498173819493,"soc_net_bl"
"2162","TAF3","End",0.00502897356478516,7.9621896819456,0.878597620814128,0.349509966715116,0.999519314121592,0.999498173819493,"soc_net_bl"
"2163","CELF2","End",-0.000903751748805815,9.05361763692737,0.0271951619667409,0.869151274123247,0.999519314121592,0.999498173819493,"soc_net_bl"
"2164","USP6NL","End",0.00510911632612569,9.1372034039002,1.47152342955027,0.226274817720391,0.999519314121592,0.999498173819493,"soc_net_bl"
"2165","UPF2","End",-0.0047282311716402,7.42949883929429,0.6633296748814,0.416178539209089,0.999519314121592,0.999498173819493,"soc_net_bl"
"2166","CAMK1D","End",-0.00243168546866764,8.77576122713211,0.182248823829151,0.669822960306525,0.999519314121592,0.999498173819493,"soc_net_bl"
"2167","CCDC3","End",0.00146473580607682,7.60525567574257,0.0169520605034993,0.896515064850701,0.999519314121592,0.999498173819493,"soc_net_bl"
"2168","OPTN","End",-0.0017401100946698,7.43528595776738,0.0642990185511623,0.800038685810315,0.999519314121592,0.999498173819493,"soc_net_bl"
"2169","BEND7","End",-0.000694664296573996,7.54135222649447,0.0121430659550057,0.912344559220274,0.999519314121592,0.999498173819493,"soc_net_bl"
"2170","FRMD4A","End",0.00923503709355585,7.52110825050333,0.919568280188273,0.338534563150003,0.999519314121592,0.999498173819493,"soc_net_bl"
"2171","NMT2","End",0.00327235295052679,7.51828582668722,0.175542922385282,0.675599315319853,0.999519314121592,0.999498173819493,"soc_net_bl"
"2172","FAM171A1","End",0.00543589403836631,7.56182026997584,0.590686593830419,0.442894606298605,0.999519314121592,0.999498173819493,"soc_net_bl"
"2173","MINDY3","End",0.00163176345564711,7.39467045369237,0.0609230678821032,0.805249777242331,0.999519314121592,0.999498173819493,"soc_net_bl"
"2174","RSU1","End",0.00321346636127791,7.68067997080033,0.318375386031818,0.573102256317726,0.999519314121592,0.999498173819493,"soc_net_bl"
"2175","VIM","End",0.00417064145829259,9.15655626942997,0.370616680026824,0.543232861649589,0.999519314121592,0.999498173819493,"soc_net_bl"
"2176","ST8SIA6","End",0.00302260319357578,9.90453041660943,0.348034921754848,0.555771806076561,0.999519314121592,0.999498173819493,"soc_net_bl"
"2177","NSUN6","End",-0.00776408329996792,7.80792118759127,1.59045791239048,0.208461341677077,0.999519314121592,0.999498173819493,"soc_net_bl"
"2178","PLXDC2","End",-0.00446398174053078,7.3706658001961,0.0784941037009125,0.779585247003244,0.999519314121592,0.999498173819493,"soc_net_bl"
"2179","NEBL","End",-0.00863959755070848,10.2921619121772,3.8766825739244,0.0500893230698022,0.999519314121592,0.999498173819493,"soc_net_bl"
"2180","MLLT10","End",-0.00401385721896361,8.14542739140621,0.622810387308866,0.43076857047949,0.999519314121592,0.999498173819493,"soc_net_bl"
"2181","DNAJC1","End",-0.0117719032870178,9.10395365867297,8.93222165723331,0.00308710355147938,0.888697636424933,0.999498173819493,"soc_net_bl"
"2182","PIP4K2A","End",-0.000530450687744327,7.99899987587153,0.00931988086284184,0.923171073474824,0.999519314121592,0.999498173819493,"soc_net_bl"
"2183","KIAA1217","End",-0.0224546917037368,7.58855341613548,3.37716012594837,0.0673178398561288,0.999519314121592,0.999498173819493,"soc_net_bl"
"2184","ARHGAP21","End",-0.00094395438184693,7.94086250139815,0.0317460971964433,0.858733424472338,0.999519314121592,0.999498173819493,"soc_net_bl"
"2185","ABI1","End",-0.00272831218178746,7.90270641266891,0.317650441084304,0.714916953911219,0.999519314121592,0.999498173819493,"soc_net_bl"
"2186","YME1L1","End",-0.000778249190928679,7.21579426913046,0.014087859027624,0.905616493459519,0.999519314121592,0.999498173819493,"soc_net_bl"
"2187","RAB18","End",-0.0042554495362268,7.18231568573345,0.444324041774084,0.665070808177399,0.999519314121592,0.999498173819493,"soc_net_bl"
"2188","WAC","End",-0.00273895671055206,8.95604420645954,0.479601344131584,0.489259411357231,0.999519314121592,0.999498173819493,"soc_net_bl"
"2189","SVIL","End",-0.00172084043974532,9.27659775776073,0.0868895459794523,0.768419178530134,0.999519314121592,0.999498173819493,"soc_net_bl"
"2190","JCAD","End",-0.00573358176077518,8.67751147606005,0.928794610063969,0.336127455152074,0.999519314121592,0.999498173819493,"soc_net_bl"
"2191","MAP3K8","End",0.00210696284452047,8.12518508985173,0.0860260800799474,0.769539811946453,0.999519314121592,0.999498173819493,"soc_net_bl"
"2192","ZNF438","End",-0.00358978015198389,7.31932987823929,0.214560358828058,0.643627849641184,0.999519314121592,0.999498173819493,"soc_net_bl"
"2193","ZEB1","End",-0.00571675656133663,9.76230093861319,1.78745868556496,0.182477280365521,0.999519314121592,0.999498173819493,"soc_net_bl"
"2194","ARHGAP12","End",-0.00834344771524314,7.58853044095914,1.51101212979427,0.220165025942625,0.999519314121592,0.999498173819493,"soc_net_bl"
"2195","KIF5B","End",0.00187135789662981,8.28688645360462,0.193598794068742,0.684883191912523,0.999519314121592,0.999498173819493,"soc_net_bl"
"2196","EPC1","End",-0.00721789376715515,8.69662251520654,2.51632965013087,0.113963505791503,0.999519314121592,0.999498173819493,"soc_net_bl"
"2197","CCDC7","End",0.0118887857629238,6.96147017217957,1.67545430823583,0.196749341684627,0.999519314121592,0.999498173819493,"soc_net_bl"
"2198","ITGB1","End",0.00560486716925922,8.51940689006587,1.55002452043415,0.214322402693648,0.999519314121592,0.999498173819493,"soc_net_bl"
"2199","NRP1","End",0.0104895102122453,8.53074005212976,3.09633981617208,0.0797177012598381,0.999519314121592,0.999498173819493,"soc_net_bl"
"2200","PARD3","End",0.00266904328938823,9.36044838287714,0.420084243452646,0.517502513747098,0.999519314121592,0.999498173819493,"soc_net_bl"
"2201","CREM","End",-0.00230159460743443,8.78420603129937,0.091880928940704,0.762056880824628,0.999519314121592,0.999498173819493,"soc_net_bl"
"2202","CCNY","End",-0.00672179400847727,10.9261576047122,2.38180293367936,0.12404759791313,0.999519314121592,0.999498173819493,"soc_net_bl"
"2203","ZNF248","End",0.00271967317558941,6.8030714076998,0.103170889144962,0.748331205391177,0.999519314121592,0.999498173819493,"soc_net_bl"
"2204","ZNF33A","End",-0.00412589073559953,7.70804621931995,0.606598174195956,0.436823813382735,0.999519314121592,0.999498173819493,"soc_net_bl"
"2205","HNRNPF","End",-0.00670830937328817,7.36773339745329,0.934152184632414,0.334740243882875,0.999519314121592,0.999498173819493,"soc_net_bl"
"2206","CXCL12","End",0.0271212289528785,6.39148589622745,3.59580496133101,0.0591031391554511,0.999519314121592,0.999498173819493,"soc_net_bl"
"2207","DEPP1","End",-0.00798465955885189,9.09698775894438,0.646130438579917,0.42227947253857,0.999519314121592,0.999498173819493,"soc_net_bl"
"2208","MAPK8","End",0.00201587498580167,8.19535052695297,0.159324142430171,0.971340663892138,0.999519314121592,0.999498173819493,"soc_net_bl"
"2209","PARG","End",0.000682004752994198,7.1775367836484,0.00991404032668757,0.961299705949065,0.999519314121592,0.999498173819493,"soc_net_bl"
"2210","SGMS1","End",0.00126606267488555,9.68798786372629,0.104311132343254,0.746991910506784,0.999519314121592,0.999498173819493,"soc_net_bl"
"2211","PRKG1","End",0.0230542594584899,7.14415187056471,2.27653570478966,0.132634602638521,0.999519314121592,0.999498173819493,"soc_net_bl"
"2212","IPMK","End",0.00178590796235556,6.72540907638181,0.0329722749873003,0.856060503417451,0.999519314121592,0.999498173819493,"soc_net_bl"
"2213","RHOBTB1","End",0.00859570912434269,8.07999111548455,1.27661635378911,0.259635073514911,0.999519314121592,0.999498173819493,"soc_net_bl"
"2214","ARID5B","End",-0.00428368487112794,7.42649057170388,0.140588816259871,0.70802101154643,0.999519314121592,0.999498173819493,"soc_net_bl"
"2215","JMJD1C","End",-0.00525706324846665,10.7366209288811,1.86075337541162,0.173790804937027,0.999519314121592,0.999498173819493,"soc_net_bl"
"2216","REEP3","End",-0.00796703758870876,8.5931917025076,2.13529974080714,0.145224806046774,0.999519314121592,0.999498173819493,"soc_net_bl"
"2217","LINC01515","End",0.00405481662872828,6.89665697658569,0.105169927695369,0.745988525418521,0.999519314121592,0.999498173819493,"soc_net_bl"
"2218","HERC4","End",-0.00448388626897274,9.2523101738366,1.10920492386802,0.293293355093018,0.999519314121592,0.999498173819493,"soc_net_bl"
"2219","HNRNPH3","End",-0.00531510504554516,7.43579499947133,0.76023770484592,0.384108554243005,0.999519314121592,0.999498173819493,"soc_net_bl"
"2220","CCAR1","End",-0.00585582411224644,7.43051616386861,0.970048994651864,0.325640473870203,0.999519314121592,0.999498173819493,"soc_net_bl"
"2221","DDX21","End",0.002704017445937,7.09654490186649,0.0916615142201633,0.762332540708267,0.999519314121592,0.999498173819493,"soc_net_bl"
"2222","SRGN","End",-0.000143296285022193,9.64313100675105,0.000518247412299113,0.981856234958302,0.999519314121592,0.999498173819493,"soc_net_bl"
"2223","HK1","End",-0.0070662540562794,7.61077948740717,1.2327369483531,0.267964913858352,0.999519314121592,0.999498173819493,"soc_net_bl"
"2224","PPA1","End",-0.00567412308399171,8.04561740274885,0.880734961285824,0.348925543136185,0.999519314121592,0.999498173819493,"soc_net_bl"
"2225","PALD1","End",0.000302305080350245,8.34544765842967,0.00248468799500224,0.960285245253064,0.999519314121592,0.999498173819493,"soc_net_bl"
"2226","CDH23","End",0.0123922880910395,6.58510616886264,0.758118846992252,0.384770962657812,0.999519314121592,0.999498173819493,"soc_net_bl"
"2227","VSIR","End",-0.00528153202923253,8.13848670375517,0.670385482534941,0.413713641190437,0.999519314121592,0.999498173819493,"soc_net_bl"
"2228","PSAP","End",0.0029946756508525,8.02487929669527,0.302823102643879,0.582619787505752,0.999519314121592,0.999498173819493,"soc_net_bl"
"2229","SPOCK2","End",0.000923854573909474,9.05865651038584,0.019983322475142,0.887699941873879,0.999519314121592,0.999498173819493,"soc_net_bl"
"2230","ASCC1","End",0.00497489737886383,7.26503532223351,0.420009569171735,0.517539708570382,0.999519314121592,0.999498173819493,"soc_net_bl"
"2231","ANAPC16","End",-0.00241147148597304,7.71054610571352,0.171038445316803,0.679552650664996,0.999519314121592,0.999498173819493,"soc_net_bl"
"2232","DDIT4","End",-0.0160347976345757,7.55278452422907,1.90609664319178,0.16865684333418,0.999519314121592,0.999498173819493,"soc_net_bl"
"2233","MICU1","End",6.15610670110161e-05,7.62983933816445,5.10741972590807e-05,0.994303690620584,0.999519314121592,0.999498173819493,"soc_net_bl"
"2234","MCU","End",0.0052497640612061,7.69038856557419,0.605624069098032,0.437191778417338,0.999519314121592,0.999498173819493,"soc_net_bl"
"2235","P4HA1","End",-0.000444631979708219,8.29173582751488,0.00255984062685122,0.959689613914313,0.999519314121592,0.999498173819493,"soc_net_bl"
"2236","PPP3CB","End",-0.000483326250893445,7.17297414569197,0.00464393581366553,0.970346535751663,0.999519314121592,0.999498173819493,"soc_net_bl"
"2237","USP54","End",0.00602835190991859,9.0637381174246,1.19612881856453,0.275171877007996,0.999519314121592,0.999498173819493,"soc_net_bl"
"2238","FUT11","End",-0.0119284334736624,6.98209402637128,1.78671845214673,0.182567547768401,0.999519314121592,0.999498173819493,"soc_net_bl"
"2239","VCL","End",-1.40974207765591e-05,8.01621515282465,4.70584584887816e-07,0.999453216601287,0.999519314121592,0.999747932445956,"soc_net_bl"
"2240","ADK","End",0.00111364317605273,8.35138146908889,0.0424907084249366,0.836858564880556,0.999519314121592,0.999498173819493,"soc_net_bl"
"2241","KAT6B","End",0.0066819188318025,7.53910596873018,0.951001333672747,0.330427287790684,0.999519314121592,0.999498173819493,"soc_net_bl"
"2242","LRMDA","End",0.00177972268950617,10.3877612598067,0.109878322569224,0.740566324243526,0.999519314121592,0.999498173819493,"soc_net_bl"
"2243","RPS24","End",-0.00130151996427428,7.51633519172981,0.0270325506245811,0.869539523504385,0.999519314121592,0.999498173819493,"soc_net_bl"
"2244","ZMIZ1","End",-0.00645094954388469,7.96753949814462,1.15027634621829,0.284547537318987,0.999519314121592,0.999498173819493,"soc_net_bl"
"2245","NUTM2B-AS1","End",-0.0112586221657656,8.00134234539993,4.2650691616547,0.0399567085917574,0.999519314121592,0.999498173819493,"soc_net_bl"
"2246","ANXA11","End",-0.00886071745465539,7.17461281899049,1.56714514412913,0.211816998436215,0.999519314121592,0.999498173819493,"soc_net_bl"
"2247","FAM213A","End",0.0041340913485353,7.4301543712414,0.340629762916615,0.560003326383484,0.999519314121592,0.999498173819493,"soc_net_bl"
"2248","TSPAN14","End",-0.00655020371888761,8.75048163743321,2.24606607895425,0.14945237188022,0.999519314121592,0.999498173819493,"soc_net_bl"
"2249","NRG3","End",0.00573791687748282,8.18148898160583,0.348786808301628,0.555345558881328,0.999519314121592,0.999498173819493,"soc_net_bl"
"2250","CCSER2","End",0.000828521556925573,9.02408990460671,0.0422068079913252,0.984899164887338,0.999519314121592,0.999498173819493,"soc_net_bl"
"2251","WAPL","End",0.00416880814043006,7.48469599182877,0.662952930724582,0.416310765531282,0.999519314121592,0.999498173819493,"soc_net_bl"
"2252","MMRN2","End",-0.00381165149050709,7.46830479637616,0.284550442475274,0.594218107279759,0.999519314121592,0.999498173819493,"soc_net_bl"
"2253","ADIRF","End",0.00411982638474147,7.76627914857594,0.150408848428805,0.698481993776436,0.999519314121592,0.999498173819493,"soc_net_bl"
"2254","GLUD1","End",-0.00369327200022682,7.70585491859166,0.400217202845307,0.527567616822069,0.999519314121592,0.999498173819493,"soc_net_bl"
"2255","SHLD2","End",0.00979830645317864,7.178543186921,1.80947427915947,0.179816197260665,0.999519314121592,0.999498173819493,"soc_net_bl"
"2256","NUTM2A-AS1","End",-0.00909029561667662,8.0992661356608,2.6398552695015,0.105499923733908,0.999519314121592,0.999498173819493,"soc_net_bl"
"2257","PAPSS2","End",0.000611987084016147,9.18707426625047,0.00984232061716892,0.92105394760118,0.999519314121592,0.999498173819493,"soc_net_bl"
"2258","PTEN","End",0.00343801768985664,8.72469325727848,0.592241703185068,0.442295561333138,0.999519314121592,0.999498173819493,"soc_net_bl"
"2259","RNLS","End",-0.0044032600226786,6.75298861201742,0.159135540991498,0.690301440034401,0.999519314121592,0.999498173819493,"soc_net_bl"
"2260","IFIT3","End",0.0177705868612426,6.7972691531176,1.53392192254202,0.216711201652321,0.999519314121592,0.999498173819493,"soc_net_bl"
"2261","IFIT1","End",0.0347342776251913,6.53293256717863,6.57137842689618,0.0109617060524429,0.999519314121592,0.999498173819493,"soc_net_bl"
"2262","PCGF5","End",0.00822540668053932,7.92145016054404,2.89914143345998,0.0898961590424011,0.999519314121592,0.999498173819493,"soc_net_bl"
"2263","HECTD2","End",-0.00278612780454108,7.1000547955565,0.138625519182803,0.70997342208394,0.999519314121592,0.999498173819493,"soc_net_bl"
"2264","TNKS2","End",-0.00905355958019763,7.53907374756814,2.39418080413078,0.123079416571625,0.999519314121592,0.999498173819493,"soc_net_bl"
"2265","BTAF1","End",0.00176856168844807,7.59600284847422,0.0897643421391176,0.76473120839583,0.999519314121592,0.999498173819493,"soc_net_bl"
"2266","CPEB3","End",0.00855593603021513,7.52649676865629,1.39232132866358,0.239158928700306,0.999519314121592,0.999498173819493,"soc_net_bl"
"2267","EXOC6","End",0.00245123598952321,9.17222041938183,0.324558929516844,0.569403148404657,0.999519314121592,0.999498173819493,"soc_net_bl"
"2268","MYOF","End",-0.00722650637454751,8.97703947565465,1.46611519656502,0.227127411514939,0.999519314121592,0.999498173819493,"soc_net_bl"
"2269","TBC1D12","End",-0.00529948535432015,8.33278371888081,0.97697490883082,0.323922817653531,0.999519314121592,0.999498173819493,"soc_net_bl"
"2270","PDLIM1","End",0.00413149018709518,7.56666068099114,0.106900122091695,0.743980698133812,0.999519314121592,0.999498173819493,"soc_net_bl"
"2271","SORBS1","End",-0.00118700519035464,10.6795379539788,0.0640564495902184,0.800408189376514,0.999519314121592,0.999498173819493,"soc_net_bl"
"2272","ENTPD1","End",-0.0182382541274004,7.83753044909267,5.18161580032071,0.0236913213539233,0.999519314121592,0.999498173819493,"soc_net_bl"
"2273","ENTPD1-AS1","End",-0.0077470213429591,7.12736534636951,0.85891867953245,0.354954338619781,0.999519314121592,0.999498173819493,"soc_net_bl"
"2274","AL365273.2","End",-0.0102070760326612,7.00895623019062,1.39080639558332,0.239413939680852,0.999519314121592,0.999498173819493,"soc_net_bl"
"2275","ZNF518A","End",0.0209766942300928,7.33174689622275,12.1316810186118,0.000587061631130212,0.888697636424933,0.999498173819493,"soc_net_bl"
"2276","TM9SF3","End",-0.000443027576918154,7.89682870302888,0.00774152837540626,0.92995977733202,0.999519314121592,0.999498173819493,"soc_net_bl"
"2277","LCOR","End",0.00502955854693548,8.09381784402917,1.06270424930261,0.303616712255899,0.999519314121592,0.999498173819493,"soc_net_bl"
"2278","R3HCC1L","End",-0.00590747673745538,7.02841943589489,0.51594868810893,0.473260025479652,0.999519314121592,0.999498173819493,"soc_net_bl"
"2279","SLF2","End",-0.00504791110344844,7.07176068691915,0.528694632817457,0.467851007375876,0.999519314121592,0.999498173819493,"soc_net_bl"
"2280","BTRC","End",-0.00208755817366223,7.94422319405604,0.180283221339987,0.67150291749494,0.999519314121592,0.999498173819493,"soc_net_bl"
"2281","FBXW4","End",0.00382835713220177,7.21217249836573,0.293677097314755,0.588366694524992,0.999519314121592,0.999498173819493,"soc_net_bl"
"2282","OGA","End",0.00175785823690822,8.30956174692396,0.142607152245045,0.706030016512443,0.999519314121592,0.999498173819493,"soc_net_bl"
"2283","ARMH3","End",-0.0038939300033861,7.53835046483625,0.445437112102176,0.604079178038513,0.999519314121592,0.999498173819493,"soc_net_bl"
"2284","GBF1","End",-0.000144476631773105,7.77110217228778,0.000642091990747584,0.979804785591017,0.999519314121592,0.999498173819493,"soc_net_bl"
"2285","CNNM2","End",-0.00718515058294303,6.87646049838152,0.521704098243032,0.470805136278072,0.999519314121592,0.999498173819493,"soc_net_bl"
"2286","NT5C2","End",0.000460032832621971,8.07421109124724,0.00746761576814721,0.931206875984286,0.999519314121592,0.999498173819493,"soc_net_bl"
"2287","SLK","End",0.00302791032867978,7.75979372961419,0.33490753640793,0.56331564729402,0.999519314121592,0.999498173819493,"soc_net_bl"
"2288","ITPRIP","End",0.0119912755402449,7.05745937243832,1.85338250785374,0.174642326313555,0.999519314121592,0.999498173819493,"soc_net_bl"
"2289","MXI1","End",-0.000716639327523096,8.03963240382321,0.0103781753252,0.91894062053395,0.999519314121592,0.999498173819493,"soc_net_bl"
"2290","DUSP5","End",-0.0108037945887003,7.55314635723985,0.806671978816257,0.369988597396991,0.999519314121592,0.999498173819493,"soc_net_bl"
"2291","SMC3","End",0.00364975800440745,6.91403655274963,0.191417150408148,0.662125517070241,0.999519314121592,0.999498173819493,"soc_net_bl"
"2292","RBM20","End",0.00261180781607112,7.45265960640931,0.0491127449083566,0.824799187066377,0.999519314121592,0.999498173819493,"soc_net_bl"
"2293","PDCD4","End",0.00480809699047679,7.98151207395021,0.589460466310937,0.443367809521481,0.999519314121592,0.999498173819493,"soc_net_bl"
"2294","SHOC2","End",-0.00248368588666771,7.81078996338042,0.221772500323303,0.638112063343036,0.999519314121592,0.999498173819493,"soc_net_bl"
"2295","ACSL5","End",-0.0030895247588223,8.58651888609272,0.236655738514531,0.627067281955336,0.999519314121592,0.999498173819493,"soc_net_bl"
"2296","VTI1A","End",-0.00261045030011889,9.62313299478146,0.454513225094147,0.500835618998573,0.999519314121592,0.999498173819493,"soc_net_bl"
"2297","TCF7L2","End",-0.000671322796745873,9.0030168535507,0.0199221242502927,0.887870885995969,0.999519314121592,0.999498173819493,"soc_net_bl"
"2298","NHLRC2","End",0.00237209732658909,7.69127585983333,0.193529010472809,0.660383713161102,0.999519314121592,0.999498173819493,"soc_net_bl"
"2299","CCDC186","End",0.002450450553483,7.57462640158698,0.190557617904532,0.662837715831194,0.999519314121592,0.999498173819493,"soc_net_bl"
"2300","AFAP1L2","End",0.00170352239338673,7.84390668278892,0.0929987361385699,0.76065808381331,0.999519314121592,0.999498173819493,"soc_net_bl"
"2301","ABLIM1","End",0.0012247898991612,9.82653604859869,0.0664717996967384,0.796761482570274,0.999519314121592,0.999498173819493,"soc_net_bl"
"2302","ATRNL1","End",0.00763817856118331,6.73723506745775,0.491783337531556,0.483799022928636,0.999519314121592,0.999498173819493,"soc_net_bl"
"2303","PDZD8","End",-0.00424229149864636,7.1941711274742,0.41285349801436,0.521126081766331,0.999519314121592,0.999498173819493,"soc_net_bl"
"2304","CACUL1","End",0.00190775268935026,7.19251616178965,0.0827536671845866,0.965765388371987,0.999519314121592,0.999498173819493,"soc_net_bl"
"2305","EIF3A","End",-0.00294795771137743,7.51667624158618,0.272277425659805,0.602279963131623,0.999519314121592,0.999498173819493,"soc_net_bl"
"2306","GRK5","End",0.00627048342002293,8.26628407679056,0.765772072346266,0.382386013395368,0.999519314121592,0.999498173819493,"soc_net_bl"
"2307","BAG3","End",0.0146880695384987,7.11446322971094,1.34287883746371,0.24765617873773,0.999519314121592,0.999498173819493,"soc_net_bl"
"2308","INPP5F","End",0.000552446447298382,7.3058030192162,0.00692594837820868,0.933742811445017,0.999519314121592,0.999498173819493,"soc_net_bl"
"2309","WDR11","End",0.00177455910851482,7.06340756115084,0.0619459525464565,0.80365500838362,0.999519314121592,0.999498173819493,"soc_net_bl"
"2310","ATE1","End",0.000329730990134255,7.95813175710966,0.0045854038789357,0.94606730174053,0.999519314121592,0.999498173819493,"soc_net_bl"
"2311","PLEKHA1","End",-0.00375827698642045,7.87903870283039,0.442239771074861,0.506669448665281,0.999519314121592,0.999498173819493,"soc_net_bl"
"2312","CHST15","End",-0.00678588557347828,8.15214320810238,0.575318043845078,0.448883064888173,0.999519314121592,0.999498173819493,"soc_net_bl"
"2313","CTBP2","End",-0.0015513544335658,8.93986155793324,0.106275937823849,0.744702953566992,0.999519314121592,0.999498173819493,"soc_net_bl"
"2314","DOCK1","End",-0.00563037112524038,9.97361390162461,2.68223638811383,0.102757958220254,0.999519314121592,0.999498173819493,"soc_net_bl"
"2315","PTPRE","End",0.00747145065800928,6.85258639929848,0.316496226996628,0.574235793083398,0.999519314121592,0.999498173819493,"soc_net_bl"
"2316","MGMT","End",0.00651118771823056,7.51402403608896,0.628934075428936,0.428514584243035,0.999519314121592,0.999498173819493,"soc_net_bl"
"2317","PPP2R2D","End",0.012111664115696,7.5320093152813,4.80602523360525,0.029302437853627,0.999519314121592,0.999498173819493,"soc_net_bl"
"2318","BNIP3","End",-0.0031122195979896,6.78074861120154,0.0836131873641452,0.772704111351341,0.999519314121592,0.999498173819493,"soc_net_bl"
"2319","INPP5A","End",0.00202710252698842,7.56342349189784,0.10566204989303,0.745415588008924,0.999519314121592,0.999498173819493,"soc_net_bl"
"2320","SLC6A12","End",0.0236220965754302,6.20113483408096,1.57279909661673,0.210997291856322,0.999519314121592,0.999498173819493,"soc_net_bl"
"2321","KDM5A","End",-0.00263477182023982,7.68625543065534,0.243532661901159,0.622108672841071,0.999519314121592,0.999498173819493,"soc_net_bl"
"2322","WNK1","End",-0.00508544921448104,8.56232001101244,1.64203823692721,0.216677279185118,0.999519314121592,0.999498173819493,"soc_net_bl"
"2323","ERC1","End",-0.00593937046885395,9.32404689828938,2.52029945027986,0.156706579329304,0.999519314121592,0.999498173819493,"soc_net_bl"
"2324","ADIPOR2","End",9.35974214643159e-05,10.303938693589,0.00049604300753414,0.982249110449413,0.999519314121592,0.999498173819493,"soc_net_bl"
"2325","CACNA1C","End",0.000320815349217266,8.35057017634946,0.00117904540788304,0.972636220154601,0.999519314121592,0.999498173819493,"soc_net_bl"
"2326","FKBP4","End",-0.00128303812163216,6.67458138276229,0.00996079416162018,0.92058179840188,0.999519314121592,0.999498173819493,"soc_net_bl"
"2327","TEAD4","End",-0.012615870273121,7.30835055437469,2.3129410142889,0.129591769567695,0.999519314121592,0.999498173819493,"soc_net_bl"
"2328","TSPAN9","End",-0.00427900110745697,8.50938621950433,0.700893609692905,0.403300216943522,0.999519314121592,0.999498173819493,"soc_net_bl"
"2329","PARP11","End",-3.91614195973872e-06,7.00423588710329,1.15031113545987e-05,0.997296643433267,0.999519314121592,0.999498173819493,"soc_net_bl"
"2330","ANO2","End",-0.00606224764820882,11.2619762134137,1.43618120847095,0.231917291709117,0.999519314121592,0.999498173819493,"soc_net_bl"
"2331","VWF","End",-0.000375193951079991,11.3522849819398,0.00774860850315246,0.929927839434628,0.999519314121592,0.999498173819493,"soc_net_bl"
"2332","CD9","End",-0.00812980255590179,7.58824926621042,0.735374457577851,0.39198547206353,0.999519314121592,0.999498173819493,"soc_net_bl"
"2333","TNFRSF1A","End",0.000527393743887735,7.43254755099426,0.00557590536095312,0.940536685851692,0.999519314121592,0.999498173819493,"soc_net_bl"
"2334","GAPDH","End",0.00321562846620004,9.1590995179391,0.24260593419187,0.622771778413617,0.999519314121592,0.999498173819493,"soc_net_bl"
"2335","PTMS","End",0.00547730468178892,7.28200499775898,0.424107897077162,0.515505270724552,0.999519314121592,0.999498173819493,"soc_net_bl"
"2336","TPI1","End",-0.000594178114088036,7.71709689013234,0.00541321453481953,0.941409008344373,0.999519314121592,0.999498173819493,"soc_net_bl"
"2337","ENO2","End",-0.00581588871631301,7.02625018606572,0.558674810698302,0.45551209047661,0.999519314121592,0.999498173819493,"soc_net_bl"
"2338","ATN1","End",0.000637405628548824,7.17166410233978,0.00802525052588045,0.928691243324256,0.999519314121592,0.999498173819493,"soc_net_bl"
"2339","SLC2A3","End",-0.00901082733369223,9.80950276492364,1.42187887238153,0.234249056419981,0.999519314121592,0.999498173819493,"soc_net_bl"
"2340","RIMKLB","End",-0.00993079770431289,9.68967589275943,1.09012716847404,0.297473045366584,0.999519314121592,0.999498173819493,"soc_net_bl"
"2341","A2ML1-AS1","End",-0.00280414324663028,6.3882213784419,0.0362983570454871,0.849058586403452,0.999519314121592,0.999498173819493,"soc_net_bl"
"2342","A2M","End",0.00709038085806614,9.88337980866368,1.70434990577101,0.192945793162047,0.999519314121592,0.999498173819493,"soc_net_bl"
"2343","CLEC2B","End",-0.00405304057166347,7.47381072150868,0.19752112318209,0.657121890168873,0.999519314121592,0.999498173819493,"soc_net_bl"
"2344","CLEC1A","End",0.00272071293787093,7.39330283636026,0.108489218936072,0.742152400171949,0.999519314121592,0.999498173819493,"soc_net_bl"
"2345","GABARAPL1","End",-0.0041917894212978,7.38558355420768,0.213000667328205,0.644835471154662,0.999519314121592,0.999498173819493,"soc_net_bl"
"2346","YBX3","End",-0.00143237862444865,8.97197023026177,0.0394201494370438,0.842783419986059,0.999519314121592,0.999498173819493,"soc_net_bl"
"2347","ETV6","End",0.00174825303789481,9.55061194322154,0.111610992957013,0.738603488429402,0.999519314121592,0.999498173819493,"soc_net_bl"
"2348","LRP6","End",-0.0109565405987205,7.52769613829685,3.22160690015976,0.0739059299644527,0.999519314121592,0.999498173819493,"soc_net_bl"
"2349","DUSP16","End",0.000721899960562859,7.73773285110606,0.0122694759637559,0.911891352213063,0.999519314121592,0.999498173819493,"soc_net_bl"
"2350","CDKN1B","End",-0.00286287352388715,6.9161943363013,0.145194460754372,0.703501173595904,0.999519314121592,0.999498173819493,"soc_net_bl"
"2351","APOLD1","End",0.00152262375064119,9.7287592795714,0.0531866181602787,0.817800920169183,0.999519314121592,0.999498173819493,"soc_net_bl"
"2352","EMP1","End",-0.0378446422291133,8.1365700694847,9.59438633802143,0.00217935951907518,0.888697636424933,0.999498173819493,"soc_net_bl"
"2353","ATF7IP","End",-0.00507857339063547,7.67916962677942,0.619169005551578,0.43211742656429,0.999519314121592,0.999498173819493,"soc_net_bl"
"2354","MGP","End",-0.00506730226223936,7.71545335649747,0.0497937883096352,0.823608589345153,0.999519314121592,0.999498173819493,"soc_net_bl"
"2355","RERG","End",-0.00240304715335902,7.22334080327806,0.0474875796816477,0.82767576110251,0.999519314121592,0.999498173819493,"soc_net_bl"
"2356","EPS8","End",0.00352409838983614,8.38787768194165,0.325581573849716,0.568795890440568,0.999519314121592,0.999498173819493,"soc_net_bl"
"2357","DERA","End",0.00521285633500212,7.21417082143432,0.437166463625992,0.509115108179559,0.999519314121592,0.999498173819493,"soc_net_bl"
"2358","PLEKHA5","End",-0.00662655487740327,7.70509855955035,0.938362337479593,0.333655516856921,0.999519314121592,0.999498173819493,"soc_net_bl"
"2359","AEBP2","End",-0.00838742801246426,7.41494271848258,1.35863231519607,0.244909184805197,0.999519314121592,0.999498173819493,"soc_net_bl"
"2360","PDE3A","End",0.0150372580316036,6.18134983593268,0.614042482345734,0.434027345395736,0.999519314121592,0.999498173819493,"soc_net_bl"
"2361","SLCO1A2","End",-0.0043710051399285,7.88679857461363,0.10194656113956,0.749778388279548,0.999519314121592,0.999498173819493,"soc_net_bl"
"2362","C2CD5","End",0.00149447895945513,7.24424111196978,0.0469082134626659,0.828713697394972,0.999519314121592,0.999498173819493,"soc_net_bl"
"2363","ETNK1","End",0.00829615376417377,7.98144673315895,3.20622010988413,0.0931658668699812,0.999519314121592,0.999498173819493,"soc_net_bl"
"2364","SOX5","End",-0.00117986219634813,10.3258585829496,0.0571219913486998,0.811303958605757,0.999519314121592,0.999498173819493,"soc_net_bl"
"2365","KRAS","End",-0.00801144082275566,7.31356012233333,1.41316039658978,0.235684437993496,0.999519314121592,0.999498173819493,"soc_net_bl"
"2366","RASSF8","End",-0.00250898086629115,8.56930379826556,0.19286866722563,0.660927122136519,0.999519314121592,0.999498173819493,"soc_net_bl"
"2367","ITPR2","End",0.00398114074453257,8.29959212061307,0.372649535827293,0.542129928793793,0.999519314121592,0.999498173819493,"soc_net_bl"
"2368","FGFR1OP2","End",-0.00133961654789503,7.59666000441202,0.0596147625496188,0.807310390641318,0.999519314121592,0.999498173819493,"soc_net_bl"
"2369","ARNTL2","End",0.00139730128858987,6.70304110851469,0.0163553764460845,0.898342500092734,0.999519314121592,0.999498173819493,"soc_net_bl"
"2370","PPFIBP1","End",0.0042201325704239,10.8272346358687,1.19271268179577,0.27585678448549,0.999519314121592,0.999498173819493,"soc_net_bl"
"2371","CCDC91","End",0.0044697762827867,7.83616772339436,0.473979732818085,0.491813938607563,0.999519314121592,0.999498173819493,"soc_net_bl"
"2372","FAR2","End",-0.0114571935875997,6.9423568084793,1.00889729300413,0.316159043804959,0.999519314121592,0.999498173819493,"soc_net_bl"
"2373","TMTC1","End",-0.00479950693129527,8.83726464834908,0.196073286706951,0.658300272141253,0.999519314121592,0.999498173819493,"soc_net_bl"
"2374","DENND5B","End",-0.0063977369252848,8.19241395017327,1.67976768065308,0.362861428679033,0.999519314121592,0.999498173819493,"soc_net_bl"
"2375","KIAA1551","End",-0.00241187092533444,7.48182256104943,0.139321584158409,0.916427699460494,0.999519314121592,0.999498173819493,"soc_net_bl"
"2376","BICD1","End",0.00943232615669942,8.70318767051833,3.98551051886099,0.0470009071806125,0.999519314121592,0.999498173819493,"soc_net_bl"
"2377","FGD4","End",0.0019773233053098,8.3905367425145,0.0903745012813923,0.763956769794271,0.999519314121592,0.999498173819493,"soc_net_bl"
"2378","DNM1L","End",0.00297788321761992,7.49705772874138,0.26272064342052,0.608719369010754,0.999519314121592,0.999498173819493,"soc_net_bl"
"2379","CPNE8","End",-0.00678414535937335,9.73953586778724,2.04372836496836,0.154109682585272,0.999519314121592,0.999498173819493,"soc_net_bl"
"2380","SLC2A13","End",-0.0047041216778745,7.23690562776595,0.338385109496115,0.561298174751549,0.999519314121592,0.999498173819493,"soc_net_bl"
"2381","LRRK2","End",0.0104775419819982,7.11996927527636,2.086419259325,0.149892837919827,0.999519314121592,0.999498173819493,"soc_net_bl"
"2382","YAF2","End",0.0011519632604123,7.58353416474013,0.0499090719446868,0.823407898658573,0.999519314121592,0.999498173819493,"soc_net_bl"
"2383","PPHLN1","End",0.000680073537489925,7.44658823230273,0.0140368212421341,0.90578681270666,0.999519314121592,0.999498173819493,"soc_net_bl"
"2384","TMEM117","End",-0.00293389838904973,7.30857976279587,0.110501370233348,0.739858545207019,0.999519314121592,0.999498173819493,"soc_net_bl"
"2385","ANO6","End",-0.0147549383171703,8.36804412423522,6.2541670376855,0.0130447595379934,0.999519314121592,0.999498173819493,"soc_net_bl"
"2386","ARID2","End",0.00121051968582067,8.47398406429401,0.068732988426722,0.79341105239795,0.999519314121592,0.999498173819493,"soc_net_bl"
"2387","SCAF11","End",0.00263881648644033,8.63913989086876,0.485337808242967,0.486675443508149,0.999519314121592,0.999498173819493,"soc_net_bl"
"2388","SLC38A2","End",0.00106706169206608,8.57282311885357,0.0265375549460624,0.870728810422232,0.999519314121592,0.999498173819493,"soc_net_bl"
"2389","AC008014.1","End",0.0102618681391953,7.17374660904124,0.607119046384801,0.436627250433603,0.999519314121592,0.999498173819493,"soc_net_bl"
"2390","PCED1B","End",0.00561131792907528,6.48961459572851,0.141970852610928,0.706655949641667,0.999519314121592,0.999498173819493,"soc_net_bl"
"2391","RAPGEF3","End",-0.018875223786543,7.20592434526981,5.73949603997615,0.017339439552412,0.999519314121592,0.999498173819493,"soc_net_bl"
"2392","HDAC7","End",-0.00504119607282326,7.92305532085062,0.963611554536736,0.362797439877415,0.999519314121592,0.999498173819493,"soc_net_bl"
"2393","TUBA1B","End",-0.0040997791155418,8.69886940165763,0.409152037066291,0.5229984066138,0.999519314121592,0.999498173819493,"soc_net_bl"
"2394","TUBA1A","End",0.00351191222699759,7.22250099530464,0.195388112126272,0.658859745622212,0.999519314121592,0.999498173819493,"soc_net_bl"
"2395","TUBA1C","End",-0.0110819059108466,6.97737231890939,1.28356103219151,0.258346457497683,0.999519314121592,0.999498173819493,"soc_net_bl"
"2396","SPATS2","End",-0.0116350945346368,7.46647588315491,3.01029503007684,0.0839958964632544,0.999519314121592,0.999498173819493,"soc_net_bl"
"2397","FMNL3","End",0.00181837725098836,8.30677999108958,0.101169701767234,0.750701626660203,0.999519314121592,0.999498173819493,"soc_net_bl"
"2398","TMBIM6","End",-0.00174133378165158,8.21311546740666,0.101194961997396,0.750671545484488,0.999519314121592,0.999498173819493,"soc_net_bl"
"2399","LIMA1","End",-0.00672829873299948,7.74048737601881,1.18964319383174,0.276474027963478,0.999519314121592,0.999498173819493,"soc_net_bl"
"2400","LARP4","End",-0.00545225543618857,7.32000074039846,0.592145810104155,0.442332464125012,0.999519314121592,0.999498173819493,"soc_net_bl"
"2401","DIP2B","End",0.00265530202985837,7.947410826838,0.230327843154546,0.631709405919437,0.999519314121592,0.999498173819493,"soc_net_bl"
"2402","TFCP2","End",0.00864736486349292,7.57380418295698,2.25780053998964,0.134231734274597,0.999519314121592,0.999498173819493,"soc_net_bl"
"2403","DAZAP2","End",0.00668023697530803,7.04460648703604,0.730900128311222,0.393427562270968,0.999519314121592,0.999498173819493,"soc_net_bl"
"2404","ACVRL1","End",-0.0144386129202266,7.66593141885471,5.06192928876972,0.0253459380435583,0.999519314121592,0.999498173819493,"soc_net_bl"
"2405","GRASP","End",-0.00838722198152205,8.24481136778841,1.39916677979835,0.238010746737103,0.999519314121592,0.999498173819493,"soc_net_bl"
"2406","NR4A1","End",-0.0226422991874831,7.49124346866438,2.55195513966325,0.111447943007185,0.999519314121592,0.999498173819493,"soc_net_bl"
"2407","TNS2","End",-0.00525380387091547,7.88238044394257,1.04441451569286,0.30780593707803,0.999519314121592,0.999498173819493,"soc_net_bl"
"2408","CSAD","End",-0.00323850485881715,7.04944913804096,0.182089673101737,0.669958583271528,0.999519314121592,0.999498173819493,"soc_net_bl"
"2409","PFDN5","End",0.00487540709136977,6.91240749910155,0.306874218841691,0.580110352803793,0.999519314121592,0.999498173819493,"soc_net_bl"
"2410","PCBP2","End",-0.0077324587345213,7.7171327050226,2.324782378303,0.221228129949437,0.999519314121592,0.999498173819493,"soc_net_bl"
"2411","ATP5MC2","End",0.00190479482692498,6.73452152054737,0.0373219685549013,0.846971197916345,0.999519314121592,0.999498173819493,"soc_net_bl"
"2412","ITGA5","End",-0.0104020904413303,7.65551072967271,1.59791706591567,0.207401047033494,0.999519314121592,0.999498173819493,"soc_net_bl"
"2413","CD63","End",0.000712597762273063,7.47950165333764,0.00531029064297032,0.941967691156766,0.999519314121592,0.999498173819493,"soc_net_bl"
"2414","RPL41","End",0.00706061783523598,8.36531786089602,0.579897514971747,0.447085532961293,0.999519314121592,0.999498173819493,"soc_net_bl"
"2415","MYL6","End",-0.00480615037598744,7.91687491627525,0.428093562066422,0.513540151373393,0.999519314121592,0.999498173819493,"soc_net_bl"
"2416","SMARCC2","End",0.00117451151732537,7.01087789228913,0.024672952463648,0.901725887686667,0.999519314121592,0.999498173819493,"soc_net_bl"
"2417","STAT2","End",0.00427441865491617,7.17008479710948,0.391448142095165,0.532122079325888,0.999519314121592,0.999498173819493,"soc_net_bl"
"2418","RBMS2","End",0.000203418898922955,9.35081050954583,0.00213069083564103,0.963220832657479,0.999519314121592,0.999498173819493,"soc_net_bl"
"2419","BAZ2A","End",0.00882224608565188,7.17947922468883,1.77590246238968,0.183892450765151,0.999519314121592,0.999498173819493,"soc_net_bl"
"2420","ATP5F1B","End",0.00923559267177571,7.10763548461185,1.40218838893115,0.237506073255234,0.999519314121592,0.999498173819493,"soc_net_bl"
"2421","PTGES3","End",-0.000317716149302056,8.05376917035485,0.00162698940312529,0.96785816741052,0.999519314121592,0.999498173819493,"soc_net_bl"
"2422","NACA","End",0.00134620887979546,7.17134437764157,0.0276142561939494,0.868156111650618,0.999519314121592,0.999498173819493,"soc_net_bl"
"2423","NDUFA4L2","End",0.00933056066579539,6.71882952519896,0.305061506480592,0.581230533908782,0.999519314121592,0.999498173819493,"soc_net_bl"
"2424","R3HDM2","End",1.33903830812174e-05,7.4403750860308,1.29718648757155e-05,0.99712924076041,0.999519314121592,0.999498173819493,"soc_net_bl"
"2425","CTDSP2","End",0.000602833505100074,7.09622624722401,0.00875332897701756,0.925535833026024,0.999519314121592,0.999498173819493,"soc_net_bl"
"2426","USP15","End",-0.00257819385925005,8.82594845043981,0.396816185425406,0.6465549151242,0.999519314121592,0.999498173819493,"soc_net_bl"
"2427","MON2","End",0.00566383001932491,8.39527780291676,1.61139021656406,0.205502068729899,0.999519314121592,0.999498173819493,"soc_net_bl"
"2428","PPM1H","End",0.00523810673357579,8.19764644202361,0.649732532760269,0.420990709678095,0.999519314121592,0.999498173819493,"soc_net_bl"
"2429","SRGAP1","End",-0.00614932128742955,6.74135056241413,0.261496883987443,0.609554595013897,0.999519314121592,0.999498173819493,"soc_net_bl"
"2430","TBK1","End",-0.0019867500142058,7.31818350514452,0.092743291662189,0.915112413325052,0.999519314121592,0.999498173819493,"soc_net_bl"
"2431","RASSF3","End",-0.0053735332106197,7.61689042013595,0.710429144704912,0.400124217706249,0.999519314121592,0.999498173819493,"soc_net_bl"
"2432","LEMD3","End",-0.00072289296369635,7.42793193000805,0.0134801118748753,0.907665405788707,0.999519314121592,0.999498173819493,"soc_net_bl"
"2433","MSRB3","End",-0.00441307069238004,8.38351780553863,0.572811111017282,0.449871868314139,0.999519314121592,0.999498173819493,"soc_net_bl"
"2434","IRAK3","End",0.00169858051986186,9.86199119620845,0.10849482291404,0.742145979000249,0.999519314121592,0.999498173819493,"soc_net_bl"
"2435","CAND1","End",-0.00433210186790135,7.14674225662988,0.434437529513519,0.510439084911408,0.999519314121592,0.999498173819493,"soc_net_bl"
"2436","RAP1B","End",-0.000295217389103745,9.00893377196037,0.00421178335609239,0.948307980271884,0.999519314121592,0.999498173819493,"soc_net_bl"
"2437","MDM2","End",-0.000525418915196465,7.1282247955955,0.00397597207617382,0.949773920359059,0.999519314121592,0.999498173819493,"soc_net_bl"
"2438","CPM","End",0.0081619000275365,6.44947937947594,0.370878881209459,0.543090370697501,0.999519314121592,0.999498173819493,"soc_net_bl"
"2439","CPSF6","End",-0.00652774889597623,7.78004929154789,1.51654478403157,0.226091742161103,0.999519314121592,0.999498173819493,"soc_net_bl"
"2440","FRS2","End",0.00294507145986362,7.2598678491835,0.228700508923135,0.74901374556284,0.999519314121592,0.999498173819493,"soc_net_bl"
"2441","CNOT2","End",-0.00279214541915153,8.31297546682334,0.274413306049663,0.600860503147771,0.999519314121592,0.999498173819493,"soc_net_bl"
"2442","KCNMB4","End",0.000220803862946717,7.33411709445412,0.000626847006439776,0.980045919130469,0.999519314121592,0.999498173819493,"soc_net_bl"
"2443","PTPRB","End",0.000305246084156659,10.3800000947688,0.005272038799654,0.942176712342071,0.999519314121592,0.999498173819493,"soc_net_bl"
"2444","ZFC3H1","End",-0.00329976060832679,7.70063278559612,0.430365822145086,0.512425663563059,0.999519314121592,0.999498173819493,"soc_net_bl"
"2445","RAB21","End",-0.00359266023928215,7.52371549779901,0.339888198200351,0.744106967326919,0.999519314121592,0.999498173819493,"soc_net_bl"
"2446","TBC1D15","End",0.0121089304674176,7.63847747652893,4.44968741453788,0.0359232938048388,0.999519314121592,0.999498173819493,"soc_net_bl"
"2447","NAP1L1","End",0.00399628916919614,7.94499018949922,0.563064895065723,0.453748651029674,0.999519314121592,0.999498173819493,"soc_net_bl"
"2448","OSBPL8","End",-0.00105419400842187,7.9906969011969,0.0420699948995588,0.860495072303082,0.999519314121592,0.999498173819493,"soc_net_bl"
"2449","ZDHHC17","End",0.0162555117054859,7.36067822397547,7.86100979782107,0.0133020540968593,0.999519314121592,0.999498173819493,"soc_net_bl"
"2450","NAV3","End",0.00423275870197826,6.80944783892741,0.145509838784976,0.703194691625132,0.999519314121592,0.999498173819493,"soc_net_bl"
"2451","SYT1","End",0.00526749248905277,8.33974742619346,0.485473389469609,0.486614646335614,0.999519314121592,0.999498173819493,"soc_net_bl"
"2452","PAWR","End",0.000730137941407039,7.94187385269751,0.0149991104561334,0.90262661571152,0.999519314121592,0.999498173819493,"soc_net_bl"
"2453","PPP1R12A","End",-0.00641349370698843,8.70492788113844,3.33760235434138,0.169623049148426,0.999519314121592,0.999498173819493,"soc_net_bl"
"2454","TMTC2","End",0.00114128070278546,8.72223092423012,0.0375751312574846,0.846459533846381,0.999519314121592,0.999498173819493,"soc_net_bl"
"2455","CEP290","End",0.00415704586835474,7.15992824927316,0.338145252762295,0.561436878203461,0.999519314121592,0.999498173819493,"soc_net_bl"
"2456","DUSP6","End",-0.002652915190881,7.60712870290752,0.0910500097128958,0.763102705869361,0.999519314121592,0.999498173819493,"soc_net_bl"
"2457","ATP2B1","End",0.00937514391439459,7.35692514344819,2.45690965147795,0.118300588619023,0.999519314121592,0.999498173819493,"soc_net_bl"
"2458","DCN","End",0.00157399065913851,6.42444809280298,0.00820721382118022,0.927889546166973,0.999519314121592,0.999498173819493,"soc_net_bl"
"2459","BTG1","End",0.00726391485877429,8.02671495320774,1.27626880783568,0.259699771819825,0.999519314121592,0.999498173819493,"soc_net_bl"
"2460","EEA1","End",-0.0057702388200032,7.95819348376599,1.00447362111101,0.317220155604873,0.999519314121592,0.999498173819493,"soc_net_bl"
"2461","UBE2N","End",-0.00174750546343741,6.89356803831082,0.0492277544344147,0.824597522560264,0.999519314121592,0.999498173819493,"soc_net_bl"
"2462","CRADD","End",-0.00301875271444119,8.60890861576452,0.246203998678983,0.620205984159775,0.999519314121592,0.999498173819493,"soc_net_bl"
"2463","TMCC3","End",0.000332618393963501,8.38533897192157,0.00244336159990261,0.960616634247652,0.999519314121592,0.999498173819493,"soc_net_bl"
"2464","NDUFA12","End",0.0022181426834486,7.05370640976769,0.0650784642630517,0.798856358869628,0.999519314121592,0.999498173819493,"soc_net_bl"
"2465","NR2C1","End",0.00127212206220171,7.34985227902856,0.0460240026831164,0.830310785926273,0.999519314121592,0.999498173819493,"soc_net_bl"
"2466","FGD6","End",0.0060162594765139,7.9406762066803,0.711182722769925,0.399874779063588,0.999519314121592,0.999498173819493,"soc_net_bl"
"2467","VEZT","End",0.00255651318757017,8.31440436645874,0.29272767887754,0.61324485325285,0.999519314121592,0.999498173819493,"soc_net_bl"
"2468","ELK3","End",-0.00340421644951486,7.37337364593574,0.188498517418377,0.664551678934194,0.999519314121592,0.999498173819493,"soc_net_bl"
"2469","CDK17","End",0.000160689026350445,9.05391253091526,0.00119301817026351,0.972474619204697,0.999519314121592,0.999498173819493,"soc_net_bl"
"2470","TMPO","End",0.00142528076591138,7.46265738853544,0.0465251048715213,0.829403728375401,0.999519314121592,0.999498173819493,"soc_net_bl"
"2471","SLC25A3","End",-0.00195954532830408,7.26247138227768,0.0790682332017449,0.778801651947304,0.999519314121592,0.999498173819493,"soc_net_bl"
"2472","ANKS1B","End",-0.00147308949901782,7.10687626652187,0.0244466783523814,0.875882604153801,0.999519314121592,0.999498173819493,"soc_net_bl"
"2473","SCYL2","End",-0.00610275032033528,7.3580116115543,0.764670508186935,0.382727991698296,0.999519314121592,0.999498173819493,"soc_net_bl"
"2474","CHPT1","End",0.0215722629420412,7.05783372904167,7.9732939406394,0.00513798340399173,0.999519314121592,0.999498173819493,"soc_net_bl"
"2475","HSP90B1","End",-0.00575976437143561,7.98917198658088,0.317435668043828,0.573668555330482,0.999519314121592,0.999498173819493,"soc_net_bl"
"2476","TXNRD1","End",0.0038076644341781,8.26457104492728,0.298326567978855,0.585430888518468,0.999519314121592,0.999498173819493,"soc_net_bl"
"2477","CHST11","End",-0.0102339162540673,7.47851606579067,1.30510103525008,0.254399762455562,0.999519314121592,0.999498173819493,"soc_net_bl"
"2478","WASHC4","End",-0.000565865217561078,7.37321309026558,0.00865637740824962,0.925948162514868,0.999519314121592,0.999498173819493,"soc_net_bl"
"2479","APPL2","End",0.00666120671114743,7.10585017478871,0.87039804545572,0.35176446502413,0.999519314121592,0.999498173819493,"soc_net_bl"
"2480","NUAK1","End",0.000640819175876035,8.00636209380445,0.00480016169871676,0.944820763487504,0.999519314121592,0.999498173819493,"soc_net_bl"
"2481","RIC8B","End",-0.00477953478110871,6.99454687576661,0.403068521473858,0.526101755232849,0.999519314121592,0.999498173819493,"soc_net_bl"
"2482","CRY1","End",-0.00606236472207906,7.34464047833221,0.526337249522827,0.468843863841908,0.999519314121592,0.999498173819493,"soc_net_bl"
"2483","CORO1C","End",4.06914130512808e-05,7.37859017144537,4.29255840353762e-05,0.994777824142594,0.999519314121592,0.999498173819493,"soc_net_bl"
"2484","SSH1","End",-0.0123376583674075,8.14576907913987,2.52899325373058,0.11306217536677,0.999519314121592,0.999498173819493,"soc_net_bl"
"2485","ACACB","End",0.000952270632933872,7.40453689869426,0.0130835748695233,0.909027595019448,0.999519314121592,0.999498173819493,"soc_net_bl"
"2486","GIT2","End",0.0015934668540862,7.29409822098205,0.068582026911337,0.944665972904703,0.999519314121592,0.999498173819493,"soc_net_bl"
"2487","ATP2A2","End",0.0067178865586891,7.41649016069761,1.03414834686755,0.310190406089819,0.999519314121592,0.999498173819493,"soc_net_bl"
"2488","ARPC3","End",-0.0115366555092778,7.31364573270423,2.54633741772841,0.111840499677496,0.999519314121592,0.999498173819493,"soc_net_bl"
"2489","ATXN2","End",0.00263202892433825,8.4799326168521,0.440391533382926,0.507558065739939,0.999519314121592,0.999498173819493,"soc_net_bl"
"2490","HECTD4","End",-0.000676315646486539,7.80451112798067,0.0146547607038393,0.90374531998066,0.999519314121592,0.999498173819493,"soc_net_bl"
"2491","RPL6","End",0.00507099750811018,7.4452379733387,0.412900030476956,0.521102619668409,0.999519314121592,0.999498173819493,"soc_net_bl"
"2492","TBX3","End",-0.0138141899525527,7.72945980833273,3.05857652378278,0.0815654555787897,0.999519314121592,0.999498173819493,"soc_net_bl"
"2493","MED13L","End",-0.000128585932515142,9.66357887724785,0.00127065515409321,0.971593481075986,0.999519314121592,0.999498173819493,"soc_net_bl"
"2494","FBXO21","End",-0.000475752246262478,7.16406257355163,0.00481174123512655,0.94475435551525,0.999519314121592,0.999498173819493,"soc_net_bl"
"2495","PEBP1","End",0.0190538228700069,7.63692869179097,6.69192910653846,0.0102631131351461,0.999519314121592,0.999498173819493,"soc_net_bl"
"2496","TAOK3","End",-0.000118177486706044,7.69239196616935,0.000475009994600497,0.982629458460693,0.999519314121592,0.999498173819493,"soc_net_bl"
"2497","AC002070.1","End",-0.000240759104919031,7.9473275356059,0.000972899591332462,0.975142364659463,0.999519314121592,0.999498173819493,"soc_net_bl"
"2498","CIT","End",0.00325094166834382,6.66664664969527,0.0861085477224834,0.769432519624073,0.999519314121592,0.999498173819493,"soc_net_bl"
"2499","RPLP0","End",-0.00189115862584406,7.26238249854673,0.039347463024033,0.842926531514561,0.999519314121592,0.999498173819493,"soc_net_bl"
"2500","PXN","End",-0.00623690386831444,8.53722978533267,1.61365630983848,0.20518470381816,0.999519314121592,0.999498173819493,"soc_net_bl"
"2501","DYNLL1","End",0.00271316288000981,7.63555439573697,0.111453495887227,0.738781204406782,0.999519314121592,0.999498173819493,"soc_net_bl"
"2502","MLEC","End",0.00238301356701978,7.72659500880529,0.120260449193245,0.729050121000987,0.999519314121592,0.999498173819493,"soc_net_bl"
"2503","SPPL3","End",0.00133785012628399,8.23498588061862,0.0842890075637505,0.771812892559013,0.999519314121592,0.999498173819493,"soc_net_bl"
"2504","ANAPC5","End",-0.00734625494035717,7.3586781639939,1.39388340033114,0.354173158552856,0.999519314121592,0.999498173819493,"soc_net_bl"
"2505","CLIP1","End",-0.00655642229587305,7.95810528910196,1.40450703306696,0.776035054388087,0.999519314121592,0.999498173819493,"soc_net_bl"
"2506","RSRC2","End",-0.00612106558454442,7.23781855591091,0.828565248718104,0.363583184840399,0.999519314121592,0.999498173819493,"soc_net_bl"
"2507","VPS37B","End",0.00517276662885639,7.25723380672172,0.449331105550986,0.50328468704861,0.999519314121592,0.999498173819493,"soc_net_bl"
"2508","ARL6IP4","End",-0.000638612568606002,6.97592735797758,0.00599074655040048,0.938368638655395,0.999519314121592,0.999498173819493,"soc_net_bl"
"2509","PITPNM2","End",-0.00979009653365114,8.30855340656121,1.52525515596543,0.218010091590895,0.999519314121592,0.999498173819493,"soc_net_bl"
"2510","SBNO1","End",-0.0103141393439348,7.06033028494812,2.06747704501712,0.161924353219367,0.999519314121592,0.999498173819493,"soc_net_bl"
"2511","NCOR2","End",-0.00623530913831799,7.80655248360192,1.25835994801019,0.263060965145903,0.999519314121592,0.999498173819493,"soc_net_bl"
"2512","SCARB1","End",-0.00778981266766428,9.78320679269076,1.53667321983581,0.216300803228186,0.999519314121592,0.999498173819493,"soc_net_bl"
"2513","UBC","End",2.28603255305384e-05,10.1729965672476,1.34305133326725e-05,0.997078930863586,0.999519314121592,0.999498173819493,"soc_net_bl"
"2514","TMEM132C","End",-0.00282604426047336,9.63585172389005,0.187393939205336,0.665475703885627,0.999519314121592,0.999498173819493,"soc_net_bl"
"2515","RAN","End",-0.00193799119560123,6.89372359706481,0.0504095592693947,0.822539438586331,0.999519314121592,0.999498173819493,"soc_net_bl"
"2516","SFSWAP","End",0.000389816641303052,7.39835775727344,0.00502056721583278,0.94357024841916,0.999519314121592,0.999498173819493,"soc_net_bl"
"2517","MPHOSPH8","End",0.00247659956237943,7.94505294606617,0.22244585031225,0.913018182108882,0.999519314121592,0.999498173819493,"soc_net_bl"
"2518","PSPC1","End",0.00517195246383993,8.08484868711152,1.4093780102129,0.236310483915405,0.999519314121592,0.999498173819493,"soc_net_bl"
"2519","ZMYM2","End",0.00206225278885663,8.06229663045896,0.177370520451685,0.674012340726909,0.999519314121592,0.999498173819493,"soc_net_bl"
"2520","XPO4","End",0.00357794765404613,7.20718661062873,0.250683902706234,0.617043820083542,0.999519314121592,0.999498173819493,"soc_net_bl"
"2521","LATS2","End",-0.00156030817039518,7.67523289694007,0.0690035677376158,0.8626768800954,0.999519314121592,0.999498173819493,"soc_net_bl"
"2522","ZDHHC20","End",-0.0010587523488921,7.6419623283093,0.0283773562739442,0.866363822411664,0.999519314121592,0.999498173819493,"soc_net_bl"
"2523","MICU2","End",0.0092836212976837,7.37992678530859,1.8998375874405,0.169354999356004,0.999519314121592,0.999498173819493,"soc_net_bl"
"2524","PARP4","End",0.00160362330602996,7.67052295983119,0.0842787745208122,0.771826358149349,0.999519314121592,0.999498173819493,"soc_net_bl"
"2525","NUP58","End",0.004733504254464,6.95315780806855,0.345690628066305,0.557104793348946,0.999519314121592,0.999498173819493,"soc_net_bl"
"2526","CDK8","End",0.00120298248639821,7.68043041622417,0.0412763539229293,0.839174203700221,0.999519314121592,0.999498173819493,"soc_net_bl"
"2527","USP12","End",-5.83332126788282e-05,8.10614296330857,0.000121136841179702,0.991227450561831,0.999519314121592,0.999498173819493,"soc_net_bl"
"2528","RPL21","End",0.000104666189894119,7.09666376600179,0.000231984229346458,0.987860274211511,0.999519314121592,0.999498173819493,"soc_net_bl"
"2529","LNX2","End",0.00204469672899518,7.16073279828611,0.0993382570389127,0.752893724977805,0.999519314121592,0.999498173819493,"soc_net_bl"
"2530","PAN3","End",0.00263693769013612,8.62677014472353,0.366579068645176,0.545435839684901,0.999519314121592,0.999498173819493,"soc_net_bl"
"2531","FLT1","End",-0.00341958004378864,12.6253566494978,0.70455092395621,0.402077743455363,0.999519314121592,0.999498173819493,"soc_net_bl"
"2532","POMP","End",-0.00179596780149123,7.73625088827593,0.0831145952278956,0.773364121116968,0.999519314121592,0.999498173819493,"soc_net_bl"
"2533","MTUS2","End",-0.00462629450499306,7.65402825935729,0.211641649111158,0.645892100222361,0.999519314121592,0.999498173819493,"soc_net_bl"
"2534","SLC7A1","End",-0.00486831423836582,10.237922923151,0.851770895723638,0.356960655682743,0.999519314121592,0.999498173819493,"soc_net_bl"
"2535","UBL3","End",-0.000232295616869977,7.57990638795235,0.00155184620894777,0.968608788828067,0.999519314121592,0.999498173819493,"soc_net_bl"
"2536","HMGB1","End",-0.0050991212104661,7.95942457341145,0.738615032384014,0.390945772038012,0.999519314121592,0.999498173819493,"soc_net_bl"
"2537","HSPH1","End",-0.00280296708995108,8.2303837402757,0.0428357963413486,0.836206833020332,0.999519314121592,0.999498173819493,"soc_net_bl"
"2538","FRY","End",0.000577614138061553,8.47243129283042,0.00833912873223669,0.927313941831706,0.999519314121592,0.999498173819493,"soc_net_bl"
"2539","N4BP2L1","End",0.00421995271785629,7.25110490320888,0.33266769498985,0.564622485583038,0.999519314121592,0.999498173819493,"soc_net_bl"
"2540","N4BP2L2","End",-0.00287631623423638,9.59662866378022,0.875512957903468,0.350355780258279,0.999519314121592,0.999498173819493,"soc_net_bl"
"2541","PDS5B","End",-0.000409131114677487,8.59513590612533,0.00899365566577528,0.924523562601329,0.999519314121592,0.999498173819493,"soc_net_bl"
"2542","STARD13","End",-0.000889631778515123,8.91546061386427,0.0391134746933269,0.843388164200334,0.999519314121592,0.999498173819493,"soc_net_bl"
"2543","AL139383.1","End",-0.00199582862958556,6.69827437884311,0.0279689275988269,0.86731997155858,0.999519314121592,0.999498173819493,"soc_net_bl"
"2544","RFC3","End",-0.0100837619723998,7.3974079867285,1.38636293088514,0.240163831767576,0.999519314121592,0.999498173819493,"soc_net_bl"
"2545","NBEA","End",-0.00511363485640118,8.03051118934898,0.757976569043659,0.3848155006661,0.999519314121592,0.999498173819493,"soc_net_bl"
"2546","DCLK1","End",-0.00927549848559561,8.6359930696294,0.903622086141858,0.342749979764003,0.999519314121592,0.999498173819493,"soc_net_bl"
"2547","SPART","End",-0.0140864661859973,7.18670520142862,3.90042897647241,0.0493974927095247,0.999519314121592,0.999498173819493,"soc_net_bl"
"2548","SMAD9","End",-0.00610178604950639,8.73857573742318,1.28291790553218,0.258465458254897,0.999519314121592,0.999498173819493,"soc_net_bl"
"2549","LHFPL6","End",0.00333050137979235,10.7259279233207,0.456085396036675,0.500096627708287,0.999519314121592,0.999498173819493,"soc_net_bl"
"2550","COG6","End",0.0202337587224751,7.00985306939829,7.08567838896672,0.00828485604886381,0.999519314121592,0.999498173819493,"soc_net_bl"
"2551","FOXO1","End",0.00249097635238282,9.42273135202253,0.200161579035621,0.654986102052572,0.999519314121592,0.999498173819493,"soc_net_bl"
"2552","ELF1","End",-0.00121462030037759,9.04274494076547,0.0676755471434107,0.794970431144743,0.999519314121592,0.999498173819493,"soc_net_bl"
"2553","NAA16","End",0.00345176307749207,7.33893642195649,0.218705536785886,0.640444087107923,0.999519314121592,0.999498173819493,"soc_net_bl"
"2554","RGCC","End",-0.00778940000664737,8.63370045986119,1.07635260300603,0.300538707530169,0.999519314121592,0.999498173819493,"soc_net_bl"
"2555","VWA8","End",-0.000935785761084271,7.17324437332024,0.0114754096750795,0.914778878258764,0.999519314121592,0.999498173819493,"soc_net_bl"
"2556","DGKH","End",-0.00292698739935856,8.93746997568127,0.43656780361428,0.509405046062646,0.999519314121592,0.999498173819493,"soc_net_bl"
"2557","EPSTI1","End",0.0149819539168584,8.54273829325913,4.18810661212941,0.0417769066652032,0.999519314121592,0.999498173819493,"soc_net_bl"
"2558","DNAJC15","End",-0.00594805474942267,7.54767725507816,0.772079058875434,0.380436355512472,0.999519314121592,0.999498173819493,"soc_net_bl"
"2559","TSC22D1","End",0.00442952087424018,10.8016444110303,0.714726854015406,0.398704678546706,0.999519314121592,0.999498173819493,"soc_net_bl"
"2560","GTF2F2","End",-0.00838643622233287,6.88377365397191,0.939364367016308,0.443125833147012,0.999519314121592,0.999498173819493,"soc_net_bl"
"2561","TPT1","End",0.00284503919406968,8.95058513801398,0.183246037707139,0.668974758309531,0.999519314121592,0.999498173819493,"soc_net_bl"
"2562","ZC3H13","End",0.00208020633127228,7.47521581711084,0.105015305128358,0.746168845641357,0.999519314121592,0.999498173819493,"soc_net_bl"
"2563","LRCH1","End",-0.00428239631165099,9.53462637315583,0.955383840556832,0.329317667934345,0.999519314121592,0.999498173819493,"soc_net_bl"
"2564","ESD","End",0.000367560278975742,6.71078798066679,0.0018162871292594,0.966040853171735,0.999519314121592,0.999498173819493,"soc_net_bl"
"2565","ITM2B","End",0.00261536895620394,9.06642848988952,0.269112152194815,0.604396626940934,0.999519314121592,0.999498173819493,"soc_net_bl"
"2566","RB1","End",-0.00175844325248404,8.97183008688929,0.186941659835606,0.665854987774526,0.999519314121592,0.999498173819493,"soc_net_bl"
"2567","LPAR6","End",0.000171989527861927,7.11943792247956,0.000596323031775142,0.980537709089531,0.999519314121592,0.999498173819493,"soc_net_bl"
"2568","FNDC3A","End",0.000788249970655752,8.41808861915081,0.0322191101193148,0.857696104378482,0.999519314121592,0.999498173819493,"soc_net_bl"
"2569","KPNA3","End",0.00104286977220932,7.65431896133522,0.0346439821135369,0.937057069174475,0.999519314121592,0.999498173819493,"soc_net_bl"
"2570","DLEU2","End",0.00477763559399288,9.37767266149985,1.22654467481864,0.269167165909336,0.999519314121592,0.999498173819493,"soc_net_bl"
"2571","TRIM13","End",0.00508843748146569,6.84777543927684,0.335073402358531,0.563219104906838,0.999519314121592,0.999498173819493,"soc_net_bl"
"2572","INTS6","End",0.00479451558227784,8.1641343433075,0.807977949989899,0.369602104925906,0.999519314121592,0.999498173819493,"soc_net_bl"
"2573","WDFY2","End",0.000707626196490142,7.09046652414875,0.00787976357135616,0.929338846853718,0.999519314121592,0.999498173819493,"soc_net_bl"
"2574","ATP7B","End",-0.010179242493617,8.21996621224067,1.77858592119524,0.183562698589533,0.999519314121592,0.999498173819493,"soc_net_bl"
"2575","NEK5","End",0.00310449133577464,7.54516954188041,0.136893186330898,0.711709270669932,0.999519314121592,0.999498173819493,"soc_net_bl"
"2576","NEK3","End",0.00223899342656952,7.10416930506296,0.0745458128048036,0.785059753584856,0.999519314121592,0.999498173819493,"soc_net_bl"
"2577","THSD1","End",0.00698009917775855,6.79520344477514,0.630703154506335,0.427866755155047,0.999519314121592,0.999498173819493,"soc_net_bl"
"2578","VPS36","End",-0.00223931487801812,7.39294878933646,0.114367364415954,0.735515577867688,0.999519314121592,0.999498173819493,"soc_net_bl"
"2579","SUGT1","End",1.40929317803322e-05,7.26161404112721,2.5887400455167e-05,0.995944551921763,0.999519314121592,0.999498173819493,"soc_net_bl"
"2580","TDRD3","End",-0.0012997597114973,7.58294701151235,0.0399938969377252,0.84165855662879,0.999519314121592,0.999498173819493,"soc_net_bl"
"2581","PCDH9","End",0.0104412178380067,8.0763424031585,1.6634461180851,0.198355904175805,0.999519314121592,0.999498173819493,"soc_net_bl"
"2582","DACH1","End",-0.00185357772251627,8.69385075592395,0.0754270267440161,0.783824627142847,0.999519314121592,0.999498173819493,"soc_net_bl"
"2583","PIBF1","End",-0.0035718435285575,8.29938294846607,0.552917997466943,0.46370299726138,0.999519314121592,0.999498173819493,"soc_net_bl"
"2584","KLF12","End",0.00113000107043747,8.35506290207497,0.0309368060054143,0.860526868952483,0.999519314121592,0.999498173819493,"soc_net_bl"
"2585","TBC1D4","End",0.00315323909107819,10.5409750018014,0.62730721344157,0.429111646150659,0.999519314121592,0.999498173819493,"soc_net_bl"
"2586","KCTD12","End",-0.00709357044328827,8.2992758162889,0.861798064540873,0.354150501515807,0.999519314121592,0.999498173819493,"soc_net_bl"
"2587","MYCBP2","End",-0.0031106032773363,8.67655665193408,0.575650901600753,0.448752032011786,0.999519314121592,0.999498173819493,"soc_net_bl"
"2588","RBM26","End",-0.0054285755531763,8.18991358815338,1.36049246571727,0.244587297408844,0.999519314121592,0.999498173819493,"soc_net_bl"
"2589","GPC5","End",0.0254833444446862,7.02711603335746,2.61295951941394,0.10728180843745,0.999519314121592,0.999498173819493,"soc_net_bl"
"2590","ABCC4","End",0.001825807906004,8.60985595474051,0.0659187930974952,0.797590098640458,0.999519314121592,0.999498173819493,"soc_net_bl"
"2591","DNAJC3","End",-0.00536724883157562,7.5441449544006,0.705507153692516,0.401759011434822,0.999519314121592,0.999498173819493,"soc_net_bl"
"2592","UGGT2","End",-0.00992766100368276,7.73427790781018,2.52928862842331,0.113041246629849,0.999519314121592,0.999498173819493,"soc_net_bl"
"2593","MBNL2","End",0.00041784298821041,8.52423976326429,0.00905217462187215,0.924279150362511,0.999519314121592,0.999498173819493,"soc_net_bl"
"2594","RAP2A","End",0.00199464036386321,7.27522393162302,0.0885580570411052,0.766270760869468,0.999519314121592,0.999498173819493,"soc_net_bl"
"2595","FARP1","End",-0.00810609154192955,7.87849701825828,1.44266756163012,0.230869080946922,0.999519314121592,0.999498173819493,"soc_net_bl"
"2596","STK24","End",-0.000893147607932119,8.1105354312822,0.0284240965381638,0.866254853901799,0.999519314121592,0.999498173819493,"soc_net_bl"
"2597","DOCK9","End",-0.0067666241349122,11.3248540222207,2.96894193857644,0.0861402233173175,0.999519314121592,0.999498173819493,"soc_net_bl"
"2598","UBAC2","End",0.00766989510856339,7.95630703664957,2.36522017209351,0.125358035938516,0.999519314121592,0.999498173819493,"soc_net_bl"
"2599","TM9SF2","End",-0.00079961448019752,7.49792944579439,0.0196554923219852,0.888618808971524,0.999519314121592,0.999498173819493,"soc_net_bl"
"2600","PCCA","End",5.49258699541511e-05,9.35035843792342,0.000230409258120066,0.987901550296583,0.999519314121592,0.999498173819493,"soc_net_bl"
"2601","FGF14","End",0.00777198182919052,6.97902298612188,0.551686504669353,0.458341612273491,0.999519314121592,0.999498173819493,"soc_net_bl"
"2602","TPP2","End",0.00387290143241139,7.16510302029144,0.335998969811302,0.562680963123764,0.999519314121592,0.999498173819493,"soc_net_bl"
"2603","EFNB2","End",-0.014637707537757,8.01513922877172,4.24221472870301,0.040488310267161,0.999519314121592,0.999498173819493,"soc_net_bl"
"2604","ARGLU1","End",-0.00495253258279574,9.0725710349156,1.72734249237563,0.189980862881382,0.999519314121592,0.999498173819493,"soc_net_bl"
"2605","FAM155A","End",-0.00744124437242158,9.88405537320021,0.528683121203723,0.467855847478848,0.999519314121592,0.999498173819493,"soc_net_bl"
"2606","COL4A1","End",-0.00695990307092632,7.29651080228688,0.482099810286062,0.488131184795751,0.999519314121592,0.999498173819493,"soc_net_bl"
"2607","COL4A2","End",-0.00840810614820735,8.02591025398852,0.872404173859038,0.351211040599258,0.999519314121592,0.999498173819493,"soc_net_bl"
"2608","ANKRD10","End",-0.00281105503586483,8.59763153463359,0.472824253387688,0.492341770448957,0.999519314121592,0.999498173819493,"soc_net_bl"
"2609","ARHGEF7","End",0.00405234248097751,8.26141380093356,0.658949095887781,0.417719869389984,0.999519314121592,0.999498173819493,"soc_net_bl"
"2610","ATP11A","End",-0.00404302337161247,9.1549704007935,0.432677289519073,0.51129625814146,0.999519314121592,0.999498173819493,"soc_net_bl"
"2611","MCF2L","End",-0.00418830193743109,9.22121150794448,0.746298659077168,0.388496350601675,0.999519314121592,0.999498173819493,"soc_net_bl"
"2612","CUL4A","End",-0.00718465164978887,7.5982600033492,1.5989112107471,0.247156418649494,0.999519314121592,0.999498173819493,"soc_net_bl"
"2613","LAMP1","End",-0.00194847441868528,6.97942783628433,0.0695399996029052,0.792229583430843,0.999519314121592,0.999498173819493,"soc_net_bl"
"2614","GAS6","End",-0.00148444302089145,7.29432920428012,0.0401950218165299,0.841266228703216,0.999519314121592,0.999498173819493,"soc_net_bl"
"2615","UPF3A","End",-0.000503636365514802,7.60993964262858,0.00684658346786576,0.934122653927072,0.999519314121592,0.999498173819493,"soc_net_bl"
"2616","PNP","End",-0.00975593574875802,6.79852091901382,0.510375766492076,0.475656950885738,0.999519314121592,0.999498173819493,"soc_net_bl"
"2617","RNASE1","End",0.000540332900580659,7.90136784753397,0.0041399240322871,0.948750233037964,0.999519314121592,0.999498173819493,"soc_net_bl"
"2618","NDRG2","End",0.00101875970914026,6.78056806962283,0.00722893411305944,0.932312493959255,0.999519314121592,0.999498173819493,"soc_net_bl"
"2619","HNRNPC","End",0.00324537225735183,8.22814069281043,0.454574527222892,0.500806769392706,0.999519314121592,0.999498173819493,"soc_net_bl"
"2620","ACIN1","End",-0.00873254469335474,7.4009506174699,1.93699949269018,0.165258054900028,0.999519314121592,0.999498173819493,"soc_net_bl"
"2621","STXBP6","End",0.0022769460568661,8.8816985837978,0.140937266681558,0.707676121295969,0.999519314121592,0.999498173819493,"soc_net_bl"
"2622","NOVA1","End",-0.00505028662804097,8.69081334422082,0.664238341370916,0.415859880470813,0.999519314121592,0.999498173819493,"soc_net_bl"
"2623","PRKD1","End",0.00190854793949068,8.32423685555657,0.0911827997193796,0.762935222829141,0.999519314121592,0.999498173819493,"soc_net_bl"
"2624","SCFD1","End",-0.00368600964321707,8.17374375179572,0.566894610842678,0.452219062963106,0.999519314121592,0.999498173819493,"soc_net_bl"
"2625","STRN3","End",-0.00469165852097717,8.294627202835,0.968977597757479,0.325907264370002,0.999519314121592,0.999498173819493,"soc_net_bl"
"2626","HECTD1","End",-0.00027153323389788,8.20914755945564,0.0044337211855067,0.946965490276369,0.999519314121592,0.999498173819493,"soc_net_bl"
"2627","NUBPL","End",0.0118714569157354,6.75916095697525,1.39156881355838,0.239285559251818,0.999519314121592,0.999498173819493,"soc_net_bl"
"2628","ARHGAP5","End",-0.000888723896395759,7.82885194809683,0.0217407835169048,0.882900143627355,0.999519314121592,0.999498173819493,"soc_net_bl"
"2629","NPAS3","End",0.00426247688109645,6.55844287425197,0.108486517149713,0.742155496008943,0.999519314121592,0.999498173819493,"soc_net_bl"
"2630","SNX6","End",0.00062665575671482,7.28352643267214,0.00918224532444391,0.923738732159186,0.999519314121592,0.999498173819493,"soc_net_bl"
"2631","BAZ1A","End",-0.00545210692423997,7.33861515756666,0.490459309403007,0.484387589273073,0.999519314121592,0.999498173819493,"soc_net_bl"
"2632","FAM177A1","End",-0.00341649314805867,7.03046581440608,0.19867991743083,0.656182479874784,0.999519314121592,0.999498173819493,"soc_net_bl"
"2633","NFKBIA","End",-0.00844186223703782,9.5138544133686,1.38646740883045,0.240146166867229,0.999519314121592,0.999498173819493,"soc_net_bl"
"2634","RALGAPA1","End",-0.00340329887424569,9.88564734662972,0.623136883884329,0.430647941067318,0.999519314121592,0.999498173819493,"soc_net_bl"
"2635","MIPOL1","End",-0.000230506625536532,7.76389100129354,0.00100021540602523,0.974795935231842,0.999519314121592,0.999498173819493,"soc_net_bl"
"2636","CLEC14A","End",-0.00355843269864833,7.92375649224567,0.275944269064592,0.599847386360911,0.999519314121592,0.999498173819493,"soc_net_bl"
"2637","SEC23A","End",-0.0104960050839369,7.58833317436441,4.14492208041464,0.0913572206966615,0.999519314121592,0.999498173819493,"soc_net_bl"
"2638","PNN","End",0.00903873597936894,7.49550838142082,3.2688582338875,0.0718341010274285,0.999519314121592,0.999498173819493,"soc_net_bl"
"2639","MIA2","End",-0.0213749600087603,7.50197830522315,7.40240148160996,0.00698106045993693,0.999519314121592,0.999498173819493,"soc_net_bl"
"2640","FBXO33","End",0.00611153699184049,7.18581545976634,0.744579214885032,0.389042566533245,0.999519314121592,0.999498173819493,"soc_net_bl"
"2641","RPS29","End",0.00366457646263728,6.91466149233859,0.154567761076607,0.694550098801122,0.999519314121592,0.999498173819493,"soc_net_bl"
"2642","RPL36AL","End",0.00712330096785339,7.02350404127629,0.613157038963262,0.434358527099136,0.999519314121592,0.999498173819493,"soc_net_bl"
"2643","NEMF","End",-0.00443320874294835,7.95758630366913,1.03636026313194,0.309674623384355,0.999519314121592,0.999498173819493,"soc_net_bl"
"2644","SOS2","End",-0.00207303861843194,8.05888532233623,0.196066525707609,0.924550868305843,0.999519314121592,0.999498173819493,"soc_net_bl"
"2645","MAP4K5","End",-0.00223127118363689,7.94415991902868,0.164654816206561,0.84225463274799,0.999519314121592,0.999498173819493,"soc_net_bl"
"2646","NIN","End",0.00933231053769601,7.5058180329877,2.57593055214017,0.211144611996529,0.999519314121592,0.999498173819493,"soc_net_bl"
"2647","ERO1A","End",-0.00690009330386811,7.95026265250566,0.715709009574112,0.398381298712568,0.999519314121592,0.999498173819493,"soc_net_bl"
"2648","PSMC6","End",-0.00219417882650403,7.15337646191317,0.121842814496293,0.727344417402488,0.999519314121592,0.999498173819493,"soc_net_bl"
"2649","FERMT2","End",0.000227241740327584,7.62581276739486,0.0017289609049838,0.966866794829934,0.999519314121592,0.999498173819493,"soc_net_bl"
"2650","DDHD1","End",-0.00171979087854317,7.18479007024753,0.0657069635585292,0.797908481879038,0.999519314121592,0.999498173819493,"soc_net_bl"
"2651","SAMD4A","End",-0.000964516086405949,8.49835594456631,0.0102384959635021,0.919486076205465,0.999519314121592,0.999498173819493,"soc_net_bl"
"2652","GCH1","End",0.0155786796121715,7.01894065432744,2.56620125471557,0.110459269808465,0.999519314121592,0.999498173819493,"soc_net_bl"
"2653","MAPK1IP1L","End",-0.000800525660861526,7.37848422035092,0.0173165927517283,0.895414693139669,0.999519314121592,0.999498173819493,"soc_net_bl"
"2654","LGALS3","End",-0.00149428882502912,7.95621489298436,0.0493423595863404,0.824396812869475,0.999519314121592,0.999498173819493,"soc_net_bl"
"2655","FBXO34","End",-0.0130371687849,8.07638512375523,4.32870483781987,0.0385149964171622,0.999519314121592,0.999498173819493,"soc_net_bl"
"2656","KTN1","End",-0.00211877993739987,9.04099861078803,0.282525858886773,0.595532460316322,0.999519314121592,0.999498173819493,"soc_net_bl"
"2657","PELI2","End",0.00953832265976074,8.61411757916828,1.68686456915816,0.195236957780632,0.999519314121592,0.999498173819493,"soc_net_bl"
"2658","EXOC5","End",0.00725008224326419,7.44285786699782,1.53039008462557,0.331869776442435,0.999519314121592,0.999498173819493,"soc_net_bl"
"2659","ARID4A","End",-0.00559207939313237,7.35588019515796,0.734446946471834,0.551354265818963,0.999519314121592,0.999498173819493,"soc_net_bl"
"2660","KIAA0586","End",0.00335470501392579,7.10797852955614,0.210266985388271,0.646965085985375,0.999519314121592,0.999498173819493,"soc_net_bl"
"2661","RTN1","End",-0.00961701095063269,8.77868570196475,3.79947632006924,0.0524108176133194,0.999519314121592,0.999498173819493,"soc_net_bl"
"2662","PCNX4","End",-0.00524691965681726,7.34947276913111,0.619682692100324,0.431926755611819,0.999519314121592,0.999498173819493,"soc_net_bl"
"2663","MNAT1","End",0.00242812829559354,8.19821445587542,0.221277617784414,0.638487018264916,0.999519314121592,0.999498173819493,"soc_net_bl"
"2664","PRKCH","End",-0.000731084513113144,10.4950522084638,0.0439092452615237,0.834196845966173,0.999519314121592,0.999498173819493,"soc_net_bl"
"2665","AL359220.1","End",0.00176633096098759,7.15174800781459,0.0443621203400799,0.833356555855664,0.999519314121592,0.999498173819493,"soc_net_bl"
"2666","HIF1A","End",-0.00275883441803561,8.19093211614297,0.154338463819534,0.694765278654117,0.999519314121592,0.999498173819493,"soc_net_bl"
"2667","HIF1A-AS2","End",-0.00687870652737852,9.89022961387765,0.425130152075599,0.514999999218451,0.999519314121592,0.999498173819493,"soc_net_bl"
"2668","RHOJ","End",-0.00230189044225276,8.17865141576608,0.0828754167569736,0.773681494162137,0.999519314121592,0.999498173819493,"soc_net_bl"
"2669","PPP2R5E","End",0.00432914563812584,8.04369457146258,0.765844758333618,0.38236346346305,0.999519314121592,0.999498173819493,"soc_net_bl"
"2670","SYNE2","End",0.00383919963444667,10.0615029794808,1.26278960440714,0.262224574193518,0.999519314121592,0.999498173819493,"soc_net_bl"
"2671","ESR2","End",-0.0242821353843025,6.63231063830899,3.04571940969144,0.0822051171856176,0.999519314121592,0.999498173819493,"soc_net_bl"
"2672","ZBTB1","End",0.00132134276551216,7.30165219880966,0.0343661438664376,0.853083665217599,0.999519314121592,0.999498173819493,"soc_net_bl"
"2673","MAX","End",-0.00244932028074499,7.3859747009673,0.128666888889224,0.720127462453499,0.999519314121592,0.999498173819493,"soc_net_bl"
"2674","FUT8","End",-0.000825795913056794,8.47679335668316,0.0203598483982343,0.88665402239505,0.999519314121592,0.999498173819493,"soc_net_bl"
"2675","GPHN","End",-0.00138983451150779,9.21466571650618,0.138233388939052,0.710365262176998,0.999519314121592,0.999498173819493,"soc_net_bl"
"2676","RAD51B","End",0.00872910144127818,8.99112835385603,2.34339788407793,0.127106162239247,0.999519314121592,0.999498173819493,"soc_net_bl"
"2677","ZFP36L1","End",0.0023736676583699,8.5358758482643,0.132810458479065,0.715850296485588,0.999519314121592,0.999498173819493,"soc_net_bl"
"2678","ACTN1","End",-0.00588719286326565,8.59931405915818,0.865836336080229,0.353027342191875,0.999519314121592,0.999498173819493,"soc_net_bl"
"2679","DCAF5","End",-0.00189630427434574,8.09218204488229,0.150246564609984,0.957325846788861,0.999519314121592,0.999498173819493,"soc_net_bl"
"2680","SUSD6","End",0.000382144140694256,8.7791480165769,0.00521982059710703,0.94246328500844,0.999519314121592,0.999498173819493,"soc_net_bl"
"2681","SRSF5","End",-0.00467713848465825,7.926471054265,0.94305231821057,0.332452705408481,0.999519314121592,0.999498173819493,"soc_net_bl"
"2682","PCNX1","End",-0.00146325678828867,8.49683462784211,0.11032468458536,0.861307282203544,0.999519314121592,0.999498173819493,"soc_net_bl"
"2683","SIPA1L1","End",-0.00324055606664339,8.69183678091633,0.393617942413034,0.530988553092715,0.999519314121592,0.999498173819493,"soc_net_bl"
"2684","RGS6","End",0.0102979048141028,7.33387539658146,0.673236188009106,0.412723907056263,0.999519314121592,0.999498173819493,"soc_net_bl"
"2685","RBM25","End",-0.0036358781282343,7.87978214923184,0.532267872186169,0.562705633375818,0.999519314121592,0.999498173819493,"soc_net_bl"
"2686","PSEN1","End",0.00833659979052896,7.26803550724348,1.66512361202688,0.198130547491881,0.999519314121592,0.999498173819493,"soc_net_bl"
"2687","NUMB","End",-0.00537010261573057,8.64790005237917,1.73953101195571,0.188430801897465,0.999519314121592,0.999498173819493,"soc_net_bl"
"2688","ABCD4","End",0.000283355565952764,7.24636803364508,0.00161644922529488,0.967962392814848,0.999519314121592,0.999498173819493,"soc_net_bl"
"2689","YLPM1","End",-0.00549807013706846,7.64794201580189,0.896282939783467,0.344713987598616,0.999519314121592,0.999498173819493,"soc_net_bl"
"2690","MLH3","End",0.0142882251095069,6.88370570045118,3.462335905295,0.0639806314315021,0.999519314121592,0.999498173819493,"soc_net_bl"
"2691","TMED10","End",-0.000410938064303575,7.66495622130461,0.00541740613389564,0.941386369520071,0.999519314121592,0.999498173819493,"soc_net_bl"
"2692","FOS","End",-0.00274846158798337,7.89117232304085,0.064347535476277,0.799964869409767,0.999519314121592,0.999498173819493,"soc_net_bl"
"2693","JDP2","End",0.001530581503269,6.87606500250021,0.0230203741171933,0.879529076252335,0.999519314121592,0.999498173819493,"soc_net_bl"
"2694","FLVCR2","End",-6.35248571414452e-07,7.41146753014891,2.82580227347943e-06,0.998660116047406,0.999519314121592,0.999498173819493,"soc_net_bl"
"2695","TTLL5","End",0.00267546945809081,7.98637480295469,0.249350468911285,0.617981315127285,0.999519314121592,0.999498173819493,"soc_net_bl"
"2696","GPATCH2L","End",-0.0158243646454747,7.22990735047242,5.19323417921145,0.0235368250514721,0.999519314121592,0.999498173819493,"soc_net_bl"
"2697","AC008050.1","End",-0.0200444115322383,6.19319859640181,1.3966551750159,0.238431233733858,0.999519314121592,0.999498173819493,"soc_net_bl"
"2698","SPTLC2","End",-0.00202431326481103,7.26817481721323,0.084257121316446,0.771854854374355,0.999519314121592,0.999498173819493,"soc_net_bl"
"2699","NRXN3","End",0.00897387150930663,8.29662731648027,0.620058215163126,0.431787449410391,0.999519314121592,0.999498173819493,"soc_net_bl"
"2700","ZC3H14","End",0.00247108643882194,7.22775352918838,0.131487478047403,0.841626561929471,0.999519314121592,0.999498173819493,"soc_net_bl"
"2701","FOXN3","End",0.0097900880914825,9.51391548901057,4.0183472511769,0.0461092500784607,0.999519314121592,0.999498173819493,"soc_net_bl"
"2702","CALM1","End",0.00599441714739035,9.27249490955023,1.37328398176425,0.242387789708361,0.999519314121592,0.999498173819493,"soc_net_bl"
"2703","TTC7B","End",-0.00422512208096857,7.5984360162701,0.44162370562977,0.506965349626779,0.999519314121592,0.999498173819493,"soc_net_bl"
"2704","RPS6KA5","End",-0.0149692000818537,8.16854402532833,3.26161707598717,0.0721474946860226,0.999519314121592,0.999498173819493,"soc_net_bl"
"2705","DGLUCY","End",0.000398525422789058,7.40261850636256,0.00277016536036476,0.958067760198404,0.999519314121592,0.999498173819493,"soc_net_bl"
"2706","PPP4R3A","End",0.00010168356121092,7.53636028684306,0.000318122635062202,0.985784220729868,0.999519314121592,0.999498173819493,"soc_net_bl"
"2707","FBLN5","End",0.00897485819565481,6.38332590473049,0.222501316278139,0.637560795478704,0.999519314121592,0.999498173819493,"soc_net_bl"
"2708","TRIP11","End",0.00556395338306769,7.7255752455658,1.01381263634747,0.314985461982889,0.999519314121592,0.999498173819493,"soc_net_bl"
"2709","ATXN3","End",-0.00962493793275445,7.09931440588745,1.83729132004969,0.176518108587124,0.999519314121592,0.999498173819493,"soc_net_bl"
"2710","RIN3","End",-0.0179409546294246,6.60604314470028,2.41584802077664,0.121404861984839,0.999519314121592,0.999498173819493,"soc_net_bl"
"2711","BTBD7","End",-0.00165443668409572,7.85534778581387,0.0818824103487605,0.775004476984233,0.999519314121592,0.999498173819493,"soc_net_bl"
"2712","DDX24","End",0.00442032363348295,7.81633769001738,0.593027231440471,0.44199344347332,0.999519314121592,0.999498173819493,"soc_net_bl"
"2713","IFI27","End",0.00779562148097058,9.56625085053105,1.04327542545651,0.308069325397509,0.999519314121592,0.999498173819493,"soc_net_bl"
"2714","DICER1","End",0.00118497066344936,8.13861029923244,0.0415715772487972,0.838608015299222,0.999519314121592,0.999498173819493,"soc_net_bl"
"2715","ATG2B","End",0.00416033627028456,7.0256002358235,0.339679104327207,0.885784575242332,0.999519314121592,0.999498173819493,"soc_net_bl"
"2716","PAPOLA","End",0.000554769345406475,8.03455820157729,0.0104643282057141,0.918606036540471,0.999519314121592,0.999498173819493,"soc_net_bl"
"2717","SETD3","End",0.00424865113136255,7.24981215527824,0.373539948823884,0.541648133007445,0.999519314121592,0.999498173819493,"soc_net_bl"
"2718","EML1","End",0.00030991309340893,8.15100351467589,0.00153452273648279,0.968784402281725,0.999519314121592,0.999498173819493,"soc_net_bl"
"2719","EVL","End",0.00348057888798521,7.73782939789372,0.322566992521985,0.570589632977628,0.999519314121592,0.999498173819493,"soc_net_bl"
"2720","DEGS2","End",-0.00346892051556566,6.90446210369863,0.126821308214223,0.722057593849945,0.999519314121592,0.999498173819493,"soc_net_bl"
"2721","YY1","End",0.000345974160614896,7.66872921550852,0.00403721793826589,0.961199022218752,0.999519314121592,0.999498173819493,"soc_net_bl"
"2722","SLC25A29","End",0.00209570300611838,7.598514152109,0.0764767636724268,0.782363382763211,0.999519314121592,0.999498173819493,"soc_net_bl"
"2723","WARS","End",-0.00767486332924329,8.3741958103424,0.443330052889711,0.506146506242411,0.999519314121592,0.999498173819493,"soc_net_bl"
"2724","PPP2R5C","End",-0.000925411838064208,8.16104454771536,0.0239687128623135,0.877092126386827,0.999519314121592,0.999498173819493,"soc_net_bl"
"2725","DYNC1H1","End",-0.000238865121973739,8.241092841587,0.00248773974459967,0.960260883748486,0.999519314121592,0.999498173819493,"soc_net_bl"
"2726","HSP90AA1","End",0.00922927846022949,10.0627469259173,0.892563568793225,0.345715151855256,0.999519314121592,0.999498173819493,"soc_net_bl"
"2727","WDR20","End",0.000237035180582512,7.36087942387969,0.00187338653742062,0.965511519015272,0.999519314121592,0.999498173819493,"soc_net_bl"
"2728","RCOR1","End",-0.00911562651751097,7.08967606567135,1.28482866553789,0.258112100424922,0.999519314121592,0.999498173819493,"soc_net_bl"
"2729","CDC42BPB","End",-0.0107865535328711,7.75480472798109,3.6374048302866,0.0576655121234628,0.999519314121592,0.999498173819493,"soc_net_bl"
"2730","EIF5","End",-0.00775594631322182,7.3970966898989,1.23073985237586,0.268351920527387,0.999519314121592,0.999498173819493,"soc_net_bl"
"2731","MARK3","End",0.00311890225642256,8.80020396740411,0.72605735101414,0.394997043244474,0.999519314121592,0.999498173819493,"soc_net_bl"
"2732","CKB","End",0.0157085911296776,7.37924205189213,2.72011457727587,0.100373608153272,0.999519314121592,0.999498173819493,"soc_net_bl"
"2733","KLC1","End",-0.00210028254095664,7.9679697611659,0.150310425912318,0.698575797881752,0.999519314121592,0.999498173819493,"soc_net_bl"
"2734","PPP1R13B","End",-0.00282537216970156,8.50233962262534,0.399526553685856,0.527923779943782,0.999519314121592,0.999498173819493,"soc_net_bl"
"2735","JAG2","End",-0.0119749243693488,7.14401430612475,2.62210749768734,0.106672041368041,0.999519314121592,0.999498173819493,"soc_net_bl"
"2736","PACS2","End",-0.00588030569020494,6.98192461133332,0.65136642135848,0.420408076865496,0.999519314121592,0.999498173819493,"soc_net_bl"
"2737","CRIP2","End",-0.011535719283665,8.5929752349286,3.08534724651268,0.0802508366149674,0.999519314121592,0.999498173819493,"soc_net_bl"
"2738","CYFIP1","End",0.00503479549562413,7.8435751339097,0.979874083868393,0.323207378678759,0.999519314121592,0.999498173819493,"soc_net_bl"
"2739","AC124312.1","End",-0.00126668792486878,7.65291767541379,0.0436080448532234,0.834758217983518,0.999519314121592,0.999498173819493,"soc_net_bl"
"2740","UBE3A","End",-0.00625172234084978,7.81000691201035,1.47682371300351,0.225442986359993,0.999519314121592,0.999498173819493,"soc_net_bl"
"2741","ATP10A","End",-0.00448487612178866,11.726405095711,0.716278280396529,0.398194037631544,0.999519314121592,0.999498173819493,"soc_net_bl"
"2742","HERC2","End",-0.00150085827306977,10.6738593930039,0.0969811088187535,0.755748009761413,0.999519314121592,0.999498173819493,"soc_net_bl"
"2743","FAM189A1","End",-0.0169958029284393,6.31841265231251,1.02432757343747,0.312494064426994,0.999519314121592,0.999498173819493,"soc_net_bl"
"2744","TJP1","End",0.00145223642630937,10.1985137195316,0.194557656083703,0.65953942245638,0.999519314121592,0.999498173819493,"soc_net_bl"
"2745","KLF13","End",0.00443812481697141,6.72973191494664,0.26135739280181,0.628333608401022,0.999519314121592,0.999498173819493,"soc_net_bl"
"2746","LINC02256","End",0.0095757852779928,6.86278853992487,1.09427588487286,0.29655762296084,0.999519314121592,0.999498173819493,"soc_net_bl"
"2747","RYR3","End",-0.00329574777231613,6.90746523700971,0.048486336818294,0.825901942980429,0.999519314121592,0.999498173819493,"soc_net_bl"
"2748","AVEN","End",-0.000611850989467374,7.23045569952278,0.00698710107767774,0.933451625579195,0.999519314121592,0.999498173819493,"soc_net_bl"
"2749","KATNBL1","End",-0.00811386269626816,7.80482072215093,2.38934303048731,0.123456813475218,0.999519314121592,0.999498173819493,"soc_net_bl"
"2750","SLC12A6","End",0.00179050829763894,7.57024585836479,0.0971246113987178,0.764482860206432,0.999519314121592,0.999498173819493,"soc_net_bl"
"2751","AQR","End",0.00394256177373375,7.16869065351401,0.368946338447008,0.845039302998055,0.999519314121592,0.999498173819493,"soc_net_bl"
"2752","DPH6","End",-0.0201280032440278,7.04022345276373,2.99655381048707,0.0847019218857598,0.999519314121592,0.999498173819493,"soc_net_bl"
"2753","SPRED1","End",0.00472330927124762,7.14409539650466,0.40666732413442,0.524261970173462,0.999519314121592,0.999498173819493,"soc_net_bl"
"2754","SRP14","End",0.00397925075788683,7.92486451236923,0.299822056333729,0.584492912496624,0.999519314121592,0.999498173819493,"soc_net_bl"
"2755","DLL4","End",-0.00574814830153519,7.7859662507172,0.433789296654496,0.510754460580946,0.999519314121592,0.999498173819493,"soc_net_bl"
"2756","INO80","End",0.00295432995908426,7.20387550040866,0.206213661030604,0.65015381156456,0.999519314121592,0.999498173819493,"soc_net_bl"
"2757","RTF1","End",0.00476446330852194,6.93398370623501,0.419823631430376,0.690579782092242,0.999519314121592,0.999498173819493,"soc_net_bl"
"2758","MAPKBP1","End",-0.00888040740096902,7.05976622123279,1.37818091806806,0.24155217273243,0.999519314121592,0.999498173819493,"soc_net_bl"
"2759","TMEM87A","End",-0.000926397531775853,7.54120187138605,0.0286263146434954,0.865784468604611,0.999519314121592,0.999498173819493,"soc_net_bl"
"2760","ZNF106","End",-0.00994910237066797,7.1418168443895,1.48150650792876,0.224711130744699,0.999519314121592,0.999498173819493,"soc_net_bl"
"2761","SNAP23","End",0.00819326264891489,7.5349704890543,0.984771660090161,0.32200353599847,0.999519314121592,0.999498173819493,"soc_net_bl"
"2762","TTBK2","End",0.00368475191375518,7.88156560031429,0.456406006774852,0.499946154026719,0.999519314121592,0.999498173819493,"soc_net_bl"
"2763","UBR1","End",-0.00328569291978424,8.45804352902777,0.383659605917919,0.536227240891439,0.999519314121592,0.999498173819493,"soc_net_bl"
"2764","PDIA3","End",0.00162361982664642,7.35121849143505,0.0483336985686787,0.826171784269455,0.999519314121592,0.999498173819493,"soc_net_bl"
"2765","SERF2","End",-0.00489142241144256,8.37598145669641,0.400804676321806,0.527264999460585,0.999519314121592,0.999498173819493,"soc_net_bl"
"2766","CASC4","End",0.0071497815104438,7.44404242084113,1.3590405903485,0.244838490870511,0.999519314121592,0.999498173819493,"soc_net_bl"
"2767","CTDSPL2","End",0.00865465372655822,7.33098962290502,2.28025829119777,0.134816330674115,0.999519314121592,0.999498173819493,"soc_net_bl"
"2768","SPG11","End",0.00783831430115845,7.82344887506465,1.97911344852735,0.160752198811201,0.999519314121592,0.999498173819493,"soc_net_bl"
"2769","B2M","End",0.00946719391428393,11.1176598778251,2.04422331955627,0.15406002479159,0.999519314121592,0.999498173819493,"soc_net_bl"
"2770","MYEF2","End",-0.00425557143729962,7.49815303955838,0.375082999626953,0.540815065798042,0.999519314121592,0.999498173819493,"soc_net_bl"
"2771","EID1","End",0.0147356319787859,7.18318074549616,3.34764195532719,0.0685176405347791,0.999519314121592,0.999498173819493,"soc_net_bl"
"2772","SECISBP2L","End",-0.00564870783222023,7.52119265710833,0.96629658719562,0.326576142150638,0.999519314121592,0.999498173819493,"soc_net_bl"
"2773","GALK2","End",-0.00474677569870294,7.2861915068534,0.441504464979146,0.507022656217249,0.999519314121592,0.999498173819493,"soc_net_bl"
"2774","USP8","End",0.00715550791743686,7.24847078142776,1.20041378845443,0.274315805197736,0.999519314121592,0.999498173819493,"soc_net_bl"
"2775","TRPM7","End",0.00299056055111017,7.77451404420888,0.353219579305806,0.552845138105174,0.999519314121592,0.999498173819493,"soc_net_bl"
"2776","TMOD3","End",0.000438915685703467,8.56933676452303,0.0102255934378721,0.91953665042128,0.999519314121592,0.999498173819493,"soc_net_bl"
"2777","MAPK6","End",0.00666546494073957,6.86702549500993,0.599140425497902,0.439653127876997,0.999519314121592,0.999498173819493,"soc_net_bl"
"2778","MYO5C","End",0.0131356041078167,7.68438073606639,4.42634849769539,0.0364085639400231,0.999519314121592,0.999498173819493,"soc_net_bl"
"2779","ARPP19","End",-0.000492316589391023,7.2287128616806,0.00520873388137163,0.942524313908902,0.999519314121592,0.999498173819493,"soc_net_bl"
"2780","FAM214A","End",-0.00293681686989243,7.72427711142576,0.201585791186721,0.65384111374038,0.999519314121592,0.999498173819493,"soc_net_bl"
"2781","RAB27A","End",0.000444170093145748,7.16231363173636,0.00290295620815958,0.957075444302362,0.999519314121592,0.999498173819493,"soc_net_bl"
"2782","CCPG1","End",0.00520884776316054,7.0594153989662,0.573610071690194,0.491486421316513,0.999519314121592,0.999498173819493,"soc_net_bl"
"2783","PRTG","End",0.00919511471303823,7.53350844239525,1.55502807281473,0.213586550173511,0.999519314121592,0.999498173819493,"soc_net_bl"
"2784","NEDD4","End",0.00407316777469718,8.64407524163591,0.857244861842027,0.35542277032029,0.999519314121592,0.999498173819493,"soc_net_bl"
"2785","RFX7","End",-0.0129900844439111,7.60845759854365,3.98626845900527,0.0469801208521912,0.999519314121592,0.999498173819493,"soc_net_bl"
"2786","ZNF280D","End",0.00791813470891046,7.30186727673951,1.61789232979827,0.210209041188843,0.999519314121592,0.999498173819493,"soc_net_bl"
"2787","TCF12","End",-0.00975652091920678,10.1378455623251,8.239977248104,0.00445634651084731,0.971205017707785,0.999498173819493,"soc_net_bl"
"2788","CGNL1","End",-0.00655271185109909,9.82978256280182,1.77798335216,0.183636684180777,0.999519314121592,0.999498173819493,"soc_net_bl"
"2789","ADAM10","End",-0.00306021345470957,8.84166746240906,0.578452595888917,0.546309544851028,0.999519314121592,0.999498173819493,"soc_net_bl"
"2790","MINDY2","End",0.0147220326922232,7.54063290053391,6.74696618807657,0.00995961849624581,0.999519314121592,0.999498173819493,"soc_net_bl"
"2791","RNF111","End",0.00128066574857448,7.58057788413128,0.0567513772568111,0.89165963752281,0.999519314121592,0.999498173819493,"soc_net_bl"
"2792","SLTM","End",0.00361767640196388,8.11881041866388,0.621290359671748,0.471605723933695,0.999519314121592,0.999498173819493,"soc_net_bl"
"2793","MYO1E","End",-0.00738081744980423,9.61586275274183,1.8760295152219,0.172041269946184,0.999519314121592,0.999498173819493,"soc_net_bl"
"2794","BNIP2","End",-0.000667961125071141,7.46256030593003,0.0115875812002351,0.959752932685429,0.999519314121592,0.999498173819493,"soc_net_bl"
"2795","ANXA2","End",-0.0109868952505429,7.96818497671604,2.1965539564686,0.139605862956712,0.999519314121592,0.999498173819493,"soc_net_bl"
"2796","RORA","End",0.00549496355932687,9.63719957605099,0.903189305626711,0.342865373415971,0.999519314121592,0.999498173819493,"soc_net_bl"
"2797","VPS13C","End",-0.00125847675543062,8.42891368912449,0.0892131133216917,0.816364359009831,0.999519314121592,0.999498173819493,"soc_net_bl"
"2798","TPM1","End",-0.000953694137780985,8.81054703012745,0.0423880795212971,0.837052921461661,0.999519314121592,0.999498173819493,"soc_net_bl"
"2799","RPS27L","End",-0.00563265531565882,6.9342360478518,0.336353959123925,0.562474828747364,0.999519314121592,0.999498173819493,"soc_net_bl"
"2800","RAB8B","End",0.00254611391951036,7.14627886180972,0.0930504536336909,0.760593588761074,0.999519314121592,0.999498173819493,"soc_net_bl"
"2801","USP3","End",-0.00103079955538669,7.97856414999444,0.0397083662810548,0.842217298776182,0.999519314121592,0.999498173819493,"soc_net_bl"
"2802","HERC1","End",0.00249262622495086,8.58092145643478,0.35865927658499,0.549805606946503,0.999519314121592,0.999498173819493,"soc_net_bl"
"2803","SNX1","End",-0.00989806357592357,7.29736295856136,3.06457154056867,0.0812690430249781,0.999519314121592,0.999498173819493,"soc_net_bl"
"2804","PPIB","End",-0.00840487971386404,6.64028903331066,0.563606163579711,0.453531975262179,0.999519314121592,0.999498173819493,"soc_net_bl"
"2805","ZNF609","End",-0.00153647590812836,8.60444986355138,0.130998945152757,0.950825151004012,0.999519314121592,0.999498173819493,"soc_net_bl"
"2806","DPP8","End",-0.00697864041273315,7.2708315560529,1.06791402591649,0.302436993579542,0.999519314121592,0.999498173819493,"soc_net_bl"
"2807","DENND4A","End",0.00154964291330156,8.60847618774622,0.119587159163075,0.729779705089232,0.999519314121592,0.999498173819493,"soc_net_bl"
"2808","RAB11A","End",5.9884565603894e-05,8.05041497268514,8.47380645881185e-05,0.992662812496753,0.999519314121592,0.999498173819493,"soc_net_bl"
"2809","MAP2K1","End",-0.00566696151124467,7.56841993869228,0.599789707797813,0.439405685564543,0.999519314121592,0.999498173819493,"soc_net_bl"
"2810","RPL4","End",-0.00819781371448663,7.08696568125139,0.75884812327847,0.384542788848259,0.999519314121592,0.999498173819493,"soc_net_bl"
"2811","SMAD6","End",-0.00571758211178313,9.0753732590061,0.438334086936646,0.508550435432398,0.999519314121592,0.999498173819493,"soc_net_bl"
"2812","SMAD3","End",0.00272256127854542,7.92147665525222,0.166821166258035,0.68330960059678,0.999519314121592,0.999498173819493,"soc_net_bl"
"2813","MAP2K5","End",0.0021510332273816,8.11011835722725,0.16691609687357,0.683224425083126,0.999519314121592,0.999498173819493,"soc_net_bl"
"2814","PIAS1","End",-0.00356488681098761,8.96215523428438,0.732948279429807,0.392766489720765,0.999519314121592,0.999498173819493,"soc_net_bl"
"2815","GLCE","End",0.0173041314914033,7.17376057891086,5.55925720855349,0.019170755011467,0.999519314121592,0.999498173819493,"soc_net_bl"
"2816","PAQR5","End",-0.0115429071782468,7.79696359224931,3.70507397267895,0.0554062113180538,0.999519314121592,0.999498173819493,"soc_net_bl"
"2817","RPLP1","End",-0.00613772443218529,8.22284461318357,0.415655913382202,0.519716401224868,0.999519314121592,0.999498173819493,"soc_net_bl"
"2818","UACA","End",-0.00532625831161952,9.13760393154218,1.86578201483107,0.463949548214079,0.999519314121592,0.999498173819493,"soc_net_bl"
"2819","THSD4","End",0.00511657054493117,11.0447179729597,0.841282525054279,0.359933036726076,0.999519314121592,0.999498173819493,"soc_net_bl"
"2820","MYO9A","End",-0.00818988815072438,9.01179865313871,4.25642881109416,0.0401568137988106,0.999519314121592,0.999498173819493,"soc_net_bl"
"2821","PKM","End",0.000116762503718868,8.22691424544352,0.000392393095788625,0.984211943677778,0.999519314121592,0.999498173819493,"soc_net_bl"
"2822","ARIH1","End",-0.00893705390067217,8.60353333592586,4.01254376924847,0.04626552414764,0.999519314121592,0.999498173819493,"soc_net_bl"
"2823","NPTN","End",-0.00650563928535485,7.76976927432038,1.42488387723742,0.2337567856946,0.999519314121592,0.999498173819493,"soc_net_bl"
"2824","PML","End",0.00904356788993338,7.08420507686378,1.3116996099193,0.253205690015131,0.999519314121592,0.999498173819493,"soc_net_bl"
"2825","PPCDC","End",-0.00700680526555338,6.70428154990365,0.483106021434529,0.487678036527525,0.999519314121592,0.999498173819493,"soc_net_bl"
"2826","PTPN9","End",-0.00264452782383224,6.98609654448575,0.103594999543447,0.747832108398482,0.999519314121592,0.999498173819493,"soc_net_bl"
"2827","UBE2Q2","End",0.00130116265039112,7.19673292083533,0.0394156062851279,0.890743133768528,0.999519314121592,0.999498173819493,"soc_net_bl"
"2828","ETFA","End",-0.00475267458300014,7.49616108667691,0.462531811879356,0.497085806225512,0.999519314121592,0.999498173819493,"soc_net_bl"
"2829","SCAPER","End",0.0023686997703868,8.63214643883944,0.278856121940484,0.597930325759762,0.999519314121592,0.999498173819493,"soc_net_bl"
"2830","PEAK1","End",-0.00705645678899936,8.63260581828927,2.63074474457377,0.106099826329165,0.999519314121592,0.999498173819493,"soc_net_bl"
"2831","HMG20A","End",-0.00545987622629069,6.80281979160711,0.366434527560163,0.545515010569723,0.999519314121592,0.999498173819493,"soc_net_bl"
"2832","LINGO1","End",-0.0291323647930994,8.6450300731421,5.15294423252591,0.0240771325219461,0.999519314121592,0.999498173819493,"soc_net_bl"
"2833","MORF4L1","End",0.00218836278297812,7.83743807162372,0.152104038897389,0.696871863397148,0.999519314121592,0.999498173819493,"soc_net_bl"
"2834","ZFAND6","End",-0.00555512294666522,7.85405705057988,1.32008753082334,0.251697798001303,0.999519314121592,0.999498173819493,"soc_net_bl"
"2835","ARNT2","End",-0.00257106987309417,8.62798659774765,0.160985792301992,0.688600575895345,0.999519314121592,0.999498173819493,"soc_net_bl"
"2836","CEMIP","End",-0.0184338268735372,6.68388380183887,1.02529054165314,0.312267192965624,0.999519314121592,0.999498173819493,"soc_net_bl"
"2837","HOMER2","End",-0.00997254294764023,7.25695876743832,1.07945196930732,0.299845367657927,0.999519314121592,0.999498173819493,"soc_net_bl"
"2838","TM6SF1","End",-0.00581781702221862,7.15606677608524,0.476265351365339,0.490772640082545,0.999519314121592,0.999498173819493,"soc_net_bl"
"2839","HDGFL3","End",-0.000426385823383599,8.06003546270173,0.00699932424671002,0.984725231328596,0.999519314121592,0.999498173819493,"soc_net_bl"
"2840","PDE8A","End",-0.00548786790376511,8.53244024863293,1.3526304223947,0.453250123720086,0.999519314121592,0.999498173819493,"soc_net_bl"
"2841","AKAP13","End",0.000350940268006777,8.62549322842121,0.00316158532998991,0.955206063364513,0.999519314121592,0.999498173819493,"soc_net_bl"
"2842","NTRK3","End",0.0260953908165849,6.52562471093695,3.59837078237491,0.0590133682770291,0.999519314121592,0.999498173819493,"soc_net_bl"
"2843","ABHD2","End",0.00164536037429627,7.56120814136546,0.0822434274692162,0.774522494152689,0.999519314121592,0.999498173819493,"soc_net_bl"
"2844","IQGAP1","End",-0.00272565606930972,8.98552000355262,0.526953961929947,0.468583796089397,0.999519314121592,0.999498173819493,"soc_net_bl"
"2845","CRTC3","End",-0.000746381953454372,7.99021400512868,0.0198963182551948,0.887943049778607,0.999519314121592,0.999498173819493,"soc_net_bl"
"2846","FES","End",-0.0203938688073985,6.83340615383152,4.29136549026873,0.039354156252811,0.999519314121592,0.999498173819493,"soc_net_bl"
"2847","SLCO3A1","End",0.00718519468910014,9.1864534040346,2.70467981261963,0.101337767962038,0.999519314121592,0.999498173819493,"soc_net_bl"
"2848","AC013394.1","End",0.00540102314455308,7.69899184562643,0.877604424973154,0.349781995956954,0.999519314121592,0.999498173819493,"soc_net_bl"
"2849","CHD2","End",-0.000433872457333044,7.88164059006809,0.00537652981799109,0.941607519755758,0.999519314121592,0.999498173819493,"soc_net_bl"
"2850","NR2F2-AS1","End",0.0220208099698189,6.21708155323229,1.57020782220376,0.211372503077566,0.999519314121592,0.999498173819493,"soc_net_bl"
"2851","IGF1R","End",0.00248857205581656,10.7055068986676,0.333318084306183,0.564242411773308,0.999519314121592,0.999498173819493,"soc_net_bl"
"2852","LRRC28","End",-0.00483660380378806,6.90479744779047,0.265291965830764,0.606972396719824,0.999519314121592,0.999498173819493,"soc_net_bl"
"2853","MEF2A","End",-0.00916921784315008,10.3967766511022,3.28887370251625,0.0709754548901166,0.999519314121592,0.999498173819493,"soc_net_bl"
"2854","CHSY1","End",-0.00518519054217215,9.7737282838708,0.781772638265059,0.377467177257831,0.999519314121592,0.999498173819493,"soc_net_bl"
"2855","HBA2","End",-0.000590958868396943,6.42087230939432,0.000900246596720606,0.976088224427651,0.999519314121592,0.999498173819493,"soc_net_bl"
"2856","LUC7L","End",-0.0109618599686232,7.25189979632359,2.52802585717516,0.163656454804139,0.999519314121592,0.999498173819493,"soc_net_bl"
"2857","RAB11FIP3","End",-0.0159015404387728,7.24870025979214,4.98611620535843,0.0362581327940069,0.999519314121592,0.999498173819493,"soc_net_bl"
"2858","TMEM204","End",-0.00731305639042771,7.88753341429667,1.24825376801536,0.264981667904612,0.999519314121592,0.999498173819493,"soc_net_bl"
"2859","NME3","End",-0.00517095967508127,6.8598203773193,0.367461198850132,0.54495312412849,0.999519314121592,0.999498173819493,"soc_net_bl"
"2860","RPS2","End",-0.00437319019634601,7.54775636156496,0.206605955134491,0.649843550186119,0.999519314121592,0.999498173819493,"soc_net_bl"
"2861","SLC9A3R2","End",-0.00133214708505903,8.64782571238841,0.0329225758954635,0.856167833401694,0.999519314121592,0.999498173819493,"soc_net_bl"
"2862","PDPK1","End",-0.0024027437212512,7.14879379762291,0.117737348777015,0.969893958002452,0.999519314121592,0.999498173819493,"soc_net_bl"
"2863","SRRM2","End",-0.00294701048355074,8.29618982772147,0.437404734787612,0.5089997901565,0.999519314121592,0.999498173819493,"soc_net_bl"
"2864","ELOB","End",0.00233926481293542,6.65345291653894,0.0429660505888513,0.835961547361215,0.999519314121592,0.999498173819493,"soc_net_bl"
"2865","IL32","End",-0.00188106362261806,7.09542106057176,0.0261921134135643,0.871565535492066,0.999519314121592,0.999498173819493,"soc_net_bl"
"2866","CREBBP","End",-0.000506388613736736,8.36752639598561,0.012599090118471,0.910720611895663,0.999519314121592,0.999498173819493,"soc_net_bl"
"2867","ADCY9","End",-0.00328289983510924,7.14290522411427,0.177599637520682,0.673814069709627,0.999519314121592,0.999498173819493,"soc_net_bl"
"2868","GLYR1","End",0.010017300287805,7.31303082204865,3.10649369675522,0.0792286526090642,0.999519314121592,0.999498173819493,"soc_net_bl"
"2869","UBN1","End",0.00124272648361813,7.17066453661734,0.0360372575578586,0.849595898876871,0.999519314121592,0.999498173819493,"soc_net_bl"
"2870","RBFOX1","End",0.0182935215859193,7.83329977408759,5.14988096271922,0.0241187388381523,0.999519314121592,0.999498173819493,"soc_net_bl"
"2871","CARHSP1","End",0.00104890992023448,7.46974778189026,0.0172485530155501,0.895619176081226,0.999519314121592,0.999498173819493,"soc_net_bl"
"2872","ATF7IP2","End",-0.00660441175143889,7.20933213250206,0.810674608353192,0.368805833685124,0.999519314121592,0.999498173819493,"soc_net_bl"
"2873","EMP2","End",-0.00175761541154637,9.22742748795283,0.101012514729599,0.750888906061164,0.999519314121592,0.999498173819493,"soc_net_bl"
"2874","CLEC16A","End",-0.00624242979953715,7.93004810161892,1.64716746561039,0.200558580987615,0.999519314121592,0.999498173819493,"soc_net_bl"
"2875","LITAF","End",-0.0332536814480044,6.96054970616792,4.47123027960272,0.0354814131719069,0.999519314121592,0.999498173819493,"soc_net_bl"
"2876","ZC3H7A","End",0.00461911762803737,7.28963154770002,0.474668887760924,0.491499578947601,0.999519314121592,0.999498173819493,"soc_net_bl"
"2877","GSPT1","End",-0.00376572026956486,7.1973914015804,0.291411236411859,0.816588743023675,0.999519314121592,0.999498173819493,"soc_net_bl"
"2878","SNX29","End",-0.00274715983713667,7.99766268262625,0.240579136333317,0.624227528501798,0.999519314121592,0.999498173819493,"soc_net_bl"
"2879","MKL2","End",-6.1655510617804e-06,10.9102914483804,1.53197272349071e-06,0.999013443616374,0.999519314121592,0.999679717101924,"soc_net_bl"
"2880","AC130650.1","End",-0.016184613313887,6.44864794832143,1.7144087024392,0.191642066043657,0.999519314121592,0.999498173819493,"soc_net_bl"
"2881","PARN","End",-0.00319092253057132,7.00189314218268,0.154530367295407,0.694585177730642,0.999519314121592,0.999498173819493,"soc_net_bl"
"2882","PDXDC1","End",-0.017440819601346,7.4467228428106,7.49456896236039,0.00664279905824739,0.999519314121592,0.999498173819493,"soc_net_bl"
"2883","RPS15A","End",-0.017453395507432,6.62250632924658,1.64037185391598,0.201486638820123,0.999519314121592,0.999498173819493,"soc_net_bl"
"2884","SMG1","End",-0.005049113141264,8.80188122708091,1.12187669907156,0.29055877054561,0.999519314121592,0.999498173819493,"soc_net_bl"
"2885","VPS35L","End",0.00061938474645276,7.21352408099012,0.00861537878688739,0.926123227759366,0.999519314121592,0.999498173819493,"soc_net_bl"
"2886","NPIPB4","End",-0.00475273409892708,7.24546157879271,0.268343724666206,0.604912868976734,0.999519314121592,0.999498173819493,"soc_net_bl"
"2887","UQCRC2","End",0.00833037829621936,6.92545100295485,1.22591962149151,0.460491396955015,0.999519314121592,0.999498173819493,"soc_net_bl"
"2888","MOSMO","End",-0.00413627813892411,8.68872854717928,0.488433275784096,0.485290513709441,0.999519314121592,0.999498173819493,"soc_net_bl"
"2889","CDR2","End",-0.0016181256063347,7.45132900496412,0.0598750349694805,0.806898559045537,0.999519314121592,0.999498173819493,"soc_net_bl"
"2890","NPIPB5","End",-0.00817542991585034,8.91474977416118,1.42588226902675,0.233593510346724,0.999519314121592,0.999498173819493,"soc_net_bl"
"2891","HS3ST2","End",0.0394930527203012,5.9754319069907,4.12849505771562,0.0432469419042931,0.999519314121592,0.999498173819493,"soc_net_bl"
"2892","USP31","End",0.00779664818899883,7.10381126660431,1.15147249169303,0.284297851159856,0.999519314121592,0.999498173819493,"soc_net_bl"
"2893","COG7","End",-0.000573118115254842,7.15438496418521,0.00328711866137065,0.954326388981075,0.999519314121592,0.999498173819493,"soc_net_bl"
"2894","PRKCB","End",0.00048615066636073,6.91732114058632,0.00230030308899557,0.961786054329047,0.999519314121592,0.999498173819493,"soc_net_bl"
"2895","RBBP6","End",0.00227534252562407,7.69656877718687,0.186001073193795,0.877019609679364,0.999519314121592,0.999498173819493,"soc_net_bl"
"2896","TNRC6A","End",0.00267283214954946,8.66001528687356,0.343861130747875,0.558149297669956,0.999519314121592,0.999498173819493,"soc_net_bl"
"2897","ARHGAP17","End",0.00101556671296425,7.53971118866173,0.0285529352081381,0.865954960438314,0.999519314121592,0.999498173819493,"soc_net_bl"
"2898","IL4R","End",0.00477726040161366,9.68260249984703,0.569173285198699,0.451312799396088,0.999519314121592,0.999498173819493,"soc_net_bl"
"2899","NFATC2IP","End",0.00288164753145873,7.17522910260084,0.214232738783127,0.64388107241646,0.999519314121592,0.999498173819493,"soc_net_bl"
"2900","MVP","End",-0.00855154105970576,7.31468020766322,1.57553388363674,0.210602160634691,0.999519314121592,0.999498173819493,"soc_net_bl"
"2901","NPIPB13","End",-0.00631596292525623,6.89297915781848,0.392274060942619,0.531690095961652,0.999519314121592,0.999498173819493,"soc_net_bl"
"2902","FUS","End",0.00341176512149975,7.98602261903374,0.447226477977825,0.504285187505791,0.999519314121592,0.999498173819493,"soc_net_bl"
"2903","ITFG1","End",0.00141388784837407,8.76488813147144,0.0703416601871457,0.791063186966327,0.999519314121592,0.999498173819493,"soc_net_bl"
"2904","PHKB","End",-0.000997105922037813,8.86129149843878,0.0658837042909372,0.797642799959776,0.999519314121592,0.999498173819493,"soc_net_bl"
"2905","LONP2","End",-0.00538426822820673,7.88517743980095,1.16798075893671,0.343891599078776,0.999519314121592,0.999498173819493,"soc_net_bl"
"2906","N4BP1","End",-0.00709292782646354,7.50748756403649,1.04401890615954,0.30789737936418,0.999519314121592,0.999498173819493,"soc_net_bl"
"2907","ZNF423","End",0.012971968595921,7.96292029798228,3.93529122939283,0.0484001536560962,0.999519314121592,0.999498173819493,"soc_net_bl"
"2908","NKD1","End",0.0064227526839622,7.24402700109148,0.479208735269558,0.489437096363021,0.999519314121592,0.999498173819493,"soc_net_bl"
"2909","CYLD","End",-0.00281101106621869,8.00975352316083,0.261834828889208,0.609323698575424,0.999519314121592,0.999498173819493,"soc_net_bl"
"2910","CHD9","End",-0.00680184640142131,8.52608472393952,2.27208562854369,0.133012019174877,0.999519314121592,0.999498173819493,"soc_net_bl"
"2911","RBL2","End",-0.000318105029061968,7.20735083219787,0.00220183135996645,0.962612318742074,0.999519314121592,0.999498173819493,"soc_net_bl"
"2912","FTO","End",-0.00094302060983282,8.89183994241144,0.0508605779766318,0.823399220976042,0.999519314121592,0.999498173819493,"soc_net_bl"
"2913","MT3","End",0.00823415741820098,6.64595001462727,0.465402194602091,0.495755050039233,0.999519314121592,0.999498173819493,"soc_net_bl"
"2914","MT2A","End",-0.0140070581067692,10.9804693146361,1.40501049552195,0.237035898127302,0.999519314121592,0.999498173819493,"soc_net_bl"
"2915","MT1E","End",-0.006810444158823,8.65014626939909,0.320554948932355,0.57179302621615,0.999519314121592,0.999498173819493,"soc_net_bl"
"2916","MT1M","End",-0.00618051737926483,8.50625097390726,0.26337102780836,0.608276476060327,0.999519314121592,0.999498173819493,"soc_net_bl"
"2917","MT1F","End",-0.00960445254647616,6.529232956944,0.51155936409635,0.475146232302214,0.999519314121592,0.999498173819493,"soc_net_bl"
"2918","MT1X","End",-0.00952360371862788,8.30128339306185,0.516208451093511,0.473148780233263,0.999519314121592,0.999498173819493,"soc_net_bl"
"2919","HERPUD1","End",0.00162409399564151,9.54879564770821,0.0717758454829605,0.788994104570656,0.999519314121592,0.999498173819493,"soc_net_bl"
"2920","NLRC5","End",0.00118698726914708,7.41502111107112,0.0211126400089546,0.884592095094169,0.999519314121592,0.999498173819493,"soc_net_bl"
"2921","PLLP","End",0.00822815603164665,7.3707220800717,1.27478969599644,0.259975343925913,0.999519314121592,0.999498173819493,"soc_net_bl"
"2922","CX3CL1","End",-0.00152709768220234,7.09835505556801,0.0149945638831671,0.902641300953709,0.999519314121592,0.999498173819493,"soc_net_bl"
"2923","ADGRG1","End",-0.00951196993266727,7.58410713252036,2.00173178590446,0.158390441007244,0.999519314121592,0.999498173819493,"soc_net_bl"
"2924","CNOT1","End",0.000357257892879136,7.29445617990267,0.00354397557823781,0.952577509415364,0.999519314121592,0.999498173819493,"soc_net_bl"
"2925","CDH11","End",0.00680004720237627,8.7575816030663,0.750923851399475,0.387032505518092,0.999519314121592,0.999498173819493,"soc_net_bl"
"2926","CDH5","End",-0.00452284532799301,8.31110420336663,0.802077192331015,0.371352896804983,0.999519314121592,0.999498173819493,"soc_net_bl"
"2927","DYNC1LI2","End",0.00098351761350939,7.29795019327194,0.0293424299177796,0.873926185123344,0.999519314121592,0.999498173819493,"soc_net_bl"
"2928","CBFB","End",-0.0080406425209099,7.68875213176374,1.99260432241665,0.162629967519191,0.999519314121592,0.999498173819493,"soc_net_bl"
"2929","RIPOR1","End",-0.00181835766127678,7.33530339924733,0.0727790245317421,0.787559970657568,0.999519314121592,0.999498173819493,"soc_net_bl"
"2930","NFATC3","End",-0.00287742495448127,8.27871384890226,0.376352692975324,0.540131346163754,0.999519314121592,0.999498173819493,"soc_net_bl"
"2931","SLC7A6","End",0.00645782969406176,6.95696027902219,0.601953461235749,0.438582621568745,0.999519314121592,0.999498173819493,"soc_net_bl"
"2932","NFAT5","End",-0.000486524892570862,9.25343324389816,0.0154021491886004,0.901333676858339,0.999519314121592,0.999498173819493,"soc_net_bl"
"2933","AP1G1","End",-0.00724729182599321,7.35869868375322,1.35399631617688,0.245713679598295,0.999519314121592,0.999498173819493,"soc_net_bl"
"2934","IST1","End",-0.00385108526528762,7.14193513103455,0.306296533980512,0.72529588568505,0.999519314121592,0.999498173819493,"soc_net_bl"
"2935","ZFHX3","End",-0.000611043817582632,8.22229436899248,0.00792782742940196,0.929124239536954,0.999519314121592,0.999498173819493,"soc_net_bl"
"2936","GLG1","End",-0.00311525035515601,8.35119539360492,0.645780577790844,0.422404961492889,0.999519314121592,0.999498173819493,"soc_net_bl"
"2937","MLKL","End",0.00593184786924184,7.54822476901276,0.418867774669946,0.518109015645937,0.999519314121592,0.999498173819493,"soc_net_bl"
"2938","ZNRF1","End",-0.0101373192849566,7.66828517767718,2.05107962814195,0.153374018531758,0.999519314121592,0.999498173819493,"soc_net_bl"
"2939","BCAR1","End",-0.000255553455901981,7.18969607176705,0.00109002382220515,0.973689125338244,0.999519314121592,0.999498173819493,"soc_net_bl"
"2940","CFDP1","End",-0.00462415143018313,7.79405441573618,0.522621839516488,0.470415593108799,0.999519314121592,0.999498173819493,"soc_net_bl"
"2941","GABARAPL2","End",0.00493884025134346,7.22123780320545,0.368977190935394,0.544125398466219,0.999519314121592,0.999498173819493,"soc_net_bl"
"2942","TERF2IP","End",0.00416397434636008,7.71637252827044,0.550189709626623,0.458951274284804,0.999519314121592,0.999498173819493,"soc_net_bl"
"2943","WWOX","End",-0.0069495121429545,9.68920576755342,1.40634157811124,0.236814527539753,0.999519314121592,0.999498173819493,"soc_net_bl"
"2944","CDYL2","End",-0.00366750861755161,9.21394629038272,0.564032146827331,0.453361563900995,0.999519314121592,0.999498173819493,"soc_net_bl"
"2945","GAN","End",-0.0159765076815555,6.99015075925881,4.22758270842468,0.0408325760880522,0.999519314121592,0.999498173819493,"soc_net_bl"
"2946","CMIP","End",0.000557033747579706,8.94793214002711,0.00634557957342446,0.936573438501416,0.999519314121592,0.999498173819493,"soc_net_bl"
"2947","PLCG2","End",0.00737360489156213,8.44730632947018,1.3700580274304,0.242940202048066,0.999519314121592,0.999498173819493,"soc_net_bl"
"2948","CDH13","End",-0.028410591227225,6.98130797741539,1.55965556430936,0.2129086869241,0.999519314121592,0.999498173819493,"soc_net_bl"
"2949","MBTPS1","End",-0.00482953430520089,7.03631687011483,0.463442568066504,0.496662911313181,0.999519314121592,0.999498173819493,"soc_net_bl"
"2950","GSE1","End",0.00664608618780856,7.30587631032285,0.715101008998308,0.398581441137722,0.999519314121592,0.999498173819493,"soc_net_bl"
"2951","COX4I1","End",0.00102244637455987,7.41450002056981,0.0125370652916351,0.910939719662843,0.999519314121592,0.999498173819493,"soc_net_bl"
"2952","FENDRR","End",0.00292063109606668,7.65893641460254,0.18354821383407,0.668718275336962,0.999519314121592,0.999498173819493,"soc_net_bl"
"2953","FOXF1","End",-0.00550786033033032,6.84535311872878,0.312186159654175,0.576852528910804,0.999519314121592,0.999498173819493,"soc_net_bl"
"2954","MAP1LC3B","End",0.00603958061267464,7.06809654257049,0.660466772975775,0.41718490529056,0.999519314121592,0.999498173819493,"soc_net_bl"
"2955","ZCCHC14","End",-0.0149666129884671,7.24072283100156,3.69722077014437,0.0556634927230269,0.999519314121592,0.999498173819493,"soc_net_bl"
"2956","SLC7A5","End",-0.000355776804271889,10.9093998675446,0.0048501450605277,0.944534684583122,0.999519314121592,0.999498173819493,"soc_net_bl"
"2957","BANP","End",-0.0200786133602142,7.03867167953148,4.4773535309013,0.0353568624810425,0.999519314121592,0.999498173819493,"soc_net_bl"
"2958","CYBA","End",-0.00989885092556775,6.86606267992424,0.778525341023698,0.378458172100858,0.999519314121592,0.999498173819493,"soc_net_bl"
"2959","ANKRD11","End",-0.000756481937940583,8.89576725490223,0.0274705234936768,0.868496533017796,0.999519314121592,0.999498173819493,"soc_net_bl"
"2960","SPG7","End",0.00298588567154461,7.28382545917896,0.19393760689148,0.66004802565519,0.999519314121592,0.999498173819493,"soc_net_bl"
"2961","RPL13","End",0.000184989978679498,8.82647505286121,0.00056594037681927,0.981039895968494,0.999519314121592,0.999498173819493,"soc_net_bl"
"2962","TCF25","End",-0.00273060528719907,7.8461498727706,0.288440425566627,0.59170952065438,0.999519314121592,0.999498173819493,"soc_net_bl"
"2963","VPS53","End",-0.00395802360346102,7.64583207625204,0.463846847333248,0.967237390566036,0.999519314121592,0.999498173819493,"soc_net_bl"
"2964","NXN","End",-0.00185938625631036,10.2346381438691,0.143537402274923,0.705117788231518,0.999519314121592,0.999498173819493,"soc_net_bl"
"2965","ABR","End",0.00103206266459098,8.27173984186761,0.0399436639428326,0.841756704593853,0.999519314121592,0.999498173819493,"soc_net_bl"
"2966","YWHAE","End",-0.000469727918143666,8.04688693475988,0.00835898547549466,0.927227696510869,0.999519314121592,0.999498173819493,"soc_net_bl"
"2967","CRK","End",-0.00176003286028361,7.5992409776924,0.0917978714427971,0.762161187104872,0.999519314121592,0.999498173819493,"soc_net_bl"
"2968","PITPNA","End",0.00976123911557124,7.63712837845994,3.97651708957342,0.0472482963226738,0.999519314121592,0.999498173819493,"soc_net_bl"
"2969","SMG6","End",-0.00330798670204584,8.03542532469812,0.419720613748185,0.531506335812986,0.999519314121592,0.999498173819493,"soc_net_bl"
"2970","PAFAH1B1","End",0.00103529495577088,8.55131775948871,0.0565093434439172,0.812299498610792,0.999519314121592,0.999498173819493,"soc_net_bl"
"2971","ZZEF1","End",0.00426429861163129,7.19688533885289,0.519942375577694,0.474044207872185,0.999519314121592,0.999498173819493,"soc_net_bl"
"2972","ANKFY1","End",-0.00756617656991418,6.9484075101527,0.821452762451043,0.365647055855881,0.999519314121592,0.999498173819493,"soc_net_bl"
"2973","UBE2G1","End",-0.00393505186711929,7.2940723288594,0.356248797356979,0.551148619841611,0.999519314121592,0.999498173819493,"soc_net_bl"
"2974","SPNS2","End",0.00170654134764711,7.08352713182311,0.0366496006298928,0.848338917658504,0.999519314121592,0.999498173819493,"soc_net_bl"
"2975","PFN1","End",-0.012124263719516,7.3893641376596,1.42079474494338,0.234426963969403,0.999519314121592,0.999498173819493,"soc_net_bl"
"2976","RABEP1","End",-0.00277734077113012,7.72850472137142,0.286176341568939,0.593166923325454,0.999519314121592,0.999498173819493,"soc_net_bl"
"2977","NLRP1","End",-0.00850334260020005,7.9915274727321,2.24461975136631,0.135368324827583,0.999519314121592,0.999498173819493,"soc_net_bl"
"2978","XAF1","End",0.00966668705733729,9.28772562984841,2.14468168710264,0.144347823749147,0.999519314121592,0.999498173819493,"soc_net_bl"
"2979","ACADVL","End",0.00170002965213817,6.88730723390535,0.0391871326214468,0.843242690976856,0.999519314121592,0.999498173819493,"soc_net_bl"
"2980","PER1","End",0.00567333909354799,7.14607438338668,0.457150246320671,0.49959715345491,0.999519314121592,0.999498173819493,"soc_net_bl"
"2981","STX8","End",-0.00902345682999677,8.02141615443378,2.08784990864506,0.14975381494244,0.999519314121592,0.999498173819493,"soc_net_bl"
"2982","MAP2K4","End",0.00329974893744692,7.99992980300469,0.433174896726002,0.701478003450389,0.999519314121592,0.999498173819493,"soc_net_bl"
"2983","TTC19","End",-0.000829015519028336,7.95724629690217,0.0238133914631451,0.87748783174696,0.999519314121592,0.999498173819493,"soc_net_bl"
"2984","NCOR1","End",-0.00477324153459507,8.54405811295771,1.6399536359834,0.201543919299447,0.999519314121592,0.999498173819493,"soc_net_bl"
"2985","UBB","End",0.0116325279635215,7.85979639677646,2.89717476170579,0.0900045394769353,0.999519314121592,0.999498173819493,"soc_net_bl"
"2986","MPRIP","End",-0.00545653173363735,8.20426145198398,1.35311050707061,0.415972581009148,0.999519314121592,0.999498173819493,"soc_net_bl"
"2987","TOM1L2","End",0.000722445604760187,7.24965784063611,0.0133692317193492,0.908044234139319,0.999519314121592,0.999498173819493,"soc_net_bl"
"2988","GRAPL","End",0.000314580096233896,7.64259933503872,0.00241714798553449,0.960828294455163,0.999519314121592,0.999498173819493,"soc_net_bl"
"2989","EPN2","End",-0.00282527024260418,8.58010165980896,0.414088386118092,0.603404096088338,0.999519314121592,0.999498173819493,"soc_net_bl"
"2990","SLC47A1","End",-0.0249274791900879,6.22446166029501,2.69374954109663,0.102026705053347,0.999519314121592,0.999498173819493,"soc_net_bl"
"2991","AKAP10","End",0.000795474716907728,7.46449802841452,0.0177191620535143,0.894213108650994,0.999519314121592,0.999498173819493,"soc_net_bl"
"2992","USP22","End",0.00039861451146051,7.51832929220045,0.00604223228139757,0.938104901676106,0.999519314121592,0.999498173819493,"soc_net_bl"
"2993","WSB1","End",-0.00114200565430858,9.5701991296175,0.0813429009683666,0.775726907338512,0.999519314121592,0.999498173819493,"soc_net_bl"
"2994","KSR1","End",0.00749704067973626,6.83079564724962,0.626164523700679,0.429531769989132,0.999519314121592,0.999498173819493,"soc_net_bl"
"2995","NLK","End",-0.00187723430245798,9.61934080708845,0.146606738808695,0.702131687204785,0.999519314121592,0.999498173819493,"soc_net_bl"
"2996","TNFAIP1","End",-0.0106319825986949,7.18419895241403,2.3964921633128,0.122899560992883,0.999519314121592,0.999498173819493,"soc_net_bl"
"2997","RPL23A","End",0.00921810215349282,7.20027299272089,0.847547200010543,0.358153553691624,0.999519314121592,0.999498173819493,"soc_net_bl"
"2998","FAM222B","End",-0.000437441182748858,7.5739980573979,0.0051647433594166,0.942767113833967,0.999519314121592,0.999498173819493,"soc_net_bl"
"2999","NUFIP2","End",0.0013321891225593,7.90689427478975,0.0577596424783576,0.810273765886238,0.999519314121592,0.999498173819493,"soc_net_bl"
"3000","TAOK1","End",0.000435002328982393,8.19271691120297,0.00983096811378175,0.921099340717648,0.999519314121592,0.999498173819493,"soc_net_bl"
"3001","GIT1","End",-0.00102996976878946,7.04393266937804,0.0169605171075594,0.896489402278568,0.999519314121592,0.999498173819493,"soc_net_bl"
"3002","SSH2","End",-0.00652823644407962,8.47058851505472,1.25727731844304,0.263265888732826,0.999519314121592,0.999498173819493,"soc_net_bl"
"3003","NSRP1","End",-0.00622220817824118,7.73691721717521,1.29760462700715,0.255764770651739,0.999519314121592,0.999498173819493,"soc_net_bl"
"3004","CPD","End",0.013738595745293,8.9638728989408,11.3818318165353,0.000862102403422199,0.888697636424933,0.999498173819493,"soc_net_bl"
"3005","NF1","End",0.000633112253724056,9.20138382063212,0.0341205600487056,0.853603557213645,0.999519314121592,0.999498173819493,"soc_net_bl"
"3006","SUZ12","End",0.00191602685762236,7.46793724105405,0.132177069847857,0.733630039817449,0.999519314121592,0.999498173819493,"soc_net_bl"
"3007","RHOT1","End",-0.00872221297243009,7.2123786992587,1.63805790033353,0.209601051139335,0.999519314121592,0.999498173819493,"soc_net_bl"
"3008","ZNF207","End",0.00153680275948665,8.29037102370688,0.132275679655612,0.858674693452083,0.999519314121592,0.999498173819493,"soc_net_bl"
"3009","MYO1D","End",-0.00324428290941664,7.32863322224587,0.155929813910986,0.693275690245268,0.999519314121592,0.999498173819493,"soc_net_bl"
"3010","SLFN5","End",0.0140582087422458,6.94570770761934,3.45331161098319,0.0643256401573199,0.999519314121592,0.999498173819493,"soc_net_bl"
"3011","SLFN12L","End",0.0150950219499281,7.58359113977594,2.31492649207005,0.129428084605201,0.999519314121592,0.999498173819493,"soc_net_bl"
"3012","AP2B1","End",0.000355428237676244,7.90987532342878,0.00518365998801093,0.942662579101624,0.999519314121592,0.999498173819493,"soc_net_bl"
"3013","TAF15","End",-0.00364956614509157,8.32168430254452,0.576138066129908,0.561381893562627,0.999519314121592,0.999498173819493,"soc_net_bl"
"3014","GGNBP2","End",-0.00317901174771794,7.40821614875914,0.302163796140034,0.790247510812406,0.999519314121592,0.999498173819493,"soc_net_bl"
"3015","ACACA","End",-0.00497663986776722,7.53509398063516,0.520988014792121,0.471109446588714,0.999519314121592,0.999498173819493,"soc_net_bl"
"3016","SYNRG","End",0.00351942339493105,7.43130265146277,0.340086701497257,0.56031607048884,0.999519314121592,0.999498173819493,"soc_net_bl"
"3017","MLLT6","End",-0.00169585206826653,7.30724024496497,0.0804144032924432,0.776976305482023,0.999519314121592,0.999498173819493,"soc_net_bl"
"3018","RPL23","End",0.00179713093021642,6.80207293228144,0.0381938119203329,0.845216603843875,0.999519314121592,0.999498173819493,"soc_net_bl"
"3019","RPL19","End",0.00728583610905665,7.66702515217815,0.620382609786071,0.431667165147638,0.999519314121592,0.999498173819493,"soc_net_bl"
"3020","FBXL20","End",-0.00128524828554625,7.6066366116024,0.038548407312625,0.844508930162945,0.999519314121592,0.999498173819493,"soc_net_bl"
"3021","CDK12","End",0.00643139903381045,7.19485483527975,1.15955163987724,0.68747402495931,0.999519314121592,0.999498173819493,"soc_net_bl"
"3022","CSF3","End",-0.0372908589166847,6.30150957800827,1.72392426580103,0.190418249932316,0.999519314121592,0.999498173819493,"soc_net_bl"
"3023","WIPF2","End",-0.0039879978352403,7.18206476546551,0.36055260982857,0.670380477699162,0.999519314121592,0.999498173819493,"soc_net_bl"
"3024","EIF1","End",0.00901716684427682,9.17816231577745,1.99842067910649,0.158733685198149,0.999519314121592,0.999498173819493,"soc_net_bl"
"3025","STAT5B","End",-0.00561977876638904,8.00716449354072,1.0730020047957,0.301567943053136,0.999519314121592,0.999498173819493,"soc_net_bl"
"3026","STAT3","End",-0.00398270920110319,9.62570377252645,0.861947567688121,0.35410883305789,0.999519314121592,0.999498173819493,"soc_net_bl"
"3027","CAVIN1","End",-0.00131513752528919,7.68308474224438,0.035694883212335,0.85030353114977,0.999519314121592,0.999498173819493,"soc_net_bl"
"3028","ATP6V0A1","End",0.00136672264088686,7.03965285341675,0.0320818121292038,0.857996385407259,0.999519314121592,0.999498173819493,"soc_net_bl"
"3029","RAMP2","End",0.00355508431701199,7.84205586749981,0.141555737722348,0.707065165756182,0.999519314121592,0.999498173819493,"soc_net_bl"
"3030","RPL27","End",-0.00600758340511935,6.92257528865573,0.315063490233029,0.575103023626795,0.999519314121592,0.999498173819493,"soc_net_bl"
"3031","GRN","End",0.0075107277976376,6.9095298232416,0.797067485588354,0.372848446123846,0.999519314121592,0.999498173819493,"soc_net_bl"
"3032","GPATCH8","End",0.00251519925742816,8.30379756985366,0.282711857438612,0.892402632049926,0.999519314121592,0.999498173819493,"soc_net_bl"
"3033","HIGD1B","End",0.0267876015020967,6.37311415302094,2.4730267474742,0.117106351264332,0.999519314121592,0.999498173819493,"soc_net_bl"
"3034","GFAP","End",-0.00400678516270948,7.10320530247112,0.0635525300993653,0.801178193715622,0.999519314121592,0.999498173819493,"soc_net_bl"
"3035","NMT1","End",-0.00930418790023596,7.02757555657446,1.59735648566205,0.244257625124832,0.999519314121592,0.999498173819493,"soc_net_bl"
"3036","KANSL1","End",-0.00661484285901673,9.28977198742021,2.44594257644338,0.11912096428364,0.999519314121592,0.999498173819493,"soc_net_bl"
"3037","ARL17B","End",-0.0218466763970406,6.43472404837028,1.98593830700874,0.160035339965583,0.999519314121592,0.999498173819493,"soc_net_bl"
"3038","NSF","End",-0.00208012029185407,7.67095158007374,0.092080478361768,0.761806490524682,0.999519314121592,0.999498173819493,"soc_net_bl"
"3039","CDC27","End",0.00206208988322671,8.28163635131773,0.241537151317012,0.750790411412216,0.999519314121592,0.999498173819493,"soc_net_bl"
"3040","NPEPPS","End",0.00470973120164819,7.90035762488205,1.08054581015413,0.299601165152298,0.999519314121592,0.999498173819493,"soc_net_bl"
"3041","KPNB1","End",-0.00654098678168399,7.51430586463295,1.19840124828347,0.389279830045876,0.999519314121592,0.999498173819493,"soc_net_bl"
"3042","CALCOCO2","End",0.0116529718251879,7.6815955174884,4.62999561593434,0.0323962018406081,0.999519314121592,0.999498173819493,"soc_net_bl"
"3043","ZNF652","End",-0.00308931720082834,7.58677134447667,0.276275240151568,0.599628837659141,0.999519314121592,0.999498173819493,"soc_net_bl"
"3044","SPOP","End",-0.00436896849186233,7.59358862898366,0.642264703640796,0.423669159898395,0.999519314121592,0.999498173819493,"soc_net_bl"
"3045","LUC7L3","End",-0.00247363865368701,8.63929795296938,0.415991024564837,0.519548283283394,0.999519314121592,0.999498173819493,"soc_net_bl"
"3046","SPAG9","End",-0.00966272291946673,8.78419467431365,3.55314607263478,0.0606172639323317,0.999519314121592,0.999498173819493,"soc_net_bl"
"3047","MBTD1","End",-0.00594700275324017,7.39420757019164,0.761123424341429,0.383832137552409,0.999519314121592,0.999498173819493,"soc_net_bl"
"3048","HLF","End",0.0106258698849778,8.22141808446714,1.85854299653317,0.17404565407479,0.999519314121592,0.999498173819493,"soc_net_bl"
"3049","DGKE","End",0.00576896891874816,7.33800108173277,0.73179543267308,0.393138391714726,0.999519314121592,0.999498173819493,"soc_net_bl"
"3050","MSI2","End",-0.0059319538483828,9.74443517890633,1.82134478434762,0.178400112431297,0.999519314121592,0.999498173819493,"soc_net_bl"
"3051","TEX14","End",0.0136931656843707,5.90596040387628,0.476843575681922,0.490509793467733,0.999519314121592,0.999498173819493,"soc_net_bl"
"3052","YPEL2","End",0.00130535331848047,7.24631314712489,0.0313923171339807,0.8595144892259,0.999519314121592,0.999498173819493,"soc_net_bl"
"3053","CLTC","End",-0.000745668990802158,8.14047144655691,0.0278861841331031,0.867514550150054,0.999519314121592,0.999498173819493,"soc_net_bl"
"3054","VMP1","End",-0.0050634321801032,8.22767107816327,0.607188447490554,0.436601070587244,0.999519314121592,0.999498173819493,"soc_net_bl"
"3055","CA4","End",0.0143871059371204,7.24167976183831,1.3343842987284,0.249153119608862,0.999519314121592,0.999498173819493,"soc_net_bl"
"3056","USP32","End",-0.00523964932434346,7.70115344148713,0.894729054134554,0.490487070897301,0.999519314121592,0.999498173819493,"soc_net_bl"
"3057","APPBP2","End",0.00366001847845153,7.65992321820736,0.464165846157104,0.496327502123565,0.999519314121592,0.999498173819493,"soc_net_bl"
"3058","PPM1D","End",0.0141398256876068,7.05017782472755,3.73569645166557,0.0544150343976996,0.999519314121592,0.999498173819493,"soc_net_bl"
"3059","BCAS3","End",-0.00322422970371624,9.44816320730012,0.508656027320942,0.47640061005322,0.999519314121592,0.999498173819493,"soc_net_bl"
"3060","MED13","End",-0.00591388474924245,8.38157081509124,2.53525491751124,0.11261942377643,0.999519314121592,0.999498173819493,"soc_net_bl"
"3061","TLK2","End",-0.00486666921393884,7.79485521968772,0.857027663611887,0.478179678499593,0.999519314121592,0.999498173819493,"soc_net_bl"
"3062","TANC2","End",0.000777525066428029,7.80567478555581,0.0131718938005706,0.908722409569678,0.999519314121592,0.999498173819493,"soc_net_bl"
"3063","DCAF7","End",0.000526390050812629,7.31454036429866,0.00731268676859664,0.931922470947132,0.999519314121592,0.999498173819493,"soc_net_bl"
"3064","MAP3K3","End",-0.000783469442812791,8.08870192463832,0.0220348231625816,0.936842883156945,0.999519314121592,0.999498173819493,"soc_net_bl"
"3065","DDX42","End",0.00115390392050912,6.88342946856465,0.0256978486037419,0.872772648521703,0.999519314121592,0.999498173819493,"soc_net_bl"
"3066","ICAM2","End",-0.0109582587235265,8.5912814482325,2.61446476862865,0.107181210732939,0.999519314121592,0.999498173819493,"soc_net_bl"
"3067","PECAM1","End",-0.00790896641180873,9.96870804974338,3.63506043857916,0.0577455284000962,0.999519314121592,0.999498173819493,"soc_net_bl"
"3068","DDX5","End",0.00284222237900313,9.54491688383203,0.580070557436468,0.447017830521882,0.999519314121592,0.999498173819493,"soc_net_bl"
"3069","SMURF2","End",-0.00365528603596184,8.49094872304592,0.49146830461018,0.483938956300073,0.999519314121592,0.999498173819493,"soc_net_bl"
"3070","LRRC37A3","End",-0.00137137816882136,7.46111610751245,0.04216177603171,0.837482359127315,0.999519314121592,0.999498173819493,"soc_net_bl"
"3071","GNA13","End",-0.00241593449417473,7.40726273253813,0.125634249506133,0.723307414362238,0.999519314121592,0.999498173819493,"soc_net_bl"
"3072","CEP112","End",0.00188917625991483,9.36333055396146,0.211616165531068,0.645911952805299,0.999519314121592,0.999498173819493,"soc_net_bl"
"3073","PRKCA","End",-0.000148152684161262,8.52148704603402,0.000522177968424636,0.981787572809268,0.999519314121592,0.999498173819493,"soc_net_bl"
"3074","HELZ","End",-0.000348077556725132,8.09024075320593,0.00591506756864239,0.938758384523011,0.999519314121592,0.999498173819493,"soc_net_bl"
"3075","PSMD12","End",-0.00530640972018984,6.66907492236284,0.330529794443159,0.657118056735933,0.999519314121592,0.999498173819493,"soc_net_bl"
"3076","PITPNC1","End",-0.0111721463816112,10.0420653437756,1.95746688200749,0.163050348113705,0.999519314121592,0.999498173819493,"soc_net_bl"
"3077","BPTF","End",-0.000310914092574963,8.66832638009196,0.00653362205577265,0.935642543709719,0.999519314121592,0.999498173819493,"soc_net_bl"
"3078","ARSG","End",0.00854451925017985,7.4066552910678,1.00839114754137,0.316280216741459,0.999519314121592,0.999498173819493,"soc_net_bl"
"3079","SLC16A6","End",0.00152262068966886,7.33088432429508,0.0224501300632361,0.881019223630194,0.999519314121592,0.999498173819493,"soc_net_bl"
"3080","WIPI1","End",-0.00927453996410247,7.04247070377223,1.29207533767078,0.25677740548748,0.999519314121592,0.999498173819493,"soc_net_bl"
"3081","PRKAR1A","End",0.00163153402496184,7.75018834685513,0.0917189836273571,0.762260304693756,0.999519314121592,0.999498173819493,"soc_net_bl"
"3082","SLC39A11","End",-0.00612520831570298,7.41923310344868,0.655796636625307,0.41883435085424,0.999519314121592,0.999498173819493,"soc_net_bl"
"3083","CDC42EP4","End",-0.00139366753894348,6.99861406655622,0.0280170991999444,0.867206828030435,0.999519314121592,0.999498173819493,"soc_net_bl"
"3084","RPL38","End",0.0134866523710682,6.62712478327641,1.7501520230794,0.187092142509755,0.999519314121592,0.999498173819493,"soc_net_bl"
"3085","GRB2","End",-0.00954234112380776,7.50140851698039,2.2451438919499,0.135322921570825,0.999519314121592,0.999498173819493,"soc_net_bl"
"3086","CASKIN2","End",-0.005123437901256,6.89219136781927,0.338624575847664,0.561159762710043,0.999519314121592,0.999498173819493,"soc_net_bl"
"3087","H3F3B","End",0.00665166448287051,9.37287437846559,1.13970888166049,0.286765595106037,0.999519314121592,0.999498173819493,"soc_net_bl"
"3088","ACOX1","End",0.00219681023341968,7.16435619669468,0.0994667452069299,0.752739212963297,0.999519314121592,0.999498173819493,"soc_net_bl"
"3089","ST6GALNAC1","End",-0.00803189283088838,6.69461531652545,0.534893473228921,0.46525632441347,0.999519314121592,0.999498173819493,"soc_net_bl"
"3090","SRSF2","End",-0.000330624749664451,7.15808691433313,0.00241248348040409,0.960866078080629,0.999519314121592,0.999498173819493,"soc_net_bl"
"3091","SEC14L1","End",-0.00453036366678218,10.3566888072584,1.14067488711131,0.286561922162961,0.999519314121592,0.999498173819493,"soc_net_bl"
"3092","SEPT9","End",0.00301412101224287,7.54528389434335,0.26604724512005,0.606461292350902,0.999519314121592,0.999498173819493,"soc_net_bl"
"3093","TNRC6C","End",0.00435002573595537,7.57670859321392,0.481976607842443,0.488186717338827,0.999519314121592,0.999498173819493,"soc_net_bl"
"3094","SYNGR2","End",-0.00722220196221302,7.00752140928377,0.662407879124788,0.416502173588073,0.999519314121592,0.999498173819493,"soc_net_bl"
"3095","SOCS3","End",-0.01359810264452,7.71902893888767,1.47445258066539,0.225814657265261,0.999519314121592,0.999498173819493,"soc_net_bl"
"3096","PGS1","End",-0.00892621832890585,7.00446734025733,1.17332909866469,0.279784090153704,0.999519314121592,0.999498173819493,"soc_net_bl"
"3097","CYTH1","End",-0.00673162021894928,9.10144295838687,1.48589107016867,0.224028478743063,0.999519314121592,0.999498173819493,"soc_net_bl"
"3098","RNF213","End",0.00618353423830743,8.24630364082643,0.922175159763517,0.337852093759337,0.999519314121592,0.999498173819493,"soc_net_bl"
"3099","RPTOR","End",-0.00758175592733374,7.48459336390105,1.84705350378293,0.312956717758052,0.999519314121592,0.999498173819493,"soc_net_bl"
"3100","BAIAP2","End",-0.00391311997785986,7.02284380241082,0.234295735610584,0.628789509170242,0.999519314121592,0.999498173819493,"soc_net_bl"
"3101","ACTG1","End",0.00785101856217012,9.12781327927655,1.50683525298243,0.22080181781744,0.999519314121592,0.999498173819493,"soc_net_bl"
"3102","NPLOC4","End",0.00139010988760448,7.19780504409615,0.048149493814155,0.826498025935969,0.999519314121592,0.999498173819493,"soc_net_bl"
"3103","ARHGDIA","End",-0.00289934263588802,7.27641608552101,0.161995094489008,0.687677545402513,0.999519314121592,0.999498173819493,"soc_net_bl"
"3104","CSNK1D","End",0.0115386128337674,7.30188829954057,4.35683627926091,0.037895257103938,0.999519314121592,0.999498173819493,"soc_net_bl"
"3105","FOXK2","End",-0.00823995829906894,7.34126896037082,1.5781918498684,0.294515554048172,0.999519314121592,0.999498173819493,"soc_net_bl"
"3106","TBCD","End",-0.00474852727155081,8.16885384385517,0.623340018914094,0.430572915459732,0.999519314121592,0.999498173819493,"soc_net_bl"
"3107","COLEC12","End",0.023981074310834,6.42986670367444,1.74489588838158,0.187753224318999,0.999519314121592,0.999498173819493,"soc_net_bl"
"3108","YES1","End",-0.000730645818045666,8.58007911031701,0.0206888458404503,0.885748179114978,0.999519314121592,0.999498173819493,"soc_net_bl"
"3109","AP005328.1","End",0.0173033809891722,6.1443103942307,1.11058075494759,0.292994855765036,0.999519314121592,0.999498173819493,"soc_net_bl"
"3110","SMCHD1","End",-0.000313663402772317,9.48856397642253,0.00459916517738349,0.945986557717187,0.999519314121592,0.999498173819493,"soc_net_bl"
"3111","LPIN2","End",-0.00287231641737234,7.27026524621178,0.156776837125219,0.692486413709481,0.999519314121592,0.999498173819493,"soc_net_bl"
"3112","MYL12A","End",0.00150406598043234,7.71588495152306,0.035280980369233,0.851163711343561,0.999519314121592,0.999498173819493,"soc_net_bl"
"3113","MYL12B","End",0.00702112472818741,8.15722656610948,0.849096107842141,0.357715458589149,0.999519314121592,0.999498173819493,"soc_net_bl"
"3114","DLGAP1","End",0.0104455768144747,7.12713513452376,1.3187794215277,0.251932224968546,0.999519314121592,0.999498173819493,"soc_net_bl"
"3115","L3MBTL4","End",-0.00456179818351868,6.96809053799357,0.163113573355509,0.686658566790187,0.999519314121592,0.999498173819493,"soc_net_bl"
"3116","PTPRM","End",-0.00264841257008347,11.2582562218567,0.411173367779475,0.521974473652954,0.999519314121592,0.999498173819493,"soc_net_bl"
"3117","NDUFV2","End",-0.0184164995392503,7.13054560150642,5.42873686214704,0.0206217828626542,0.999519314121592,0.999498173819493,"soc_net_bl"
"3118","ANKRD12","End",-0.00382768941100109,9.78522225747547,1.03265993934283,0.310538110345528,0.999519314121592,0.999498173819493,"soc_net_bl"
"3119","PPP4R1","End",-0.00229922709287973,8.03413725734484,0.191224442960225,0.662285026265113,0.999519314121592,0.999498173819493,"soc_net_bl"
"3120","VAPA","End",0.002214881055241,8.51012308114398,0.286560847436453,0.592918892807094,0.999519314121592,0.999498173819493,"soc_net_bl"
"3121","APCDD1","End",0.00288934454081432,7.13490420411202,0.0884520329424564,0.766406621446222,0.999519314121592,0.999498173819493,"soc_net_bl"
"3122","NAPG","End",0.0110344402619194,7.24086463385016,3.41213685366231,0.0659253445546777,0.999519314121592,0.999498173819493,"soc_net_bl"
"3123","TUBB6","End",-0.01638768648698,7.74632943870773,4.96818903047685,0.0267260339998432,0.999519314121592,0.999498173819493,"soc_net_bl"
"3124","SPIRE1","End",0.00207089862957771,7.67756645733277,0.11924565290914,0.730150644317216,0.999519314121592,0.999498173819493,"soc_net_bl"
"3125","CEP192","End",0.00670706835967101,7.53881621844108,1.28757959125325,0.257604422711308,0.999519314121592,0.999498173819493,"soc_net_bl"
"3126","LDLRAD4","End",0.00795949043502149,8.76096386526567,1.63304318868273,0.202493190242216,0.999519314121592,0.999498173819493,"soc_net_bl"
"3127","RNMT","End",0.000835131058221777,6.94864748519399,0.0114149783220285,0.915002710293882,0.999519314121592,0.999498173819493,"soc_net_bl"
"3128","ROCK1","End",-0.00148965555963372,8.47467839986026,0.156116485083952,0.802842575668492,0.999519314121592,0.999498173819493,"soc_net_bl"
"3129","ABHD3","End",-0.00229681321455919,7.30585239027964,0.0388115659345896,0.843985921718016,0.999519314121592,0.999498173819493,"soc_net_bl"
"3130","MIB1","End",-0.00943959757226393,7.83482267889867,2.22197661757286,0.137346239932044,0.999519314121592,0.999498173819493,"soc_net_bl"
"3131","NPC1","End",-0.0120325692164032,7.51549847616581,2.40744617082239,0.122051165885296,0.999519314121592,0.999498173819493,"soc_net_bl"
"3132","ANKRD29","End",0.00934729027378767,7.6076659388211,1.17617271813496,0.279203537138973,0.999519314121592,0.999498173819493,"soc_net_bl"
"3133","LAMA3","End",0.00781764680152336,8.56481489017565,1.07866776681269,0.300020601066215,0.999519314121592,0.999498173819493,"soc_net_bl"
"3134","OSBPL1A","End",0.0152348593412859,7.87953298483264,4.44222893200617,0.0360776276982933,0.999519314121592,0.999498173819493,"soc_net_bl"
"3135","ZNF521","End",0.00912422568318666,7.46914740774717,1.21937125881649,0.270568381264905,0.999519314121592,0.999498173819493,"soc_net_bl"
"3136","SS18","End",0.00673713940855251,7.23833597514703,1.10349722332882,0.294535873819123,0.999519314121592,0.999498173819493,"soc_net_bl"
"3137","CDH2","End",-0.00188747599058008,8.76355951688196,0.0938649288334983,0.75958045951787,0.999519314121592,0.999498173819493,"soc_net_bl"
"3138","TRAPPC8","End",0.00194003128748323,7.48121717378136,0.139166703821622,0.886237923285809,0.999519314121592,0.999498173819493,"soc_net_bl"
"3139","GAREM1","End",-0.00877078090850697,6.87897734776142,0.580229239756817,0.446955760485722,0.999519314121592,0.999498173819493,"soc_net_bl"
"3140","NOL4","End",-0.0185558736644084,6.79268925507927,1.83690257629613,0.17656371325099,0.999519314121592,0.999498173819493,"soc_net_bl"
"3141","RPRD1A","End",0.00102796289969256,7.87698133435816,0.0373782954687489,0.936442707640176,0.999519314121592,0.999498173819493,"soc_net_bl"
"3142","ELP2","End",0.00900654421280856,7.01776626870733,1.54046895979554,0.243311619764941,0.999519314121592,0.999498173819493,"soc_net_bl"
"3143","KIAA1328","End",0.00628643974256435,7.75462055739738,1.12524738594989,0.289836878847544,0.999519314121592,0.999498173819493,"soc_net_bl"
"3144","PIK3C3","End",0.00192203514648097,7.7247693597763,0.117866249263006,0.731655016103556,0.999519314121592,0.999498173819493,"soc_net_bl"
"3145","SETBP1","End",-0.0116803771463235,7.99296124754798,1.08328867322524,0.29898994387099,0.999519314121592,0.999498173819493,"soc_net_bl"
"3146","PIAS2","End",-0.0051020012962626,8.57553083071848,0.713745838644058,0.399028063707342,0.999519314121592,0.999498173819493,"soc_net_bl"
"3147","SMAD2","End",-0.00194328297211292,7.81310298607813,0.139563918370379,0.709038273375151,0.999519314121592,0.999498173819493,"soc_net_bl"
"3148","CTIF","End",-0.00195728548648736,7.81039430334635,0.14691620187174,0.701832612339124,0.999519314121592,0.999498173819493,"soc_net_bl"
"3149","SMAD7","End",-0.0167851293085108,7.62115464327401,3.80482438560381,0.0522463721438772,0.999519314121592,0.999498173819493,"soc_net_bl"
"3150","DYM","End",-0.00359481938085862,8.85909236419282,0.764796819535756,0.639119784649352,0.999519314121592,0.999498173819493,"soc_net_bl"
"3151","MBD2","End",-0.00651140533445092,7.74580228507698,1.39714533523479,0.345525603937959,0.999519314121592,0.999498173819493,"soc_net_bl"
"3152","CCDC68","End",0.00307178360965175,7.38021958752509,0.169883380699634,0.68057619742032,0.999519314121592,0.999498173819493,"soc_net_bl"
"3153","TCF4","End",-0.00500946579841224,11.1977368139802,1.55121583224776,0.214146926925968,0.999519314121592,0.999498173819493,"soc_net_bl"
"3154","WDR7","End",-0.000932824436217945,7.89705786090338,0.0289195798586517,0.865105322515502,0.999519314121592,0.999498173819493,"soc_net_bl"
"3155","ATP8B1","End",0.0101071535960277,7.83143359869939,1.53128524340278,0.217105377966334,0.999519314121592,0.999498173819493,"soc_net_bl"
"3156","NEDD4L","End",-0.00515965873837123,8.17716127862134,0.631701253570826,0.427501909371992,0.999519314121592,0.999498173819493,"soc_net_bl"
"3157","MALT1","End",0.00320411618683068,7.75279756708442,0.337489142021766,0.56181662827944,0.999519314121592,0.999498173819493,"soc_net_bl"
"3158","ZNF532","End",0.00166394137257012,7.93099636862602,0.0808476486099879,0.776392360043818,0.999519314121592,0.999498173819493,"soc_net_bl"
"3159","PMAIP1","End",-0.00528765191799965,6.7002321809968,0.192983515411944,0.660832531700669,0.999519314121592,0.999498173819493,"soc_net_bl"
"3160","RNF152","End",0.0213809754209968,6.21479957915153,1.13112867120595,0.288582784531425,0.999519314121592,0.999498173819493,"soc_net_bl"
"3161","KIAA1468","End",-0.00732661068941445,7.83870566924438,1.87941298037143,0.171656529909976,0.999519314121592,0.999498173819493,"soc_net_bl"
"3162","ZCCHC2","End",0.00363873278549512,7.79621123997885,0.321614667436661,0.571158593324521,0.999519314121592,0.999498173819493,"soc_net_bl"
"3163","PHLPP1","End",0.00402038129217645,8.02938029829535,0.524643441610719,0.46955934196768,0.999519314121592,0.999498173819493,"soc_net_bl"
"3164","KDSR","End",-0.010435774828043,7.06567727490829,1.64021029169482,0.201508764622187,0.999519314121592,0.999498173819493,"soc_net_bl"
"3165","CNDP2","End",0.00251517841216215,7.24125504956148,0.126377111587569,0.722524501091304,0.999519314121592,0.999498173819493,"soc_net_bl"
"3166","ZNF407","End",0.00191818200805151,8.785043148128,0.149522146306563,0.699328366170283,0.999519314121592,0.999498173819493,"soc_net_bl"
"3167","ZADH2","End",0.00725057298281861,6.84342275618686,0.804687997832567,0.370576825027683,0.999519314121592,0.999498173819493,"soc_net_bl"
"3168","TSHZ1","End",-0.00578884674656844,7.54560803401119,0.51973433502536,0.471642983670814,0.999519314121592,0.999498173819493,"soc_net_bl"
"3169","MBP","End",-0.00469689015132678,6.96592256139445,0.243335142616253,0.622249872912514,0.999519314121592,0.999498173819493,"soc_net_bl"
"3170","ATP9B","End",0.00510875825957818,7.89098534735104,0.876868885944151,0.349983641232568,0.999519314121592,0.999498173819493,"soc_net_bl"
"3171","CSNK2A1","End",-0.0077183575763055,7.64381798011646,1.69822634287518,0.298424558558736,0.999519314121592,0.999498173819493,"soc_net_bl"
"3172","SLC52A3","End",-0.00295238484790407,7.61973662095163,0.1524986863491,0.696498503716039,0.999519314121592,0.999498173819493,"soc_net_bl"
"3173","PSMF1","End",-0.00439603278297338,7.48448401498847,0.550200967781337,0.458946683907303,0.999519314121592,0.999498173819493,"soc_net_bl"
"3174","AL136531.2","End",-0.00703054312385013,8.30896889148374,0.773330234046128,0.3800512611798,0.999519314121592,0.999498173819493,"soc_net_bl"
"3175","PTPRA","End",0.00605535430286825,8.0032375531652,1.50554509400919,0.220998957884539,0.999519314121592,0.999498173819493,"soc_net_bl"
"3176","C20orf194","End",-0.00833974480090389,7.80242355686221,1.85284963550583,0.174704073497965,0.999519314121592,0.999498173819493,"soc_net_bl"
"3177","ATRN","End",0.000308422560406149,7.10326987902694,0.00158949726344914,0.968230462741573,0.999519314121592,0.999498173819493,"soc_net_bl"
"3178","HSPA12B","End",2.68950555942416e-05,6.95073123875539,1.80888929215173e-05,0.996609988392016,0.999519314121592,0.999498173819493,"soc_net_bl"
"3179","RNF24","End",-0.025780390474653,6.74113657077079,4.89989815423718,0.027780826884357,0.999519314121592,0.999498173819493,"soc_net_bl"
"3180","PRNP","End",-0.00265290964115448,7.3041455876336,0.183621364346897,0.668656223770086,0.999519314121592,0.999498173819493,"soc_net_bl"
"3181","CDS2","End",0.00443913607129371,7.17774836974919,0.409074526613104,0.741353556346935,0.999519314121592,0.999498173819493,"soc_net_bl"
"3182","GPCPD1","End",0.00881177788237294,9.47041226866495,1.02573218636543,0.312163215391157,0.999519314121592,0.999498173819493,"soc_net_bl"
"3183","SHLD1","End",-0.00462636509162361,7.09479603463438,0.234378784714512,0.628728722037676,0.999519314121592,0.999498173819493,"soc_net_bl"
"3184","PLCB1","End",-0.00768246857031195,9.47715523495511,2.3098095534659,0.129850402390608,0.999519314121592,0.999498173819493,"soc_net_bl"
"3185","PLCB4","End",0.00653246839103911,9.31578790371001,1.13496651164746,0.287768162044279,0.999519314121592,0.999498173819493,"soc_net_bl"
"3186","SNAP25","End",-0.00112817107529809,7.55149496899787,0.0143242782473732,0.90483158536201,0.999519314121592,0.999498173819493,"soc_net_bl"
"3187","SLX4IP","End",0.00860431065229708,6.97229469678819,0.902133739277933,0.343147043283899,0.999519314121592,0.999498173819493,"soc_net_bl"
"3188","JAG1","End",-0.0102044672049791,7.33104346392006,1.54106218435014,0.215648044771746,0.999519314121592,0.999498173819493,"soc_net_bl"
"3189","BTBD3","End",-0.00108719919336489,7.08511343335416,0.0225509795999892,0.880754289193361,0.999519314121592,0.999498173819493,"soc_net_bl"
"3190","ESF1","End",-0.00142228167744395,6.9802901332097,0.0279050688048744,0.867470115062557,0.999519314121592,0.999498173819493,"soc_net_bl"
"3191","MACROD2","End",-0.0143142947312614,6.89599024739521,1.31977689242974,0.25175344329196,0.999519314121592,0.999498173819493,"soc_net_bl"
"3192","KIF16B","End",-0.00473559947340485,7.36158268813391,0.472217964320498,0.492619108301679,0.999519314121592,0.999498173819493,"soc_net_bl"
"3193","DSTN","End",0.00633050037601222,8.12963404141665,1.23510940078063,0.267506077028871,0.999519314121592,0.999498173819493,"soc_net_bl"
"3194","AL121761.1","End",0.00286644344771674,7.23183152353431,0.15709412739237,0.692191390361645,0.999519314121592,0.999498173819493,"soc_net_bl"
"3195","RIN2","End",-0.00210458735758673,9.5047381474167,0.201896302911719,0.653592125375447,0.999519314121592,0.999498173819493,"soc_net_bl"
"3196","RALGAPA2","End",-0.00421369684782274,9.41934036492511,0.247274575905059,0.619447065701755,0.999519314121592,0.999498173819493,"soc_net_bl"
"3197","XRN2","End",0.00724687221148394,8.16362887970299,1.75696913673535,0.186238779416985,0.999519314121592,0.999498173819493,"soc_net_bl"
"3198","CD93","End",-0.00875686929256182,6.87251914800409,0.482814800518186,0.487809116125248,0.999519314121592,0.999498173819493,"soc_net_bl"
"3199","CST3","End",0.000102662345581306,8.40623773700438,0.00013339538053914,0.990794291764328,0.999519314121592,0.999498173819493,"soc_net_bl"
"3200","ID1","End",0.00309631479064495,9.63789796025298,0.141323833978608,0.707294072553479,0.999519314121592,0.999498173819493,"soc_net_bl"
"3201","BCL2L1","End",-0.00473778497770185,8.53699647542766,0.680085727323445,0.410360096009767,0.999519314121592,0.999498173819493,"soc_net_bl"
"3202","CCM2L","End",0.00624099702066748,7.14738528320319,0.805128208937124,0.424034862596049,0.999519314121592,0.999498173819493,"soc_net_bl"
"3203","ASXL1","End",-0.00171795703091405,8.36252716788615,0.153908022768523,0.69516971730624,0.999519314121592,0.999498173819493,"soc_net_bl"
"3204","CBFA2T2","End",-0.0102032705545676,7.59246075866047,2.85485594222764,0.0923715823647409,0.999519314121592,0.999498173819493,"soc_net_bl"
"3205","RALY","End",-0.00781700563609984,7.8097598410202,2.19284682895229,0.156549402760404,0.999519314121592,0.999498173819493,"soc_net_bl"
"3206","EIF2S2","End",0.00567773000823902,7.15354198276538,0.61614241587608,0.433243448332439,0.999519314121592,0.999498173819493,"soc_net_bl"
"3207","ITCH","End",-0.00355227909929216,8.25700172638361,0.594970319081938,0.441247491111222,0.999519314121592,0.999498173819493,"soc_net_bl"
"3208","DYNLRB1","End",0.00148384816447864,7.1800665108022,0.0401425929364335,0.84136840147728,0.999519314121592,0.999498173819493,"soc_net_bl"
"3209","NCOA6","End",0.00548925334100245,7.4545114070879,0.983293691216562,0.379450142379691,0.999519314121592,0.999498173819493,"soc_net_bl"
"3210","TRPC4AP","End",-0.00304681290995715,7.82125900939856,0.331695167583395,0.855976792000762,0.999519314121592,0.999498173819493,"soc_net_bl"
"3211","RBM39","End",-0.00230897306922281,8.80263759186372,0.450168293865881,0.571370636194809,0.999519314121592,0.999498173819493,"soc_net_bl"
"3212","PHF20","End",-0.00527499524163558,7.65730806355709,0.78016342002708,0.377957811807303,0.999519314121592,0.999498173819493,"soc_net_bl"
"3213","NORAD","End",-0.000521509652331197,7.49024668097085,0.00518841301118488,0.942636343686111,0.999519314121592,0.999498173819493,"soc_net_bl"
"3214","DLGAP4","End",0.0047204022098901,8.07666795192272,0.650979234260946,0.420546035766525,0.999519314121592,0.999498173819493,"soc_net_bl"
"3215","MYL9","End",0.0033869316711904,6.27985997004986,0.040200383957816,0.841255782934999,0.999519314121592,0.999498173819493,"soc_net_bl"
"3216","SAMHD1","End",-0.000433762365794709,7.02006305453915,0.00205818816529264,0.963851566643473,0.999519314121592,0.999498173819493,"soc_net_bl"
"3217","BLCAP","End",-0.00249607101546496,7.45518945967484,0.157309886028562,0.691990970274002,0.999519314121592,0.999498173819493,"soc_net_bl"
"3218","TGM2","End",-0.00200894774659352,9.87279606734955,0.170826817026329,0.679739879006127,0.999519314121592,0.999498173819493,"soc_net_bl"
"3219","RALGAPB","End",0.00242743405161991,7.74273146776339,0.22740553849523,0.633879736096396,0.999519314121592,0.999498173819493,"soc_net_bl"
"3220","PPP1R16B","End",0.00565434165891615,7.53524615139527,0.562158347248859,0.45411191725886,0.999519314121592,0.999498173819493,"soc_net_bl"
"3221","TOP1","End",0.0103728985001036,8.21238154237708,3.24316797748998,0.0729526498703285,0.999519314121592,0.999498173819493,"soc_net_bl"
"3222","ZHX3","End",0.000144949795782963,7.58765339652327,0.000389015235350374,0.984280036293791,0.999519314121592,0.999498173819493,"soc_net_bl"
"3223","CHD6","End",-0.00464311002221178,8.0812053720733,0.895954658126765,0.344802194471533,0.999519314121592,0.999498173819493,"soc_net_bl"
"3224","TOX2","End",-0.0255346410960247,7.1280636610131,5.14647789059397,0.0241650485342404,0.999519314121592,0.999498173819493,"soc_net_bl"
"3225","SERINC3","End",0.00383305172944724,7.46803451899438,0.525888142185695,0.947947083788501,0.999519314121592,0.999498173819493,"soc_net_bl"
"3226","PKIG","End",-0.0128042704146843,7.36814238111712,1.76313632245294,0.185470688994105,0.999519314121592,0.999498173819493,"soc_net_bl"
"3227","YWHAB","End",0.00865910097186664,8.04855800098026,2.47351594545786,0.117070313046506,0.999519314121592,0.999498173819493,"soc_net_bl"
"3228","STK4","End",0.00900464991559636,7.38763750729818,2.16072645419705,0.142861890874702,0.999519314121592,0.999498173819493,"soc_net_bl"
"3229","ZMYND8","End",0.00366142046492205,8.59915887383794,0.369745771707041,0.543706645875116,0.999519314121592,0.999498173819493,"soc_net_bl"
"3230","NCOA3","End",-0.0116230594364819,8.30846455201503,3.72677309862155,0.054701894224856,0.999519314121592,0.999498173819493,"soc_net_bl"
"3231","SULF2","End",-0.00229733413706174,8.44859431270892,0.164414279151403,0.685478672228448,0.999519314121592,0.999498173819493,"soc_net_bl"
"3232","PREX1","End",-0.00402597324163184,7.66078934097749,0.293849701858525,0.588257170905525,0.999519314121592,0.999498173819493,"soc_net_bl"
"3233","ARFGEF2","End",-0.00062613599666828,9.00456188927308,0.0189064652243629,0.890748009195384,0.999519314121592,0.999498173819493,"soc_net_bl"
"3234","STAU1","End",-0.0052524685594506,7.33461860997588,0.784936753483598,0.376505090054163,0.999519314121592,0.999498173819493,"soc_net_bl"
"3235","ZNFX1","End",0.00977390545251277,7.14503498164931,1.97787599258934,0.160882570424273,0.999519314121592,0.999498173819493,"soc_net_bl"
"3236","B4GALT5","End",-0.00494331958949742,7.95611511063532,0.454542014316669,0.500822070050793,0.999519314121592,0.999498173819493,"soc_net_bl"
"3237","RNF114","End",0.00176955826046156,7.1476918926044,0.0614186794873144,0.804475313877668,0.999519314121592,0.999498173819493,"soc_net_bl"
"3238","PTPN1","End",0.00373700648014195,7.50992430876221,0.335696318884922,0.562856820764774,0.999519314121592,0.999498173819493,"soc_net_bl"
"3239","ADNP","End",0.00549280652108376,7.8936379894056,1.17386648668913,0.279674259975403,0.999519314121592,0.999498173819493,"soc_net_bl"
"3240","ATP9A","End",0.00861355398456278,8.30879736005034,2.46671031257993,0.117572779209239,0.999519314121592,0.999498173819493,"soc_net_bl"
"3241","TSHZ2","End",-0.00356165420077601,10.4201048542848,0.236952543105691,0.626851439921591,0.999519314121592,0.999498173819493,"soc_net_bl"
"3242","AL109930.1","End",0.00649555853451993,6.56556337826593,0.249976150505937,0.6175410288063,0.999519314121592,0.999498173819493,"soc_net_bl"
"3243","CASS4","End",0.00487364496528018,7.61199396568463,0.335259823907211,0.563110636215309,0.999519314121592,0.999498173819493,"soc_net_bl"
"3244","PCK1","End",-0.0171334108686739,6.58745176949286,0.669705084494102,0.413950388039744,0.999519314121592,0.999498173819493,"soc_net_bl"
"3245","VAPB","End",0.00375007564537051,7.14398542330201,0.30841104670931,0.57916404079734,0.999519314121592,0.999498173819493,"soc_net_bl"
"3246","GNAS","End",0.00605562309441752,9.60094720903216,2.34275486869959,0.127158084440053,0.999519314121592,0.999498173819493,"soc_net_bl"
"3247","ATP5F1E","End",-0.00614686927040856,7.1940859034068,0.401572245945193,0.526870079689854,0.999519314121592,0.999498173819493,"soc_net_bl"
"3248","PSMA7","End",0.000502149066022332,7.2572129990729,0.00325482983191905,0.954551019310698,0.999519314121592,0.999498173819493,"soc_net_bl"
"3249","LAMA5","End",-0.0110459547506999,7.79544577562623,2.68951823927474,0.102294786788931,0.999519314121592,0.999498173819493,"soc_net_bl"
"3250","SLCO4A1","End",-0.0157757940192305,9.48629843111878,3.40531211165008,0.0661946006324311,0.999519314121592,0.999498173819493,"soc_net_bl"
"3251","DIDO1","End",0.00179776050795075,7.23830590369621,0.0957091648080078,0.757304046027767,0.999519314121592,0.999498173819493,"soc_net_bl"
"3252","PPDPF","End",-0.00383450529780671,6.88066933412061,0.164027207012854,0.685829222850427,0.999519314121592,0.999498173819493,"soc_net_bl"
"3253","ZBTB46","End",-0.00792312511277492,8.15992874559007,1.82115419145753,0.178422746545755,0.999519314121592,0.999498173819493,"soc_net_bl"
"3254","DNAJC5","End",-0.00199545472467001,7.50253064866194,0.102080350388222,0.77034998085588,0.999519314121592,0.999498173819493,"soc_net_bl"
"3255","SOX18","End",0.00345766067200921,8.23363455000693,0.157243910300054,0.692052238807414,0.999519314121592,0.999498173819493,"soc_net_bl"
"3256","MIER2","End",0.00897090615512646,6.81978484928551,1.01759736957017,0.314085720002504,0.999519314121592,0.999498173819493,"soc_net_bl"
"3257","SHC2","End",-0.00186313299118497,8.0964047288531,0.114890296529038,0.734934441539991,0.999519314121592,0.999498173819493,"soc_net_bl"
"3258","BSG","End",-0.00265287554130932,10.8825505589644,0.129762606043004,0.718988933250369,0.999519314121592,0.999498173819493,"soc_net_bl"
"3259","PALM","End",-0.0149550712682716,7.56207324404869,4.26122977451241,0.0400454960780387,0.999519314121592,0.999498173819493,"soc_net_bl"
"3260","PTBP1","End",-0.00826245079353845,7.29460038236469,1.73543181618438,0.188950454200532,0.999519314121592,0.999498173819493,"soc_net_bl"
"3261","TMEM259","End",-0.0114232198834813,6.94437012492465,1.98150886374413,0.160500174745036,0.999519314121592,0.999498173819493,"soc_net_bl"
"3262","GPX4","End",0.0177223698425875,6.67405357332191,3.03119477442159,0.0829343010870464,0.999519314121592,0.999498173819493,"soc_net_bl"
"3263","SBNO2","End",0.00429339250729866,6.92610722484183,0.255375911634397,0.613769627263261,0.999519314121592,0.999498173819493,"soc_net_bl"
"3264","MIDN","End",-0.00638504009118168,7.92537951071576,0.839933100600204,0.360317939503586,0.999519314121592,0.999498173819493,"soc_net_bl"
"3265","CIRBP","End",0.00104796058868362,7.24329336695327,0.0179679496873968,0.893477465999038,0.999519314121592,0.999498173819493,"soc_net_bl"
"3266","MUM1","End",-0.00130344906727383,7.29926340498162,0.0327545688587744,0.856531281795938,0.999519314121592,0.999498173819493,"soc_net_bl"
"3267","RPS15","End",-0.000186077953337275,8.14959682705408,0.000434132376872155,0.983393579030092,0.999519314121592,0.999498173819493,"soc_net_bl"
"3268","ABHD17A","End",0.00199458034482094,7.28994852800641,0.0696599321238042,0.792054628585364,0.999519314121592,0.999498173819493,"soc_net_bl"
"3269","MKNK2","End",0.00495161136524196,6.98290249399959,0.326234586490229,0.568408785505265,0.999519314121592,0.999498173819493,"soc_net_bl"
"3270","GADD45B","End",-0.000999373832398615,8.0542272939034,0.0129701136226971,0.909421195179508,0.999519314121592,0.999498173819493,"soc_net_bl"
"3271","AES","End",0.0021266845092551,7.65350120594465,0.140459589339157,0.752605600622388,0.999519314121592,0.999498173819493,"soc_net_bl"
"3272","NFIC","End",-0.000366471676852689,7.35920395680291,0.00338406888457047,0.953658486634696,0.999519314121592,0.999498173819493,"soc_net_bl"
"3273","PIP5K1C","End",-0.00631723537870163,8.0246427300354,1.33488802586276,0.249064040815461,0.999519314121592,0.999498173819493,"soc_net_bl"
"3274","EEF2","End",0.0015030601164612,7.57955517272075,0.0507861391869771,0.821888968264081,0.999519314121592,0.999498173819493,"soc_net_bl"
"3275","ZBTB7A","End",-0.00146822525834587,6.92087116980556,0.0339953712481023,0.954556587698376,0.999519314121592,0.999498173819493,"soc_net_bl"
"3276","SH3GL1","End",-0.0139363547944271,6.94407686886451,2.62153315084063,0.106710212245428,0.999519314121592,0.999498173819493,"soc_net_bl"
"3277","SEMA6B","End",-0.00659290204047917,7.64075307570197,0.703246402687449,0.402513163919276,0.999519314121592,0.999498173819493,"soc_net_bl"
"3278","KDM4B","End",-0.00114999123822842,7.73696346512578,0.036165311373943,0.849332127817485,0.999519314121592,0.999498173819493,"soc_net_bl"
"3279","RPL36","End",-0.00296647528339596,7.56774049859571,0.0836465726838826,0.772659993917515,0.999519314121592,0.999498173819493,"soc_net_bl"
"3280","INSR","End",-0.00988174337118949,9.67409895828813,3.03471803469785,0.0827567787887263,0.999519314121592,0.999498173819493,"soc_net_bl"
"3281","CD320","End",0.00707015639360258,7.58370624351836,0.738681268503121,0.39092456234342,0.999519314121592,0.999498173819493,"soc_net_bl"
"3282","RPS28","End",0.00247913215955177,7.2058691430318,0.0564574568133916,0.812384074714522,0.999519314121592,0.999498173819493,"soc_net_bl"
"3283","KANK3","End",-0.00532056524178941,8.21005059415307,1.26442544361369,0.261916539304296,0.999519314121592,0.999498173819493,"soc_net_bl"
"3284","ANGPTL4","End",-0.00522624977043196,7.02745736307041,0.19353014331799,0.660382781873172,0.999519314121592,0.999498173819493,"soc_net_bl"
"3285","HNRNPM","End",0.00201563437839311,7.9502991626463,0.176958784220169,0.67436902431909,0.999519314121592,0.999498173819493,"soc_net_bl"
"3286","C19orf66","End",-0.000209677647834777,6.89172574508992,0.000594234158112261,0.980571819655667,0.999519314121592,0.999498173819493,"soc_net_bl"
"3287","ICAM1","End",-9.14502369256963e-05,6.6800204478918,1.97819242690236e-05,0.996454893098218,0.999519314121592,0.999498173819493,"soc_net_bl"
"3288","CDC37","End",0.00013857301410451,7.85617287062355,0.000454868900776353,0.983001657693577,0.999519314121592,0.999498173819493,"soc_net_bl"
"3289","DNM2","End",-0.00262490401700932,8.46421187999801,0.286947382794494,0.592669768971077,0.999519314121592,0.999498173819493,"soc_net_bl"
"3290","LDLR","End",-0.00219254620431347,7.54482942417721,0.0653073352991277,0.798510622575924,0.999519314121592,0.999498173819493,"soc_net_bl"
"3291","DOCK6","End",-0.00206470878673994,8.52581053653317,0.159411102578522,0.690047402463495,0.999519314121592,0.999498173819493,"soc_net_bl"
"3292","ZNF44","End",-0.00238238213756094,6.9351900264036,0.090995818821774,0.977402466824543,0.999519314121592,0.999498173819493,"soc_net_bl"
"3293","TRIR","End",-0.00229639148814921,7.02859369042379,0.0716536965575481,0.789169459468467,0.999519314121592,0.999498173819493,"soc_net_bl"
"3294","JUNB","End",-0.00654595541074876,7.87391892589357,0.438948605619803,0.508253683495961,0.999519314121592,0.999498173819493,"soc_net_bl"
"3295","CALR","End",-0.00326003362099773,7.30692966191011,0.143210781199909,0.705437695513538,0.999519314121592,0.999498173819493,"soc_net_bl"
"3296","GADD45GIP1","End",0.00750919971770593,6.63195113001822,0.549466422537527,0.459246338699873,0.999519314121592,0.999498173819493,"soc_net_bl"
"3297","IER2","End",0.00261173493960469,7.89287798990411,0.132017795222391,0.716662613569025,0.999519314121592,0.999498173819493,"soc_net_bl"
"3298","PKN1","End",-0.00556924413592331,7.08928428237409,0.582604559554533,0.446028233460847,0.999519314121592,0.999498173819493,"soc_net_bl"
"3299","DNAJB1","End",-0.000462502346843029,7.20278262116206,0.000585679901143155,0.980712137478078,0.999519314121592,0.999498173819493,"soc_net_bl"
"3300","BRD4","End",-0.0030238675080878,8.11473249967511,0.407180410958304,0.995808163636226,0.999519314121592,0.999498173819493,"soc_net_bl"
"3301","AKAP8L","End",-0.00715934569606652,7.0188719457331,1.04874426783323,0.385530428193662,0.999519314121592,0.999498173819493,"soc_net_bl"
"3302","TPM4","End",0.00513974235195089,8.20204561010757,0.64114724366565,0.42407215488158,0.999519314121592,0.999498173819493,"soc_net_bl"
"3303","KLF2","End",-0.00375639621259226,9.24517090975278,0.214194636610037,0.643910537462869,0.999519314121592,0.999498173819493,"soc_net_bl"
"3304","CPAMD8","End",-0.0106618695676469,6.29739954220231,0.47557873803214,0.491085063991599,0.999519314121592,0.999498173819493,"soc_net_bl"
"3305","MYO9B","End",-0.00613313344719868,7.70201895695855,1.14636183972599,0.429134197635854,0.999519314121592,0.999498173819493,"soc_net_bl"
"3306","BST2","End",0.00416695109878522,8.39473880702562,0.341222362427651,0.559662435118371,0.999519314121592,0.999498173819493,"soc_net_bl"
"3307","ARRDC2","End",-0.0165641599138253,6.87800024740284,2.44279068413027,0.119357906460833,0.999519314121592,0.999498173819493,"soc_net_bl"
"3308","JUND","End",0.000839640522614058,8.31488200215649,0.0167946241937147,0.896994018190889,0.999519314121592,0.999498173819493,"soc_net_bl"
"3309","UBA52","End",-0.00464713152321543,7.16327573951115,0.214494655766129,0.643678613747628,0.999519314121592,0.999498173819493,"soc_net_bl"
"3310","SUGP2","End",0.000151990887513391,7.14764636834948,0.000617484241930963,0.980195468651394,0.999519314121592,0.999498173819493,"soc_net_bl"
"3311","GATAD2A","End",-0.00909054934091852,7.87073861321785,2.36175264408841,0.125634005250042,0.999519314121592,0.999498173819493,"soc_net_bl"
"3312","ZNF90","End",-0.00249675894009715,6.96503045906811,0.0534487809168165,0.817360387298103,0.999519314121592,0.999498173819493,"soc_net_bl"
"3313","ZNF91","End",0.00500307287063948,7.54818230852305,0.692105722260329,0.406259924812265,0.999519314121592,0.999498173819493,"soc_net_bl"
"3314","URI1","End",-0.0172549370075894,7.69262407458354,9.04078911220483,0.00291524237668787,0.888697636424933,0.999498173819493,"soc_net_bl"
"3315","LSM14A","End",-0.000546083760824573,8.2313530566478,0.0166375397117392,0.897474181758624,0.999519314121592,0.999498173819493,"soc_net_bl"
"3316","KIAA0355","End",0.00306293640920287,8.6348731178068,0.409444147716585,0.522850213667417,0.999519314121592,0.999498173819493,"soc_net_bl"
"3317","UBA2","End",0.00500791523163282,7.37021083850845,0.814882591928212,0.36756807789768,0.999519314121592,0.999498173819493,"soc_net_bl"
"3318","GRAMD1A","End",-0.00773427313171252,7.51793499844292,0.945784160498244,0.331754761106626,0.999519314121592,0.999498173819493,"soc_net_bl"
"3319","FXYD5","End",-0.00988386104873023,7.16624570081733,1.73225672285201,0.189354111746951,0.999519314121592,0.999498173819493,"soc_net_bl"
"3320","LSR","End",-0.00592989169360102,7.55205799166855,0.853648263958944,0.356432187767917,0.999519314121592,0.999498173819493,"soc_net_bl"
"3321","COX6B1","End",0.00405790178417356,6.52250947576003,0.135163957906033,0.713454512240643,0.999519314121592,0.999498173819493,"soc_net_bl"
"3322","CAPNS1","End",0.00111038938280472,7.17810663580534,0.0233263789575659,0.878737212984181,0.999519314121592,0.999498173819493,"soc_net_bl"
"3323","SIPA1L3","End",-0.0087840213073411,7.60882397965818,1.4070009790685,0.236704956693101,0.999519314121592,0.999498173819493,"soc_net_bl"
"3324","EIF3K","End",0.00406013788536512,6.68591624164954,0.203233097879109,0.811381444197539,0.999519314121592,0.999498173819493,"soc_net_bl"
"3325","ACTN4","End",-0.00806886368890599,9.05593045895967,3.32638507524902,0.0693958985173037,0.999519314121592,0.999498173819493,"soc_net_bl"
"3326","SAMD4B","End",-0.00679542877544138,7.04163826232804,0.800086335689504,0.371946218273195,0.999519314121592,0.999498173819493,"soc_net_bl"
"3327","ZFP36","End",-0.0222370729524033,7.69362855383807,4.00897964900135,0.0463617759055017,0.999519314121592,0.999498173819493,"soc_net_bl"
"3328","RPS16","End",-0.00431401705228591,7.27646374089726,0.23328377619712,0.629531275803762,0.999519314121592,0.999498173819493,"soc_net_bl"
"3329","PLD3","End",0.00408715452010153,7.04335848433853,0.348811008248053,0.5553318501475,0.999519314121592,0.999498173819493,"soc_net_bl"
"3330","PRX","End",-0.0033312406492094,7.2999908249456,0.175264439763808,0.675841984690184,0.999519314121592,0.999498173819493,"soc_net_bl"
"3331","SERTAD1","End",0.00413674693959726,7.20828868110537,0.204526823533752,0.651491987017524,0.999519314121592,0.999498173819493,"soc_net_bl"
"3332","ITPKC","End",0.00707034326056131,6.81418015476116,0.468607313744073,0.494276197566848,0.999519314121592,0.999498173819493,"soc_net_bl"
"3333","PCAT19","End",-0.00922355904435128,8.1065598855209,1.48802057627966,0.223697827813203,0.999519314121592,0.999498173819493,"soc_net_bl"
"3334","RPS19","End",0.00217332071986154,8.40098218563406,0.0673139191413984,0.795506696678913,0.999519314121592,0.999498173819493,"soc_net_bl"
"3335","RABAC1","End",0.00979797845846881,7.24684239794915,1.53120319795669,0.217117657301121,0.999519314121592,0.999498173819493,"soc_net_bl"
"3336","LIPE-AS1","End",0.00924000211524688,6.72508067436854,0.769189641715356,0.381327795437454,0.999519314121592,0.999498173819493,"soc_net_bl"
"3337","BCAM","End",0.00130566050691272,7.08909212705254,0.0262353968992297,0.871460385568048,0.999519314121592,0.999498173819493,"soc_net_bl"
"3338","NECTIN2","End",-0.00253298277794642,7.77461383505156,0.199688437997552,0.65536756374026,0.999519314121592,0.999498173819493,"soc_net_bl"
"3339","APOE","End",0.0129594439416703,6.61707408040863,0.890297220274618,0.346327136119109,0.999519314121592,0.999498173819493,"soc_net_bl"
"3340","NOVA2","End",-0.00708874342893613,7.4330310164026,1.11354591485129,0.292352861448831,0.999519314121592,0.999498173819493,"soc_net_bl"
"3341","HIF3A","End",0.0016962248627358,8.80552419212776,0.0891927432828679,0.765459311977474,0.999519314121592,0.999498173819493,"soc_net_bl"
"3342","CALM3","End",0.0100804748957311,6.85485041706008,1.27981703212912,0.259040183761502,0.999519314121592,0.999498173819493,"soc_net_bl"
"3343","PRKD2","End",0.00282323648863616,7.30457114095405,0.171257019085124,0.67935942004171,0.999519314121592,0.999498173819493,"soc_net_bl"
"3344","ARHGAP35","End",-0.00611213292297108,6.8526202954078,0.398519416311213,0.528443927420709,0.999519314121592,0.999498173819493,"soc_net_bl"
"3345","EHD2","End",-0.0122492184515393,6.8722669719968,1.55209861000083,0.214017007765181,0.999519314121592,0.999498173819493,"soc_net_bl"
"3346","SELENOW","End",-0.000829578383744439,8.44779798195784,0.014677435438416,0.903671248019164,0.999519314121592,0.999498173819493,"soc_net_bl"
"3347","CARD8","End",0.008852244006355,7.55860105040976,2.60565959414572,0.224729754401956,0.999519314121592,0.999498173819493,"soc_net_bl"
"3348","RPL18","End",0.00417099775236362,7.58292212530215,0.242079301833978,0.623149303965761,0.999519314121592,0.999498173819493,"soc_net_bl"
"3349","RASIP1","End",-0.00708057721173242,8.03402404047977,1.58203589931235,0.209666260047408,0.999519314121592,0.999498173819493,"soc_net_bl"
"3350","PPP1R15A","End",-0.00544610733611333,6.62384537469812,0.166216777910518,0.683852546324273,0.999519314121592,0.999498173819493,"soc_net_bl"
"3351","NUCB1","End",-0.00603006758943977,7.04671074149853,0.671120644666964,0.413458064564864,0.999519314121592,0.999498173819493,"soc_net_bl"
"3352","FTL","End",-9.33832812535018e-05,8.88983500704223,0.000131294106099275,0.990867081560968,0.999519314121592,0.999498173819493,"soc_net_bl"
"3353","SNRNP70","End",-0.00211030091710331,7.49344928790567,0.139005128634293,0.70959469444291,0.999519314121592,0.999498173819493,"soc_net_bl"
"3354","RPL13A","End",0.00132868015121148,7.90940778547701,0.0167969622853749,0.896986888579653,0.999519314121592,0.999498173819493,"soc_net_bl"
"3355","RPS11","End",-0.00670106993746197,7.53354060290502,0.646665320740362,0.422087727783162,0.999519314121592,0.999498173819493,"soc_net_bl"
"3356","PPP2R1A","End",0.00345311671900122,6.91618491478335,0.191653577440328,0.661929950679949,0.999519314121592,0.999498173819493,"soc_net_bl"
"3357","ZNF83","End",-0.00126459246289446,8.2031180694646,0.0473386478536008,0.827941936703538,0.999519314121592,0.999498173819493,"soc_net_bl"
"3358","ZNF160","End",0.0107766773870816,7.61449764246657,2.3776599993344,0.124373549802788,0.999519314121592,0.999498173819493,"soc_net_bl"
"3359","RPS9","End",0.00975263557560157,7.91905352153925,1.73910929982994,0.188484184812573,0.999519314121592,0.999498173819493,"soc_net_bl"
"3360","LENG8","End",-0.0175931760123468,7.04472306766686,4.56931204386569,0.0335407248265027,0.999519314121592,0.999498173819493,"soc_net_bl"
"3361","RPL28","End",0.00601476800116258,8.21036525302322,0.64223103771408,0.423681292586513,0.999519314121592,0.999498173819493,"soc_net_bl"
"3362","RPS5","End",0.0030074187187899,7.02988604127449,0.0832574586560327,0.773174787340162,0.999519314121592,0.999498173819493,"soc_net_bl"
"3363","LINC00278","End",0.0319956230157616,6.20624573594501,3.97995251165204,0.0471536327804515,0.999519314121592,0.999498173819493,"soc_net_bl"
"3364","AC010737.1","End",0.0165836832383891,6.56588720500515,1.16164185520164,0.282186289697385,0.999519314121592,0.999498173819493,"soc_net_bl"
"3365","PCDH11Y","End",0.00441083807270761,7.80448442351118,0.0718678331735536,0.788862154187237,0.999519314121592,0.999498173819493,"soc_net_bl"
"3366","USP9Y","End",0.0148716160310044,6.46559089175275,0.777794475676114,0.378681721238221,0.999519314121592,0.999498173819493,"soc_net_bl"
"3367","DDX3Y","End",0.00815640485447842,6.50383109408582,0.250972381610135,0.616841410389072,0.999519314121592,0.999498173819493,"soc_net_bl"
"3368","UTY","End",0.0144073697978212,7.50200306681831,0.902532711282874,0.343040543787371,0.999519314121592,0.999498173819493,"soc_net_bl"
"3369","TTTY14","End",0.00513556309094272,7.70759092503958,0.0962354645582468,0.756658828785489,0.999519314121592,0.999498173819493,"soc_net_bl"
"3370","IL17RA","End",-0.00915161750008337,7.18559418417181,1.49486128701679,0.222639630147044,0.999519314121592,0.999498173819493,"soc_net_bl"
"3371","MICAL3","End",-0.00695736249948414,7.73773650184464,1.30784220422169,0.253902879306168,0.999519314121592,0.999498173819493,"soc_net_bl"
"3372","CLDN5","End",-0.00248137322515211,11.8463768957606,0.236602003879743,0.627106376723772,0.999519314121592,0.999498173819493,"soc_net_bl"
"3373","PI4KA","End",0.00374272089957924,7.83247290968346,0.544878455801143,0.507033303002674,0.999519314121592,0.999498173819493,"soc_net_bl"
"3374","MAPK1","End",0.00174928520460288,7.80467013329108,0.12099290636578,0.972351728024514,0.999519314121592,0.999498173819493,"soc_net_bl"
"3375","PPM1F","End",0.00213915651077428,7.26225236984319,0.0902418455605805,0.764124898683273,0.999519314121592,0.999498173819493,"soc_net_bl"
"3376","BCR","End",-0.00677152410884654,7.90663726123412,0.973345376172163,0.324821453218258,0.999519314121592,0.999498173819493,"soc_net_bl"
"3377","GGT5","End",-0.00138923850969419,8.0066871766818,0.0446940359343303,0.832743542126435,0.999519314121592,0.999498173819493,"soc_net_bl"
"3378","KIAA1671","End",-0.0108614172655506,7.74242679633609,2.21346526025656,0.1380981236199,0.999519314121592,0.999498173819493,"soc_net_bl"
"3379","TPST2","End",-0.0109575324070692,8.52141381025937,3.17062750892016,0.0762138414135617,0.999519314121592,0.999498173819493,"soc_net_bl"
"3380","PITPNB","End",-0.000175020878736845,8.07658309271773,0.000897589583770066,0.976123526828773,0.999519314121592,0.999498173819493,"soc_net_bl"
"3381","TTC28","End",-0.00047189200341709,9.85111403556236,0.0172845693766933,0.895510883450098,0.999519314121592,0.999498173819493,"soc_net_bl"
"3382","ZNRF3","End",-0.00407600121886826,7.73301925843865,0.464079080340292,0.496367718232658,0.999519314121592,0.999498173819493,"soc_net_bl"
"3383","EWSR1","End",-0.00513964026382556,7.2764000462415,0.674765643513716,0.412194341388429,0.999519314121592,0.999498173819493,"soc_net_bl"
"3384","MTMR3","End",-0.00586364515492409,7.9656134469885,1.31730460339421,0.274523157635232,0.999519314121592,0.999498173819493,"soc_net_bl"
"3385","TCN2","End",-8.94170812813904e-05,7.60109292348524,0.000193791466700017,0.988904426705011,0.999519314121592,0.999498173819493,"soc_net_bl"
"3386","SELENOM","End",0.0107790214560001,6.92116037312218,1.13668133809404,0.287405121269243,0.999519314121592,0.999498173819493,"soc_net_bl"
"3387","LIMK2","End",-0.00524538641947919,7.74586202716259,0.503539435315459,0.478624428377178,0.999519314121592,0.999498173819493,"soc_net_bl"
"3388","YWHAH","End",-0.00904084062079502,7.20683498087644,1.15127553709848,0.284338944731509,0.999519314121592,0.999498173819493,"soc_net_bl"
"3389","FBXO7","End",-0.00659728102001698,7.039537349335,0.663291165855736,0.416192051897796,0.999519314121592,0.999498173819493,"soc_net_bl"
"3390","TIMP3","End",0.00647165708829632,9.66588734802303,0.806362608949223,0.37008023595976,0.999519314121592,0.999498173819493,"soc_net_bl"
"3391","LARGE1","End",0.0031769616165828,8.4329159004262,0.319787220321346,0.572253516635508,0.999519314121592,0.999498173819493,"soc_net_bl"
"3392","APOL6","End",0.00844427382061174,6.57840570779803,0.527645648132469,0.468292388382212,0.999519314121592,0.999498173819493,"soc_net_bl"
"3393","RBFOX2","End",-0.00324372583561725,9.62176314357281,0.835098548220506,0.361701606380266,0.999519314121592,0.999498173819493,"soc_net_bl"
"3394","APOL3","End",0.000313565151541469,7.22557981255597,0.00197811429480326,0.964561245474684,0.999519314121592,0.999498173819493,"soc_net_bl"
"3395","APOL1","End",-0.00332565133154239,6.77048132943042,0.120160452905656,0.729158333072218,0.999519314121592,0.999498173819493,"soc_net_bl"
"3396","MYH9","End",0.00305738221217921,9.33806505000648,0.432666053200569,0.511301737848107,0.999519314121592,0.999498173819493,"soc_net_bl"
"3397","LGALS1","End",0.000935678351566532,7.12451513033273,0.00551858249009235,0.94084256353346,0.999519314121592,0.999498173819493,"soc_net_bl"
"3398","TRIOBP","End",-0.000517146328449586,7.45225712156686,0.00646069807668768,0.936001928933433,0.999519314121592,0.999498173819493,"soc_net_bl"
"3399","MAFF","End",-0.00885104263323013,7.10600887582975,0.539895506987468,0.463179373621203,0.999519314121592,0.999498173819493,"soc_net_bl"
"3400","TMEM184B","End",-0.0117824305259646,7.9584526508981,4.00517987093128,0.0464646258019746,0.999519314121592,0.999498173819493,"soc_net_bl"
"3401","TPTEP2-CSNK1E","End",0.0069291576282703,7.9529122707023,1.81330819705408,0.179357409297153,0.999519314121592,0.999498173819493,"soc_net_bl"
"3402","DDX17","End",-0.00118262962407895,9.62230627071523,0.171457644671908,0.679182183694105,0.999519314121592,0.999498173819493,"soc_net_bl"
"3403","PDGFB","End",0.00629534621520732,7.49458709246346,0.607432688314524,0.436508955922504,0.999519314121592,0.999498173819493,"soc_net_bl"
"3404","RPL3","End",0.00785082205238055,7.88575556546376,0.980992680775642,0.32293189877294,0.999519314121592,0.999498173819493,"soc_net_bl"
"3405","TNRC6B","End",0.0020576424967177,9.20490826986211,0.304964117074708,0.581290839463355,0.999519314121592,0.999498173819493,"soc_net_bl"
"3406","MKL1","End",-0.00754251491041195,8.54816532055058,1.95708864923681,0.163090837647794,0.999519314121592,0.999498173819493,"soc_net_bl"
"3407","ST13","End",0.00969429266406773,7.0569119510011,1.30128231805014,0.25509397632613,0.999519314121592,0.999498173819493,"soc_net_bl"
"3408","EP300","End",0.00386025578601528,7.65239152930241,0.454095587277806,0.628980169284888,0.999519314121592,0.999498173819493,"soc_net_bl"
"3409","XRCC6","End",-0.00105459558077326,7.20021273197803,0.0245279809900889,0.875678071915093,0.999519314121592,0.999498173819493,"soc_net_bl"
"3410","SNU13","End",-0.00144872862887855,7.14712679082416,0.0342130720027967,0.853407486291119,0.999519314121592,0.999498173819493,"soc_net_bl"
"3411","SREBF2","End",-0.00550809771766847,7.48451958229052,0.46586493232283,0.495541080663237,0.999519314121592,0.999498173819493,"soc_net_bl"
"3412","CYB5R3","End",-0.00317975360920625,7.83351320994752,0.238779980924684,0.625526165534717,0.999519314121592,0.999498173819493,"soc_net_bl"
"3413","ARFGAP3","End",0.00545238265287855,7.7320646783468,0.884151736795123,0.34799404298532,0.999519314121592,0.999498173819493,"soc_net_bl"
"3414","PACSIN2","End",0.00071688248068493,7.95605026925857,0.0189236364463478,0.890698721331503,0.999519314121592,0.999498173819493,"soc_net_bl"
"3415","SAMM50","End",-0.00505851694373337,6.96520660389914,0.323925405688952,0.569779978545129,0.999519314121592,0.999498173819493,"soc_net_bl"
"3416","PARVB","End",-0.00776393582754254,9.13931154721224,2.21358541198473,0.138087477316955,0.999519314121592,0.999498173819493,"soc_net_bl"
"3417","ATXN10","End",-0.0024390608132914,8.11662970954518,0.246527829284875,0.692952467885165,0.999519314121592,0.999498173819493,"soc_net_bl"
"3418","MIRLET7BHG","End",0.00763607543003749,7.84120343472149,1.40484862116619,0.237062836422726,0.999519314121592,0.999498173819493,"soc_net_bl"
"3419","CERK","End",-0.0133626704288413,7.63065856648368,3.08306809268966,0.0803618579392652,0.999519314121592,0.999498173819493,"soc_net_bl"
"3420","TBC1D22A","End",0.00061715352861384,9.504666608214,0.0308255171098178,0.86077537615459,0.999519314121592,0.999498173819493,"soc_net_bl"
"3421","FAM19A5","End",-0.0232757192147191,6.72092864742927,3.82112690576238,0.0517484742752342,0.999519314121592,0.999498173819493,"soc_net_bl"
"3422","C22orf34","End",-0.00472152035628035,8.60076376988087,0.255185613865736,0.613901683889677,0.999519314121592,0.999498173819493,"soc_net_bl"
"3423","PPP6R2","End",-0.00520681270307473,7.47432221802667,0.639518870982469,0.424660436373176,0.999519314121592,0.999498173819493,"soc_net_bl"
"3424","SHANK3","End",-0.0187644129297144,8.26518579700945,10.1957898104545,0.00159210773246088,0.888697636424933,0.999498173819493,"soc_net_bl"
"3425","FP671120.1","End",-0.000643281234100457,8.93930547099529,0.00594076867897179,0.938625744349904,0.999519314121592,0.999498173819493,"soc_net_bl"
"3426","FP236383.1","End",-0.00997885065413294,8.32366885465459,1.24717197421571,0.265188301257029,0.999519314121592,0.999498173819493,"soc_net_bl"
"3427","NRIP1","End",0.00798205300700811,7.11332869171227,1.06898935242419,0.302194233525784,0.999519314121592,0.999498173819493,"soc_net_bl"
"3428","USP25","End",0.000921550248200692,7.83377062300833,0.0288314172373654,0.865309116287953,0.999519314121592,0.999498173819493,"soc_net_bl"
"3429","MIR99AHG","End",0.00553633493629486,6.85008275864746,0.227160903650784,0.634062196486334,0.999519314121592,0.999498173819493,"soc_net_bl"
"3430","JAM2","End",0.00142703066355541,8.30717449706583,0.063071770634528,0.801915841766316,0.999519314121592,0.999498173819493,"soc_net_bl"
"3431","APP","End",-0.00271453221445127,10.0055431112919,0.490880291526179,0.484200322932736,0.999519314121592,0.999498173819493,"soc_net_bl"
"3432","CYYR1","End",-0.0057917545887546,8.67164857079537,0.880630747248468,0.348954007956487,0.999519314121592,0.999498173819493,"soc_net_bl"
"3433","ADAMTS1","End",-0.0177221304980297,8.21159941899137,1.78726999554796,0.182500285139898,0.999519314121592,0.999498173819493,"soc_net_bl"
"3434","AF165147.1","End",-0.0179045445999284,6.44330805711847,1.4732002632281,0.226011254113727,0.999519314121592,0.999498173819493,"soc_net_bl"
"3435","BACH1","End",-0.00818285228300459,8.48127292776084,1.76298088414518,0.185490002522101,0.999519314121592,0.999498173819493,"soc_net_bl"
"3436","TIAM1","End",-0.0275380823670179,6.52621525320625,4.25238322882394,0.0402508706612976,0.999519314121592,0.999498173819493,"soc_net_bl"
"3437","SOD1","End",0.00983680542115482,7.00740234449346,1.19014762418514,0.276372472382346,0.999519314121592,0.999498173819493,"soc_net_bl"
"3438","SCAF4","End",-0.00569095515511069,7.17244684913702,0.587537762399036,0.444111422919485,0.999519314121592,0.999498173819493,"soc_net_bl"
"3439","EVA1C","End",-0.00264613332955369,9.28622263955845,0.247277700715114,0.61944485356715,0.999519314121592,0.999498173819493,"soc_net_bl"
"3440","SYNJ1","End",0.00933717384652156,7.23263441978727,2.52757672868173,0.11316260277044,0.999519314121592,0.999498173819493,"soc_net_bl"
"3441","PAXBP1","End",0.00570073112532075,7.2112935608318,0.831380927306958,0.362770613840046,0.999519314121592,0.999498173819493,"soc_net_bl"
"3442","IFNAR1","End",0.000505908875148737,7.79503487223232,0.008608875022719,0.95637769657147,0.999519314121592,0.999498173819493,"soc_net_bl"
"3443","IFNGR2","End",0.004697927452136,7.31179187356742,0.592830222027741,0.442069184246532,0.999519314121592,0.999498173819493,"soc_net_bl"
"3444","TMEM50B","End",-0.00218985693611987,7.96305706054659,0.147142305625959,0.701614326964576,0.999519314121592,0.999498173819493,"soc_net_bl"
"3445","SON","End",-0.00208281859490155,9.02655641451618,0.303053912143374,0.582476227722038,0.999519314121592,0.999498173819493,"soc_net_bl"
"3446","ITSN1","End",-0.00719313404457212,7.94922338808265,1.20586329873398,0.273231918582971,0.999519314121592,0.999498173819493,"soc_net_bl"
"3447","MRPS6","End",0.00319053723900404,6.8299080704446,0.0938468501101613,0.759602895424223,0.999519314121592,0.999498173819493,"soc_net_bl"
"3448","RCAN1","End",-0.00288075070863103,7.0710150854086,0.0890726387882424,0.765612624219941,0.999519314121592,0.999498173819493,"soc_net_bl"
"3449","MORC3","End",-0.00557821503847864,7.56672760796991,0.699148984605568,0.403885279456055,0.999519314121592,0.999498173819493,"soc_net_bl"
"3450","HLCS","End",0.00596459133809996,7.93260608209191,0.669153894632197,0.414142323810951,0.999519314121592,0.999498173819493,"soc_net_bl"
"3451","TTC3","End",-0.00218003744344874,8.09525696040643,0.206822177229976,0.649672694342676,0.999519314121592,0.999498173819493,"soc_net_bl"
"3452","DYRK1A","End",0.00543311458458744,8.95563317641545,2.08854519069248,0.149686304022979,0.999519314121592,0.999498173819493,"soc_net_bl"
"3453","KCNJ6","End",-0.0139973885243477,6.16323491576509,0.716063709221582,0.398264605602882,0.999519314121592,0.999498173819493,"soc_net_bl"
"3454","ERG","End",-0.00324210831040603,10.4058958529723,0.728549510932855,0.394188240061916,0.999519314121592,0.999498173819493,"soc_net_bl"
"3455","ETS2","End",0.00424824641057652,9.7241065053434,0.7045882571198,0.402065292586862,0.999519314121592,0.999498173819493,"soc_net_bl"
"3456","BRWD1","End",-0.00126357189827052,8.4389057267518,0.087694463164218,0.77746729326654,0.999519314121592,0.999498173819493,"soc_net_bl"
"3457","DSCAM","End",0.00587356950824972,6.36942684340087,0.237258050152037,0.626629443966085,0.999519314121592,0.999498173819493,"soc_net_bl"
"3458","BACE2","End",-0.0211858574783784,9.58358835058345,4.94837877622997,0.0270276267139114,0.999519314121592,0.999498173819493,"soc_net_bl"
"3459","MX2","End",-0.00555095376191548,7.04637030356293,0.165126646686677,0.684834773307864,0.999519314121592,0.999498173819493,"soc_net_bl"
"3460","MX1","End",0.0116077988702246,8.03012828207116,1.96900565572369,0.161820656892649,0.999519314121592,0.999498173819493,"soc_net_bl"
"3461","C2CD2","End",0.00143135192420611,8.15898292176588,0.072957179537974,0.787306393276511,0.999519314121592,0.999498173819493,"soc_net_bl"
"3462","ABCG1","End",-0.00485185680812267,7.50737195235337,0.30857237710581,0.579064879654482,0.999519314121592,0.999498173819493,"soc_net_bl"
"3463","PDXK","End",-0.00342204593129493,9.37536197064865,0.336653597366727,0.562300948682276,0.999519314121592,0.999498173819493,"soc_net_bl"
"3464","CSTB","End",-0.0157411387178297,7.22184500239048,2.67369982841634,0.103303878486195,0.999519314121592,0.999498173819493,"soc_net_bl"
"3465","AGPAT3","End",-0.0160230173041594,7.26431601429375,5.45629288730178,0.0203061858427481,0.999519314121592,0.999498173819493,"soc_net_bl"
"3466","TRAPPC10","End",0.000697399243530316,7.29386331172418,0.011287779616564,0.915475808906245,0.999519314121592,0.999498173819493,"soc_net_bl"
"3467","PFKL","End",0.00798254958664877,7.15718970722046,1.73674946383563,0.188783234184617,0.999519314121592,0.999498173819493,"soc_net_bl"
"3468","UBE2G2","End",0.00524595361640525,7.22980238889002,0.804223460865926,0.370714744100199,0.999519314121592,0.999498173819493,"soc_net_bl"
"3469","PTTG1IP","End",-0.00428599151202602,8.7461458340715,0.797782444806176,0.372634492602775,0.999519314121592,0.999498173819493,"soc_net_bl"
"3470","ADARB1","End",0.00764474162184901,7.4519123005838,1.54539381238035,0.215006122516986,0.999519314121592,0.999498173819493,"soc_net_bl"
"3471","COL18A1","End",-0.00299496216152244,7.62316997459598,0.198634955792583,0.656218867997068,0.999519314121592,0.999498173819493,"soc_net_bl"
"3472","PCBP3","End",0.0325919025598253,6.14267411077676,2.80112519175156,0.0954755203386204,0.999519314121592,0.999498173819493,"soc_net_bl"
"3473","LSS","End",-0.0166524061187652,7.44682956195159,4.09615518475009,0.0440672729164622,0.999519314121592,0.999498173819493,"soc_net_bl"
"3474","DIP2A","End",-0.00374715068258211,7.95950273349538,0.593457475330084,0.441828104805921,0.999519314121592,0.999498173819493,"soc_net_bl"
"3475","PRMT2","End",0.00217401701244733,8.01605661841674,0.186199446102425,0.666478594651243,0.999519314121592,0.999498173819493,"soc_net_bl"
"3476","MT-ND1","End",-0.00917806779442963,10.1252387747169,1.53472379930234,0.216591493210436,0.999519314121592,0.999498173819493,"soc_net_bl"
"3477","MT-ND2","End",-0.00789907374859345,9.8356822202313,0.761980694709306,0.383564869035268,0.999519314121592,0.999498173819493,"soc_net_bl"
"3478","MT-CO1","End",0.00666722498555531,11.0778800878976,0.742096753719132,0.389833114889614,0.999519314121592,0.999498173819493,"soc_net_bl"
"3479","MT-CO2","End",-0.00133732205343923,10.9808761619924,0.0312664023987483,0.859793574609023,0.999519314121592,0.999498173819493,"soc_net_bl"
"3480","MT-ATP6","End",0.00128367700021324,11.2856849295102,0.0412611051646428,0.839203505426056,0.999519314121592,0.999498173819493,"soc_net_bl"
"3481","MT-CO3","End",0.000681989742622102,11.3253001065825,0.00922356935312626,0.923567848551947,0.999519314121592,0.999498173819493,"soc_net_bl"
"3482","MT-ND3","End",-0.00786066893902344,10.2715396229551,0.678741626535564,0.41082237160917,0.999519314121592,0.999498173819493,"soc_net_bl"
"3483","MT-ND4L","End",-0.00660524973516789,7.2117384842732,0.469515211766886,0.493858641054209,0.999519314121592,0.999498173819493,"soc_net_bl"
"3484","MT-ND4","End",-0.00401829203909613,10.8243327544989,0.310560503486267,0.577845663296482,0.999519314121592,0.999498173819493,"soc_net_bl"
"3485","MT-ND5","End",0.00260030380004146,8.98258119585034,0.156032200432517,0.693180152484421,0.999519314121592,0.999498173819493,"soc_net_bl"
"3486","MT-CYB","End",0.0010035075695655,10.7784558133596,0.020363444675064,0.886644080393539,0.999519314121592,0.999498173819493,"soc_net_bl"
"3487","AL592183.1","End",-0.00259601624502318,6.82842512016028,0.0693463555931111,0.792512407941448,0.999519314121592,0.999498173819493,"soc_net_bl"
