"","gene","cluster_id","logFC","logCPM","F","p_val","p_adj.loc","p_adj.glb","coef"
"1","AL669831.5","Inh PVALB CA8 (Chandelier)",0.0811544363372105,5.09878454588228,1.33799920720146,0.249103028243216,0.999998866570966,0.999994427475806,"ya_adult_cogact_freq"
"2","NOC2L","Inh PVALB CA8 (Chandelier)",0.0762903534137419,4.46241579959142,0.670672633011949,0.414029523750042,0.999998866570966,0.999994427475806,"ya_adult_cogact_freq"
"3","HES4","Inh PVALB CA8 (Chandelier)",-0.308944851398238,3.97933053273627,4.4023535584137,0.0374528713045801,0.999998866570966,0.999994427475806,"ya_adult_cogact_freq"
"4","C1orf159","Inh PVALB CA8 (Chandelier)",0.104222216323079,5.34881876829489,2.55574886629664,0.111857266823391,0.999998866570966,0.999994427475806,"ya_adult_cogact_freq"
"5","SDF4","Inh PVALB CA8 (Chandelier)",-0.0237327017350672,5.18450873265996,0.114137096649881,0.735923133992152,0.999998866570966,0.999994427475806,"ya_adult_cogact_freq"
"6","UBE2J2","Inh PVALB CA8 (Chandelier)",0.0823095785131146,5.08899458154631,1.6958120452264,0.194699169792812,0.999998866570966,0.999994427475806,"ya_adult_cogact_freq"
"7","SCNN1D","Inh PVALB CA8 (Chandelier)",0.0188228029400483,3.85097346317517,0.0251006523814801,0.874315353801176,0.999998866570966,0.999994427475806,"ya_adult_cogact_freq"
"8","ACAP3","Inh PVALB CA8 (Chandelier)",2.11422598873627e-05,6.3847797434806,1.3628861425324e-07,0.999705900364386,0.999998866570966,0.999994427475806,"ya_adult_cogact_freq"
"9","INTS11","Inh PVALB CA8 (Chandelier)",0.0330513926645478,5.47680781144225,0.402253583130728,0.749491302703894,0.999998866570966,0.999994427475806,"ya_adult_cogact_freq"
"10","DVL1","Inh PVALB CA8 (Chandelier)",-0.167737740784622,4.2818475309114,3.78995336303363,0.0533040708286807,0.999998866570966,0.999994427475806,"ya_adult_cogact_freq"
"11","AURKAIP1","Inh PVALB CA8 (Chandelier)",-0.0716970880356493,4.06195236874546,0.374318357992243,0.541524015482197,0.999998866570966,0.999994427475806,"ya_adult_cogact_freq"
"12","CCNL2","Inh PVALB CA8 (Chandelier)",0.0463468819096402,6.11291839671285,1.05307011683657,0.306342637584105,0.999998866570966,0.999994427475806,"ya_adult_cogact_freq"
"13","MRPL20","Inh PVALB CA8 (Chandelier)",-0.101873204095736,4.62831627052798,1.53623157053249,0.216985912303494,0.999998866570966,0.999994427475806,"ya_adult_cogact_freq"
"14","ATAD3B","Inh PVALB CA8 (Chandelier)",-0.0524729428022522,4.75128674618314,0.483159777835319,0.606927375447583,0.999998866570966,0.999994427475806,"ya_adult_cogact_freq"
"15","ATAD3A","Inh PVALB CA8 (Chandelier)",0.000178409179144923,4.24098737764845,2.68276185831289e-05,0.995873766353076,0.999998866570966,0.999994427475806,"ya_adult_cogact_freq"
"16","SSU72","Inh PVALB CA8 (Chandelier)",-0.0766572275077658,5.22855274919725,1.16176003166273,0.282715462934824,0.999998866570966,0.999994427475806,"ya_adult_cogact_freq"
"17","FNDC10","Inh PVALB CA8 (Chandelier)",0.111137117600796,4.00766557340563,0.852774935905348,0.357152430573672,0.999998866570966,0.999994427475806,"ya_adult_cogact_freq"
"18","MIB2","Inh PVALB CA8 (Chandelier)",0.0704166841206646,4.97355409457784,1.15255056577572,0.284624633658987,0.999998866570966,0.999994427475806,"ya_adult_cogact_freq"
"19","CDK11B","Inh PVALB CA8 (Chandelier)",0.121297503459521,4.78322794252673,2.59351662712729,0.109263579058612,0.999998866570966,0.999994427475806,"ya_adult_cogact_freq"
"20","SLC35E2B","Inh PVALB CA8 (Chandelier)",-0.197508499417965,4.81084479379216,6.93293350366439,0.00928794404176948,0.999998866570966,0.999994427475806,"ya_adult_cogact_freq"
"21","CDK11A","Inh PVALB CA8 (Chandelier)",0.108069669227493,4.27849695770807,1.17468828443009,0.280062791004232,0.999998866570966,0.999994427475806,"ya_adult_cogact_freq"
"22","SLC35E2A","Inh PVALB CA8 (Chandelier)",0.0577842714231824,4.77520449898926,0.563715768352568,0.45386451929002,0.999998866570966,0.999994427475806,"ya_adult_cogact_freq"
"23","GNB1","Inh PVALB CA8 (Chandelier)",0.0278259244881318,7.42955831132737,0.746459047866849,0.388886858313459,0.999998866570966,0.999994427475806,"ya_adult_cogact_freq"
"24","CFAP74","Inh PVALB CA8 (Chandelier)",0.165665336172948,4.53883236187052,3.22590984429744,0.0743593422900814,0.999998866570966,0.999994427475806,"ya_adult_cogact_freq"
"25","GABRD","Inh PVALB CA8 (Chandelier)",-0.0492264844545626,7.29384750787175,0.762508972820226,0.3838469163685,0.999998866570966,0.999994427475806,"ya_adult_cogact_freq"
"26","PRKCZ","Inh PVALB CA8 (Chandelier)",-0.0537403080079614,6.43905566188939,1.38189863919826,0.278448954941901,0.999998866570966,0.999994427475806,"ya_adult_cogact_freq"
"27","FAAP20","Inh PVALB CA8 (Chandelier)",0.0227053397683629,4.54931861427369,0.07052445587987,0.790914936397606,0.999998866570966,0.999994427475806,"ya_adult_cogact_freq"
"28","SKI","Inh PVALB CA8 (Chandelier)",0.0733164293818915,6.54822711282594,2.27239744018372,0.133658595236918,0.999998866570966,0.999994427475806,"ya_adult_cogact_freq"
"29","MORN1","Inh PVALB CA8 (Chandelier)",-0.0874529415245095,5.19685437348963,2.00990298434694,0.15821060895739,0.999998866570966,0.999994427475806,"ya_adult_cogact_freq"
"30","RER1","Inh PVALB CA8 (Chandelier)",0.0645629503592623,4.68705965184611,0.773347375872458,0.558248436698794,0.999998866570966,0.999994427475806,"ya_adult_cogact_freq"
"31","PLCH2","Inh PVALB CA8 (Chandelier)",-0.110087850707467,5.04858946933445,2.67804188206377,0.103696918325668,0.999998866570966,0.999994427475806,"ya_adult_cogact_freq"
"32","TPRG1L","Inh PVALB CA8 (Chandelier)",-0.16152020282775,4.43328281079066,2.20203183230603,0.139786897636821,0.999998866570966,0.999994427475806,"ya_adult_cogact_freq"
"33","LRRC47","Inh PVALB CA8 (Chandelier)",-0.078883895289368,4.2693881460078,0.58095633302996,0.447054523211075,0.999998866570966,0.999994427475806,"ya_adult_cogact_freq"
"34","CEP104","Inh PVALB CA8 (Chandelier)",0.085795276635114,5.49689782447433,2.77459226195879,0.0977184507623879,0.999998866570966,0.999994427475806,"ya_adult_cogact_freq"
"35","DFFB","Inh PVALB CA8 (Chandelier)",0.0277986884812993,4.83426258960759,0.159131351710804,0.690486890533195,0.999998866570966,0.999994427475806,"ya_adult_cogact_freq"
"36","AJAP1","Inh PVALB CA8 (Chandelier)",-0.0114039554731887,8.004287863561,0.110195980947155,0.740353511296457,0.999998866570966,0.999994427475806,"ya_adult_cogact_freq"
"37","NPHP4","Inh PVALB CA8 (Chandelier)",0.0310853614427127,5.16616701741569,0.195933433603219,0.658618462636997,0.999998866570966,0.999994427475806,"ya_adult_cogact_freq"
"38","KCNAB2","Inh PVALB CA8 (Chandelier)",-0.081198528924042,5.56844807660473,2.24106757902262,0.136348899993731,0.999998866570966,0.999994427475806,"ya_adult_cogact_freq"
"39","CHD5","Inh PVALB CA8 (Chandelier)",0.0246021246991244,7.51163154265346,0.317150863537957,0.574109514559907,0.999998866570966,0.999994427475806,"ya_adult_cogact_freq"
"40","RPL22","Inh PVALB CA8 (Chandelier)",-0.022776971331816,4.78565572895041,0.120738566815914,0.728689320910077,0.999998866570966,0.999994427475806,"ya_adult_cogact_freq"
"41","RNF207","Inh PVALB CA8 (Chandelier)",0.00779946852630401,4.18075485858959,0.00684366019603361,0.93417199089987,0.999998866570966,0.999994427475806,"ya_adult_cogact_freq"
"42","ICMT","Inh PVALB CA8 (Chandelier)",0.0286999165156306,4.20264181265101,0.0878671047670973,0.767288996776258,0.999998866570966,0.999994427475806,"ya_adult_cogact_freq"
"43","GPR153","Inh PVALB CA8 (Chandelier)",-0.0935935213729476,4.45293602598942,1.00643425524479,0.317266193841431,0.999998866570966,0.999994427475806,"ya_adult_cogact_freq"
"44","ACOT7","Inh PVALB CA8 (Chandelier)",-0.0645641198493982,6.42327771383807,2.36645937300755,0.125933830645313,0.999998866570966,0.999994427475806,"ya_adult_cogact_freq"
"45","TNFRSF25","Inh PVALB CA8 (Chandelier)",-0.00586337913976722,4.24970485026528,0.00359933319206517,0.952234574569039,0.999998866570966,0.999994427475806,"ya_adult_cogact_freq"
"46","NOL9","Inh PVALB CA8 (Chandelier)",-0.0770072749734757,5.06030443510174,1.48941942068115,0.224093647087978,0.999998866570966,0.999994427475806,"ya_adult_cogact_freq"
"47","KLHL21","Inh PVALB CA8 (Chandelier)",-0.0261319583980024,4.46836836301176,0.074819222233949,0.784796141011208,0.999998866570966,0.999994427475806,"ya_adult_cogact_freq"
"48","DNAJC11","Inh PVALB CA8 (Chandelier)",0.0312365235153378,5.91755082155023,0.339733262685757,0.560799904015383,0.999998866570966,0.999994427475806,"ya_adult_cogact_freq"
"49","CAMTA1","Inh PVALB CA8 (Chandelier)",0.021172323893062,9.77936997570863,0.580133534148938,0.447375882700405,0.999998866570966,0.999994427475806,"ya_adult_cogact_freq"
"50","PER3","Inh PVALB CA8 (Chandelier)",0.0965042095312539,7.19287930419366,4.18503962648595,0.0424118498392934,0.999998866570966,0.999994427475806,"ya_adult_cogact_freq"
"51","PARK7","Inh PVALB CA8 (Chandelier)",-0.273312299617765,4.93417792679632,9.45107233732654,0.00247996864285651,0.999998866570966,0.999994427475806,"ya_adult_cogact_freq"
"52","ERRFI1","Inh PVALB CA8 (Chandelier)",0.0544498041351963,4.7296831147577,0.332436103582785,0.565034530280331,0.999998866570966,0.999994427475806,"ya_adult_cogact_freq"
"53","SLC45A1","Inh PVALB CA8 (Chandelier)",-0.0310174573763439,4.41925326620038,0.0994474690542435,0.752902679642655,0.999998866570966,0.999994427475806,"ya_adult_cogact_freq"
"54","RERE","Inh PVALB CA8 (Chandelier)",0.0169547222351661,8.85660008748379,0.388528336710044,0.533957297104862,0.999998866570966,0.999994427475806,"ya_adult_cogact_freq"
"55","ENO1","Inh PVALB CA8 (Chandelier)",-0.0668146229387155,5.38914106324465,0.813889136793025,0.368322569609844,0.999998866570966,0.999994427475806,"ya_adult_cogact_freq"
"56","MIR34AHG","Inh PVALB CA8 (Chandelier)",0.183717207378788,5.01288663602879,6.15264396532658,0.0141515450413041,0.999998866570966,0.999994427475806,"ya_adult_cogact_freq"
"57","H6PD","Inh PVALB CA8 (Chandelier)",-0.0119187250432586,4.35450686238378,0.0144892032494983,0.904339482198591,0.999998866570966,0.999994427475806,"ya_adult_cogact_freq"
"58","SLC25A33","Inh PVALB CA8 (Chandelier)",0.0199470758774943,4.62102648064256,0.0658286528785536,0.827045145458958,0.999998866570966,0.999994427475806,"ya_adult_cogact_freq"
"59","PIK3CD","Inh PVALB CA8 (Chandelier)",-0.00798760801145709,4.39819030043353,0.00607399497242189,0.9379760069093,0.999998866570966,0.999994427475806,"ya_adult_cogact_freq"
"60","CLSTN1","Inh PVALB CA8 (Chandelier)",-0.00676011448538853,7.86548317764175,0.0295515107691159,0.86372800362095,0.999998866570966,0.999994427475806,"ya_adult_cogact_freq"
"61","CTNNBIP1","Inh PVALB CA8 (Chandelier)",-0.0550850735141429,4.76499791065435,0.519842268942557,0.471956140295007,0.999998866570966,0.999994427475806,"ya_adult_cogact_freq"
"62","LZIC","Inh PVALB CA8 (Chandelier)",0.0332374972799975,4.74081556727753,0.238678564761659,0.625827906923042,0.999998866570966,0.999994427475806,"ya_adult_cogact_freq"
"63","NMNAT1","Inh PVALB CA8 (Chandelier)",-0.0977158019609779,4.55212240772604,1.12255167355938,0.290958921846114,0.999998866570966,0.999994427475806,"ya_adult_cogact_freq"
"64","UBE4B","Inh PVALB CA8 (Chandelier)",0.0202954356365284,7.16221454289618,0.260729069445207,0.610320146706564,0.999998866570966,0.999994427475806,"ya_adult_cogact_freq"
"65","KIF1B","Inh PVALB CA8 (Chandelier)",0.0162584901692875,8.63708633080217,0.365247875519101,0.546458003088143,0.999998866570966,0.999994427475806,"ya_adult_cogact_freq"
"66","PGD","Inh PVALB CA8 (Chandelier)",-0.0647128141520435,4.65624302769365,0.699370809751931,0.404236484501851,0.999998866570966,0.999994427475806,"ya_adult_cogact_freq"
"67","DFFA","Inh PVALB CA8 (Chandelier)",-0.0780085356472817,4.89263082760783,1.60328004741169,0.289631453018943,0.999998866570966,0.999994427475806,"ya_adult_cogact_freq"
"68","PEX14","Inh PVALB CA8 (Chandelier)",-0.00200525083431835,5.8391223394431,0.00136718338590303,0.970550459130473,0.999998866570966,0.999994427475806,"ya_adult_cogact_freq"
"69","SRM","Inh PVALB CA8 (Chandelier)",-0.02549250932154,4.74893128317789,0.110485321894012,0.740025283011824,0.999998866570966,0.999994427475806,"ya_adult_cogact_freq"
"70","EXOSC10","Inh PVALB CA8 (Chandelier)",0.0956464035904814,5.1081990717274,2.21475174909387,0.13865596216028,0.999998866570966,0.999994427475806,"ya_adult_cogact_freq"
"71","MTOR","Inh PVALB CA8 (Chandelier)",-0.0478831200122775,6.15887029479674,1.05025439915797,0.306988066100985,0.999998866570966,0.999994427475806,"ya_adult_cogact_freq"
"72","FBXO2","Inh PVALB CA8 (Chandelier)",-0.0497948235814891,4.97816839211925,0.368845988191591,0.544490829132196,0.999998866570966,0.999994427475806,"ya_adult_cogact_freq"
"73","FBXO44","Inh PVALB CA8 (Chandelier)",-0.0408841210361113,5.98803846685736,0.49159306318755,0.484231166018974,0.999998866570966,0.999994427475806,"ya_adult_cogact_freq"
"74","MTHFR","Inh PVALB CA8 (Chandelier)",0.0900726105814093,5.18536143368014,2.29445062982126,0.148052220625708,0.999998866570966,0.999994427475806,"ya_adult_cogact_freq"
"75","CLCN6","Inh PVALB CA8 (Chandelier)",0.106930725737113,4.60641715687782,1.82856792727619,0.178195927533927,0.999998866570966,0.999994427475806,"ya_adult_cogact_freq"
"76","KIAA2013","Inh PVALB CA8 (Chandelier)",0.0565803009908288,4.18709195404722,0.368045526062516,0.54492732111532,0.999998866570966,0.999994427475806,"ya_adult_cogact_freq"
"77","PLOD1","Inh PVALB CA8 (Chandelier)",-0.0610889170627851,3.69367213016296,0.235803679258376,0.627914626733207,0.999998866570966,0.999994427475806,"ya_adult_cogact_freq"
"78","MFN2","Inh PVALB CA8 (Chandelier)",-0.00526351876864789,5.18002557998486,0.00740762872319591,0.931519792092394,0.999998866570966,0.999994427475806,"ya_adult_cogact_freq"
"79","VPS13D","Inh PVALB CA8 (Chandelier)",-0.0047353930699243,8.03756636313162,0.0215773612991959,0.883401040481147,0.999998866570966,0.999994427475806,"ya_adult_cogact_freq"
"80","PRDM2","Inh PVALB CA8 (Chandelier)",-0.0136153124586645,6.93806984623999,0.112920857105647,0.737281150530005,0.999998866570966,0.999994427475806,"ya_adult_cogact_freq"
"81","KAZN","Inh PVALB CA8 (Chandelier)",0.00697629969963663,11.5501345953667,0.0671164958392114,0.795913800533789,0.999998866570966,0.999994427475806,"ya_adult_cogact_freq"
"82","EFHD2","Inh PVALB CA8 (Chandelier)",-0.000708268783099519,4.011849156863,8.28323621060455e-05,0.992749654562851,0.999998866570966,0.999994427475806,"ya_adult_cogact_freq"
"83","CASP9","Inh PVALB CA8 (Chandelier)",-0.0208558809723373,4.25200513280023,0.0540670290360933,0.816427438959675,0.999998866570966,0.999994427475806,"ya_adult_cogact_freq"
"84","DNAJC16","Inh PVALB CA8 (Chandelier)",-0.0522127180492027,5.33605981958405,0.871573287092324,0.351920176394785,0.999998866570966,0.999994427475806,"ya_adult_cogact_freq"
"85","DDI2","Inh PVALB CA8 (Chandelier)",0.0249637454089531,5.48048554562439,0.170799302050567,0.726175707720556,0.999998866570966,0.999994427475806,"ya_adult_cogact_freq"
"86","PLEKHM2","Inh PVALB CA8 (Chandelier)",-0.00317718420757647,5.7871130519954,0.00428374306832594,0.947896786253443,0.999998866570966,0.999994427475806,"ya_adult_cogact_freq"
"87","AL450998.2","Inh PVALB CA8 (Chandelier)",-0.0832488310745108,3.7863441743502,0.469301881136324,0.494295047547395,0.999998866570966,0.999994427475806,"ya_adult_cogact_freq"
"88","SPEN","Inh PVALB CA8 (Chandelier)",0.049985579462785,6.57835870226581,1.52224174078421,0.257048522167656,0.999998866570966,0.999994427475806,"ya_adult_cogact_freq"
"89","ZBTB17","Inh PVALB CA8 (Chandelier)",-0.0307304864568544,3.92735971306844,0.0736123450032053,0.786496110736858,0.999998866570966,0.999994427475806,"ya_adult_cogact_freq"
"90","FAM131C","Inh PVALB CA8 (Chandelier)",-0.251454856873771,4.33559308180871,6.18560259294461,0.0139001380121899,0.999998866570966,0.999994427475806,"ya_adult_cogact_freq"
"91","FBXO42","Inh PVALB CA8 (Chandelier)",-0.0140306207625124,6.92838079490806,0.108043111424519,0.742810892476664,0.999998866570966,0.999994427475806,"ya_adult_cogact_freq"
"92","NBPF1","Inh PVALB CA8 (Chandelier)",0.0482070379028224,5.85346730793254,0.496367119007563,0.482120103387301,0.999998866570966,0.999994427475806,"ya_adult_cogact_freq"
"93","CROCC","Inh PVALB CA8 (Chandelier)",0.0345722288333118,6.22156620058756,0.309762644996495,0.578599780135513,0.999998866570966,0.999994427475806,"ya_adult_cogact_freq"
"94","ATP13A2","Inh PVALB CA8 (Chandelier)",-0.0797840358611971,6.64881080399457,3.39338548771081,0.0673006772909216,0.999998866570966,0.999994427475806,"ya_adult_cogact_freq"
"95","SDHB","Inh PVALB CA8 (Chandelier)",-0.0324941173527293,5.71944281984006,0.352168421267784,0.553722193108229,0.999998866570966,0.999994427475806,"ya_adult_cogact_freq"
"96","RCC2","Inh PVALB CA8 (Chandelier)",0.0254129880233776,4.08983803794138,0.0554622736625681,0.814117076478192,0.999998866570966,0.999994427475806,"ya_adult_cogact_freq"
"97","ARHGEF10L","Inh PVALB CA8 (Chandelier)",-0.0276452106495443,6.18629340616621,0.350858257875871,0.730281931765893,0.999998866570966,0.999994427475806,"ya_adult_cogact_freq"
"98","IGSF21","Inh PVALB CA8 (Chandelier)",0.14914955216527,3.76076306398797,0.844243481469789,0.359562458135058,0.999998866570966,0.999994427475806,"ya_adult_cogact_freq"
"99","IFFO2","Inh PVALB CA8 (Chandelier)",-0.127022643016184,4.54586190191207,1.9346329438274,0.166174596663487,0.999998866570966,0.999994427475806,"ya_adult_cogact_freq"
"100","UBR4","Inh PVALB CA8 (Chandelier)",4.59307970642553e-06,6.89840501261944,1.61562674330127e-07,0.999679789761999,0.999998866570966,0.999994427475806,"ya_adult_cogact_freq"
"101","AL035413.1","Inh PVALB CA8 (Chandelier)",-0.136389275406882,4.40553386008041,2.60437206498441,0.10853048124995,0.999998866570966,0.999994427475806,"ya_adult_cogact_freq"
"102","EMC1","Inh PVALB CA8 (Chandelier)",-0.0406903559830167,4.44577578491151,0.24734200234814,0.631895921829839,0.999998866570966,0.999994427475806,"ya_adult_cogact_freq"
"103","AKR7A2","Inh PVALB CA8 (Chandelier)",-0.0544766145735937,3.84908121882718,0.187269243661625,0.665779163017331,0.999998866570966,0.999994427475806,"ya_adult_cogact_freq"
"104","CAPZB","Inh PVALB CA8 (Chandelier)",-0.0044707094049435,6.92866215763603,0.013678489844847,0.907041633606058,0.999998866570966,0.999994427475806,"ya_adult_cogact_freq"
"105","NBL1","Inh PVALB CA8 (Chandelier)",-0.161932434300644,5.05873489945996,2.77403018536919,0.09775213620925,0.999998866570966,0.999994427475806,"ya_adult_cogact_freq"
"106","OTUD3","Inh PVALB CA8 (Chandelier)",-0.00409167356631862,5.28571559983701,0.0043987204755174,0.947203197970059,0.999998866570966,0.999994427475806,"ya_adult_cogact_freq"
"107","CAMK2N1","Inh PVALB CA8 (Chandelier)",-0.0305955632809156,6.86386986843246,0.187365458466186,0.665698572678351,0.999998866570966,0.999994427475806,"ya_adult_cogact_freq"
"108","FAM43B","Inh PVALB CA8 (Chandelier)",-0.00388313678179608,3.95476724959439,0.00135327584896374,0.970700559940323,0.999998866570966,0.999994427475806,"ya_adult_cogact_freq"
"109","PINK1","Inh PVALB CA8 (Chandelier)",-0.201938236684276,4.94589064360047,5.36666366785343,0.0217873778877283,0.999998866570966,0.999994427475806,"ya_adult_cogact_freq"
"110","HP1BP3","Inh PVALB CA8 (Chandelier)",0.0309525717341693,7.12027875574905,0.643245687160122,0.423721865994798,0.999998866570966,0.999994427475806,"ya_adult_cogact_freq"
"111","EIF4G3","Inh PVALB CA8 (Chandelier)",0.00301003934366381,9.13133914653479,0.0160961221910617,0.899201442845107,0.999998866570966,0.999994427475806,"ya_adult_cogact_freq"
"112","ECE1","Inh PVALB CA8 (Chandelier)",-0.0229234823706186,6.02708264640118,0.146929176410069,0.701993789381375,0.999998866570966,0.999994427475806,"ya_adult_cogact_freq"
"113","NBPF3","Inh PVALB CA8 (Chandelier)",-0.0244263585457492,4.50337306896197,0.0689144605217367,0.793260027214885,0.999998866570966,0.999994427475806,"ya_adult_cogact_freq"
"114","RAP1GAP","Inh PVALB CA8 (Chandelier)",0.00497089554315674,6.50925352659988,0.0111447117695492,0.916056310486302,0.999998866570966,0.999994427475806,"ya_adult_cogact_freq"
"115","USP48","Inh PVALB CA8 (Chandelier)",0.051977864914685,6.83378962128164,1.74735431600249,0.188087520352625,0.999998866570966,0.999994427475806,"ya_adult_cogact_freq"
"116","CDC42","Inh PVALB CA8 (Chandelier)",0.00188620540955106,6.05910605842667,0.00146866445580614,0.969477574333823,0.999998866570966,0.999994427475806,"ya_adult_cogact_freq"
"117","ZBTB40","Inh PVALB CA8 (Chandelier)",0.0171985466637622,4.90895844241306,0.0521401975288238,0.819670340958988,0.999998866570966,0.999994427475806,"ya_adult_cogact_freq"
"118","EPHB2","Inh PVALB CA8 (Chandelier)",-0.102206280755456,5.07073411417014,1.48183687497618,0.225271197778771,0.999998866570966,0.999994427475806,"ya_adult_cogact_freq"
"119","KDM1A","Inh PVALB CA8 (Chandelier)",0.00425228098190732,5.96104271417852,0.00848586085416726,0.926718394542594,0.999998866570966,0.999994427475806,"ya_adult_cogact_freq"
"120","AL031428.1","Inh PVALB CA8 (Chandelier)",-0.0484187186787387,4.36053623156135,0.301751483456144,0.583548690975979,0.999998866570966,0.999994427475806,"ya_adult_cogact_freq"
"121","LUZP1","Inh PVALB CA8 (Chandelier)",-0.033404965252212,7.18674329387144,0.836632999746927,0.361731361754187,0.999998866570966,0.999994427475806,"ya_adult_cogact_freq"
"122","HNRNPR","Inh PVALB CA8 (Chandelier)",0.0351776862531246,5.91162508905225,0.478860914838979,0.489936953942845,0.999998866570966,0.999994427475806,"ya_adult_cogact_freq"
"123","TCEA3","Inh PVALB CA8 (Chandelier)",-0.108317344927506,4.55495343461912,1.12413096888754,0.29062097528602,0.999998866570966,0.999994427475806,"ya_adult_cogact_freq"
"124","RPL11","Inh PVALB CA8 (Chandelier)",-0.0647011232782328,4.79273373325961,0.364055544189269,0.547112801021888,0.999998866570966,0.999994427475806,"ya_adult_cogact_freq"
"125","ELOA","Inh PVALB CA8 (Chandelier)",0.0426754011971982,4.61301506793612,0.29195289846562,0.589719531627938,0.999998866570966,0.999994427475806,"ya_adult_cogact_freq"
"126","ELOA-AS1","Inh PVALB CA8 (Chandelier)",-0.0222651325364931,4.62850528901515,0.0815736571344683,0.775543717814548,0.999998866570966,0.999994427475806,"ya_adult_cogact_freq"
"127","PITHD1","Inh PVALB CA8 (Chandelier)",-0.0946295901426003,5.34412758714451,1.58445170092364,0.209945426430751,0.999998866570966,0.999994427475806,"ya_adult_cogact_freq"
"128","GALE","Inh PVALB CA8 (Chandelier)",-0.111621111620059,4.42693087681138,1.77240898852017,0.18496899369419,0.999998866570966,0.999994427475806,"ya_adult_cogact_freq"
"129","HMGCL","Inh PVALB CA8 (Chandelier)",-0.0521269984979855,3.94362598507201,0.202903139556035,0.652994528675452,0.999998866570966,0.999994427475806,"ya_adult_cogact_freq"
"130","SRSF10","Inh PVALB CA8 (Chandelier)",-0.0708187314955133,6.01653258675618,1.63270314527708,0.20317157386364,0.999998866570966,0.999994427475806,"ya_adult_cogact_freq"
"131","NIPAL3","Inh PVALB CA8 (Chandelier)",0.14620466465756,4.13605624843008,2.03647010815213,0.155504991837477,0.999998866570966,0.999994427475806,"ya_adult_cogact_freq"
"132","SRRM1","Inh PVALB CA8 (Chandelier)",0.00263520327982994,6.3739207060872,0.00347287837400863,0.95308014978606,0.999998866570966,0.999994427475806,"ya_adult_cogact_freq"
"133","CLIC4","Inh PVALB CA8 (Chandelier)",0.0719046442272445,4.33251657792754,0.37442013929195,0.541469118458275,0.999998866570966,0.999994427475806,"ya_adult_cogact_freq"
"134","SYF2","Inh PVALB CA8 (Chandelier)",-0.086316664669694,4.18890736886428,0.850836443932907,0.35769806543627,0.999998866570966,0.999994427475806,"ya_adult_cogact_freq"
"135","RSRP1","Inh PVALB CA8 (Chandelier)",0.00417977237132362,7.13210658881124,0.00810523935170713,0.928376154554164,0.999998866570966,0.999994427475806,"ya_adult_cogact_freq"
"136","TMEM50A","Inh PVALB CA8 (Chandelier)",-0.123882047335482,4.73247194633784,3.28410972586404,0.0801222675679771,0.999998866570966,0.999994427475806,"ya_adult_cogact_freq"
"137","MACO1","Inh PVALB CA8 (Chandelier)",0.0250706502319562,6.6243011367878,0.450867273475344,0.50288707928994,0.999998866570966,0.999994427475806,"ya_adult_cogact_freq"
"138","MAN1C1","Inh PVALB CA8 (Chandelier)",0.0111323180430123,6.50349255242454,0.0468783800809005,0.828861490101179,0.999998866570966,0.999994427475806,"ya_adult_cogact_freq"
"139","MTFR1L","Inh PVALB CA8 (Chandelier)",-0.118315534423873,4.8949274710805,3.11078615137581,0.0796749530454768,0.999998866570966,0.999994427475806,"ya_adult_cogact_freq"
"140","STMN1","Inh PVALB CA8 (Chandelier)",-0.159326102448359,6.36932144248793,4.20116063235602,0.0420210794913806,0.999998866570966,0.999994427475806,"ya_adult_cogact_freq"
"141","PDIK1L","Inh PVALB CA8 (Chandelier)",0.0544286788858793,4.44993967070763,0.31946505291984,0.572717223995708,0.999998866570966,0.999994427475806,"ya_adult_cogact_freq"
"142","CEP85","Inh PVALB CA8 (Chandelier)",-0.0806255522833264,4.05046752308697,0.600690320487224,0.439453245420588,0.999998866570966,0.999994427475806,"ya_adult_cogact_freq"
"143","SH3BGRL3","Inh PVALB CA8 (Chandelier)",-0.250643409259751,3.83341802228989,3.24556526785626,0.0734908766437072,0.999998866570966,0.999994427475806,"ya_adult_cogact_freq"
"144","DHDDS","Inh PVALB CA8 (Chandelier)",-0.087163881546949,4.94490138023692,1.17872470773492,0.279241066735355,0.999998866570966,0.999994427475806,"ya_adult_cogact_freq"
"145","HMGN2","Inh PVALB CA8 (Chandelier)",-0.0976131089088631,4.51133085911025,1.38828469407542,0.240436094413563,0.999998866570966,0.999994427475806,"ya_adult_cogact_freq"
"146","ARID1A","Inh PVALB CA8 (Chandelier)",0.0278290932237989,6.49999566833376,0.375303365519378,0.540993169895469,0.999998866570966,0.999994427475806,"ya_adult_cogact_freq"
"147","ZDHHC18","Inh PVALB CA8 (Chandelier)",-0.0388477019175008,5.02189145705878,0.381241889519155,0.563389555583685,0.999998866570966,0.999994427475806,"ya_adult_cogact_freq"
"148","GPN2","Inh PVALB CA8 (Chandelier)",0.143601561994905,4.00293149424762,1.68095842439081,0.196655082656932,0.999998866570966,0.999994427475806,"ya_adult_cogact_freq"
"149","NUDC","Inh PVALB CA8 (Chandelier)",0.0173088771201849,5.00766269420039,0.0644190233429828,0.978419249871215,0.999998866570966,0.999994427475806,"ya_adult_cogact_freq"
"150","TRNP1","Inh PVALB CA8 (Chandelier)",-0.112712986952601,4.82029309264507,1.82746541194432,0.178326083823512,0.999998866570966,0.999994427475806,"ya_adult_cogact_freq"
"151","SLC9A1","Inh PVALB CA8 (Chandelier)",0.0368819653696718,5.12211899001971,0.356184809603052,0.55147230482103,0.999998866570966,0.999994427475806,"ya_adult_cogact_freq"
"152","WDTC1","Inh PVALB CA8 (Chandelier)",-0.00711331557236384,5.17160555897697,0.0136230636962834,0.96175799491181,0.999998866570966,0.999994427475806,"ya_adult_cogact_freq"
"153","TMEM222","Inh PVALB CA8 (Chandelier)",0.0529102078966167,4.84805425138624,0.545407359728436,0.461277112908706,0.999998866570966,0.999994427475806,"ya_adult_cogact_freq"
"154","WASF2","Inh PVALB CA8 (Chandelier)",0.102439725485044,4.83648049941555,1.68760338112778,0.195777227762014,0.999998866570966,0.999994427475806,"ya_adult_cogact_freq"
"155","AHDC1","Inh PVALB CA8 (Chandelier)",0.0165627815013827,5.89441899093807,0.120095149160599,0.729384478827046,0.999998866570966,0.999994427475806,"ya_adult_cogact_freq"
"156","IFI6","Inh PVALB CA8 (Chandelier)",-0.122211796110359,3.92358950139175,0.528757286694215,0.46818736084479,0.999998866570966,0.999994427475806,"ya_adult_cogact_freq"
"157","FAM76A","Inh PVALB CA8 (Chandelier)",-0.0303117229859558,4.56897766542372,0.117007001698049,0.73275034123172,0.999998866570966,0.999994427475806,"ya_adult_cogact_freq"
"158","STX12","Inh PVALB CA8 (Chandelier)",0.00873556909658067,6.26947534576819,0.0458588918547754,0.830703880007444,0.999998866570966,0.999994427475806,"ya_adult_cogact_freq"
"159","PPP1R8","Inh PVALB CA8 (Chandelier)",0.203642710510873,3.97420512922335,3.4876662933876,0.0636480819487085,0.999998866570966,0.999994427475806,"ya_adult_cogact_freq"
"160","RPA2","Inh PVALB CA8 (Chandelier)",0.168396160206799,4.10441110131057,2.54151385070571,0.112852531144289,0.999998866570966,0.999994427475806,"ya_adult_cogact_freq"
"161","EYA3","Inh PVALB CA8 (Chandelier)",-0.00645310991588601,6.19255549014866,0.0195794878379763,0.888893038777232,0.999998866570966,0.999994427475806,"ya_adult_cogact_freq"
"162","DNAJC8","Inh PVALB CA8 (Chandelier)",0.0785362499185088,4.65749464400812,0.97801736149816,0.372300620726145,0.999998866570966,0.999994427475806,"ya_adult_cogact_freq"
"163","ATP5IF1","Inh PVALB CA8 (Chandelier)",-0.0796563902589444,5.30228179803137,1.08852479618487,0.298364628113763,0.999998866570966,0.999994427475806,"ya_adult_cogact_freq"
"164","SESN2","Inh PVALB CA8 (Chandelier)",0.0280298097301078,4.23735275302823,0.0514351363737214,0.82087270853399,0.999998866570966,0.999994427475806,"ya_adult_cogact_freq"
"165","PHACTR4","Inh PVALB CA8 (Chandelier)",-0.0181440232956347,6.87868621728931,0.194000453289668,0.660199379783439,0.999998866570966,0.999994427475806,"ya_adult_cogact_freq"
"166","RCC1","Inh PVALB CA8 (Chandelier)",-0.0264348059434317,4.5910781103929,0.100154308782093,0.752055082150192,0.999998866570966,0.999994427475806,"ya_adult_cogact_freq"
"167","TRNAU1AP","Inh PVALB CA8 (Chandelier)",0.0481926575017662,5.81394094563134,0.828711382891389,0.364008272931975,0.999998866570966,0.999994427475806,"ya_adult_cogact_freq"
"168","TAF12","Inh PVALB CA8 (Chandelier)",-0.0443739811140821,4.31322600315426,0.237582166073863,0.626621876147653,0.999998866570966,0.999994427475806,"ya_adult_cogact_freq"
"169","GMEB1","Inh PVALB CA8 (Chandelier)",-0.0341762187734583,4.37551726310668,0.184165065190313,0.668392553439171,0.999998866570966,0.999994427475806,"ya_adult_cogact_freq"
"170","YTHDF2","Inh PVALB CA8 (Chandelier)",0.0100765586409631,5.11983841399147,0.0228880417334562,0.92050301175201,0.999998866570966,0.999994427475806,"ya_adult_cogact_freq"
"171","OPRD1","Inh PVALB CA8 (Chandelier)",0.0141645669807271,6.75421683665416,0.0651701930293007,0.798829650170943,0.999998866570966,0.999994427475806,"ya_adult_cogact_freq"
"172","EPB41","Inh PVALB CA8 (Chandelier)",0.0107210917932608,7.70881779223988,0.0569009674742416,0.811766676482345,0.999998866570966,0.999994427475806,"ya_adult_cogact_freq"
"173","SRSF4","Inh PVALB CA8 (Chandelier)",0.0521824856588897,6.81945482954422,1.51228996646284,0.220586627437434,0.999998866570966,0.999994427475806,"ya_adult_cogact_freq"
"174","MECR","Inh PVALB CA8 (Chandelier)",0.0179714862162694,4.82831322200697,0.0524169635437123,0.819200700971685,0.999998866570966,0.999994427475806,"ya_adult_cogact_freq"
"175","PTPRU","Inh PVALB CA8 (Chandelier)",0.143049251154534,4.6668120848864,3.23008167640678,0.0741740862750522,0.999998866570966,0.999994427475806,"ya_adult_cogact_freq"
"176","SDC3","Inh PVALB CA8 (Chandelier)",0.0684391936068836,4.14173859657288,0.511246437937909,0.475636835223611,0.999998866570966,0.999994427475806,"ya_adult_cogact_freq"
"177","PUM1","Inh PVALB CA8 (Chandelier)",-0.0337370940463263,6.97363623657434,0.873238104087648,0.351461888337517,0.999998866570966,0.999994427475806,"ya_adult_cogact_freq"
"178","SNRNP40","Inh PVALB CA8 (Chandelier)",0.0964705304632279,5.00743899772058,1.909417337445,0.168945139085122,0.999998866570966,0.999994427475806,"ya_adult_cogact_freq"
"179","ZCCHC17","Inh PVALB CA8 (Chandelier)",-0.0352884097647298,5.55786228393803,0.256635041944434,0.613135483182136,0.999998866570966,0.999994427475806,"ya_adult_cogact_freq"
"180","AL451070.1","Inh PVALB CA8 (Chandelier)",0.0250071907930408,5.02703251110054,0.0455330720761827,0.831297202484993,0.999998866570966,0.999994427475806,"ya_adult_cogact_freq"
"181","FABP3","Inh PVALB CA8 (Chandelier)",0.0715027098674651,4.24383200040272,0.433301953078025,0.511314705451446,0.999998866570966,0.999994427475806,"ya_adult_cogact_freq"
"182","PEF1","Inh PVALB CA8 (Chandelier)",-0.0452800373926993,3.81251632396205,0.132364106904512,0.716471349056228,0.999998866570966,0.999994427475806,"ya_adult_cogact_freq"
"183","ADGRB2","Inh PVALB CA8 (Chandelier)",0.151191922324705,4.19041853995682,2.42993885087888,0.121003948878683,0.999998866570966,0.999994427475806,"ya_adult_cogact_freq"
"184","KHDRBS1","Inh PVALB CA8 (Chandelier)",0.0388643291939214,6.34207040664356,0.720914701124476,0.39710658284628,0.999998866570966,0.999994427475806,"ya_adult_cogact_freq"
"185","TMEM39B","Inh PVALB CA8 (Chandelier)",0.0823802114451357,4.48298562904977,1.0839210751313,0.360352987090548,0.999998866570966,0.999994427475806,"ya_adult_cogact_freq"
"186","KPNA6","Inh PVALB CA8 (Chandelier)",-0.0675585876084268,6.29533210940863,2.76723969954323,0.134714103429148,0.999998866570966,0.999994427475806,"ya_adult_cogact_freq"
"187","TXLNA","Inh PVALB CA8 (Chandelier)",0.0358290969319225,4.18155024926518,0.162825885022533,0.687104199872732,0.999998866570966,0.999994427475806,"ya_adult_cogact_freq"
"188","EIF3I","Inh PVALB CA8 (Chandelier)",-0.0775398678198099,3.94504304194963,0.399725391968835,0.528129231777708,0.999998866570966,0.999994427475806,"ya_adult_cogact_freq"
"189","HDAC1","Inh PVALB CA8 (Chandelier)",0.205173380128086,4.18922771352773,4.86320362157697,0.0288547834957496,0.999998866570966,0.999994427475806,"ya_adult_cogact_freq"
"190","MARCKSL1","Inh PVALB CA8 (Chandelier)",-0.125093515674551,5.17810342484068,1.68977321690774,0.195491576353332,0.999998866570966,0.999994427475806,"ya_adult_cogact_freq"
"191","FAM229A","Inh PVALB CA8 (Chandelier)",-0.0150302302697707,3.71365033049084,0.0119896166734596,0.912944774750041,0.999998866570966,0.999994427475806,"ya_adult_cogact_freq"
"192","BSDC1","Inh PVALB CA8 (Chandelier)",-0.00387195085620594,6.43330731234159,0.00903434408894717,0.925185589792222,0.999998866570966,0.999994427475806,"ya_adult_cogact_freq"
"193","ZBTB8OS","Inh PVALB CA8 (Chandelier)",0.0263516607795351,6.58221983656704,0.326946119619128,0.568261492145089,0.999998866570966,0.999994427475806,"ya_adult_cogact_freq"
"194","RBBP4","Inh PVALB CA8 (Chandelier)",-0.0519357870729801,6.11197883421973,1.48491362903169,0.256336102912711,0.999998866570966,0.999994427475806,"ya_adult_cogact_freq"
"195","SYNC","Inh PVALB CA8 (Chandelier)",-0.13693458077243,4.2183278470644,1.81040960876113,0.180353763501397,0.999998866570966,0.999994427475806,"ya_adult_cogact_freq"
"196","KIAA1522","Inh PVALB CA8 (Chandelier)",0.110012815370596,4.35441495242057,1.52349782893405,0.218892141143342,0.999998866570966,0.999994427475806,"ya_adult_cogact_freq"
"197","YARS","Inh PVALB CA8 (Chandelier)",-0.0375758405108313,6.15100442417648,0.374721766598475,0.541306492248139,0.999998866570966,0.999994427475806,"ya_adult_cogact_freq"
"198","S100PBP","Inh PVALB CA8 (Chandelier)",0.0205349582446055,5.53952687804183,0.131338777603733,0.781474648237746,0.999998866570966,0.999994427475806,"ya_adult_cogact_freq"
"199","FNDC5","Inh PVALB CA8 (Chandelier)",0.0370195586395802,5.41164136984418,0.295903344148087,0.587215734200597,0.999998866570966,0.999994427475806,"ya_adult_cogact_freq"
"200","HPCA","Inh PVALB CA8 (Chandelier)",-0.106241168252587,4.92599595460631,1.16396134148781,0.282261538054055,0.999998866570966,0.999994427475806,"ya_adult_cogact_freq"
"201","RNF19B","Inh PVALB CA8 (Chandelier)",0.0844184190245702,4.23129575244746,0.872107247780883,0.565196557633101,0.999998866570966,0.999994427475806,"ya_adult_cogact_freq"
"202","AK2","Inh PVALB CA8 (Chandelier)",-0.0736159408021515,4.87474300318943,1.02389424260717,0.313117564017629,0.999998866570966,0.999994427475806,"ya_adult_cogact_freq"
"203","AZIN2","Inh PVALB CA8 (Chandelier)",0.00310791493107123,5.34934129534351,0.00196993151194214,0.964653467462571,0.999998866570966,0.999994427475806,"ya_adult_cogact_freq"
"204","TRIM62","Inh PVALB CA8 (Chandelier)",-0.065706260081654,4.53313704412474,0.547881839318543,0.460264068824031,0.999998866570966,0.999994427475806,"ya_adult_cogact_freq"
"205","ZNF362","Inh PVALB CA8 (Chandelier)",0.0417665807690385,5.2066843407897,0.4443462131323,0.505987661856861,0.999998866570966,0.999994427475806,"ya_adult_cogact_freq"
"206","PHC2","Inh PVALB CA8 (Chandelier)",0.0320184325921555,6.92134004334729,0.319291284327595,0.572821537163776,0.999998866570966,0.999994427475806,"ya_adult_cogact_freq"
"207","CSMD2","Inh PVALB CA8 (Chandelier)",-0.0142389780014947,9.62850787626125,0.210871581103017,0.646705422282731,0.999998866570966,0.999994427475806,"ya_adult_cogact_freq"
"208","SMIM12","Inh PVALB CA8 (Chandelier)",-0.00963947161909661,5.44017608296684,0.0227477804077122,0.880303889798846,0.999998866570966,0.999994427475806,"ya_adult_cogact_freq"
"209","DLGAP3","Inh PVALB CA8 (Chandelier)",-0.0598772391876606,6.84648268608248,1.39571300994203,0.239187369056719,0.999998866570966,0.999994427475806,"ya_adult_cogact_freq"
"210","ZMYM1","Inh PVALB CA8 (Chandelier)",0.0999514056179209,4.26662113144789,1.17168211545105,0.280676775267064,0.999998866570966,0.999994427475806,"ya_adult_cogact_freq"
"211","AL590434.1","Inh PVALB CA8 (Chandelier)",-0.208300230010402,3.52226636082902,1.29046939656407,0.257652078211805,0.999998866570966,0.999994427475806,"ya_adult_cogact_freq"
"212","SFPQ","Inh PVALB CA8 (Chandelier)",-0.0196258624238539,7.08809141112966,0.272175795293533,0.602593960721771,0.999998866570966,0.999994427475806,"ya_adult_cogact_freq"
"213","ZMYM4","Inh PVALB CA8 (Chandelier)",0.0389652895842389,7.40109491287872,1.9400310088029,0.453111329994801,0.999998866570966,0.999994427475806,"ya_adult_cogact_freq"
"214","KIAA0319L","Inh PVALB CA8 (Chandelier)",0.0584152562658982,6.89600547169366,2.09637676163312,0.14959602960423,0.999998866570966,0.999994427475806,"ya_adult_cogact_freq"
"215","NCDN","Inh PVALB CA8 (Chandelier)",0.0359314396836698,6.60651349456584,0.231056646951727,0.631394937200747,0.999998866570966,0.999994427475806,"ya_adult_cogact_freq"
"216","TFAP2E","Inh PVALB CA8 (Chandelier)",0.0244861610854159,4.76626148780161,0.0604159880345034,0.806153179505928,0.999998866570966,0.999994427475806,"ya_adult_cogact_freq"
"217","PSMB2","Inh PVALB CA8 (Chandelier)",0.0286609623032944,4.96279974265643,0.167404854324451,0.915548516442259,0.999998866570966,0.999994427475806,"ya_adult_cogact_freq"
"218","C1orf216","Inh PVALB CA8 (Chandelier)",-0.177220402737442,4.87038125622865,4.92961378314671,0.0277987597227228,0.999998866570966,0.999994427475806,"ya_adult_cogact_freq"
"219","AGO4","Inh PVALB CA8 (Chandelier)",0.0317334747865482,6.58154284193159,0.622095324664394,0.431431281580851,0.999998866570966,0.999994427475806,"ya_adult_cogact_freq"
"220","AGO1","Inh PVALB CA8 (Chandelier)",0.0235292642953353,5.60353544382876,0.16365151169964,0.68635437812813,0.999998866570966,0.999994427475806,"ya_adult_cogact_freq"
"221","AGO3","Inh PVALB CA8 (Chandelier)",0.054811447925858,7.30680755551794,3.16694414956043,0.0770321718559741,0.999998866570966,0.999994427475806,"ya_adult_cogact_freq"
"222","TRAPPC3","Inh PVALB CA8 (Chandelier)",0.00190263150398893,4.6070545731451,0.000562568957230076,0.981106534772794,0.999998866570966,0.999994427475806,"ya_adult_cogact_freq"
"223","MAP7D1","Inh PVALB CA8 (Chandelier)",0.0178191525349879,6.24133490956304,0.110058779212139,0.740509320215891,0.999998866570966,0.999994427475806,"ya_adult_cogact_freq"
"224","THRAP3","Inh PVALB CA8 (Chandelier)",-0.0363890743161163,6.81714766906863,0.898755525661867,0.344538489953323,0.999998866570966,0.999994427475806,"ya_adult_cogact_freq"
"225","STK40","Inh PVALB CA8 (Chandelier)",-0.0870838993839025,5.31176549466326,1.43581351369106,0.232581492367749,0.999998866570966,0.999994427475806,"ya_adult_cogact_freq"
"226","OSCP1","Inh PVALB CA8 (Chandelier)",-0.0404569004586833,4.13373736479398,0.14947714329667,0.699546772135493,0.999998866570966,0.999994427475806,"ya_adult_cogact_freq"
"227","MEAF6","Inh PVALB CA8 (Chandelier)",-0.0536967585809123,5.02459491018434,0.56547045182558,0.453164000837583,0.999998866570966,0.999994427475806,"ya_adult_cogact_freq"
"228","EPHA10","Inh PVALB CA8 (Chandelier)",0.0109475788342758,5.0623520808073,0.0229245468551818,0.879843278593815,0.999998866570966,0.999994427475806,"ya_adult_cogact_freq"
"229","MANEAL","Inh PVALB CA8 (Chandelier)",-0.0908098219027751,3.98883734631342,0.688287186324126,0.407977778757151,0.999998866570966,0.999994427475806,"ya_adult_cogact_freq"
"230","C1orf122","Inh PVALB CA8 (Chandelier)",-0.0874562369567064,4.86313330870342,0.820050904109256,0.366520448107267,0.999998866570966,0.999994427475806,"ya_adult_cogact_freq"
"231","MTF1","Inh PVALB CA8 (Chandelier)",0.0927628338243752,4.50942943134567,1.20604609449416,0.2737586381716,0.999998866570966,0.999994427475806,"ya_adult_cogact_freq"
"232","INPP5B","Inh PVALB CA8 (Chandelier)",0.00498186297806852,5.96314591893334,0.00728247559255297,0.932099325006162,0.999998866570966,0.999994427475806,"ya_adult_cogact_freq"
"233","SF3A3","Inh PVALB CA8 (Chandelier)",-0.0588853884744354,4.78506481161016,0.551784634339612,0.458673459579594,0.999998866570966,0.999994427475806,"ya_adult_cogact_freq"
"234","RRAGC","Inh PVALB CA8 (Chandelier)",-0.180221352309737,4.21921300329402,3.32741561823485,0.0699906556722321,0.999998866570966,0.999994427475806,"ya_adult_cogact_freq"
"235","AL139260.1","Inh PVALB CA8 (Chandelier)",0.0780265074019355,7.41887170010559,1.87618269707246,0.172678762746588,0.999998866570966,0.999994427475806,"ya_adult_cogact_freq"
"236","RHBDL2","Inh PVALB CA8 (Chandelier)",-0.153231895776901,4.13260611406927,1.63939656232923,0.202252568259569,0.999998866570966,0.999994427475806,"ya_adult_cogact_freq"
"237","AKIRIN1","Inh PVALB CA8 (Chandelier)",0.0364778800600531,5.12171998072375,0.32528146462417,0.626174124516024,0.999998866570966,0.999994427475806,"ya_adult_cogact_freq"
"238","NDUFS5","Inh PVALB CA8 (Chandelier)",-0.108293798031409,4.86474901524799,1.19383014871363,0.276192944290823,0.999998866570966,0.999994427475806,"ya_adult_cogact_freq"
"239","MACF1","Inh PVALB CA8 (Chandelier)",0.0136113761966086,9.45122217048169,0.264577869875881,0.607698768931971,0.999998866570966,0.999994427475806,"ya_adult_cogact_freq"
"240","PABPC4","Inh PVALB CA8 (Chandelier)",0.0969218236730748,4.22308279612592,1.16097292535159,0.282877995150406,0.999998866570966,0.999994427475806,"ya_adult_cogact_freq"
"241","HPCAL4","Inh PVALB CA8 (Chandelier)",-0.0674258188119765,5.13598027767521,0.606155353348788,0.437383492588944,0.999998866570966,0.999994427475806,"ya_adult_cogact_freq"
"242","PPIE","Inh PVALB CA8 (Chandelier)",-0.158419315358061,4.71011992420209,3.45870543773015,0.064746799946824,0.999998866570966,0.999994427475806,"ya_adult_cogact_freq"
"243","TRIT1","Inh PVALB CA8 (Chandelier)",0.0150462169655273,4.91743191479938,0.0546772870667002,0.815413099063541,0.999998866570966,0.999994427475806,"ya_adult_cogact_freq"
"244","CAP1","Inh PVALB CA8 (Chandelier)",0.0547580093858333,4.43903477584657,0.43125232007696,0.599722083588614,0.999998866570966,0.999994427475806,"ya_adult_cogact_freq"
"245","PPT1","Inh PVALB CA8 (Chandelier)",0.010960637326684,5.02221309201315,0.0257365180189065,0.966241001633933,0.999998866570966,0.999994427475806,"ya_adult_cogact_freq"
"246","RLF","Inh PVALB CA8 (Chandelier)",0.0291177455974035,6.68840196226902,0.575891636444247,0.580398205687478,0.999998866570966,0.999994427475806,"ya_adult_cogact_freq"
"247","SMAP2","Inh PVALB CA8 (Chandelier)",-0.0220854940819099,5.90837103497192,0.191327806053993,0.662400822494725,0.999998866570966,0.999994427475806,"ya_adult_cogact_freq"
"248","RIMS3","Inh PVALB CA8 (Chandelier)",-0.0333128802884555,4.76752847010907,0.182962713113531,0.669411820412479,0.999998866570966,0.999994427475806,"ya_adult_cogact_freq"
"249","NFYC","Inh PVALB CA8 (Chandelier)",0.00165843165495669,6.01724611050848,0.0014148544339662,0.98719079921388,0.999998866570966,0.999994427475806,"ya_adult_cogact_freq"
"250","CTPS1","Inh PVALB CA8 (Chandelier)",-0.0425553312177532,4.94796474991241,0.303012566960025,0.582764010103611,0.999998866570966,0.999994427475806,"ya_adult_cogact_freq"
"251","SCMH1","Inh PVALB CA8 (Chandelier)",0.00687238890744137,8.35652655782281,0.0532866455083958,0.817733387307658,0.999998866570966,0.999994427475806,"ya_adult_cogact_freq"
"252","AC093151.3","Inh PVALB CA8 (Chandelier)",0.144477593715472,3.74900576146004,1.13576146362308,0.288147658088573,0.999998866570966,0.999994427475806,"ya_adult_cogact_freq"
"253","HIVEP3","Inh PVALB CA8 (Chandelier)",0.0161602337524314,9.07361786064914,0.294168373024242,0.588312678275851,0.999998866570966,0.999994427475806,"ya_adult_cogact_freq"
"254","FOXJ3","Inh PVALB CA8 (Chandelier)",0.0369545709609396,7.00292699343547,1.16893888417951,0.281238550448893,0.999998866570966,0.999994427475806,"ya_adult_cogact_freq"
"255","RIMKLA","Inh PVALB CA8 (Chandelier)",-0.0280178837747222,5.64787808104268,0.234913592091379,0.662954514823611,0.999998866570966,0.999994427475806,"ya_adult_cogact_freq"
"256","CCDC30","Inh PVALB CA8 (Chandelier)",0.0230636384870502,6.88358613841136,0.169360341882897,0.68122904027809,0.999998866570966,0.999994427475806,"ya_adult_cogact_freq"
"257","YBX1","Inh PVALB CA8 (Chandelier)",0.0316802822023709,4.85033907933136,0.211366445121084,0.845109463321308,0.999998866570966,0.999994427475806,"ya_adult_cogact_freq"
"258","P3H1","Inh PVALB CA8 (Chandelier)",0.0260660257828013,4.30713384010085,0.0921982042379704,0.761793590620095,0.999998866570966,0.999994427475806,"ya_adult_cogact_freq"
"259","SVBP","Inh PVALB CA8 (Chandelier)",-0.131012464073496,3.95756898484968,1.22772766404095,0.269504376224111,0.999998866570966,0.999994427475806,"ya_adult_cogact_freq"
"260","SZT2","Inh PVALB CA8 (Chandelier)",-0.137335539354436,5.05262253707216,3.6036789716505,0.0594437557180171,0.999998866570966,0.999994427475806,"ya_adult_cogact_freq"
"261","PTPRF","Inh PVALB CA8 (Chandelier)",-0.0499032426147506,4.75431269952321,0.437816403257186,0.513476262913563,0.999998866570966,0.999994427475806,"ya_adult_cogact_freq"
"262","ATP6V0B","Inh PVALB CA8 (Chandelier)",-0.0787865890291472,5.68335773746954,1.03097693970804,0.311454997097619,0.999998866570966,0.999994427475806,"ya_adult_cogact_freq"
"263","B4GALT2","Inh PVALB CA8 (Chandelier)",0.00558581313929895,4.235352551693,0.0037607266060366,0.951176741959412,0.999998866570966,0.999994427475806,"ya_adult_cogact_freq"
"264","CCDC24","Inh PVALB CA8 (Chandelier)",-0.039164194275878,3.94572474442694,0.117264546130354,0.732467750726271,0.999998866570966,0.999994427475806,"ya_adult_cogact_freq"
"265","DMAP1","Inh PVALB CA8 (Chandelier)",-0.0362022099240472,4.41985753038444,0.203903232238748,0.667639852946023,0.999998866570966,0.999994427475806,"ya_adult_cogact_freq"
"266","ERI3","Inh PVALB CA8 (Chandelier)",-0.0582357121811124,6.01604375637491,1.56359489912797,0.212956598391065,0.999998866570966,0.999994427475806,"ya_adult_cogact_freq"
"267","RNF220","Inh PVALB CA8 (Chandelier)",-0.0455897916044901,4.78874216780734,0.328908262151274,0.567104051530543,0.999998866570966,0.999994427475806,"ya_adult_cogact_freq"
"268","ARMH1","Inh PVALB CA8 (Chandelier)",0.00597366401290564,4.23579492829629,0.00301149771771858,0.956304502559894,0.999998866570966,0.999994427475806,"ya_adult_cogact_freq"
"269","RPS8","Inh PVALB CA8 (Chandelier)",-0.0845396274060551,5.14842676744875,0.957973852389382,0.329168460162953,0.999998866570966,0.999994427475806,"ya_adult_cogact_freq"
"270","PTCH2","Inh PVALB CA8 (Chandelier)",-0.0545159381279243,5.83359201573459,0.877366725757178,0.350328892616388,0.999998866570966,0.999994427475806,"ya_adult_cogact_freq"
"271","EIF2B3","Inh PVALB CA8 (Chandelier)",0.0183210781178895,6.15800165580549,0.128122906903281,0.720855795189374,0.999998866570966,0.999994427475806,"ya_adult_cogact_freq"
"272","ZSWIM5","Inh PVALB CA8 (Chandelier)",0.00192747304722015,7.44354502184496,0.00321800093410625,0.954832768885631,0.999998866570966,0.999994427475806,"ya_adult_cogact_freq"
"273","PRDX1","Inh PVALB CA8 (Chandelier)",-0.0338005159547233,4.39046576857706,0.117585077300673,0.732116532181087,0.999998866570966,0.999994427475806,"ya_adult_cogact_freq"
"274","NASP","Inh PVALB CA8 (Chandelier)",-0.0105319108198974,4.94959945530927,0.0241764430787699,0.999582886942596,0.999998866570966,0.999994427475806,"ya_adult_cogact_freq"
"275","GPBP1L1","Inh PVALB CA8 (Chandelier)",0.0827719384049671,6.12558250397273,2.81895711405747,0.0950994923376986,0.999998866570966,0.999994427475806,"ya_adult_cogact_freq"
"276","TMEM69","Inh PVALB CA8 (Chandelier)",0.0804208198191555,4.07456758530828,0.63198278419222,0.427801026704601,0.999998866570966,0.999994427475806,"ya_adult_cogact_freq"
"277","IPP","Inh PVALB CA8 (Chandelier)",-0.103002434250649,3.89694357674956,0.960974625028369,0.328414355960444,0.999998866570966,0.999994427475806,"ya_adult_cogact_freq"
"278","MAST2","Inh PVALB CA8 (Chandelier)",0.0100376708693476,6.7746189803442,0.0464016373789165,0.829720407993397,0.999998866570966,0.999994427475806,"ya_adult_cogact_freq"
"279","PIK3R3","Inh PVALB CA8 (Chandelier)",-0.127389628157792,4.02752496958072,1.36259374952564,0.244816898429651,0.999998866570966,0.999994427475806,"ya_adult_cogact_freq"
"280","AL358075.2","Inh PVALB CA8 (Chandelier)",0.0591424495131072,3.10056959335491,0.0587896080023736,0.808728393172868,0.999998866570966,0.999994427475806,"ya_adult_cogact_freq"
"281","POMGNT1","Inh PVALB CA8 (Chandelier)",-0.119941036119992,4.82073287759064,3.24406871398602,0.0735566130897468,0.999998866570966,0.999994427475806,"ya_adult_cogact_freq"
"282","LRRC41","Inh PVALB CA8 (Chandelier)",-0.0107527304839059,5.65073626322285,0.0367513276660762,0.848214144872939,0.999998866570966,0.999994427475806,"ya_adult_cogact_freq"
"283","UQCRH","Inh PVALB CA8 (Chandelier)",-0.0141830517414779,6.20733550690061,0.0516112338906789,0.820571594601488,0.999998866570966,0.999994427475806,"ya_adult_cogact_freq"
"284","NSUN4","Inh PVALB CA8 (Chandelier)",0.0262836289272628,4.56153660662572,0.111901132830874,0.862573951394995,0.999998866570966,0.999994427475806,"ya_adult_cogact_freq"
"285","MKNK1","Inh PVALB CA8 (Chandelier)",-0.0335166578189645,5.8612334709113,0.3708517739889,0.543399918397296,0.999998866570966,0.999994427475806,"ya_adult_cogact_freq"
"286","ATPAF1","Inh PVALB CA8 (Chandelier)",0.0912716585852422,6.18730032863726,4.36601525434929,0.0382373084594584,0.999998866570966,0.999994427475806,"ya_adult_cogact_freq"
"287","EFCAB14","Inh PVALB CA8 (Chandelier)",0.026510020544725,4.99415139797549,0.132574295227813,0.716256143467106,0.999998866570966,0.999994427475806,"ya_adult_cogact_freq"
"288","CYP4X1","Inh PVALB CA8 (Chandelier)",0.083941010681977,4.70331998327553,0.968796295175467,0.326459554181397,0.999998866570966,0.999994427475806,"ya_adult_cogact_freq"
"289","CMPK1","Inh PVALB CA8 (Chandelier)",0.129330389520358,5.1990502401029,4.10149861660631,0.0585658412335418,0.999998866570966,0.999994427475806,"ya_adult_cogact_freq"
"290","SPATA6","Inh PVALB CA8 (Chandelier)",0.00151050401350236,5.66704887340346,0.000560144300138899,0.981147286236309,0.999998866570966,0.999994427475806,"ya_adult_cogact_freq"
"291","AGBL4","Inh PVALB CA8 (Chandelier)",-0.00678386896366257,9.97165309847712,0.0343630381210825,0.85317038621634,0.999998866570966,0.999994427475806,"ya_adult_cogact_freq"
"292","ELAVL4","Inh PVALB CA8 (Chandelier)",0.0498382492919299,7.0500047522981,1.40837466305292,0.237077130300893,0.999998866570966,0.999994427475806,"ya_adult_cogact_freq"
"293","FAF1","Inh PVALB CA8 (Chandelier)",0.0143131194499794,8.43157885680965,0.223511473554317,0.63701849179805,0.999998866570966,0.999994427475806,"ya_adult_cogact_freq"
"294","RNF11","Inh PVALB CA8 (Chandelier)",0.0702121455820054,6.32620197235464,1.71764754253799,0.191865358339572,0.999998866570966,0.999994427475806,"ya_adult_cogact_freq"
"295","EPS15","Inh PVALB CA8 (Chandelier)",0.0377038469926815,6.32601387080189,0.612136433191518,0.43513542146815,0.999998866570966,0.999994427475806,"ya_adult_cogact_freq"
"296","OSBPL9","Inh PVALB CA8 (Chandelier)",-0.000720500047314225,7.07823967913137,0.000511795589882838,0.981979132064419,0.999998866570966,0.999994427475806,"ya_adult_cogact_freq"
"297","NRDC","Inh PVALB CA8 (Chandelier)",-0.0124119116080403,7.17570628091723,0.130675541972246,0.888043077823838,0.999998866570966,0.999994427475806,"ya_adult_cogact_freq"
"298","RAB3B","Inh PVALB CA8 (Chandelier)",-0.0857145167610342,4.96712438059118,0.92968210663469,0.336393663783517,0.999998866570966,0.999994427475806,"ya_adult_cogact_freq"
"299","TXNDC12","Inh PVALB CA8 (Chandelier)",-0.0641010504506987,4.60683715772477,0.576264891097368,0.448891699910076,0.999998866570966,0.999994427475806,"ya_adult_cogact_freq"
"300","BTF3L4","Inh PVALB CA8 (Chandelier)",-0.0536100756095231,5.41485227070119,0.825764016722306,0.364860524200871,0.999998866570966,0.999994427475806,"ya_adult_cogact_freq"
"301","ZFYVE9","Inh PVALB CA8 (Chandelier)",-0.0356602228573777,7.5320438429185,1.47929842610489,0.225667082437151,0.999998866570966,0.999994427475806,"ya_adult_cogact_freq"
"302","TUT4","Inh PVALB CA8 (Chandelier)",0.040572336448372,8.08707010768201,1.69272314510556,0.195104016687585,0.999998866570966,0.999994427475806,"ya_adult_cogact_freq"
"303","ZYG11B","Inh PVALB CA8 (Chandelier)",-0.0584446452834321,6.9139407948129,3.14536066205098,0.0780364418841327,0.999998866570966,0.999994427475806,"ya_adult_cogact_freq"
"304","ECHDC2","Inh PVALB CA8 (Chandelier)",0.0371045778629519,5.08673612657842,0.248170544419805,0.619047024732879,0.999998866570966,0.999994427475806,"ya_adult_cogact_freq"
"305","SCP2","Inh PVALB CA8 (Chandelier)",0.0755324411001777,6.09084259071419,2.20235594386037,0.139757951379176,0.999998866570966,0.999994427475806,"ya_adult_cogact_freq"
"306","C1orf123","Inh PVALB CA8 (Chandelier)",-0.130711821754183,4.31151843480319,1.88106577440452,0.172124248244381,0.999998866570966,0.999994427475806,"ya_adult_cogact_freq"
"307","LRP8","Inh PVALB CA8 (Chandelier)",-0.000649313533158364,5.81950247352048,7.59987379986185e-05,0.993055158096886,0.999998866570966,0.999994427475806,"ya_adult_cogact_freq"
"308","NDC1","Inh PVALB CA8 (Chandelier)",0.0533690250152308,4.16245481438544,0.273639380954592,0.601621064918638,0.999998866570966,0.999994427475806,"ya_adult_cogact_freq"
"309","HSPB11","Inh PVALB CA8 (Chandelier)",-0.0778343391000306,4.64162284175972,1.0543768089851,0.306043714437541,0.999998866570966,0.999994427475806,"ya_adult_cogact_freq"
"310","TMEM59","Inh PVALB CA8 (Chandelier)",-0.0116736461043659,5.72278034448402,0.0448552717867531,0.832538640233642,0.999998866570966,0.999994427475806,"ya_adult_cogact_freq"
"311","MRPL37","Inh PVALB CA8 (Chandelier)",-0.0135648666781124,4.21534326393813,0.025119451451285,0.874268692031125,0.999998866570966,0.999994427475806,"ya_adult_cogact_freq"
"312","SSBP3","Inh PVALB CA8 (Chandelier)",-0.0465706206967657,5.87655908468486,0.619159615151553,0.432518177632644,0.999998866570966,0.999994427475806,"ya_adult_cogact_freq"
"313","USP24","Inh PVALB CA8 (Chandelier)",0.00781780425420086,6.80092311659795,0.0430556378997273,0.835883154560335,0.999998866570966,0.999994427475806,"ya_adult_cogact_freq"
"314","PRKAA2","Inh PVALB CA8 (Chandelier)",0.0204189058849979,6.32857253738306,0.221067831649632,0.638864689807673,0.999998866570966,0.999994427475806,"ya_adult_cogact_freq"
"315","DAB1","Inh PVALB CA8 (Chandelier)",-0.022447697314182,10.997673615867,0.635036283520925,0.426689274668737,0.999998866570966,0.999994427475806,"ya_adult_cogact_freq"
"316","MYSM1","Inh PVALB CA8 (Chandelier)",0.0897901588722939,6.03574359434203,3.52464030266746,0.06227443883948,0.999998866570966,0.999994427475806,"ya_adult_cogact_freq"
"317","JUN","Inh PVALB CA8 (Chandelier)",-0.123479912416971,5.80139294224208,1.21209742285551,0.272562809589209,0.999998866570966,0.999994427475806,"ya_adult_cogact_freq"
"318","LINC01135","Inh PVALB CA8 (Chandelier)",-0.0191061961054757,4.66231815992471,0.0333834353445866,0.855254721268135,0.999998866570966,0.999994427475806,"ya_adult_cogact_freq"
"319","FGGY","Inh PVALB CA8 (Chandelier)",-0.0459013050736838,5.63527523912413,0.368355506353273,0.544758211797226,0.999998866570966,0.999994427475806,"ya_adult_cogact_freq"
"320","HOOK1","Inh PVALB CA8 (Chandelier)",0.00319349220873105,6.54066144390843,0.00456354180717696,0.946224624092361,0.999998866570966,0.999994427475806,"ya_adult_cogact_freq"
"321","NFIA","Inh PVALB CA8 (Chandelier)",0.140288485177041,4.58402353369896,1.31235371689341,0.253671384129622,0.999998866570966,0.999994427475806,"ya_adult_cogact_freq"
"322","TM2D1","Inh PVALB CA8 (Chandelier)",-0.023989583275591,5.38556966301321,0.195506078949766,0.835697210383608,0.999998866570966,0.999994427475806,"ya_adult_cogact_freq"
"323","AC099791.2","Inh PVALB CA8 (Chandelier)",-0.149895182136017,3.86097721066556,1.38820717019417,0.240449168468018,0.999998866570966,0.999994427475806,"ya_adult_cogact_freq"
"324","PATJ","Inh PVALB CA8 (Chandelier)",0.0440130566311704,6.9326061535402,0.868727245003533,0.352705531011518,0.999998866570966,0.999994427475806,"ya_adult_cogact_freq"
"325","USP1","Inh PVALB CA8 (Chandelier)",0.117528630072707,4.37539612023527,1.84419893297922,0.176362466905404,0.999998866570966,0.999994427475806,"ya_adult_cogact_freq"
"326","DOCK7","Inh PVALB CA8 (Chandelier)",-0.00698178260499349,6.89233453622207,0.0347222532522252,0.852413786191063,0.999998866570966,0.999994427475806,"ya_adult_cogact_freq"
"327","ATG4C","Inh PVALB CA8 (Chandelier)",-0.0288741607484684,5.41866503154412,0.218744744027479,0.640631406860136,0.999998866570966,0.999994427475806,"ya_adult_cogact_freq"
"328","ALG6","Inh PVALB CA8 (Chandelier)",0.0115550161203562,4.58733388113206,0.0190553808641626,0.890380581624732,0.999998866570966,0.999994427475806,"ya_adult_cogact_freq"
"329","ITGB3BP","Inh PVALB CA8 (Chandelier)",0.0335543128240282,5.6726243299114,0.18025765262748,0.671719555480422,0.999998866570966,0.999994427475806,"ya_adult_cogact_freq"
"330","EFCAB7","Inh PVALB CA8 (Chandelier)",0.00523352081627169,5.76528421094057,0.00860958978608492,0.926187612835266,0.999998866570966,0.999994427475806,"ya_adult_cogact_freq"
"331","PGM1","Inh PVALB CA8 (Chandelier)",-0.0277192399021776,5.33891716003978,0.176649913332351,0.67482943159705,0.999998866570966,0.999994427475806,"ya_adult_cogact_freq"
"332","ROR1","Inh PVALB CA8 (Chandelier)",-0.0319546778920417,3.18159674735241,0.0266345319691543,0.870565235293593,0.999998866570966,0.999994427475806,"ya_adult_cogact_freq"
"333","RAVER2","Inh PVALB CA8 (Chandelier)",0.024756233265195,5.2686192859561,0.125087602669973,0.724044156114007,0.999998866570966,0.999994427475806,"ya_adult_cogact_freq"
"334","JAK1","Inh PVALB CA8 (Chandelier)",-0.03726671807406,6.18451357545508,0.618060263080955,0.432926269096715,0.999998866570966,0.999994427475806,"ya_adult_cogact_freq"
"335","DNAJC6","Inh PVALB CA8 (Chandelier)",-0.0457886304496963,7.140746650934,1.34927386772338,0.247126796409104,0.999998866570966,0.999994427475806,"ya_adult_cogact_freq"
"336","LEPR","Inh PVALB CA8 (Chandelier)",0.0466664845971174,4.30232120994331,0.146771433348438,0.702146080902311,0.999998866570966,0.999994427475806,"ya_adult_cogact_freq"
"337","PDE4B","Inh PVALB CA8 (Chandelier)",0.0967125545131781,4.37863611909634,0.673827936778019,0.41293573913586,0.999998866570966,0.999994427475806,"ya_adult_cogact_freq"
"338","SGIP1","Inh PVALB CA8 (Chandelier)",0.0762325611382852,8.10355629420928,5.77429419954181,0.0174012265879806,0.999998866570966,0.999994427475806,"ya_adult_cogact_freq"
"339","WDR78","Inh PVALB CA8 (Chandelier)",0.15201284541957,5.15907946267053,4.12986686886269,0.0437786974505014,0.999998866570966,0.999994427475806,"ya_adult_cogact_freq"
"340","MIER1","Inh PVALB CA8 (Chandelier)",0.0262874324147008,5.85654484848647,0.322749140510263,0.644846822603578,0.999998866570966,0.999994427475806,"ya_adult_cogact_freq"
"341","SLC35D1","Inh PVALB CA8 (Chandelier)",0.0498922662073279,4.9693080969651,0.462084889006,0.497628846949741,0.999998866570966,0.999994427475806,"ya_adult_cogact_freq"
"342","SERBP1","Inh PVALB CA8 (Chandelier)",-0.112372310836722,5.42824766159972,3.66989083587987,0.0571787410965646,0.999998866570966,0.999994427475806,"ya_adult_cogact_freq"
"343","GNG12-AS1","Inh PVALB CA8 (Chandelier)",-0.21576018085727,3.48142511373404,1.53675133062222,0.216908529138781,0.999998866570966,0.999994427475806,"ya_adult_cogact_freq"
"344","WLS","Inh PVALB CA8 (Chandelier)",-0.0660755967138041,5.85013982554108,0.745026845532528,0.389341195252409,0.999998866570966,0.999994427475806,"ya_adult_cogact_freq"
"345","LRRC7","Inh PVALB CA8 (Chandelier)",0.0251241482765928,8.91145395231498,0.565023696698908,0.453342196198155,0.999998866570966,0.999994427475806,"ya_adult_cogact_freq"
"346","LRRC40","Inh PVALB CA8 (Chandelier)",-0.0134687466144291,5.40552577595021,0.054516257071751,0.815680172609974,0.999998866570966,0.999994427475806,"ya_adult_cogact_freq"
"347","SRSF11","Inh PVALB CA8 (Chandelier)",0.0227478419643037,7.73097318417804,0.449986062142591,0.503304162894889,0.999998866570966,0.999994427475806,"ya_adult_cogact_freq"
"348","ANKRD13C","Inh PVALB CA8 (Chandelier)",0.105212175572179,6.7478090768788,7.57098355154922,0.00661282349841654,0.999998866570966,0.999994427475806,"ya_adult_cogact_freq"
"349","HHLA3","Inh PVALB CA8 (Chandelier)",0.321075683650866,3.41567544885583,4.00721670639689,0.0469878428933039,0.999998866570966,0.999994427475806,"ya_adult_cogact_freq"
"350","ZRANB2","Inh PVALB CA8 (Chandelier)",0.0435090160783533,7.24793134113997,1.82601772689108,0.178497156881994,0.999998866570966,0.999994427475806,"ya_adult_cogact_freq"
"351","NEGR1","Inh PVALB CA8 (Chandelier)",0.0618564791944803,10.5993626360555,2.20612116672122,0.139422177799874,0.999998866570966,0.999994427475806,"ya_adult_cogact_freq"
"352","ERICH3","Inh PVALB CA8 (Chandelier)",0.115343021493104,5.183153585753,2.46647586071854,0.118264511175702,0.999998866570966,0.999994427475806,"ya_adult_cogact_freq"
"353","TYW3","Inh PVALB CA8 (Chandelier)",-0.0846900374647825,4.52895951587788,0.746098702887868,0.389001098659775,0.999998866570966,0.999994427475806,"ya_adult_cogact_freq"
"354","SLC44A5","Inh PVALB CA8 (Chandelier)",0.0811318103250204,6.813435192957,0.824660006002647,0.365180472144417,0.999998866570966,0.999994427475806,"ya_adult_cogact_freq"
"355","ACADM","Inh PVALB CA8 (Chandelier)",-0.105282549962683,5.9918413674763,4.50705976741459,0.035286304382835,0.999998866570966,0.999994427475806,"ya_adult_cogact_freq"
"356","RABGGTB","Inh PVALB CA8 (Chandelier)",-0.163557071386431,3.89952845168966,1.93801358521669,0.165807153660877,0.999998866570966,0.999994427475806,"ya_adult_cogact_freq"
"357","MSH4","Inh PVALB CA8 (Chandelier)",0.0213609330039307,5.49310163235254,0.0559338721070837,0.813343113485592,0.999998866570966,0.999994427475806,"ya_adult_cogact_freq"
"358","AC092813.1","Inh PVALB CA8 (Chandelier)",0.108145128614645,3.88236033984819,0.414106220473851,0.52080957153118,0.999998866570966,0.999994427475806,"ya_adult_cogact_freq"
"359","ST6GALNAC3","Inh PVALB CA8 (Chandelier)",0.123577423404702,7.40896432314391,5.82453308656644,0.016928337917586,0.999998866570966,0.999994427475806,"ya_adult_cogact_freq"
"360","ST6GALNAC5","Inh PVALB CA8 (Chandelier)",-0.000517751638800226,7.19021389406683,3.6230398786142e-05,0.995204889420083,0.999998866570966,0.999994427475806,"ya_adult_cogact_freq"
"361","PIGK","Inh PVALB CA8 (Chandelier)",-0.0754470276840813,5.2398882801641,1.297741229807,0.256320804124861,0.999998866570966,0.999994427475806,"ya_adult_cogact_freq"
"362","AK5","Inh PVALB CA8 (Chandelier)",0.0142310748852725,8.44867041916167,0.16181778675935,0.688022745206593,0.999998866570966,0.999994427475806,"ya_adult_cogact_freq"
"363","AC118549.1","Inh PVALB CA8 (Chandelier)",0.0620136683363532,6.59369694542428,2.85996500112896,0.0927471600835497,0.999998866570966,0.999994427475806,"ya_adult_cogact_freq"
"364","USP33","Inh PVALB CA8 (Chandelier)",-0.00891036434862534,7.39169019697778,0.0609295641315219,0.805347635595992,0.999998866570966,0.999994427475806,"ya_adult_cogact_freq"
"365","MIGA1","Inh PVALB CA8 (Chandelier)",0.0450290124987889,6.27271280908421,1.19049318637422,0.276862666759148,0.999998866570966,0.999994427475806,"ya_adult_cogact_freq"
"366","FUBP1","Inh PVALB CA8 (Chandelier)",-0.016986497543508,5.85301988472718,0.109850421214226,0.740746141971263,0.999998866570966,0.999994427475806,"ya_adult_cogact_freq"
"367","GIPC2","Inh PVALB CA8 (Chandelier)",0.1800275264351,4.58255860758961,2.76536397356518,0.0982731261868167,0.999998866570966,0.999994427475806,"ya_adult_cogact_freq"
"368","ADGRL2","Inh PVALB CA8 (Chandelier)",0.0754844805805155,9.21295230845612,3.09468963872195,0.0804505095858121,0.999998866570966,0.999994427475806,"ya_adult_cogact_freq"
"369","LINC01725","Inh PVALB CA8 (Chandelier)",0.0114041147360123,5.43075855125342,0.0123868961200776,0.911520113701664,0.999998866570966,0.999994427475806,"ya_adult_cogact_freq"
"370","TTLL7","Inh PVALB CA8 (Chandelier)",0.0275536614021388,8.21412438780528,1.10687573593974,0.294340895587913,0.999998866570966,0.999994427475806,"ya_adult_cogact_freq"
"371","PRKACB","Inh PVALB CA8 (Chandelier)",0.0444462534511892,8.10725915502935,1.46653572231836,0.227670294794787,0.999998866570966,0.999994427475806,"ya_adult_cogact_freq"
"372","SSX2IP","Inh PVALB CA8 (Chandelier)",-0.0544643501788846,5.55791572120973,1.00219742354027,0.318283807419128,0.999998866570966,0.999994427475806,"ya_adult_cogact_freq"
"373","SYDE2","Inh PVALB CA8 (Chandelier)",0.0324206584142014,3.93071950003222,0.0822795948059634,0.774600974718026,0.999998866570966,0.999994427475806,"ya_adult_cogact_freq"
"374","C1orf52","Inh PVALB CA8 (Chandelier)",0.0131634248394375,4.65340357189768,0.0246493642159353,0.875440935090335,0.999998866570966,0.999994427475806,"ya_adult_cogact_freq"
"375","AL078459.1","Inh PVALB CA8 (Chandelier)",-0.106679822870859,3.6734671340814,0.448047421345867,0.504223825769335,0.999998866570966,0.999994427475806,"ya_adult_cogact_freq"
"376","DDAH1","Inh PVALB CA8 (Chandelier)",-0.0114014898423712,6.22753882741392,0.0301560617756144,0.862355064611614,0.999998866570966,0.999994427475806,"ya_adult_cogact_freq"
"377","ZNHIT6","Inh PVALB CA8 (Chandelier)",0.0237684396190464,5.19837718919538,0.141317194886481,0.730736933504823,0.999998866570966,0.999994427475806,"ya_adult_cogact_freq"
"378","AL136382.1","Inh PVALB CA8 (Chandelier)",0.166693371701575,4.59170337034815,2.08154431838495,0.151034799338124,0.999998866570966,0.999994427475806,"ya_adult_cogact_freq"
"379","ODF2L","Inh PVALB CA8 (Chandelier)",0.0712821623358143,7.16311009564899,3.65641112840289,0.0576322447376911,0.999998866570966,0.999994427475806,"ya_adult_cogact_freq"
"380","AL356270.1","Inh PVALB CA8 (Chandelier)",-0.111097520411943,3.70918336466775,0.510232409682277,0.476074122183175,0.999998866570966,0.999994427475806,"ya_adult_cogact_freq"
"381","SH3GLB1","Inh PVALB CA8 (Chandelier)",-0.0671518266509471,5.7963741793368,1.67889602297582,0.215319168414899,0.999998866570966,0.999994427475806,"ya_adult_cogact_freq"
"382","SELENOF","Inh PVALB CA8 (Chandelier)",0.0119103640682201,5.44322305780198,0.0429459270259513,0.994951711785305,0.999998866570966,0.999994427475806,"ya_adult_cogact_freq"
"383","HS2ST1","Inh PVALB CA8 (Chandelier)",0.0883066677812438,6.01535956331381,2.69472727515054,0.102635539522369,0.999998866570966,0.999994427475806,"ya_adult_cogact_freq"
"384","LMO4","Inh PVALB CA8 (Chandelier)",-0.0207642806623481,6.83213631951525,0.103578883481713,0.747994471895251,0.999998866570966,0.999994427475806,"ya_adult_cogact_freq"
"385","PKN2-AS1","Inh PVALB CA8 (Chandelier)",-0.132939620033905,4.82188180894804,1.91118900911777,0.168748744314289,0.999998866570966,0.999994427475806,"ya_adult_cogact_freq"
"386","PKN2","Inh PVALB CA8 (Chandelier)",0.0130869988739167,7.44614330236267,0.131041984924278,0.717829489743072,0.999998866570966,0.999994427475806,"ya_adult_cogact_freq"
"387","GTF2B","Inh PVALB CA8 (Chandelier)",0.0139854385504494,5.00721646327169,0.0481000706264197,0.895171274375026,0.999998866570966,0.999994427475806,"ya_adult_cogact_freq"
"388","KYAT3","Inh PVALB CA8 (Chandelier)",-0.0250241046976128,5.31272345452446,0.161966630894646,0.756063043590584,0.999998866570966,0.999994427475806,"ya_adult_cogact_freq"
"389","LRRC8B","Inh PVALB CA8 (Chandelier)",0.003384545949609,7.89765040745149,0.00595969041595472,0.938561206753422,0.999998866570966,0.999994427475806,"ya_adult_cogact_freq"
"390","LRRC8C-DT","Inh PVALB CA8 (Chandelier)",-0.128200737412127,4.05990855987774,1.39811187781005,0.238785807183864,0.999998866570966,0.999994427475806,"ya_adult_cogact_freq"
"391","ZNF326","Inh PVALB CA8 (Chandelier)",-0.0508710218843111,5.5633104733969,0.854966578624726,0.35653692319656,0.999998866570966,0.999994427475806,"ya_adult_cogact_freq"
"392","ZNF644","Inh PVALB CA8 (Chandelier)",-0.00569960171608208,6.80581720536676,0.0260904449489856,0.871882448523542,0.999998866570966,0.999994427475806,"ya_adult_cogact_freq"
"393","HFM1","Inh PVALB CA8 (Chandelier)",-0.0758452013592258,5.2787125615881,0.75353212479635,0.386654189315346,0.999998866570966,0.999994427475806,"ya_adult_cogact_freq"
"394","CDC7","Inh PVALB CA8 (Chandelier)",-0.0370517970639859,4.99176903005604,0.291469818371873,0.723789057350782,0.999998866570966,0.999994427475806,"ya_adult_cogact_freq"
"395","TGFBR3","Inh PVALB CA8 (Chandelier)",0.0946164325415049,4.26445198256847,0.896403202120488,0.345168897948297,0.999998866570966,0.999994427475806,"ya_adult_cogact_freq"
"396","EPHX4","Inh PVALB CA8 (Chandelier)",-0.0303139738038304,5.4243763139369,0.308240532473186,0.579533572054062,0.999998866570966,0.999994427475806,"ya_adult_cogact_freq"
"397","BTBD8","Inh PVALB CA8 (Chandelier)",0.0170864198942058,7.77324673844159,0.189051278333489,0.664290488677202,0.999998866570966,0.999994427475806,"ya_adult_cogact_freq"
"398","GLMN","Inh PVALB CA8 (Chandelier)",0.0104404308345771,6.5266537127877,0.0563268603387778,0.815804148390238,0.999998866570966,0.999994427475806,"ya_adult_cogact_freq"
"399","RPAP2","Inh PVALB CA8 (Chandelier)",0.0103875836816418,7.32792307250986,0.0680375705165338,0.794549624883945,0.999998866570966,0.999994427475806,"ya_adult_cogact_freq"
"400","EVI5","Inh PVALB CA8 (Chandelier)",0.00179001062997147,7.29593031913626,0.00232015977327727,0.961642110962047,0.999998866570966,0.999994427475806,"ya_adult_cogact_freq"
"401","RPL5","Inh PVALB CA8 (Chandelier)",-0.119278460645247,5.17854967803262,2.95079791603623,0.0877606101251577,0.999998866570966,0.999994427475806,"ya_adult_cogact_freq"
"402","FAM69A","Inh PVALB CA8 (Chandelier)",-0.0179472492846249,7.55345981623764,0.25927484713515,0.611316959739728,0.999998866570966,0.999994427475806,"ya_adult_cogact_freq"
"403","MTF2","Inh PVALB CA8 (Chandelier)",-0.0476738841541313,6.00319075297566,0.958491020139499,0.32903832927247,0.999998866570966,0.999994427475806,"ya_adult_cogact_freq"
"404","TMED5","Inh PVALB CA8 (Chandelier)",0.0661341904922677,4.41248477898119,0.520035243159915,0.471874041710907,0.999998866570966,0.999994427475806,"ya_adult_cogact_freq"
"405","CCDC18","Inh PVALB CA8 (Chandelier)",0.0963962947532775,4.17539723785495,0.84534254361905,0.359250727420907,0.999998866570966,0.999994427475806,"ya_adult_cogact_freq"
"406","DR1","Inh PVALB CA8 (Chandelier)",0.163542770960313,4.47014050710565,4.16556619331345,0.0428890345310873,0.999998866570966,0.999994427475806,"ya_adult_cogact_freq"
"407","FNBP1L","Inh PVALB CA8 (Chandelier)",-0.0474353896911834,6.70012562224002,0.742168520841666,0.390250224009376,0.999998866570966,0.999994427475806,"ya_adult_cogact_freq"
"408","BCAR3","Inh PVALB CA8 (Chandelier)",0.107952172990295,4.6656654883631,0.980180090993621,0.323642104154079,0.999998866570966,0.999994427475806,"ya_adult_cogact_freq"
"409","DNTTIP2","Inh PVALB CA8 (Chandelier)",-0.19611456869928,3.90160866924522,2.85635645605325,0.0929515727503079,0.999998866570966,0.999994427475806,"ya_adult_cogact_freq"
"410","GCLM","Inh PVALB CA8 (Chandelier)",-0.0491202084817545,5.92833135298694,0.705550388938914,0.40217237611561,0.999998866570966,0.999994427475806,"ya_adult_cogact_freq"
"411","ABCA4","Inh PVALB CA8 (Chandelier)",0.0244023419599666,3.89815895051413,0.030018323925205,0.862666611984963,0.999998866570966,0.999994427475806,"ya_adult_cogact_freq"
"412","ARHGAP29","Inh PVALB CA8 (Chandelier)",-0.0153160509789634,6.79509371983335,0.129210987553727,0.719723235394014,0.999998866570966,0.999994427475806,"ya_adult_cogact_freq"
"413","ABCD3","Inh PVALB CA8 (Chandelier)",-0.0320837667263389,5.60545950373334,0.398326970438552,0.528850827509765,0.999998866570966,0.999994427475806,"ya_adult_cogact_freq"
"414","ALG14","Inh PVALB CA8 (Chandelier)",-0.028808199291183,5.12805897570072,0.125016282261737,0.724119594145037,0.999998866570966,0.999994427475806,"ya_adult_cogact_freq"
"415","PTBP2","Inh PVALB CA8 (Chandelier)",-0.0157094500206836,6.98858037146475,0.190213189599843,0.663324343616381,0.999998866570966,0.999994427475806,"ya_adult_cogact_freq"
"416","DPYD","Inh PVALB CA8 (Chandelier)",-0.00221220218624126,4.71376203776546,0.000515165215502131,0.981919915553054,0.999998866570966,0.999994427475806,"ya_adult_cogact_freq"
"417","MIR137HG","Inh PVALB CA8 (Chandelier)",-0.202133865779079,3.7529711742516,1.3331736372638,0.249954814022559,0.999998866570966,0.999994427475806,"ya_adult_cogact_freq"
"418","SNX7","Inh PVALB CA8 (Chandelier)",0.0309831043657454,4.91002487625287,0.169786497103636,0.680850517677698,0.999998866570966,0.999994427475806,"ya_adult_cogact_freq"
"419","PLPPR5","Inh PVALB CA8 (Chandelier)",-0.0371816785654954,6.46318752535377,0.416255952322801,0.519730869669025,0.999998866570966,0.999994427475806,"ya_adult_cogact_freq"
"420","AL445433.2","Inh PVALB CA8 (Chandelier)",0.0232230230965967,6.21451043791725,0.101017147480879,0.751024870843456,0.999998866570966,0.999994427475806,"ya_adult_cogact_freq"
"421","PLPPR4","Inh PVALB CA8 (Chandelier)",-0.0232000906469622,7.21121332415897,0.350904797273932,0.554433638132882,0.999998866570966,0.999994427475806,"ya_adult_cogact_freq"
"422","AGL","Inh PVALB CA8 (Chandelier)",0.000675222290364131,6.37685568545298,0.000212010650393761,0.988400798138092,0.999998866570966,0.999994427475806,"ya_adult_cogact_freq"
"423","TRMT13","Inh PVALB CA8 (Chandelier)",-0.0273160398851011,5.12962625637243,0.156993427159883,0.69246520916328,0.999998866570966,0.999994427475806,"ya_adult_cogact_freq"
"424","LRRC39","Inh PVALB CA8 (Chandelier)",0.00650551305725519,5.90961782399648,0.00829732817036795,0.927534737233379,0.999998866570966,0.999994427475806,"ya_adult_cogact_freq"
"425","DBT","Inh PVALB CA8 (Chandelier)",0.0228138078855712,4.96137290752354,0.113896936429801,0.871867056928012,0.999998866570966,0.999994427475806,"ya_adult_cogact_freq"
"426","RTCA","Inh PVALB CA8 (Chandelier)",-0.0333663447981233,4.6659400413366,0.173314669821347,0.677737859418566,0.999998866570966,0.999994427475806,"ya_adult_cogact_freq"
"427","EXTL2","Inh PVALB CA8 (Chandelier)",0.0259202462076712,6.42667314731685,0.281363378076421,0.596540923825594,0.999998866570966,0.999994427475806,"ya_adult_cogact_freq"
"428","SLC30A7","Inh PVALB CA8 (Chandelier)",-0.0173476804990426,5.4655376301723,0.0937453380805319,0.759864810238055,0.999998866570966,0.999994427475806,"ya_adult_cogact_freq"
"429","DPH5","Inh PVALB CA8 (Chandelier)",0.250053423223003,4.13346383931207,6.68028405461144,0.0106370718146928,0.999998866570966,0.999994427475806,"ya_adult_cogact_freq"
"430","AC093157.1","Inh PVALB CA8 (Chandelier)",0.139848399024355,4.03920157150017,1.50964343058403,0.220989051392954,0.999998866570966,0.999994427475806,"ya_adult_cogact_freq"
"431","OLFM3","Inh PVALB CA8 (Chandelier)",0.0563804914252408,8.77650346320635,1.14081636042348,0.287081101479456,0.999998866570966,0.999994427475806,"ya_adult_cogact_freq"
"432","COL11A1","Inh PVALB CA8 (Chandelier)",0.0291587000110303,8.17575092315477,0.357117383861204,0.550952362402549,0.999998866570966,0.999994427475806,"ya_adult_cogact_freq"
"433","RNPC3","Inh PVALB CA8 (Chandelier)",0.0619578671046713,7.4280800377064,1.58109569129818,0.210426495214529,0.999998866570966,0.999994427475806,"ya_adult_cogact_freq"
"434","AMY2B","Inh PVALB CA8 (Chandelier)",0.0466526265417109,5.9905429664999,0.81382943911903,0.368340089826558,0.999998866570966,0.999994427475806,"ya_adult_cogact_freq"
"435","NTNG1","Inh PVALB CA8 (Chandelier)",0.0808186181894487,6.28300080709764,0.726926496934575,0.395149654540888,0.999998866570966,0.999994427475806,"ya_adult_cogact_freq"
"436","VAV3","Inh PVALB CA8 (Chandelier)",0.122392627953622,4.66622991156239,0.945404959864588,0.332352361330069,0.999998866570966,0.999994427475806,"ya_adult_cogact_freq"
"437","SLC25A24","Inh PVALB CA8 (Chandelier)",-0.197350494814508,4.35842065072272,4.2958604831413,0.039801382284621,0.999998866570966,0.999994427475806,"ya_adult_cogact_freq"
"438","FAM102B","Inh PVALB CA8 (Chandelier)",0.181366046509933,4.97728238957235,6.06512579496567,0.0148423497205734,0.999998866570966,0.999994427475806,"ya_adult_cogact_freq"
"439","PRPF38B","Inh PVALB CA8 (Chandelier)",0.027286632464016,5.47897731005502,0.229228477484422,0.632747022141367,0.999998866570966,0.999994427475806,"ya_adult_cogact_freq"
"440","STXBP3","Inh PVALB CA8 (Chandelier)",-0.0972994820960775,4.71561772287255,1.37195968146443,0.243208568329423,0.999998866570966,0.999994427475806,"ya_adult_cogact_freq"
"441","AL449266.1","Inh PVALB CA8 (Chandelier)",-0.011226066031516,5.38348086540478,0.0363386916275359,0.935967351875881,0.999998866570966,0.999994427475806,"ya_adult_cogact_freq"
"442","GPSM2","Inh PVALB CA8 (Chandelier)",-0.0770409720637835,5.03710942714523,0.821811932485475,0.366007666637302,0.999998866570966,0.999994427475806,"ya_adult_cogact_freq"
"443","WDR47","Inh PVALB CA8 (Chandelier)",0.0142228042207119,5.48793033185064,0.0659392622403431,0.797671994435829,0.999998866570966,0.999994427475806,"ya_adult_cogact_freq"
"444","TMEM167B","Inh PVALB CA8 (Chandelier)",0.0112992109827593,4.61266534442038,0.0165287979815333,0.897863051334167,0.999998866570966,0.999994427475806,"ya_adult_cogact_freq"
"445","KIAA1324","Inh PVALB CA8 (Chandelier)",-0.0515392904760989,6.39895976576591,1.43572784100867,0.232595366766174,0.999998866570966,0.999994427475806,"ya_adult_cogact_freq"
"446","SARS","Inh PVALB CA8 (Chandelier)",-0.0446007174915054,5.86957955113979,0.571177295684344,0.45089739416577,0.999998866570966,0.999994427475806,"ya_adult_cogact_freq"
"447","CELSR2","Inh PVALB CA8 (Chandelier)",0.0884526581643231,5.01720480664624,1.80863023003209,0.180566848868092,0.999998866570966,0.999994427475806,"ya_adult_cogact_freq"
"448","SORT1","Inh PVALB CA8 (Chandelier)",0.0245336966899727,6.55908723643191,0.386215980993797,0.535480628224615,0.999998866570966,0.999994427475806,"ya_adult_cogact_freq"
"449","PSMA5","Inh PVALB CA8 (Chandelier)",-0.0279587694567549,4.58369572603202,0.100907866438381,0.75115508143714,0.999998866570966,0.999994427475806,"ya_adult_cogact_freq"
"450","CYB561D1","Inh PVALB CA8 (Chandelier)",-0.0931144552770686,4.42300863192703,0.964947831809825,0.327419421398895,0.999998866570966,0.999994427475806,"ya_adult_cogact_freq"
"451","AMIGO1","Inh PVALB CA8 (Chandelier)",0.00955729216796482,5.08319410567214,0.0132442411162556,0.908522452018695,0.999998866570966,0.999994427475806,"ya_adult_cogact_freq"
"452","GPR61","Inh PVALB CA8 (Chandelier)",-0.0553773914734452,4.2067612121774,0.297985141214288,0.585905000073968,0.999998866570966,0.999994427475806,"ya_adult_cogact_freq"
"453","GNAI3","Inh PVALB CA8 (Chandelier)",0.0673193688384457,5.84005224425108,1.9125671484909,0.168596156172568,0.999998866570966,0.999994427475806,"ya_adult_cogact_freq"
"454","AMPD2","Inh PVALB CA8 (Chandelier)",-0.0294864594992236,5.57871809624806,0.15070597733735,0.69837519356747,0.999998866570966,0.999994427475806,"ya_adult_cogact_freq"
"455","GSTM3","Inh PVALB CA8 (Chandelier)",-0.00370699242075166,4.37987124464832,0.00155194129600907,0.968624595517038,0.999998866570966,0.999994427475806,"ya_adult_cogact_freq"
"456","AHCYL1","Inh PVALB CA8 (Chandelier)",-0.0455632861230435,5.91335716698874,0.717936806897555,0.398081143771048,0.999998866570966,0.999994427475806,"ya_adult_cogact_freq"
"457","STRIP1","Inh PVALB CA8 (Chandelier)",0.0314204021684003,4.95121887560735,0.240106588758682,0.624797170635466,0.999998866570966,0.999994427475806,"ya_adult_cogact_freq"
"458","SLC6A17","Inh PVALB CA8 (Chandelier)",-0.0418113239878915,6.53481490122826,0.871180903726902,0.35202831039069,0.999998866570966,0.999994427475806,"ya_adult_cogact_freq"
"459","SLC16A4","Inh PVALB CA8 (Chandelier)",0.021979400345559,3.60528227117783,0.0258527913123988,0.872462219595353,0.999998866570966,0.999994427475806,"ya_adult_cogact_freq"
"460","LAMTOR5","Inh PVALB CA8 (Chandelier)",-0.180588039183971,4.44497097595246,2.91272801885259,0.0898139075977862,0.999998866570966,0.999994427475806,"ya_adult_cogact_freq"
"461","KCNA2","Inh PVALB CA8 (Chandelier)",0.0480686776251352,5.75576530336156,0.599494741436904,0.439908054471279,0.999998866570966,0.999994427475806,"ya_adult_cogact_freq"
"462","AL365361.1","Inh PVALB CA8 (Chandelier)",0.0285775102597959,3.96863325684198,0.0603768173728938,0.806214767502565,0.999998866570966,0.999994427475806,"ya_adult_cogact_freq"
"463","LRIF1","Inh PVALB CA8 (Chandelier)",-0.108367855340728,4.23871276499856,1.43502527874191,0.232709182313978,0.999998866570966,0.999994427475806,"ya_adult_cogact_freq"
"464","DRAM2","Inh PVALB CA8 (Chandelier)",0.0275919935333874,5.62571759587956,0.268949190773488,0.604750618925595,0.999998866570966,0.999994427475806,"ya_adult_cogact_freq"
"465","CEPT1","Inh PVALB CA8 (Chandelier)",-0.0166025534277635,5.53785051323143,0.0969787149058918,0.755889328908883,0.999998866570966,0.999994427475806,"ya_adult_cogact_freq"
"466","OVGP1","Inh PVALB CA8 (Chandelier)",-0.0313627487639492,4.04751028357384,0.100648903547769,0.771281378878813,0.999998866570966,0.999994427475806,"ya_adult_cogact_freq"
"467","ATP5PB","Inh PVALB CA8 (Chandelier)",-0.0916862821823511,5.3937066902915,2.33678042966946,0.128315638478291,0.999998866570966,0.999994427475806,"ya_adult_cogact_freq"
"468","RAP1A","Inh PVALB CA8 (Chandelier)",-0.0392211314773671,7.0668228705614,1.24749010073579,0.265698872670316,0.999998866570966,0.999994427475806,"ya_adult_cogact_freq"
"469","KCND3","Inh PVALB CA8 (Chandelier)",-0.0291025800430056,8.19978872478602,0.517159130697847,0.473100057445291,0.999998866570966,0.999994427475806,"ya_adult_cogact_freq"
"470","CTTNBP2NL","Inh PVALB CA8 (Chandelier)",0.101589231019882,5.25074131902786,2.10380006515264,0.148881829306138,0.999998866570966,0.999994427475806,"ya_adult_cogact_freq"
"471","WNT2B","Inh PVALB CA8 (Chandelier)",0.0940573728114625,4.48850846449609,1.0400133843666,0.309350577409233,0.999998866570966,0.999994427475806,"ya_adult_cogact_freq"
"472","ST7L","Inh PVALB CA8 (Chandelier)",0.0395227490060054,6.20655921294636,0.71332199225996,0.399598296309785,0.999998866570966,0.999994427475806,"ya_adult_cogact_freq"
"473","CAPZA1","Inh PVALB CA8 (Chandelier)",-0.0941477145884264,5.73487286124396,3.57612122341998,0.0604146836125086,0.999998866570966,0.999994427475806,"ya_adult_cogact_freq"
"474","SLC16A1","Inh PVALB CA8 (Chandelier)",0.141839149326532,3.90289129551888,1.46808244747142,0.227426380469673,0.999998866570966,0.999994427475806,"ya_adult_cogact_freq"
"475","SLC16A1-AS1","Inh PVALB CA8 (Chandelier)",0.0368954576681451,6.783790764575,0.5583893304825,0.456001478344131,0.999998866570966,0.999994427475806,"ya_adult_cogact_freq"
"476","AL357055.3","Inh PVALB CA8 (Chandelier)",-0.171415306717368,3.75542498076938,1.82722005366751,0.178355064391197,0.999998866570966,0.999994427475806,"ya_adult_cogact_freq"
"477","LRIG2","Inh PVALB CA8 (Chandelier)",-0.0296568180720289,5.38105275455194,0.256087553870185,0.613514111780535,0.999998866570966,0.999994427475806,"ya_adult_cogact_freq"
"478","MAGI3","Inh PVALB CA8 (Chandelier)",0.0356219472699526,4.29395655312651,0.133216298382839,0.715600010195496,0.999998866570966,0.999994427475806,"ya_adult_cogact_freq"
"479","PHTF1","Inh PVALB CA8 (Chandelier)",0.0484360355126238,6.438005200823,1.19711653046457,0.285806011710758,0.999998866570966,0.999994427475806,"ya_adult_cogact_freq"
"480","RSBN1","Inh PVALB CA8 (Chandelier)",-0.0315066138092014,5.59010415188375,0.343999269803577,0.558352458264724,0.999998866570966,0.999994427475806,"ya_adult_cogact_freq"
"481","AP4B1","Inh PVALB CA8 (Chandelier)",-0.0857934513391065,4.28845514313344,1.03861008205408,0.344127077797212,0.999998866570966,0.999994427475806,"ya_adult_cogact_freq"
"482","HIPK1","Inh PVALB CA8 (Chandelier)",-0.0380188504014817,5.56157763585669,0.38908942485437,0.533662484279048,0.999998866570966,0.999994427475806,"ya_adult_cogact_freq"
"483","TRIM33","Inh PVALB CA8 (Chandelier)",0.0211520820722409,7.02159063937752,0.402834746647794,0.526531099842353,0.999998866570966,0.999994427475806,"ya_adult_cogact_freq"
"484","BCAS2","Inh PVALB CA8 (Chandelier)",-0.0239029444866749,4.52056160565698,0.0664104946223723,0.796966216816559,0.999998866570966,0.999994427475806,"ya_adult_cogact_freq"
"485","CSDE1","Inh PVALB CA8 (Chandelier)",-0.0677862885841979,6.44216324778929,2.58688041879327,0.109714443943648,0.999998866570966,0.999994427475806,"ya_adult_cogact_freq"
"486","SIKE1","Inh PVALB CA8 (Chandelier)",0.00563974357306671,4.37349722656833,0.00425957908272198,0.948043737064086,0.999998866570966,0.999994427475806,"ya_adult_cogact_freq"
"487","TSPAN2","Inh PVALB CA8 (Chandelier)",-0.119186743045494,3.85390463193451,0.849745388282899,0.358005675578655,0.999998866570966,0.999994427475806,"ya_adult_cogact_freq"
"488","NGF","Inh PVALB CA8 (Chandelier)",0.0576517925225899,4.6742528086225,0.290541148454106,0.590619615230436,0.999998866570966,0.999994427475806,"ya_adult_cogact_freq"
"489","SLC22A15","Inh PVALB CA8 (Chandelier)",0.0661464956901639,5.72310234680174,0.91175833930689,0.341081887705347,0.999998866570966,0.999994427475806,"ya_adult_cogact_freq"
"490","ATP1A1","Inh PVALB CA8 (Chandelier)",-0.065245904476509,7.78259919898234,2.16797210806737,0.14286696370387,0.999998866570966,0.999994427475806,"ya_adult_cogact_freq"
"491","TTF2","Inh PVALB CA8 (Chandelier)",-0.0742326196115482,3.9159309855456,0.487501764439603,0.48605253225948,0.999998866570966,0.999994427475806,"ya_adult_cogact_freq"
"492","MAN1A2","Inh PVALB CA8 (Chandelier)",0.0610863169499198,7.74299646843521,3.36062277524438,0.0686223748797307,0.999998866570966,0.999994427475806,"ya_adult_cogact_freq"
"493","GDAP2","Inh PVALB CA8 (Chandelier)",0.0111175047034951,5.15073669437328,0.0248247713208972,0.875002198460359,0.999998866570966,0.999994427475806,"ya_adult_cogact_freq"
"494","WDR3","Inh PVALB CA8 (Chandelier)",0.0543925307668756,4.15129229524849,0.330910852921328,0.56592747711151,0.999998866570966,0.999994427475806,"ya_adult_cogact_freq"
"495","SPAG17","Inh PVALB CA8 (Chandelier)",0.227566191797286,3.77320520331717,1.38934478366026,0.240257402377539,0.999998866570966,0.999994427475806,"ya_adult_cogact_freq"
"496","WARS2","Inh PVALB CA8 (Chandelier)",0.00774235526804742,4.45375567665886,0.00564379577605404,0.940208498337061,0.999998866570966,0.999994427475806,"ya_adult_cogact_freq"
"497","AL359915.2","Inh PVALB CA8 (Chandelier)",0.00389460857070435,5.42565861437796,0.00211775002051318,0.963352206052948,0.999998866570966,0.999994427475806,"ya_adult_cogact_freq"
"498","NOTCH2","Inh PVALB CA8 (Chandelier)",-0.0620777167226673,5.46798577038709,0.7788039602796,0.378824829865403,0.999998866570966,0.999994427475806,"ya_adult_cogact_freq"
"499","SEC22B","Inh PVALB CA8 (Chandelier)",-0.00787713918344146,5.05227238348032,0.0166029844282632,0.968688151848304,0.999998866570966,0.999994427475806,"ya_adult_cogact_freq"
"500","LINC00623","Inh PVALB CA8 (Chandelier)",-0.027275363420986,6.81244488979994,0.32144540238847,0.571531060931691,0.999998866570966,0.999994427475806,"ya_adult_cogact_freq"
"501","SRGAP2C","Inh PVALB CA8 (Chandelier)",-0.0761378706493285,6.18279430339676,2.65331318918806,0.105292316344023,0.999998866570966,0.999994427475806,"ya_adult_cogact_freq"
"502","AC244021.1","Inh PVALB CA8 (Chandelier)",0.0205770805609989,5.77699447735705,0.0639643219070965,0.80065955878689,0.999998866570966,0.999994427475806,"ya_adult_cogact_freq"
"503","NBPF15","Inh PVALB CA8 (Chandelier)",-0.149301236968721,4.03660553346618,2.05406423959963,0.153742352819804,0.999998866570966,0.999994427475806,"ya_adult_cogact_freq"
"504","LINC01632","Inh PVALB CA8 (Chandelier)",-0.016636135713988,5.05642148757004,0.0210809593573662,0.884740497228004,0.999998866570966,0.999994427475806,"ya_adult_cogact_freq"
"505","FP700111.1","Inh PVALB CA8 (Chandelier)",0.0828832235155702,7.24201264228923,1.82762185396122,0.178307608489172,0.999998866570966,0.999994427475806,"ya_adult_cogact_freq"
"506","SRGAP2B","Inh PVALB CA8 (Chandelier)",0.0238182830603983,6.17768409545079,0.28662610009638,0.593130580163577,0.999998866570966,0.999994427475806,"ya_adult_cogact_freq"
"507","GPR89A","Inh PVALB CA8 (Chandelier)",-0.0575859634501287,4.44817975073647,0.360773811555022,0.548922634876871,0.999998866570966,0.999994427475806,"ya_adult_cogact_freq"
"508","RNF115","Inh PVALB CA8 (Chandelier)",1.53240663619204e-05,6.74654428871366,1.63184843198829e-08,0.999898233551971,0.999998866570966,0.999994427475806,"ya_adult_cogact_freq"
"509","POLR3C","Inh PVALB CA8 (Chandelier)",-0.0296156285825446,4.26303357572485,0.109371214404317,0.741291761223002,0.999998866570966,0.999994427475806,"ya_adult_cogact_freq"
"510","PEX11B","Inh PVALB CA8 (Chandelier)",-0.201800768255522,4.10421980369546,3.44631848161743,0.0652229592276794,0.999998866570966,0.999994427475806,"ya_adult_cogact_freq"
"511","LIX1L","Inh PVALB CA8 (Chandelier)",-0.101513033588658,3.96489466857574,0.786458861566816,0.376497759881558,0.999998866570966,0.999994427475806,"ya_adult_cogact_freq"
"512","NBPF12","Inh PVALB CA8 (Chandelier)",0.00766239536154272,5.03943893347846,0.011511940974146,0.914689751784915,0.999998866570966,0.999994427475806,"ya_adult_cogact_freq"
"513","PRKAB2","Inh PVALB CA8 (Chandelier)",0.0532993618899533,4.70576562725953,0.60222669829825,0.43886985700247,0.999998866570966,0.999994427475806,"ya_adult_cogact_freq"
"514","AC242426.2","Inh PVALB CA8 (Chandelier)",-0.00798910436071789,4.77466897967871,0.0117813626363108,0.913701131947308,0.999998866570966,0.999994427475806,"ya_adult_cogact_freq"
"515","CHD1L","Inh PVALB CA8 (Chandelier)",-0.00350465751827966,5.52567450795557,0.00394799234515098,0.949977499764242,0.999998866570966,0.999994427475806,"ya_adult_cogact_freq"
"516","BCL9","Inh PVALB CA8 (Chandelier)",-0.117515864723488,4.51291413914206,1.32028387174039,0.25224776057885,0.999998866570966,0.999994427475806,"ya_adult_cogact_freq"
"517","ACP6","Inh PVALB CA8 (Chandelier)",0.0684107594183517,3.78551597685463,0.277952206598933,0.59877334268587,0.999998866570966,0.999994427475806,"ya_adult_cogact_freq"
"518","GPR89B","Inh PVALB CA8 (Chandelier)",-0.0319235146185805,4.87254617198606,0.140632068244766,0.708147721255076,0.999998866570966,0.999994427475806,"ya_adult_cogact_freq"
"519","NBPF11","Inh PVALB CA8 (Chandelier)",-0.0715893156137517,4.4750668117626,0.741051748866359,0.3906062188853,0.999998866570966,0.999994427475806,"ya_adult_cogact_freq"
"520","AC239809.3","Inh PVALB CA8 (Chandelier)",0.0656702618715095,5.43133637042904,0.984506046455425,0.322579922377471,0.999998866570966,0.999994427475806,"ya_adult_cogact_freq"
"521","PDE4DIP","Inh PVALB CA8 (Chandelier)",-0.0258604488073069,9.78664835344392,0.796224835754192,0.373558152008761,0.999998866570966,0.999994427475806,"ya_adult_cogact_freq"
"522","AC245297.3","Inh PVALB CA8 (Chandelier)",0.00428848294564897,7.5417672358161,0.0120600718006574,0.912690396046002,0.999998866570966,0.999994427475806,"ya_adult_cogact_freq"
"523","NBPF19","Inh PVALB CA8 (Chandelier)",0.0778563817368584,4.96758864344273,0.981618955011803,0.323288295118608,0.999998866570966,0.999994427475806,"ya_adult_cogact_freq"
"524","SV2A","Inh PVALB CA8 (Chandelier)",0.0287812791869358,7.76417511261185,0.318806821223558,0.573112558108453,0.999998866570966,0.999994427475806,"ya_adult_cogact_freq"
"525","OTUD7B","Inh PVALB CA8 (Chandelier)",0.0873258277193924,5.34135503905319,1.67674327653267,0.197214348611962,0.999998866570966,0.999994427475806,"ya_adult_cogact_freq"
"526","VPS45","Inh PVALB CA8 (Chandelier)",0.0165037970227463,6.928556205341,0.186398862296255,0.853313711792579,0.999998866570966,0.999994427475806,"ya_adult_cogact_freq"
"527","PLEKHO1","Inh PVALB CA8 (Chandelier)",-0.0451537669628217,5.43786895808269,0.55121987757325,0.458903088526393,0.999998866570966,0.999994427475806,"ya_adult_cogact_freq"
"528","ANP32E","Inh PVALB CA8 (Chandelier)",0.0437444956817368,4.43713478754774,0.275934313408091,0.854224342710264,0.999998866570966,0.999994427475806,"ya_adult_cogact_freq"
"529","APH1A","Inh PVALB CA8 (Chandelier)",0.0569803678041285,3.80252034345442,0.213634807370333,0.644558183187798,0.999998866570966,0.999994427475806,"ya_adult_cogact_freq"
"530","MRPS21","Inh PVALB CA8 (Chandelier)",-0.0255902243377003,5.46224226952211,0.161377773278175,0.688424713744475,0.999998866570966,0.999994427475806,"ya_adult_cogact_freq"
"531","PRPF3","Inh PVALB CA8 (Chandelier)",0.000228314983655629,5.36159566741344,1.59639658665027e-05,0.996817019770925,0.999998866570966,0.999994427475806,"ya_adult_cogact_freq"
"532","RPRD2","Inh PVALB CA8 (Chandelier)",-0.001460887146271,7.63300279048197,0.00200611102976155,0.964330575600858,0.999998866570966,0.999994427475806,"ya_adult_cogact_freq"
"533","TARS2","Inh PVALB CA8 (Chandelier)",-0.0662885674419354,4.23036426084786,0.555979396817287,0.456973570766369,0.999998866570966,0.999994427475806,"ya_adult_cogact_freq"
"534","ECM1","Inh PVALB CA8 (Chandelier)",-0.228124572492137,4.18968080422168,3.45554094515572,0.0648680869832773,0.999998866570966,0.999994427475806,"ya_adult_cogact_freq"
"535","MCL1","Inh PVALB CA8 (Chandelier)",0.00897928457522036,3.8202540432438,0.00505143693689215,0.943427627176209,0.999998866570966,0.999994427475806,"ya_adult_cogact_freq"
"536","ENSA","Inh PVALB CA8 (Chandelier)",0.038525615196469,7.7673388823253,0.745710520455658,0.38912421827224,0.999998866570966,0.999994427475806,"ya_adult_cogact_freq"
"537","GOLPH3L","Inh PVALB CA8 (Chandelier)",0.0762496561979366,4.37924910729908,0.704331830433504,0.402578177263727,0.999998866570966,0.999994427475806,"ya_adult_cogact_freq"
"538","ARNT","Inh PVALB CA8 (Chandelier)",-0.00771639321976213,5.84177945001486,0.0234176727988871,0.878567830129749,0.999998866570966,0.999994427475806,"ya_adult_cogact_freq"
"539","SETDB1","Inh PVALB CA8 (Chandelier)",0.110812677562165,5.3239607918061,4.28039926720222,0.0401551159638575,0.999998866570966,0.999994427475806,"ya_adult_cogact_freq"
"540","PRUNE1","Inh PVALB CA8 (Chandelier)",-0.0671865487560611,4.23780460440242,0.618989043852366,0.432581457064961,0.999998866570966,0.999994427475806,"ya_adult_cogact_freq"
"541","CDC42SE1","Inh PVALB CA8 (Chandelier)",-0.0995212187231243,4.76621704759523,1.82316042596648,0.178835365483208,0.999998866570966,0.999994427475806,"ya_adult_cogact_freq"
"542","MLLT11","Inh PVALB CA8 (Chandelier)",-0.0396334912707491,5.03551566448698,0.202224262074655,0.653537170901383,0.999998866570966,0.999994427475806,"ya_adult_cogact_freq"
"543","GABPB2","Inh PVALB CA8 (Chandelier)",-0.0152070416151859,5.80224471974983,0.0512012853495307,0.821273415961472,0.999998866570966,0.999994427475806,"ya_adult_cogact_freq"
"544","SEMA6C","Inh PVALB CA8 (Chandelier)",-0.0542176034459009,5.02864602763125,0.684241053513714,0.409356262955206,0.999998866570966,0.999994427475806,"ya_adult_cogact_freq"
"545","SCNM1","Inh PVALB CA8 (Chandelier)",-0.0741558873584694,3.55985876329627,0.299577502408186,0.584906432334013,0.999998866570966,0.999994427475806,"ya_adult_cogact_freq"
"546","VPS72","Inh PVALB CA8 (Chandelier)",-0.0638103391036908,4.03124534500979,0.388007311900491,0.589108040825212,0.999998866570966,0.999994427475806,"ya_adult_cogact_freq"
"547","PIP5K1A","Inh PVALB CA8 (Chandelier)",-0.0485507675423521,6.33959224096057,1.04338799330534,0.308569468199928,0.999998866570966,0.999994427475806,"ya_adult_cogact_freq"
"548","PSMD4","Inh PVALB CA8 (Chandelier)",0.00868714706295253,5.01829393147019,0.0198982365202213,0.912142448487203,0.999998866570966,0.999994427475806,"ya_adult_cogact_freq"
"549","PI4KB","Inh PVALB CA8 (Chandelier)",0.0697863074586997,5.37912335666407,1.23572001799395,0.267957161142891,0.999998866570966,0.999994427475806,"ya_adult_cogact_freq"
"550","PSMB4","Inh PVALB CA8 (Chandelier)",0.0326976708806768,4.24429283232614,0.112920199356482,0.737281887151393,0.999998866570966,0.999994427475806,"ya_adult_cogact_freq"
"551","POGZ","Inh PVALB CA8 (Chandelier)",-0.0105719332952978,7.62713439914667,0.113537285520351,0.736591852222564,0.999998866570966,0.999994427475806,"ya_adult_cogact_freq"
"552","CGN","Inh PVALB CA8 (Chandelier)",-0.119356668115261,4.28474349516002,1.56857072182874,0.21223355776891,0.999998866570966,0.999994427475806,"ya_adult_cogact_freq"
"553","TUFT1","Inh PVALB CA8 (Chandelier)",-0.0346101888302716,4.21713907244522,0.131989623676234,0.716855251583489,0.999998866570966,0.999994427475806,"ya_adult_cogact_freq"
"554","SNX27","Inh PVALB CA8 (Chandelier)",0.0648019724126271,6.59355378022248,2.93795626916732,0.108750733724019,0.999998866570966,0.999994427475806,"ya_adult_cogact_freq"
"555","CELF3","Inh PVALB CA8 (Chandelier)",-0.122580931677304,5.54369088280542,3.24132060425884,0.0736774903505983,0.999998866570966,0.999994427475806,"ya_adult_cogact_freq"
"556","THEM4","Inh PVALB CA8 (Chandelier)",-0.00505397561639343,5.52308630854698,0.00705524821012141,0.933164491818554,0.999998866570966,0.999994427475806,"ya_adult_cogact_freq"
"557","FLG-AS1","Inh PVALB CA8 (Chandelier)",-0.145514918202048,4.75164860230999,1.06161145081728,0.304395554969077,0.999998866570966,0.999994427475806,"ya_adult_cogact_freq"
"558","CHTOP","Inh PVALB CA8 (Chandelier)",-0.0411654312451355,4.67512241213678,0.31728618991077,0.5740279137295,0.999998866570966,0.999994427475806,"ya_adult_cogact_freq"
"559","INTS3","Inh PVALB CA8 (Chandelier)",0.0943483825704658,5.26360717998057,2.79206728066274,0.0966775111117588,0.999998866570966,0.999994427475806,"ya_adult_cogact_freq"
"560","GATAD2B","Inh PVALB CA8 (Chandelier)",-0.00663040824855739,6.82882876740552,0.0243482355470228,0.876197879466836,0.999998866570966,0.999994427475806,"ya_adult_cogact_freq"
"561","DENND4B","Inh PVALB CA8 (Chandelier)",0.123075279590386,5.23082322107018,4.25407461113552,0.0407650826054896,0.999998866570966,0.999994427475806,"ya_adult_cogact_freq"
"562","JTB","Inh PVALB CA8 (Chandelier)",-0.11134048905133,4.57210688769979,1.37122609185966,0.243334071946564,0.999998866570966,0.999994427475806,"ya_adult_cogact_freq"
"563","NUP210L","Inh PVALB CA8 (Chandelier)",-0.0285780723460146,3.88497211669917,0.0489207429630068,0.82523269083113,0.999998866570966,0.999994427475806,"ya_adult_cogact_freq"
"564","TPM3","Inh PVALB CA8 (Chandelier)",-0.013624977843188,5.68036654688309,0.0581426711800245,0.809763234331237,0.999998866570966,0.999994427475806,"ya_adult_cogact_freq"
"565","C1orf43","Inh PVALB CA8 (Chandelier)",-0.0962882276371254,5.12550922307045,2.156285302126,0.143941495455652,0.999998866570966,0.999994427475806,"ya_adult_cogact_freq"
"566","UBAP2L","Inh PVALB CA8 (Chandelier)",0.102817844810976,5.18044008848313,4.0642745798962,0.0454648538142956,0.999998866570966,0.999994427475806,"ya_adult_cogact_freq"
"567","HAX1","Inh PVALB CA8 (Chandelier)",-0.0963631596158987,4.02885254971718,0.762526744906315,0.383841387536534,0.999998866570966,0.999994427475806,"ya_adult_cogact_freq"
"568","ATP8B2","Inh PVALB CA8 (Chandelier)",-0.00644080034795994,6.35644439166218,0.0190932114618996,0.890272516325103,0.999998866570966,0.999994427475806,"ya_adult_cogact_freq"
"569","IL6R","Inh PVALB CA8 (Chandelier)",-0.14924379540676,4.00001492267441,1.14217912851244,0.28679442928887,0.999998866570966,0.999994427475806,"ya_adult_cogact_freq"
"570","UBE2Q1","Inh PVALB CA8 (Chandelier)",-0.0343897741849794,4.36646174189554,0.136509676771108,0.712262028910007,0.999998866570966,0.999994427475806,"ya_adult_cogact_freq"
"571","ADAR","Inh PVALB CA8 (Chandelier)",-0.0156730712216602,6.52440226948816,0.148610354142862,0.700376510438581,0.999998866570966,0.999994427475806,"ya_adult_cogact_freq"
"572","ADAM15","Inh PVALB CA8 (Chandelier)",0.0334580062639428,4.30460298405973,0.117377123419309,0.73234433431138,0.999998866570966,0.999994427475806,"ya_adult_cogact_freq"
"573","TRIM46","Inh PVALB CA8 (Chandelier)",0.121570746160791,4.03327153425,1.32728117884958,0.250999805801006,0.999998866570966,0.999994427475806,"ya_adult_cogact_freq"
"574","FAM189B","Inh PVALB CA8 (Chandelier)",-0.057246850700548,4.38450960913866,0.547596712664304,0.594589836169315,0.999998866570966,0.999994427475806,"ya_adult_cogact_freq"
"575","SCAMP3","Inh PVALB CA8 (Chandelier)",-0.108522200911354,4.44789562988028,1.4908716680897,0.223868965760763,0.999998866570966,0.999994427475806,"ya_adult_cogact_freq"
"576","CLK2","Inh PVALB CA8 (Chandelier)",-0.00392525023547913,4.00305982261625,0.00156584758712078,0.983748755963205,0.999998866570966,0.999994427475806,"ya_adult_cogact_freq"
"577","HCN3","Inh PVALB CA8 (Chandelier)",0.0835049216076828,4.31816857773144,0.836214870072755,0.361851049404976,0.999998866570966,0.999994427475806,"ya_adult_cogact_freq"
"578","FDPS","Inh PVALB CA8 (Chandelier)",-0.0807272743266895,5.22416045109612,1.12958329242516,0.289458120425987,0.999998866570966,0.999994427475806,"ya_adult_cogact_freq"
"579","RUSC1","Inh PVALB CA8 (Chandelier)",-0.0640519239140368,5.45186606395036,0.965770559321229,0.327213904261786,0.999998866570966,0.999994427475806,"ya_adult_cogact_freq"
"580","ASH1L","Inh PVALB CA8 (Chandelier)",-0.0219682815472866,7.96808710522926,0.517643990631198,0.882296412105533,0.999998866570966,0.999994427475806,"ya_adult_cogact_freq"
"581","YY1AP1","Inh PVALB CA8 (Chandelier)",-0.0187386544168472,5.78762148554012,0.151057924502199,0.698978617433461,0.999998866570966,0.999994427475806,"ya_adult_cogact_freq"
"582","DAP3","Inh PVALB CA8 (Chandelier)",-0.00961760020987475,6.10686609603149,0.0372323350729337,0.993088315391447,0.999998866570966,0.999994427475806,"ya_adult_cogact_freq"
"583","GON4L","Inh PVALB CA8 (Chandelier)",0.0692578580255135,6.15193080632218,1.79303338583306,0.182447237525144,0.999998866570966,0.999994427475806,"ya_adult_cogact_freq"
"584","SYT11","Inh PVALB CA8 (Chandelier)",-0.0268056117776803,7.27488336914834,0.256784164895672,0.613032441637093,0.999998866570966,0.999994427475806,"ya_adult_cogact_freq"
"585","KHDC4","Inh PVALB CA8 (Chandelier)",-0.150090070950671,5.58146352483825,7.47698606966488,0.00695050847812208,0.999998866570966,0.999994427475806,"ya_adult_cogact_freq"
"586","ARHGEF2","Inh PVALB CA8 (Chandelier)",-0.0419309327318318,6.67408192611658,0.888849539926626,0.347203885017206,0.999998866570966,0.999994427475806,"ya_adult_cogact_freq"
"587","SSR2","Inh PVALB CA8 (Chandelier)",-0.127748450074023,4.30413072213009,1.55110585062365,0.214784417040313,0.999998866570966,0.999994427475806,"ya_adult_cogact_freq"
"588","UBQLN4","Inh PVALB CA8 (Chandelier)",-0.0715158170648395,4.24742812149141,0.531056622249389,0.467223211201434,0.999998866570966,0.999994427475806,"ya_adult_cogact_freq"
"589","LMNA","Inh PVALB CA8 (Chandelier)",0.00344601821048038,5.52044566726488,0.00293168026348456,0.956886872226338,0.999998866570966,0.999994427475806,"ya_adult_cogact_freq"
"590","SLC25A44","Inh PVALB CA8 (Chandelier)",-0.16939654365174,4.09230536377103,2.22823475885592,0.137468465362798,0.999998866570966,0.999994427475806,"ya_adult_cogact_freq"
"591","SMG5","Inh PVALB CA8 (Chandelier)",0.13494516152478,5.2431245026585,4.46338270636399,0.0361735006193967,0.999998866570966,0.999994427475806,"ya_adult_cogact_freq"
"592","CCT3","Inh PVALB CA8 (Chandelier)",-0.0237997044140525,5.47523736255835,0.0967686653983551,0.756145360289701,0.999998866570966,0.999994427475806,"ya_adult_cogact_freq"
"593","C1orf61","Inh PVALB CA8 (Chandelier)",-0.00875665050776848,4.77492253841244,0.00690326687522648,0.933886599393942,0.999998866570966,0.999994427475806,"ya_adult_cogact_freq"
"594","MEF2D","Inh PVALB CA8 (Chandelier)",-0.11226302608464,5.34734139033914,3.27292224102346,0.0723003607559726,0.999998866570966,0.999994427475806,"ya_adult_cogact_freq"
"595","HAPLN2","Inh PVALB CA8 (Chandelier)",0.0926517117906902,3.81714118575714,0.647974355076807,0.422026718218148,0.999998866570966,0.999994427475806,"ya_adult_cogact_freq"
"596","BCAN","Inh PVALB CA8 (Chandelier)",-0.020067751181236,4.89060775850905,0.0696916705185538,0.792124338417238,0.999998866570966,0.999994427475806,"ya_adult_cogact_freq"
"597","ISG20L2","Inh PVALB CA8 (Chandelier)",-0.0398145439072326,4.16641972613086,0.162849302837345,0.687082901713592,0.999998866570966,0.999994427475806,"ya_adult_cogact_freq"
"598","HDGF","Inh PVALB CA8 (Chandelier)",-0.0851273583899643,4.54619714736618,0.955761063971732,0.32972602452893,0.999998866570966,0.999994427475806,"ya_adult_cogact_freq"
"599","PRCC","Inh PVALB CA8 (Chandelier)",-0.015483202959006,4.74857520893122,0.0495014046610059,0.842454163374959,0.999998866570966,0.999994427475806,"ya_adult_cogact_freq"
"600","ARHGEF11","Inh PVALB CA8 (Chandelier)",-0.0110392203690358,7.01945883444948,0.0868146862316201,0.768646490552108,0.999998866570966,0.999994427475806,"ya_adult_cogact_freq"
"601","CADM3","Inh PVALB CA8 (Chandelier)",0.0566023517985555,6.27213279286175,1.55554503202094,0.214132582417947,0.999998866570966,0.999994427475806,"ya_adult_cogact_freq"
"602","KCNJ9","Inh PVALB CA8 (Chandelier)",-0.165869374884508,4.87394917624658,5.03297068357656,0.0262352735636136,0.999998866570966,0.999994427475806,"ya_adult_cogact_freq"
"603","IGSF8","Inh PVALB CA8 (Chandelier)",-0.0110482606686602,5.3848272433468,0.0253071998200207,0.873803654551771,0.999998866570966,0.999994427475806,"ya_adult_cogact_freq"
"604","PEA15","Inh PVALB CA8 (Chandelier)",-0.121622921057525,5.69911477835891,1.86304926397578,0.17418048252008,0.999998866570966,0.999994427475806,"ya_adult_cogact_freq"
"605","DCAF8","Inh PVALB CA8 (Chandelier)",-0.0719222106361494,4.47815274774741,0.682150561442569,0.410071171110924,0.999998866570966,0.999994427475806,"ya_adult_cogact_freq"
"606","AL139011.2","Inh PVALB CA8 (Chandelier)",-0.103713396762143,4.30729620737242,0.994839359464536,0.320061359138926,0.999998866570966,0.999994427475806,"ya_adult_cogact_freq"
"607","COPA","Inh PVALB CA8 (Chandelier)",-0.0652672848336744,6.26033233188215,1.98196691751957,0.161114055105445,0.999998866570966,0.999994427475806,"ya_adult_cogact_freq"
"608","NCSTN","Inh PVALB CA8 (Chandelier)",-0.154130729147567,3.88613964479354,1.94896792892124,0.164622943166023,0.999998866570966,0.999994427475806,"ya_adult_cogact_freq"
"609","PFDN2","Inh PVALB CA8 (Chandelier)",-0.0061073253500589,4.85349523724482,0.00744936460421199,0.931327628464712,0.999998866570966,0.999994427475806,"ya_adult_cogact_freq"
"610","NIT1","Inh PVALB CA8 (Chandelier)",-0.0970101697289881,4.04284078600784,1.01605871475064,0.367572507817474,0.999998866570966,0.999994427475806,"ya_adult_cogact_freq"
"611","B4GALT3","Inh PVALB CA8 (Chandelier)",-0.0757404682392706,3.60013478357868,0.288359631026031,0.592016047320742,0.999998866570966,0.999994427475806,"ya_adult_cogact_freq"
"612","NDUFS2","Inh PVALB CA8 (Chandelier)",-0.167164052563705,5.68610343293997,5.95024990319306,0.0158027580977602,0.999998866570966,0.999994427475806,"ya_adult_cogact_freq"
"613","TOMM40L","Inh PVALB CA8 (Chandelier)",-0.066651260321114,3.81750543414989,0.366598265411091,0.545718165067693,0.999998866570966,0.999994427475806,"ya_adult_cogact_freq"
"614","PCP4L1","Inh PVALB CA8 (Chandelier)",-0.0556556758740774,6.16201912860057,0.869707702581503,0.352434706058559,0.999998866570966,0.999994427475806,"ya_adult_cogact_freq"
"615","SDHC","Inh PVALB CA8 (Chandelier)",-0.114257574949439,6.19282196618346,6.37807821527058,0.0125217899199005,0.999998866570966,0.999994427475806,"ya_adult_cogact_freq"
"616","DUSP12","Inh PVALB CA8 (Chandelier)",-0.0357135875626036,4.04417545322163,0.117659769791255,0.732034765619382,0.999998866570966,0.999994427475806,"ya_adult_cogact_freq"
"617","ATF6","Inh PVALB CA8 (Chandelier)",0.0364150671063975,6.39461303379662,0.613005994966455,0.434810060314887,0.999998866570966,0.999994427475806,"ya_adult_cogact_freq"
"618","NOS1AP","Inh PVALB CA8 (Chandelier)",-0.00797272918217941,7.6551125768839,0.0347929706194528,0.852265314982845,0.999998866570966,0.999994427475806,"ya_adult_cogact_freq"
"619","UHMK1","Inh PVALB CA8 (Chandelier)",0.00727054057452018,4.96580875438179,0.0140973594797764,0.938802836192406,0.999998866570966,0.999994427475806,"ya_adult_cogact_freq"
"620","RGS4","Inh PVALB CA8 (Chandelier)",-0.0325681119916837,3.88598964429845,0.0620196898952847,0.803649633187973,0.999998866570966,0.999994427475806,"ya_adult_cogact_freq"
"621","RGS5","Inh PVALB CA8 (Chandelier)",0.224760339845236,4.36802376773033,2.56449716771857,0.11125045447215,0.999998866570966,0.999994427475806,"ya_adult_cogact_freq"
"622","PBX1","Inh PVALB CA8 (Chandelier)",0.124460150053405,6.43485377742324,3.24052983956655,0.0737123124740496,0.999998866570966,0.999994427475806,"ya_adult_cogact_freq"
"623","MGST3","Inh PVALB CA8 (Chandelier)",-0.0288970832411856,7.1527454246052,0.54955772112392,0.459579979248225,0.999998866570966,0.999994427475806,"ya_adult_cogact_freq"
"624","TMCO1","Inh PVALB CA8 (Chandelier)",0.0917577201595761,4.94974052657505,1.50909174558631,0.221073050213965,0.999998866570966,0.999994427475806,"ya_adult_cogact_freq"
"625","UCK2","Inh PVALB CA8 (Chandelier)",0.0758717688222608,5.42275569894792,2.04519896420033,0.154627632429592,0.999998866570966,0.999994427475806,"ya_adult_cogact_freq"
"626","FAM78B","Inh PVALB CA8 (Chandelier)",0.0077860524117784,8.27821892634049,0.0423783137612525,0.837160776016202,0.999998866570966,0.999994427475806,"ya_adult_cogact_freq"
"627","POGK","Inh PVALB CA8 (Chandelier)",0.0114336020968234,5.39497675300188,0.0367814857392542,0.949849938377654,0.999998866570966,0.999994427475806,"ya_adult_cogact_freq"
"628","TADA1","Inh PVALB CA8 (Chandelier)",-0.0283074023949594,4.0686989536786,0.0709937617924046,0.790236759691915,0.999998866570966,0.999994427475806,"ya_adult_cogact_freq"
"629","POU2F1","Inh PVALB CA8 (Chandelier)",-0.00754457626057708,7.21278397075443,0.0381941740153483,0.845300538465542,0.999998866570966,0.999994427475806,"ya_adult_cogact_freq"
"630","CD247","Inh PVALB CA8 (Chandelier)",0.106473831224823,4.30148125871051,0.880532172692108,0.34946360087843,0.999998866570966,0.999994427475806,"ya_adult_cogact_freq"
"631","CREG1","Inh PVALB CA8 (Chandelier)",-0.123397149097457,4.39780768581905,1.71817609355775,0.191797367198335,0.999998866570966,0.999994427475806,"ya_adult_cogact_freq"
"632","MPZL1","Inh PVALB CA8 (Chandelier)",0.0660350787264,5.08773199119382,0.863471381523615,0.354162206659161,0.999998866570966,0.999994427475806,"ya_adult_cogact_freq"
"633","ADCY10","Inh PVALB CA8 (Chandelier)",0.0422452119199312,4.77870021828435,0.120525661091346,0.728919117003894,0.999998866570966,0.999994427475806,"ya_adult_cogact_freq"
"634","MPC2","Inh PVALB CA8 (Chandelier)",0.0318079348331206,4.8804280742005,0.180808073141035,0.671248331479422,0.999998866570966,0.999994427475806,"ya_adult_cogact_freq"
"635","DCAF6","Inh PVALB CA8 (Chandelier)",-0.0242471162122893,6.57913373897417,0.388232006324127,0.534113117553658,0.999998866570966,0.999994427475806,"ya_adult_cogact_freq"
"636","GPR161","Inh PVALB CA8 (Chandelier)",0.0764565026507524,5.47230270007676,1.50586209791735,0.221565564429939,0.999998866570966,0.999994427475806,"ya_adult_cogact_freq"
"637","TIPRL","Inh PVALB CA8 (Chandelier)",0.0167395473687304,5.92203754132936,0.163114267238211,0.918254210464425,0.999998866570966,0.999994427475806,"ya_adult_cogact_freq"
"638","LINC00970","Inh PVALB CA8 (Chandelier)",-0.0224670604717497,5.15450753023742,0.0368842509283187,0.847943273355424,0.999998866570966,0.999994427475806,"ya_adult_cogact_freq"
"639","ATP1B1","Inh PVALB CA8 (Chandelier)",-0.0958344121430805,9.50337893301931,2.66004932513202,0.104855055137701,0.999998866570966,0.999994427475806,"ya_adult_cogact_freq"
"640","NME7","Inh PVALB CA8 (Chandelier)",-0.0175596084881967,6.93935803183613,0.150343988088407,0.698719743497209,0.999998866570966,0.999994427475806,"ya_adult_cogact_freq"
"641","BLZF1","Inh PVALB CA8 (Chandelier)",0.0451891172062422,5.52414664333448,0.519365769900823,0.472158960478957,0.999998866570966,0.999994427475806,"ya_adult_cogact_freq"
"642","CCDC181","Inh PVALB CA8 (Chandelier)",-0.0677263209964666,4.27508590613595,0.482589585865856,0.488254432128111,0.999998866570966,0.999994427475806,"ya_adult_cogact_freq"
"643","SLC19A2","Inh PVALB CA8 (Chandelier)",0.0272045162260729,4.94067989266374,0.140350183883559,0.708426845582519,0.999998866570966,0.999994427475806,"ya_adult_cogact_freq"
"644","C1orf112","Inh PVALB CA8 (Chandelier)",-0.0408505062402126,4.24800101027392,0.127444682922892,0.721564492807255,0.999998866570966,0.999994427475806,"ya_adult_cogact_freq"
"645","SCYL3","Inh PVALB CA8 (Chandelier)",0.00690487168485595,4.74745386451412,0.00745645673540481,0.931295028275556,0.999998866570966,0.999994427475806,"ya_adult_cogact_freq"
"646","KIFAP3","Inh PVALB CA8 (Chandelier)",0.0737503819232885,7.79015981426877,3.86142670584221,0.0511316267713516,0.999998866570966,0.999994427475806,"ya_adult_cogact_freq"
"647","PRRX1","Inh PVALB CA8 (Chandelier)",0.0413382696947252,5.29038420104209,0.14862410068871,0.700363329808845,0.999998866570966,0.999994427475806,"ya_adult_cogact_freq"
"648","PRRC2C","Inh PVALB CA8 (Chandelier)",0.0517161409598241,7.61673348497395,1.70849240248783,0.193047559166669,0.999998866570966,0.999994427475806,"ya_adult_cogact_freq"
"649","VAMP4","Inh PVALB CA8 (Chandelier)",0.01740825424084,4.72364939860615,0.0485352184096423,0.825911508402125,0.999998866570966,0.999994427475806,"ya_adult_cogact_freq"
"650","DNM3","Inh PVALB CA8 (Chandelier)",-0.0364923441073197,8.88487637095285,1.51780752416235,0.21975047810443,0.999998866570966,0.999994427475806,"ya_adult_cogact_freq"
"651","PIGC","Inh PVALB CA8 (Chandelier)",-0.0049329783232566,4.10067809759863,0.00282624684062197,0.957668471474379,0.999998866570966,0.999994427475806,"ya_adult_cogact_freq"
"652","SUCO","Inh PVALB CA8 (Chandelier)",0.0438892859019732,5.49060782012826,0.500075182484375,0.480490882795643,0.999998866570966,0.999994427475806,"ya_adult_cogact_freq"
"653","AL645568.1","Inh PVALB CA8 (Chandelier)",-0.0429678819598253,6.37061196810054,0.704065711575485,0.402666879129127,0.999998866570966,0.999994427475806,"ya_adult_cogact_freq"
"654","PRDX6","Inh PVALB CA8 (Chandelier)",-0.0194381822525148,4.53040262110268,0.0448236541927496,0.832596788580438,0.999998866570966,0.999994427475806,"ya_adult_cogact_freq"
"655","SLC9C2","Inh PVALB CA8 (Chandelier)",0.153702387834589,4.21741761727461,1.7191872139542,0.191667378803145,0.999998866570966,0.999994427475806,"ya_adult_cogact_freq"
"656","KLHL20","Inh PVALB CA8 (Chandelier)",0.0469216927142445,5.81750539642198,0.84004758964508,0.360756004300948,0.999998866570966,0.999994427475806,"ya_adult_cogact_freq"
"657","ZBTB37","Inh PVALB CA8 (Chandelier)",0.17937078500851,4.61195780374468,5.47693893067002,0.0223630582339448,0.999998866570966,0.999994427475806,"ya_adult_cogact_freq"
"658","RC3H1","Inh PVALB CA8 (Chandelier)",0.00994474682390369,6.62884957053891,0.0730552708669874,0.894618306769574,0.999998866570966,0.999994427475806,"ya_adult_cogact_freq"
"659","RABGAP1L","Inh PVALB CA8 (Chandelier)",0.013869554421574,8.84764034527379,0.243771302697424,0.622169311059691,0.999998866570966,0.999994427475806,"ya_adult_cogact_freq"
"660","CACYBP","Inh PVALB CA8 (Chandelier)",-0.0572466607689314,4.83350588118614,0.340775837733568,0.560199872764152,0.999998866570966,0.999994427475806,"ya_adult_cogact_freq"
"661","MRPS14","Inh PVALB CA8 (Chandelier)",0.0741232987982028,4.26867789130127,0.585636068070786,0.445233588633707,0.999998866570966,0.999994427475806,"ya_adult_cogact_freq"
"662","TNR","Inh PVALB CA8 (Chandelier)",0.00069249298281551,6.56346272832055,0.000120795553490805,0.991244491283333,0.999998866570966,0.999994427475806,"ya_adult_cogact_freq"
"663","AL513329.1","Inh PVALB CA8 (Chandelier)",-0.0577790048884899,4.25116003730173,0.376166915474174,0.540528569266657,0.999998866570966,0.999994427475806,"ya_adult_cogact_freq"
"664","COP1","Inh PVALB CA8 (Chandelier)",0.0153612808693456,7.49745518664483,0.208343935992828,0.648684579879445,0.999998866570966,0.999994427475806,"ya_adult_cogact_freq"
"665","ASTN1","Inh PVALB CA8 (Chandelier)",-0.00406779815460928,8.52590615304794,0.0147673567036247,0.903430131530757,0.999998866570966,0.999994427475806,"ya_adult_cogact_freq"
"666","BRINP2","Inh PVALB CA8 (Chandelier)",0.0101073428213357,5.90167163876799,0.0200822528102966,0.887485031362561,0.999998866570966,0.999994427475806,"ya_adult_cogact_freq"
"667","SEC16B","Inh PVALB CA8 (Chandelier)",-0.0293507963197766,3.89912718063582,0.0564153189370969,0.812556534730114,0.999998866570966,0.999994427475806,"ya_adult_cogact_freq"
"668","RASAL2","Inh PVALB CA8 (Chandelier)",0.0393338376396033,9.34037087996336,1.44331065966871,0.231371242601375,0.999998866570966,0.999994427475806,"ya_adult_cogact_freq"
"669","RALGPS2","Inh PVALB CA8 (Chandelier)",-0.00223876166107163,7.96787805656146,0.00332656201602924,0.954078052913227,0.999998866570966,0.999994427475806,"ya_adult_cogact_freq"
"670","ANGPTL1","Inh PVALB CA8 (Chandelier)",-0.155266823320083,4.65882679201402,1.75030626722824,0.187716909825151,0.999998866570966,0.999994427475806,"ya_adult_cogact_freq"
"671","FAM20B","Inh PVALB CA8 (Chandelier)",0.0790274847653939,5.3575388879354,2.1958051391452,0.14034432082642,0.999998866570966,0.999994427475806,"ya_adult_cogact_freq"
"672","ABL2","Inh PVALB CA8 (Chandelier)",0.028425390762186,6.47770908475858,0.39650641938636,0.529792906491378,0.999998866570966,0.999994427475806,"ya_adult_cogact_freq"
"673","SOAT1","Inh PVALB CA8 (Chandelier)",0.0338988182472608,4.64799756463861,0.151672444677605,0.697457615339244,0.999998866570966,0.999994427475806,"ya_adult_cogact_freq"
"674","TOR1AIP2","Inh PVALB CA8 (Chandelier)",0.00475385772311202,5.86620502895438,0.00883522417375431,0.925229481182797,0.999998866570966,0.999994427475806,"ya_adult_cogact_freq"
"675","TOR1AIP1","Inh PVALB CA8 (Chandelier)",-0.0552625384707247,4.4627158643012,0.413178850807953,0.567530944622955,0.999998866570966,0.999994427475806,"ya_adult_cogact_freq"
"676","CEP350","Inh PVALB CA8 (Chandelier)",-0.00840189302990816,7.30760002760163,0.0789849039763798,0.908650901016973,0.999998866570966,0.999994427475806,"ya_adult_cogact_freq"
"677","QSOX1","Inh PVALB CA8 (Chandelier)",0.0417702509179658,4.59048103301709,0.250037044376375,0.6177327477993,0.999998866570966,0.999994427475806,"ya_adult_cogact_freq"
"678","ACBD6","Inh PVALB CA8 (Chandelier)",0.00468130010096571,7.29360037190589,0.0214399195637402,0.937075672907834,0.999998866570966,0.999994427475806,"ya_adult_cogact_freq"
"679","XPR1","Inh PVALB CA8 (Chandelier)",0.012293428693968,6.69105627877298,0.109661503480663,0.740961083409694,0.999998866570966,0.999994427475806,"ya_adult_cogact_freq"
"680","STX6","Inh PVALB CA8 (Chandelier)",0.0120905335707987,5.0359443705978,0.0289340779091351,0.865145207322996,0.999998866570966,0.999994427475806,"ya_adult_cogact_freq"
"681","CACNA1E","Inh PVALB CA8 (Chandelier)",-0.0310643763690566,4.76439092702594,0.0870702738926196,0.76831599388108,0.999998866570966,0.999994427475806,"ya_adult_cogact_freq"
"682","GLUL","Inh PVALB CA8 (Chandelier)",-0.106764692730575,5.28678835478562,1.37989773670051,0.241855581286236,0.999998866570966,0.999994427475806,"ya_adult_cogact_freq"
"683","RGS16","Inh PVALB CA8 (Chandelier)",-0.0258637193529301,4.94498620571382,0.0411140274284129,0.839574370864242,0.999998866570966,0.999994427475806,"ya_adult_cogact_freq"
"684","RGS8","Inh PVALB CA8 (Chandelier)",-0.058511491504488,4.37832339085966,0.312282400622731,0.577060540673072,0.999998866570966,0.999994427475806,"ya_adult_cogact_freq"
"685","NPL","Inh PVALB CA8 (Chandelier)",-0.0168545639533964,4.09710876192778,0.0269436195069594,0.86982309448739,0.999998866570966,0.999994427475806,"ya_adult_cogact_freq"
"686","DHX9","Inh PVALB CA8 (Chandelier)",-0.0409038074062944,6.21318584754669,0.945238093630158,0.332394908187666,0.999998866570966,0.999994427475806,"ya_adult_cogact_freq"
"687","LAMC1","Inh PVALB CA8 (Chandelier)",-0.0715323469995956,6.02010764893489,1.96816853672046,0.162570705541673,0.999998866570966,0.999994427475806,"ya_adult_cogact_freq"
"688","NMNAT2","Inh PVALB CA8 (Chandelier)",-0.0387458147110092,8.65340316769321,1.02532247410016,0.312781369992033,0.999998866570966,0.999994427475806,"ya_adult_cogact_freq"
"689","SMG7","Inh PVALB CA8 (Chandelier)",-0.0252868145688246,6.21155260369518,0.385015283802731,0.535809916077105,0.999998866570966,0.999994427475806,"ya_adult_cogact_freq"
"690","RGL1","Inh PVALB CA8 (Chandelier)",-0.0212259491348713,7.32771151140882,0.317028947519122,0.574183048700378,0.999998866570966,0.999994427475806,"ya_adult_cogact_freq"
"691","COLGALT2","Inh PVALB CA8 (Chandelier)",0.082255947393829,5.74123930663213,2.15336510125068,0.144211421053905,0.999998866570966,0.999994427475806,"ya_adult_cogact_freq"
"692","TSEN15","Inh PVALB CA8 (Chandelier)",0.0324034417719644,5.51598349449541,0.229628214788601,0.632450817394107,0.999998866570966,0.999994427475806,"ya_adult_cogact_freq"
"693","C1orf21","Inh PVALB CA8 (Chandelier)",0.0166721297245205,7.32514667533852,0.170886642629842,0.679875902773903,0.999998866570966,0.999994427475806,"ya_adult_cogact_freq"
"694","EDEM3","Inh PVALB CA8 (Chandelier)",0.0129664303019875,6.10119589435425,0.0675212424709082,0.795313119240605,0.999998866570966,0.999994427475806,"ya_adult_cogact_freq"
"695","FAM129A","Inh PVALB CA8 (Chandelier)",-0.152806673047487,4.85425574776464,1.39839887348457,0.238737820378512,0.999998866570966,0.999994427475806,"ya_adult_cogact_freq"
"696","RNF2","Inh PVALB CA8 (Chandelier)",0.0560887515185343,4.82781972272722,0.651728376832989,0.420688212563066,0.999998866570966,0.999994427475806,"ya_adult_cogact_freq"
"697","TRMT1L","Inh PVALB CA8 (Chandelier)",-0.00418851930709197,4.86245797716702,0.00328525246694512,0.987944673422332,0.999998866570966,0.999994427475806,"ya_adult_cogact_freq"
"698","SWT1","Inh PVALB CA8 (Chandelier)",-0.0265236247017362,5.48697670228706,0.176313477291596,0.675121340747304,0.999998866570966,0.999994427475806,"ya_adult_cogact_freq"
"699","IVNS1ABP","Inh PVALB CA8 (Chandelier)",-0.0372780613613255,4.65426255812058,0.204826723851395,0.651462876291016,0.999998866570966,0.999994427475806,"ya_adult_cogact_freq"
"700","TPR","Inh PVALB CA8 (Chandelier)",0.0422108053365874,6.2486836834214,0.89098262979041,0.395304777181982,0.999998866570966,0.999994427475806,"ya_adult_cogact_freq"
"701","ODR4","Inh PVALB CA8 (Chandelier)",-0.0132535107614857,5.71490970407516,0.056924113721451,0.824417129019707,0.999998866570966,0.999994427475806,"ya_adult_cogact_freq"
"702","AL596220.1","Inh PVALB CA8 (Chandelier)",0.0102885398829771,6.13052788587777,0.0515717586365546,0.853310102152173,0.999998866570966,0.999994427475806,"ya_adult_cogact_freq"
"703","BRINP3","Inh PVALB CA8 (Chandelier)",0.223437545779652,7.23318590682187,5.80278587767544,0.017131373751804,0.999998866570966,0.999994427475806,"ya_adult_cogact_freq"
"704","AL390957.1","Inh PVALB CA8 (Chandelier)",-0.118703042215383,4.65966920025499,1.04243655058763,0.308789434041954,0.999998866570966,0.999994427475806,"ya_adult_cogact_freq"
"705","UCHL5","Inh PVALB CA8 (Chandelier)",0.014234924033893,5.18941878552228,0.0554044689850549,0.814212181198806,0.999998866570966,0.999994427475806,"ya_adult_cogact_freq"
"706","TROVE2","Inh PVALB CA8 (Chandelier)",0.0433543360471466,5.61424715073058,0.59163389065805,0.442916584694339,0.999998866570966,0.999994427475806,"ya_adult_cogact_freq"
"707","CDC73","Inh PVALB CA8 (Chandelier)",-0.0224665650322226,5.96391291485659,0.178840597796072,0.672936641999252,0.999998866570966,0.999994427475806,"ya_adult_cogact_freq"
"708","B3GALT2","Inh PVALB CA8 (Chandelier)",0.115465483818906,4.29281177496613,0.841184329267354,0.360432110524097,0.999998866570966,0.999994427475806,"ya_adult_cogact_freq"
"709","KCNT2","Inh PVALB CA8 (Chandelier)",0.0494398959956098,4.75850898238649,0.123804063647701,0.725405520985947,0.999998866570966,0.999994427475806,"ya_adult_cogact_freq"
"710","ZBTB41","Inh PVALB CA8 (Chandelier)",0.0257769479229014,5.05549538289411,0.126906147117382,0.722128742585163,0.999998866570966,0.999994427475806,"ya_adult_cogact_freq"
"711","CRB1","Inh PVALB CA8 (Chandelier)",0.115270140774195,6.68531833315474,3.38378675960477,0.0676850352287679,0.999998866570966,0.999994427475806,"ya_adult_cogact_freq"
"712","DENND1B","Inh PVALB CA8 (Chandelier)",-0.0648242716778585,6.91227284838714,2.92664637635294,0.11805270752054,0.999998866570966,0.999994427475806,"ya_adult_cogact_freq"
"713","MIR181A1HG","Inh PVALB CA8 (Chandelier)",0.0686835051402383,7.57995458243895,1.28666460336777,0.25835205823513,0.999998866570966,0.999994427475806,"ya_adult_cogact_freq"
"714","LINC00862","Inh PVALB CA8 (Chandelier)",0.183682343154809,4.88299822084189,3.51360301645369,0.0626811208260261,0.999998866570966,0.999994427475806,"ya_adult_cogact_freq"
"715","ZNF281","Inh PVALB CA8 (Chandelier)",-0.00427668882171992,4.73611435816816,0.00276532688875036,0.958126758774205,0.999998866570966,0.999994427475806,"ya_adult_cogact_freq"
"716","DDX59","Inh PVALB CA8 (Chandelier)",0.148272450562596,4.22706271878333,2.24016553874871,0.136427258653514,0.999998866570966,0.999994427475806,"ya_adult_cogact_freq"
"717","CAMSAP2","Inh PVALB CA8 (Chandelier)",0.0593099956960708,8.05150315051164,5.20753713077669,0.0238006477242991,0.999998866570966,0.999994427475806,"ya_adult_cogact_freq"
"718","KIF21B","Inh PVALB CA8 (Chandelier)",0.0436054231628282,4.98932349229206,0.443007615457461,0.506628196403227,0.999998866570966,0.999994427475806,"ya_adult_cogact_freq"
"719","TMEM9","Inh PVALB CA8 (Chandelier)",-0.0741744509391517,5.07710154070851,1.39195321250197,0.239818409197299,0.999998866570966,0.999994427475806,"ya_adult_cogact_freq"
"720","NAV1","Inh PVALB CA8 (Chandelier)",-0.00973230822407446,7.89878257224957,0.080290357180589,0.777268869602135,0.999998866570966,0.999994427475806,"ya_adult_cogact_freq"
"721","IPO9-AS1","Inh PVALB CA8 (Chandelier)",-0.291971119156015,4.48999508284266,6.53814915262793,0.0114838595798006,0.999998866570966,0.999994427475806,"ya_adult_cogact_freq"
"722","IPO9","Inh PVALB CA8 (Chandelier)",-0.0701836199570766,6.63758610467169,2.85559886412271,0.092994550679107,0.999998866570966,0.999994427475806,"ya_adult_cogact_freq"
"723","TIMM17A","Inh PVALB CA8 (Chandelier)",-0.0432352935122812,4.39116101495852,0.209443281041959,0.647822011770624,0.999998866570966,0.999994427475806,"ya_adult_cogact_freq"
"724","RNPEP","Inh PVALB CA8 (Chandelier)",-0.099013927540138,4.37382440024871,1.51082250475919,0.22080965596366,0.999998866570966,0.999994427475806,"ya_adult_cogact_freq"
"725","ARL8A","Inh PVALB CA8 (Chandelier)",0.119589905245536,5.28510586464021,2.69697885044508,0.102493234905003,0.999998866570966,0.999994427475806,"ya_adult_cogact_freq"
"726","PPP1R12B","Inh PVALB CA8 (Chandelier)",0.00854839240697641,7.64764369216855,0.0823855145758721,0.77445990263482,0.999998866570966,0.999994427475806,"ya_adult_cogact_freq"
"727","SYT2","Inh PVALB CA8 (Chandelier)",-0.0660482261833135,4.8688212831796,0.516693912890932,0.473298854735844,0.999998866570966,0.999994427475806,"ya_adult_cogact_freq"
"728","KDM5B","Inh PVALB CA8 (Chandelier)",-0.0765733339751588,6.1254521779423,2.92805201818392,0.0889811553931657,0.999998866570966,0.999994427475806,"ya_adult_cogact_freq"
"729","KLHL12","Inh PVALB CA8 (Chandelier)",0.00577777279755926,4.91805162382997,0.00687853206338374,0.934004876292313,0.999998866570966,0.999994427475806,"ya_adult_cogact_freq"
"730","ADIPOR1","Inh PVALB CA8 (Chandelier)",-0.00156195517359894,4.37611340056052,0.000366966223642019,0.9847401231651,0.999998866570966,0.999994427475806,"ya_adult_cogact_freq"
"731","CYB5R1","Inh PVALB CA8 (Chandelier)",-0.0947283814163109,4.14480152633695,0.915101282290157,0.340200821096041,0.999998866570966,0.999994427475806,"ya_adult_cogact_freq"
"732","TMEM183A","Inh PVALB CA8 (Chandelier)",-0.0812310025486867,3.95801341612566,0.554899245675367,0.457410335758756,0.999998866570966,0.999994427475806,"ya_adult_cogact_freq"
"733","PPFIA4","Inh PVALB CA8 (Chandelier)",0.0337834572589588,6.68940170416883,0.666630674447153,0.423166213514504,0.999998866570966,0.999994427475806,"ya_adult_cogact_freq"
"734","PLEKHA6","Inh PVALB CA8 (Chandelier)",0.0702419061950572,6.58545736117805,2.18197811623494,0.141591163862369,0.999998866570966,0.999994427475806,"ya_adult_cogact_freq"
"735","PIK3C2B","Inh PVALB CA8 (Chandelier)",0.0521683561093921,5.72135480830587,0.976910299377909,0.324448043951735,0.999998866570966,0.999994427475806,"ya_adult_cogact_freq"
"736","MDM4","Inh PVALB CA8 (Chandelier)",0.0882913952768886,6.08107519477606,3.3015715155686,0.0710759501525695,0.999998866570966,0.999994427475806,"ya_adult_cogact_freq"
"737","LRRN2","Inh PVALB CA8 (Chandelier)",0.00822910495071328,6.31024032508999,0.0206760671455502,0.885845002800506,0.999998866570966,0.999994427475806,"ya_adult_cogact_freq"
"738","NFASC","Inh PVALB CA8 (Chandelier)",0.0201967781858917,8.11767114930917,0.438869206337014,0.508617351000965,0.999998866570966,0.999994427475806,"ya_adult_cogact_freq"
"739","CNTN2","Inh PVALB CA8 (Chandelier)",0.0543965740716081,5.14473579782199,0.689369699191114,0.407610135831196,0.999998866570966,0.999994427475806,"ya_adult_cogact_freq"
"740","RBBP5","Inh PVALB CA8 (Chandelier)",-0.148196664923415,4.46070071528697,2.97566344335712,0.0864472310502644,0.999998866570966,0.999994427475806,"ya_adult_cogact_freq"
"741","DSTYK","Inh PVALB CA8 (Chandelier)",-0.0333401729240238,5.93378195359894,0.376231346713348,0.540493933916118,0.999998866570966,0.999994427475806,"ya_adult_cogact_freq"
"742","TMCC2","Inh PVALB CA8 (Chandelier)",-0.0887544797483545,4.58228066074567,1.06027491423453,0.304699165751404,0.999998866570966,0.999994427475806,"ya_adult_cogact_freq"
"743","KLHDC8A","Inh PVALB CA8 (Chandelier)",-0.12507025769622,4.93309238194622,2.80290481543596,0.0960380786962524,0.999998866570966,0.999994427475806,"ya_adult_cogact_freq"
"744","NUCKS1","Inh PVALB CA8 (Chandelier)",0.00636781830413084,7.46320086619302,0.0247572172940167,0.875170979135905,0.999998866570966,0.999994427475806,"ya_adult_cogact_freq"
"745","SLC41A1","Inh PVALB CA8 (Chandelier)",0.15695898313369,4.29286525397525,3.29175487059251,0.0714929473580081,0.999998866570966,0.999994427475806,"ya_adult_cogact_freq"
"746","SRGAP2","Inh PVALB CA8 (Chandelier)",-0.00757800323331866,7.05750602717493,0.0505775788471915,0.921002253779763,0.999998866570966,0.999994427475806,"ya_adult_cogact_freq"
"747","RASSF5","Inh PVALB CA8 (Chandelier)",0.0837935437233137,3.99458343872305,0.519683287328555,0.472023794549773,0.999998866570966,0.999994427475806,"ya_adult_cogact_freq"
"748","EIF2D","Inh PVALB CA8 (Chandelier)",-0.136067107341718,4.49498086112557,2.88804146534853,0.136572087455446,0.999998866570966,0.999994427475806,"ya_adult_cogact_freq"
"749","MAPKAPK2","Inh PVALB CA8 (Chandelier)",0.0810360250267766,4.48726453935469,0.712161480292212,0.399981147399079,0.999998866570966,0.999994427475806,"ya_adult_cogact_freq"
"750","PFKFB2","Inh PVALB CA8 (Chandelier)",-0.181906338001005,3.96034999305332,3.49904025986911,0.0632220808766674,0.999998866570966,0.999994427475806,"ya_adult_cogact_freq"
"751","CD55","Inh PVALB CA8 (Chandelier)",0.0785971832875636,4.46619836595736,0.876778407136549,0.350490035767885,0.999998866570966,0.999994427475806,"ya_adult_cogact_freq"
"752","CD46","Inh PVALB CA8 (Chandelier)",-0.0747534191754164,5.82932164252848,2.61665861555388,0.107707305991404,0.999998866570966,0.999994427475806,"ya_adult_cogact_freq"
"753","MIR29B2CHG","Inh PVALB CA8 (Chandelier)",-0.0189031638677402,7.62863451666154,0.18493770496456,0.667739644797674,0.999998866570966,0.999994427475806,"ya_adult_cogact_freq"
"754","PLXNA2","Inh PVALB CA8 (Chandelier)",0.0634049082308891,6.19410389382715,1.1501734157104,0.285120097336756,0.999998866570966,0.999994427475806,"ya_adult_cogact_freq"
"755","CAMK1G","Inh PVALB CA8 (Chandelier)",-0.105700830767309,3.78060550356978,0.551522574980178,0.458779989673499,0.999998866570966,0.999994427475806,"ya_adult_cogact_freq"
"756","UTP25","Inh PVALB CA8 (Chandelier)",-0.0230636941513195,4.04960956068295,0.0458303222221657,0.830755817349651,0.999998866570966,0.999994427475806,"ya_adult_cogact_freq"
"757","SYT14","Inh PVALB CA8 (Chandelier)",0.00263626192641872,8.92771791257262,0.00619198744428738,0.937377708476858,0.999998866570966,0.999994427475806,"ya_adult_cogact_freq"
"758","HHAT","Inh PVALB CA8 (Chandelier)",0.185231065554463,4.67109688612551,4.13652703104778,0.0436112434213941,0.999998866570966,0.999994427475806,"ya_adult_cogact_freq"
"759","KCNH1","Inh PVALB CA8 (Chandelier)",-0.0488208725712192,8.24039477650944,1.43267242375917,0.233090840083479,0.999998866570966,0.999994427475806,"ya_adult_cogact_freq"
"760","RCOR3","Inh PVALB CA8 (Chandelier)",-0.0265219684064568,6.8385341080203,0.373940587874632,0.541727860367253,0.999998866570966,0.999994427475806,"ya_adult_cogact_freq"
"761","TRAF5","Inh PVALB CA8 (Chandelier)",0.0456145813897626,5.04004377513808,0.423049934294087,0.516347535513476,0.999998866570966,0.999994427475806,"ya_adult_cogact_freq"
"762","LPGAT1","Inh PVALB CA8 (Chandelier)",0.00630026265912966,7.0722493737205,0.0367256414958516,0.958941115210356,0.999998866570966,0.999994427475806,"ya_adult_cogact_freq"
"763","INTS7","Inh PVALB CA8 (Chandelier)",-0.0200234320162866,5.54580816172621,0.0976405210941511,0.755084631129105,0.999998866570966,0.999994427475806,"ya_adult_cogact_freq"
"764","PPP2R5A","Inh PVALB CA8 (Chandelier)",0.00141711135093075,5.10243277673504,0.00029607457556047,0.986292959288155,0.999998866570966,0.999994427475806,"ya_adult_cogact_freq"
"765","NENF","Inh PVALB CA8 (Chandelier)",0.0301568843822879,4.70793923559517,0.15965978163268,0.755840769057089,0.999998866570966,0.999994427475806,"ya_adult_cogact_freq"
"766","NSL1","Inh PVALB CA8 (Chandelier)",0.0751980930762154,6.17271844492594,2.5529773326472,0.112050276046456,0.999998866570966,0.999994427475806,"ya_adult_cogact_freq"
"767","TATDN3","Inh PVALB CA8 (Chandelier)",-0.0348066722793431,5.6830293722379,0.327773156503797,0.567773073259307,0.999998866570966,0.999994427475806,"ya_adult_cogact_freq"
"768","FLVCR1","Inh PVALB CA8 (Chandelier)",-0.0354779696249877,5.5633239638549,0.434255934606324,0.61929069457875,0.999998866570966,0.999994427475806,"ya_adult_cogact_freq"
"769","ANGEL2","Inh PVALB CA8 (Chandelier)",0.0218992284466976,4.96303240056475,0.122901737076617,0.726367316051836,0.999998866570966,0.999994427475806,"ya_adult_cogact_freq"
"770","RPS6KC1","Inh PVALB CA8 (Chandelier)",-0.0104625386843609,7.25016732136058,0.099069614310535,0.833236881935524,0.999998866570966,0.999994427475806,"ya_adult_cogact_freq"
"771","SMYD2","Inh PVALB CA8 (Chandelier)",0.0462260564333624,5.36768269561847,0.413639157241082,0.521044460650003,0.999998866570966,0.999994427475806,"ya_adult_cogact_freq"
"772","KCTD3","Inh PVALB CA8 (Chandelier)",0.0987485866347641,6.32433442370216,4.31281566275713,0.0394172622116485,0.999998866570966,0.999994427475806,"ya_adult_cogact_freq"
"773","ESRRG","Inh PVALB CA8 (Chandelier)",0.0336933503325404,7.84882547472775,0.306183668949403,0.580800233704492,0.999998866570966,0.999994427475806,"ya_adult_cogact_freq"
"774","GPATCH2","Inh PVALB CA8 (Chandelier)",0.00856820138970232,5.753813683398,0.0147970561256569,0.90333355237575,0.999998866570966,0.999994427475806,"ya_adult_cogact_freq"
"775","RRP15","Inh PVALB CA8 (Chandelier)",0.0444689574622496,4.73778535589055,0.329273262479475,0.655072637539771,0.999998866570966,0.999994427475806,"ya_adult_cogact_freq"
"776","TGFB2","Inh PVALB CA8 (Chandelier)",0.0154762871689083,5.38666393723977,0.0445730960793115,0.833058353303349,0.999998866570966,0.999994427475806,"ya_adult_cogact_freq"
"777","LYPLAL1","Inh PVALB CA8 (Chandelier)",-0.00187284503124227,5.62995108359965,0.00112761628785484,0.97325372794702,0.999998866570966,0.999994427475806,"ya_adult_cogact_freq"
"778","EPRS","Inh PVALB CA8 (Chandelier)",-0.00307959789461137,6.1999465274126,0.00448024424275643,0.990058746132943,0.999998866570966,0.999994427475806,"ya_adult_cogact_freq"
"779","IARS2","Inh PVALB CA8 (Chandelier)",0.0448411116347619,4.73412546448052,0.348258624710836,0.555929114494388,0.999998866570966,0.999994427475806,"ya_adult_cogact_freq"
"780","RAB3GAP2","Inh PVALB CA8 (Chandelier)",0.000747846481964366,6.83546278351079,0.000409623184118139,0.98387769473614,0.999998866570966,0.999994427475806,"ya_adult_cogact_freq"
"781","MARK1","Inh PVALB CA8 (Chandelier)",0.0685636742568165,7.27689900207075,4.36405761666256,0.0382800588290615,0.999998866570966,0.999994427475806,"ya_adult_cogact_freq"
"782","MARC2","Inh PVALB CA8 (Chandelier)",0.0313598833641536,4.13076813460709,0.0900160164954409,0.764544383514497,0.999998866570966,0.999994427475806,"ya_adult_cogact_freq"
"783","MARC1","Inh PVALB CA8 (Chandelier)",0.0651687071498778,4.35371869911477,0.579645377157465,0.447566711950079,0.999998866570966,0.999994427475806,"ya_adult_cogact_freq"
"784","HLX-AS1","Inh PVALB CA8 (Chandelier)",0.27922129445147,3.63331211918077,2.4490333439263,0.119563564436594,0.999998866570966,0.999994427475806,"ya_adult_cogact_freq"
"785","DUSP10","Inh PVALB CA8 (Chandelier)",-0.0648332746971657,6.15394396078893,1.44326042378449,0.231379326574234,0.999998866570966,0.999994427475806,"ya_adult_cogact_freq"
"786","AL356108.1","Inh PVALB CA8 (Chandelier)",0.255421678262899,3.94475115096957,3.16156223390683,0.0772812694172594,0.999998866570966,0.999994427475806,"ya_adult_cogact_freq"
"787","MIA3","Inh PVALB CA8 (Chandelier)",0.00271044169455561,6.06527361984209,0.00193324536990462,0.964983929079998,0.999998866570966,0.999994427475806,"ya_adult_cogact_freq"
"788","AIDA","Inh PVALB CA8 (Chandelier)",0.120413491087093,4.01087903100368,1.07008708131514,0.302479343876828,0.999998866570966,0.999994427475806,"ya_adult_cogact_freq"
"789","BROX","Inh PVALB CA8 (Chandelier)",0.0694500663822105,4.36847401807886,0.628403000690145,0.429109993789235,0.999998866570966,0.999994427475806,"ya_adult_cogact_freq"
"790","AC093152.1","Inh PVALB CA8 (Chandelier)",0.166179106281877,4.1122030233102,2.37109052123002,0.125566662277482,0.999998866570966,0.999994427475806,"ya_adult_cogact_freq"
"791","SUSD4","Inh PVALB CA8 (Chandelier)",-0.0546163769539894,8.35416128637134,1.21298771864379,0.272387430984929,0.999998866570966,0.999994427475806,"ya_adult_cogact_freq"
"792","CAPN2","Inh PVALB CA8 (Chandelier)",0.0641068419933576,5.59372431003591,1.40888656895642,0.302854522622603,0.999998866570966,0.999994427475806,"ya_adult_cogact_freq"
"793","FBXO28","Inh PVALB CA8 (Chandelier)",-0.0131664961155691,6.01139538278724,0.0789534085786306,0.877814282120339,0.999998866570966,0.999994427475806,"ya_adult_cogact_freq"
"794","DEGS1","Inh PVALB CA8 (Chandelier)",-0.104381508251775,4.5228495428771,1.64461292483466,0.201539779513677,0.999998866570966,0.999994427475806,"ya_adult_cogact_freq"
"795","NVL","Inh PVALB CA8 (Chandelier)",0.0735919646291058,5.61160083706572,1.49959055689666,0.222525743259973,0.999998866570966,0.999994427475806,"ya_adult_cogact_freq"
"796","CNIH4","Inh PVALB CA8 (Chandelier)",-0.107186718232879,4.36963843556873,1.33893647128418,0.248938002780995,0.999998866570966,0.999994427475806,"ya_adult_cogact_freq"
"797","WDR26","Inh PVALB CA8 (Chandelier)",0.00871607061001374,6.08101813355136,0.0357934533832594,0.989319272522272,0.999998866570966,0.999994427475806,"ya_adult_cogact_freq"
"798","CNIH3","Inh PVALB CA8 (Chandelier)",-0.00757579835926919,5.81944686274546,0.0144350310743185,0.904517611531136,0.999998866570966,0.999994427475806,"ya_adult_cogact_freq"
"799","DNAH14","Inh PVALB CA8 (Chandelier)",-0.0911467576764216,3.65068655988478,0.422249345763637,0.516744203349662,0.999998866570966,0.999994427475806,"ya_adult_cogact_freq"
"800","LBR","Inh PVALB CA8 (Chandelier)",0.119557558862786,4.47131535026306,2.0798021656246,0.151204824421385,0.999998866570966,0.999994427475806,"ya_adult_cogact_freq"
"801","ENAH","Inh PVALB CA8 (Chandelier)",-0.00738201430664278,7.82049267734279,0.0396651839133345,0.842388314527148,0.999998866570966,0.999994427475806,"ya_adult_cogact_freq"
"802","SRP9","Inh PVALB CA8 (Chandelier)",-0.0527106808917756,5.28966509036763,0.48787082404507,0.485887767699863,0.999998866570966,0.999994427475806,"ya_adult_cogact_freq"
"803","AL117348.2","Inh PVALB CA8 (Chandelier)",-0.0327553034582557,4.08119008761822,0.0937199704400215,0.759896294600669,0.999998866570966,0.999994427475806,"ya_adult_cogact_freq"
"804","ACBD3","Inh PVALB CA8 (Chandelier)",0.0304566265092346,5.3794507275743,0.295841836516058,0.587254551312,0.999998866570966,0.999994427475806,"ya_adult_cogact_freq"
"805","LIN9","Inh PVALB CA8 (Chandelier)",0.341737392748167,3.84081591636162,7.99122820242924,0.00529788632774364,0.999998866570966,0.999994427475806,"ya_adult_cogact_freq"
"806","PARP1","Inh PVALB CA8 (Chandelier)",0.0357290340020942,5.69874541782284,0.414572295982642,0.520575365993493,0.999998866570966,0.999994427475806,"ya_adult_cogact_freq"
"807","STUM","Inh PVALB CA8 (Chandelier)",0.0955911380531769,4.76822748911765,0.784817758770736,0.37699494370557,0.999998866570966,0.999994427475806,"ya_adult_cogact_freq"
"808","ITPKB","Inh PVALB CA8 (Chandelier)",-0.0682479680942674,4.23561797258349,0.375062191852442,0.541123055791978,0.999998866570966,0.999994427475806,"ya_adult_cogact_freq"
"809","COQ8A","Inh PVALB CA8 (Chandelier)",-0.0391435072140703,5.6513859008913,0.46625103020815,0.495699727977762,0.999998866570966,0.999994427475806,"ya_adult_cogact_freq"
"810","CDC42BPA","Inh PVALB CA8 (Chandelier)",0.0282773880809488,9.09979760342717,0.993119435759141,0.32047874858551,0.999998866570966,0.999994427475806,"ya_adult_cogact_freq"
"811","ZNF678","Inh PVALB CA8 (Chandelier)",0.0945658290619616,5.09395768736047,1.97512757627093,0.161834177698204,0.999998866570966,0.999994427475806,"ya_adult_cogact_freq"
"812","SNAP47","Inh PVALB CA8 (Chandelier)",-0.0639482183303783,4.88806199310294,0.803434351567304,0.37140875731966,0.999998866570966,0.999994427475806,"ya_adult_cogact_freq"
"813","ARF1","Inh PVALB CA8 (Chandelier)",0.048433307717519,6.22387008147106,0.658056134631825,0.418446398020141,0.999998866570966,0.999994427475806,"ya_adult_cogact_freq"
"814","C1orf35","Inh PVALB CA8 (Chandelier)",0.0243854292738844,4.42848014675412,0.0775219911107352,0.854492325156525,0.999998866570966,0.999994427475806,"ya_adult_cogact_freq"
"815","MRPL55","Inh PVALB CA8 (Chandelier)",-0.113420790016643,3.73122207368029,0.739830861570185,0.390995937858141,0.999998866570966,0.999994427475806,"ya_adult_cogact_freq"
"816","GUK1","Inh PVALB CA8 (Chandelier)",-0.00426101079024026,4.99682864638313,0.00237046544725632,0.961228830259345,0.999998866570966,0.999994427475806,"ya_adult_cogact_freq"
"817","RNF187","Inh PVALB CA8 (Chandelier)",-0.117325331447054,5.05832551362699,1.27307407288434,0.260871767514029,0.999998866570966,0.999994427475806,"ya_adult_cogact_freq"
"818","RAB4A","Inh PVALB CA8 (Chandelier)",0.0184983733225562,5.20756298950443,0.0966457856322963,0.756295281014094,0.999998866570966,0.999994427475806,"ya_adult_cogact_freq"
"819","CCSAP","Inh PVALB CA8 (Chandelier)",-0.0986450748776384,5.86982549357966,3.6158809487313,0.059019213556876,0.999998866570966,0.999994427475806,"ya_adult_cogact_freq"
"820","NUP133","Inh PVALB CA8 (Chandelier)",-0.0244266094364229,5.60215266721674,0.178548544648535,0.673188188482731,0.999998866570966,0.999994427475806,"ya_adult_cogact_freq"
"821","ABCB10","Inh PVALB CA8 (Chandelier)",0.0289476315531007,5.62325985208891,0.255845867256885,0.613681417910482,0.999998866570966,0.999994427475806,"ya_adult_cogact_freq"
"822","TAF5L","Inh PVALB CA8 (Chandelier)",0.107686403136925,4.612496722252,1.83066661723018,0.177948474374029,0.999998866570966,0.999994427475806,"ya_adult_cogact_freq"
"823","GALNT2","Inh PVALB CA8 (Chandelier)",0.0253067196881466,7.23800138345134,0.504076804287061,0.478742825674376,0.999998866570966,0.999994427475806,"ya_adult_cogact_freq"
"824","PGBD5","Inh PVALB CA8 (Chandelier)",0.0529589497499214,6.65260611574503,1.40581919451904,0.237501196081942,0.999998866570966,0.999994427475806,"ya_adult_cogact_freq"
"825","COG2","Inh PVALB CA8 (Chandelier)",0.049506892952861,4.5518618787695,0.380667622991164,0.538118961858533,0.999998866570966,0.999994427475806,"ya_adult_cogact_freq"
"826","TTC13","Inh PVALB CA8 (Chandelier)",0.0128921573232956,6.00158119758399,0.0731034683155888,0.964569511253067,0.999998866570966,0.999994427475806,"ya_adult_cogact_freq"
"827","ARV1","Inh PVALB CA8 (Chandelier)",-0.118964530998238,4.68755778351553,2.70795940274826,0.10843766723326,0.999998866570966,0.999994427475806,"ya_adult_cogact_freq"
"828","TRIM67","Inh PVALB CA8 (Chandelier)",0.0214482103476183,3.72307234787931,0.020003963259175,0.88770309190438,0.999998866570966,0.999994427475806,"ya_adult_cogact_freq"
"829","C1orf131","Inh PVALB CA8 (Chandelier)",0.14489197505538,4.18922639235771,1.6708464231615,0.197999899673215,0.999998866570966,0.999994427475806,"ya_adult_cogact_freq"
"830","GNPAT","Inh PVALB CA8 (Chandelier)",0.0532764156407993,4.88825349354657,0.568244933646212,0.452059818846619,0.999998866570966,0.999994427475806,"ya_adult_cogact_freq"
"831","EGLN1","Inh PVALB CA8 (Chandelier)",0.0128265245692248,5.9574964486839,0.0770520462762345,0.781689501278909,0.999998866570966,0.999994427475806,"ya_adult_cogact_freq"
"832","SIPA1L2","Inh PVALB CA8 (Chandelier)",-0.0148503527488542,6.71531850303599,0.099631508372117,0.752681673049405,0.999998866570966,0.999994427475806,"ya_adult_cogact_freq"
"833","NTPCR","Inh PVALB CA8 (Chandelier)",-0.0517775565616942,5.44376033588053,0.647213050116318,0.422298943478488,0.999998866570966,0.999994427475806,"ya_adult_cogact_freq"
"834","PCNX2","Inh PVALB CA8 (Chandelier)",0.0166514692723864,8.22219292427015,0.302556681563331,0.583047428426735,0.999998866570966,0.999994427475806,"ya_adult_cogact_freq"
"835","MAP3K21","Inh PVALB CA8 (Chandelier)",0.0199406542491821,5.41236904749057,0.111997485463213,0.738317607521594,0.999998866570966,0.999994427475806,"ya_adult_cogact_freq"
"836","KCNK1","Inh PVALB CA8 (Chandelier)",0.148437028711467,3.94135353144444,1.34835787987994,0.24728662852344,0.999998866570966,0.999994427475806,"ya_adult_cogact_freq"
"837","SLC35F3","Inh PVALB CA8 (Chandelier)",0.0565738288712098,7.53361436464437,1.38924733292181,0.24027382219157,0.999998866570966,0.999994427475806,"ya_adult_cogact_freq"
"838","AL355472.3","Inh PVALB CA8 (Chandelier)",0.0985846263496456,4.91458154324451,1.60299313128846,0.207311118235209,0.999998866570966,0.999994427475806,"ya_adult_cogact_freq"
"839","COA6","Inh PVALB CA8 (Chandelier)",-0.188929877715145,3.98361356058557,2.90222421337326,0.0903896430618293,0.999998866570966,0.999994427475806,"ya_adult_cogact_freq"
"840","TARBP1","Inh PVALB CA8 (Chandelier)",0.0121007046277761,6.64926259513268,0.0361866464915661,0.849370555332512,0.999998866570966,0.999994427475806,"ya_adult_cogact_freq"
"841","IRF2BP2","Inh PVALB CA8 (Chandelier)",-0.0160758418171273,5.3311439765062,0.0372179569935821,0.847265468449645,0.999998866570966,0.999994427475806,"ya_adult_cogact_freq"
"842","TOMM20","Inh PVALB CA8 (Chandelier)",-0.0145181236014754,5.88637070722648,0.0517642150744243,0.820310446243497,0.999998866570966,0.999994427475806,"ya_adult_cogact_freq"
"843","ARID4B","Inh PVALB CA8 (Chandelier)",0.0289246184568363,7.7576540247883,1.03068315307652,0.311523728940146,0.999998866570966,0.999994427475806,"ya_adult_cogact_freq"
"844","TBCE","Inh PVALB CA8 (Chandelier)",0.0589111698483518,4.95459578958678,0.433894986213196,0.511026198029284,0.999998866570966,0.999994427475806,"ya_adult_cogact_freq"
"845","B3GALNT2","Inh PVALB CA8 (Chandelier)",0.0394741940282978,6.23001119930988,0.495517505949217,0.482494683560001,0.999998866570966,0.999994427475806,"ya_adult_cogact_freq"
"846","GNG4","Inh PVALB CA8 (Chandelier)",-0.0658018912229823,7.31978933128237,1.94596190459786,0.164946933514629,0.999998866570966,0.999994427475806,"ya_adult_cogact_freq"
"847","LYST","Inh PVALB CA8 (Chandelier)",0.00206165711231034,7.16834141165145,0.0026848727252806,0.958739826506356,0.999998866570966,0.999994427475806,"ya_adult_cogact_freq"
"848","GPR137B","Inh PVALB CA8 (Chandelier)",-0.0782257371340054,5.26514709607305,1.36590849608481,0.2442461960626,0.999998866570966,0.999994427475806,"ya_adult_cogact_freq"
"849","ERO1B","Inh PVALB CA8 (Chandelier)",0.043306752422125,6.12563324720606,0.649367607839915,0.421529205279525,0.999998866570966,0.999994427475806,"ya_adult_cogact_freq"
"850","LGALS8","Inh PVALB CA8 (Chandelier)",-0.0399943037382838,6.06833094273343,0.80756819306286,0.377020460309448,0.999998866570966,0.999994427475806,"ya_adult_cogact_freq"
"851","HEATR1","Inh PVALB CA8 (Chandelier)",0.0245423710083385,4.97237143818798,0.135299274095443,0.713483453289655,0.999998866570966,0.999994427475806,"ya_adult_cogact_freq"
"852","ACTN2","Inh PVALB CA8 (Chandelier)",0.0454196457554942,4.14004396518664,0.153683449231285,0.695559081960996,0.999998866570966,0.999994427475806,"ya_adult_cogact_freq"
"853","MTR","Inh PVALB CA8 (Chandelier)",0.0616847364357295,6.75326646959024,1.96057980311804,0.163378278910213,0.999998866570966,0.999994427475806,"ya_adult_cogact_freq"
"854","RYR2","Inh PVALB CA8 (Chandelier)",0.0550992934896132,8.54446341559133,1.87273379857806,0.173071662172622,0.999998866570966,0.999994427475806,"ya_adult_cogact_freq"
"855","CHRM3","Inh PVALB CA8 (Chandelier)",0.0139245089230951,8.50368519813395,0.0419264389364605,0.83801906676488,0.999998866570966,0.999994427475806,"ya_adult_cogact_freq"
"856","FMN2","Inh PVALB CA8 (Chandelier)",-0.00119413621400539,8.96324521220294,0.00199325274202753,0.96444499536142,0.999998866570966,0.999994427475806,"ya_adult_cogact_freq"
"857","GREM2","Inh PVALB CA8 (Chandelier)",0.1140750030512,3.97622609203495,0.709365698353121,0.400905670293446,0.999998866570966,0.999994427475806,"ya_adult_cogact_freq"
"858","RGS7","Inh PVALB CA8 (Chandelier)",-0.000479416201919047,9.96499503522743,0.000223509216570996,0.9880904281705,0.999998866570966,0.999994427475806,"ya_adult_cogact_freq"
"859","FH","Inh PVALB CA8 (Chandelier)",-0.0064976368921086,4.52136178352985,0.00562160874158557,0.940325919147138,0.999998866570966,0.999994427475806,"ya_adult_cogact_freq"
"860","PLD5","Inh PVALB CA8 (Chandelier)",0.0237762905337649,9.6519772240799,0.516809607699157,0.47324940323523,0.999998866570966,0.999994427475806,"ya_adult_cogact_freq"
"861","AL591686.2","Inh PVALB CA8 (Chandelier)",-0.131565423906707,4.0689098980147,1.08921366314331,0.298212304019482,0.999998866570966,0.999994427475806,"ya_adult_cogact_freq"
"862","CEP170","Inh PVALB CA8 (Chandelier)",-0.035209507878871,7.13935587711626,0.983605743398619,0.322800598204609,0.999998866570966,0.999994427475806,"ya_adult_cogact_freq"
"863","SDCCAG8","Inh PVALB CA8 (Chandelier)",0.0190019736797982,7.45790960866753,0.242928902791582,0.622771185846036,0.999998866570966,0.999994427475806,"ya_adult_cogact_freq"
"864","AKT3","Inh PVALB CA8 (Chandelier)",0.00562165235527251,9.09682021442427,0.0427913709777017,0.836380379629136,0.999998866570966,0.999994427475806,"ya_adult_cogact_freq"
"865","ZBTB18","Inh PVALB CA8 (Chandelier)",0.134717002341966,4.62680104104732,2.8105644980051,0.0955889493167635,0.999998866570966,0.999994427475806,"ya_adult_cogact_freq"
"866","AL645465.1","Inh PVALB CA8 (Chandelier)",0.143782514690305,4.19717428458851,1.85200974496298,0.175454510832455,0.999998866570966,0.999994427475806,"ya_adult_cogact_freq"
"867","ADSS","Inh PVALB CA8 (Chandelier)",0.0859795166454417,4.97999288080978,1.82641291034673,0.178450439067713,0.999998866570966,0.999994427475806,"ya_adult_cogact_freq"
"868","CATSPERE","Inh PVALB CA8 (Chandelier)",-0.143162264710569,4.21597145990495,1.53209290379411,0.21760327137165,0.999998866570966,0.999994427475806,"ya_adult_cogact_freq"
"869","DESI2","Inh PVALB CA8 (Chandelier)",0.0213734630582371,5.59298073056591,0.164612903131017,0.716861542296119,0.999998866570966,0.999994427475806,"ya_adult_cogact_freq"
"870","COX20","Inh PVALB CA8 (Chandelier)",0.000324142701722624,4.95215494069518,1.69164814697719e-05,0.996723437208836,0.999998866570966,0.999994427475806,"ya_adult_cogact_freq"
"871","HNRNPU","Inh PVALB CA8 (Chandelier)",0.0289585542024896,7.55860048706293,0.647057548289075,0.42235457984412,0.999998866570966,0.999994427475806,"ya_adult_cogact_freq"
"872","EFCAB2","Inh PVALB CA8 (Chandelier)",0.0974541656656438,7.18142708236505,2.92882492237945,0.0889393778960719,0.999998866570966,0.999994427475806,"ya_adult_cogact_freq"
"873","KIF26B","Inh PVALB CA8 (Chandelier)",-0.0361421851704805,7.57501853145134,0.359183212887971,0.549803867849612,0.999998866570966,0.999994427475806,"ya_adult_cogact_freq"
"874","SMYD3","Inh PVALB CA8 (Chandelier)",-0.0286285169306529,9.43540365310196,0.488734216793553,0.48550267322298,0.999998866570966,0.999994427475806,"ya_adult_cogact_freq"
"875","CNST","Inh PVALB CA8 (Chandelier)",0.0020378054314294,6.85721650070468,0.002871464706164,0.995512273545141,0.999998866570966,0.999994427475806,"ya_adult_cogact_freq"
"876","SCCPDH","Inh PVALB CA8 (Chandelier)",-0.027887361040623,4.82955505877435,0.136300958749965,0.869300474385034,0.999998866570966,0.999994427475806,"ya_adult_cogact_freq"
"877","AHCTF1","Inh PVALB CA8 (Chandelier)",-0.0034520045036749,6.46969576949625,0.00809263124475827,0.928431732323118,0.999998866570966,0.999994427475806,"ya_adult_cogact_freq"
"878","ZNF124","Inh PVALB CA8 (Chandelier)",0.168806696238761,4.86691119483334,3.31896414966005,0.0703435808451905,0.999998866570966,0.999994427475806,"ya_adult_cogact_freq"
"879","ZNF496","Inh PVALB CA8 (Chandelier)",0.0489515260451888,4.78196539682964,0.407584778595841,0.524106345999849,0.999998866570966,0.999994427475806,"ya_adult_cogact_freq"
"880","OR2L5","Inh PVALB CA8 (Chandelier)",-0.0120492443189676,3.77960193285561,0.00697059066461949,0.933565747017557,0.999998866570966,0.999994427475806,"ya_adult_cogact_freq"
"881","OR2L3","Inh PVALB CA8 (Chandelier)",0.0872272607818131,4.03479185405741,0.476841955540762,0.490852039015267,0.999998866570966,0.999994427475806,"ya_adult_cogact_freq"
"882","SH3BP5L","Inh PVALB CA8 (Chandelier)",-0.0900876305793163,3.84561925852789,0.620874605111007,0.431882725687372,0.999998866570966,0.999994427475806,"ya_adult_cogact_freq"
"883","ZNF692","Inh PVALB CA8 (Chandelier)",0.0317065935967113,4.99418677789422,0.184334517773606,0.668249221074258,0.999998866570966,0.999994427475806,"ya_adult_cogact_freq"
"884","SH3YL1","Inh PVALB CA8 (Chandelier)",-0.0736628002339213,6.24603733215661,1.97905658689386,0.161420036129417,0.999998866570966,0.999994427475806,"ya_adult_cogact_freq"
"885","ACP1","Inh PVALB CA8 (Chandelier)",-0.129006103543079,4.58207054216113,2.28154537514284,0.132884389045563,0.999998866570966,0.999994427475806,"ya_adult_cogact_freq"
"886","SNTG2","Inh PVALB CA8 (Chandelier)",-0.0795820161222297,4.75863291804016,0.328193587473906,0.567525095441421,0.999998866570966,0.999994427475806,"ya_adult_cogact_freq"
"887","MYT1L","Inh PVALB CA8 (Chandelier)",0.0190631296959167,9.96535549413495,0.287352486507735,0.592663039905121,0.999998866570966,0.999994427475806,"ya_adult_cogact_freq"
"888","LINC01250","Inh PVALB CA8 (Chandelier)",0.033214490291945,6.31793585253907,0.198472163549767,0.656556241397628,0.999998866570966,0.999994427475806,"ya_adult_cogact_freq"
"889","AC019118.2","Inh PVALB CA8 (Chandelier)",0.180834656396769,4.07834314289402,3.21715527584005,0.0747497338191766,0.999998866570966,0.999994427475806,"ya_adult_cogact_freq"
"890","EIPR1","Inh PVALB CA8 (Chandelier)",0.0142560369205584,6.13357715114368,0.08519658475599,0.895143588598043,0.999998866570966,0.999994427475806,"ya_adult_cogact_freq"
"891","TRAPPC12","Inh PVALB CA8 (Chandelier)",0.00663499913096381,7.12658630743028,0.0271200532243071,0.869401423999206,0.999998866570966,0.999994427475806,"ya_adult_cogact_freq"
"892","RPS7","Inh PVALB CA8 (Chandelier)",-0.182364593798452,4.77292881206078,2.8932081527742,0.0908870567471813,0.999998866570966,0.999994427475806,"ya_adult_cogact_freq"
"893","SOX11","Inh PVALB CA8 (Chandelier)",0.104613192209584,4.58716985367431,1.17459811300564,0.280081182905398,0.999998866570966,0.999994427475806,"ya_adult_cogact_freq"
"894","RSAD2","Inh PVALB CA8 (Chandelier)",-0.134211528512416,4.21687822493529,1.40076261200542,0.238343042147637,0.999998866570966,0.999994427475806,"ya_adult_cogact_freq"
"895","RNF144A","Inh PVALB CA8 (Chandelier)",-0.0117771167756416,7.69410977184632,0.0765103703731,0.782438661893375,0.999998866570966,0.999994427475806,"ya_adult_cogact_freq"
"896","LINC00299","Inh PVALB CA8 (Chandelier)",0.219939586817601,3.88465066330807,2.13839598917861,0.145604134413938,0.999998866570966,0.999994427475806,"ya_adult_cogact_freq"
"897","KIDINS220","Inh PVALB CA8 (Chandelier)",0.0150844476537592,7.49908110923337,0.24858428179313,0.784676260154619,0.999998866570966,0.999994427475806,"ya_adult_cogact_freq"
"898","MBOAT2","Inh PVALB CA8 (Chandelier)",-0.00555084829413553,6.13003588576942,0.00968175041723261,0.92174051729191,0.999998866570966,0.999994427475806,"ya_adult_cogact_freq"
"899","ASAP2","Inh PVALB CA8 (Chandelier)",0.157909898132829,4.82557064843404,3.66247393615516,0.0574277956596212,0.999998866570966,0.999994427475806,"ya_adult_cogact_freq"
"900","ITGB1BP1","Inh PVALB CA8 (Chandelier)",0.005206288649955,6.38691747432477,0.0119972563489784,0.912917155151124,0.999998866570966,0.999994427475806,"ya_adult_cogact_freq"
"901","CPSF3","Inh PVALB CA8 (Chandelier)",-0.0321469271073921,4.262267818787,0.116631063355346,0.733163464098601,0.999998866570966,0.999994427475806,"ya_adult_cogact_freq"
"902","IAH1","Inh PVALB CA8 (Chandelier)",-0.00993126555971839,5.03928265654268,0.0202558875673577,0.887002947234366,0.999998866570966,0.999994427475806,"ya_adult_cogact_freq"
"903","ADAM17","Inh PVALB CA8 (Chandelier)",-0.0583937947897769,6.30890523989078,0.876648829485592,0.350525541317658,0.999998866570966,0.999994427475806,"ya_adult_cogact_freq"
"904","YWHAQ","Inh PVALB CA8 (Chandelier)",-0.0801487079071083,5.95294813850217,2.19852246473459,0.140100752698184,0.999998866570966,0.999994427475806,"ya_adult_cogact_freq"
"905","TAF1B","Inh PVALB CA8 (Chandelier)",0.0279619948615595,5.22979061137831,0.199079578832965,0.70381209126506,0.999998866570966,0.999994427475806,"ya_adult_cogact_freq"
"906","GRHL1","Inh PVALB CA8 (Chandelier)",0.138899797586364,3.87305124550082,1.20899658048374,0.273174754889984,0.999998866570966,0.999994427475806,"ya_adult_cogact_freq"
"907","NOL10","Inh PVALB CA8 (Chandelier)",-0.0642418678995996,5.97639049992437,1.82495097349109,0.178623337504463,0.999998866570966,0.999994427475806,"ya_adult_cogact_freq"
"908","PDIA6","Inh PVALB CA8 (Chandelier)",-0.0987678194405682,4.96436833918114,1.83020413307401,0.178002970760554,0.999998866570966,0.999994427475806,"ya_adult_cogact_freq"
"909","ROCK2","Inh PVALB CA8 (Chandelier)",-0.00274486583760245,7.76522944057634,0.00672646399258076,0.934736788599654,0.999998866570966,0.999994427475806,"ya_adult_cogact_freq"
"910","E2F6","Inh PVALB CA8 (Chandelier)",-0.0191665543079106,4.24826715004034,0.0388741361416868,0.84394727540319,0.999998866570966,0.999994427475806,"ya_adult_cogact_freq"
"911","GREB1","Inh PVALB CA8 (Chandelier)",-0.0466190280509736,6.89330540173606,1.00185966137676,0.318365117421829,0.999998866570966,0.999994427475806,"ya_adult_cogact_freq"
"912","LPIN1","Inh PVALB CA8 (Chandelier)",-0.0693311946946295,6.79944937679089,2.99603990131328,0.129575578687264,0.999998866570966,0.999994427475806,"ya_adult_cogact_freq"
"913","LINC00276","Inh PVALB CA8 (Chandelier)",-0.25615315551775,4.31249101430025,4.24728740583237,0.0409239365091113,0.999998866570966,0.999994427475806,"ya_adult_cogact_freq"
"914","FAM84A","Inh PVALB CA8 (Chandelier)",0.0265339733792635,5.55674076782283,0.10975422629889,0.740855562215866,0.999998866570966,0.999994427475806,"ya_adult_cogact_freq"
"915","NBAS","Inh PVALB CA8 (Chandelier)",-0.0163538288771306,7.62400860220857,0.24203711487926,0.750217061398088,0.999998866570966,0.999994427475806,"ya_adult_cogact_freq"
"916","DDX1","Inh PVALB CA8 (Chandelier)",-0.0335336055023338,5.60512706285681,0.384188680058961,0.603419817570221,0.999998866570966,0.999994427475806,"ya_adult_cogact_freq"
"917","FAM49A","Inh PVALB CA8 (Chandelier)",0.0176783429739353,6.32394131014621,0.104229892764531,0.747230970283207,0.999998866570966,0.999994427475806,"ya_adult_cogact_freq"
"918","VSNL1","Inh PVALB CA8 (Chandelier)",0.0301742426815538,6.77275669788609,0.390054689064412,0.533155996003622,0.999998866570966,0.999994427475806,"ya_adult_cogact_freq"
"919","SMC6","Inh PVALB CA8 (Chandelier)",0.00842080679293378,6.04003280968022,0.0294149842444802,0.864040052730039,0.999998866570966,0.999994427475806,"ya_adult_cogact_freq"
"920","GEN1","Inh PVALB CA8 (Chandelier)",-0.00369118174501421,4.1411424698854,0.000998753458594791,0.974827803126501,0.999998866570966,0.999994427475806,"ya_adult_cogact_freq"
"921","KCNS3","Inh PVALB CA8 (Chandelier)",0.0402770633624246,6.23440654702915,0.384858481538827,0.535892879162314,0.999998866570966,0.999994427475806,"ya_adult_cogact_freq"
"922","LINC01376","Inh PVALB CA8 (Chandelier)",-0.131252036962425,3.76502688821564,0.815677214970981,0.367798340096278,0.999998866570966,0.999994427475806,"ya_adult_cogact_freq"
"923","TTC32","Inh PVALB CA8 (Chandelier)",-0.16693992996665,4.02860915838197,2.82001412344328,0.0950380430876797,0.999998866570966,0.999994427475806,"ya_adult_cogact_freq"
"924","WDR35","Inh PVALB CA8 (Chandelier)",0.0163333763276594,4.90967065569198,0.0469976535989709,0.828647318392993,0.999998866570966,0.999994427475806,"ya_adult_cogact_freq"
"925","PUM2","Inh PVALB CA8 (Chandelier)",-0.00375990815136918,7.47343697992579,0.0167430571840638,0.897206878517544,0.999998866570966,0.999994427475806,"ya_adult_cogact_freq"
"926","RHOB","Inh PVALB CA8 (Chandelier)",-0.0192533079782019,4.64414034267834,0.0334160323628631,0.855184858774455,0.999998866570966,0.999994427475806,"ya_adult_cogact_freq"
"927","HS1BP3","Inh PVALB CA8 (Chandelier)",0.0574011172205801,5.22769722446101,0.607675935358574,0.436810273846269,0.999998866570966,0.999994427475806,"ya_adult_cogact_freq"
"928","LDAH","Inh PVALB CA8 (Chandelier)",0.00753025578569977,6.34008921358635,0.0208947680491305,0.885247051026031,0.999998866570966,0.999994427475806,"ya_adult_cogact_freq"
"929","KLHL29","Inh PVALB CA8 (Chandelier)",0.014546142230044,7.42773760863714,0.0952632641308718,0.757989296093191,0.999998866570966,0.999994427475806,"ya_adult_cogact_freq"
"930","ATAD2B","Inh PVALB CA8 (Chandelier)",-0.0367522201284881,6.51405874051624,0.642092198343836,0.424136927627967,0.999998866570966,0.999994427475806,"ya_adult_cogact_freq"
"931","UBXN2A","Inh PVALB CA8 (Chandelier)",-0.0232685391939213,6.01747929148192,0.229575655127375,0.632489745900039,0.999998866570966,0.999994427475806,"ya_adult_cogact_freq"
"932","FAM228B","Inh PVALB CA8 (Chandelier)",0.100123194906279,6.23253933221148,3.07586728538037,0.0813678375124413,0.999998866570966,0.999994427475806,"ya_adult_cogact_freq"
"933","ITSN2","Inh PVALB CA8 (Chandelier)",-0.00663334508616555,6.00509664411109,0.0171457850595798,0.895984970078326,0.999998866570966,0.999994427475806,"ya_adult_cogact_freq"
"934","AC009228.1","Inh PVALB CA8 (Chandelier)",0.108937455391627,4.11406068994947,0.911855405042371,0.341056261509168,0.999998866570966,0.999994427475806,"ya_adult_cogact_freq"
"935","NCOA1","Inh PVALB CA8 (Chandelier)",-0.0103907901745339,9.43832407433618,0.133099213296327,0.715719538405842,0.999998866570966,0.999994427475806,"ya_adult_cogact_freq"
"936","ADCY3","Inh PVALB CA8 (Chandelier)",-0.0128648094158208,5.31890223532634,0.0583168281934111,0.80948405544635,0.999998866570966,0.999994427475806,"ya_adult_cogact_freq"
"937","DNAJC27","Inh PVALB CA8 (Chandelier)",0.00985729561523734,5.12046058701558,0.0234057422445351,0.957568377168945,0.999998866570966,0.999994427475806,"ya_adult_cogact_freq"
"938","DNAJC27-AS1","Inh PVALB CA8 (Chandelier)",0.113450907687275,5.15858879879425,2.09868805021107,0.149373241434131,0.999998866570966,0.999994427475806,"ya_adult_cogact_freq"
"939","EFR3B","Inh PVALB CA8 (Chandelier)",0.0407127481202699,6.23454048290833,0.680782981478942,0.410539855822857,0.999998866570966,0.999994427475806,"ya_adult_cogact_freq"
"940","DNMT3A","Inh PVALB CA8 (Chandelier)",-0.0259890686887905,7.07981551443825,0.273971660372894,0.601400649475239,0.999998866570966,0.999994427475806,"ya_adult_cogact_freq"
"941","DTNB","Inh PVALB CA8 (Chandelier)",0.00481403916180991,8.18178575795282,0.0318766952950818,0.858523343891485,0.999998866570966,0.999994427475806,"ya_adult_cogact_freq"
"942","ASXL2","Inh PVALB CA8 (Chandelier)",0.0839117712548481,6.12245600458468,3.03824303049429,0.083235828108907,0.999998866570966,0.999994427475806,"ya_adult_cogact_freq"
"943","KIF3C","Inh PVALB CA8 (Chandelier)",0.0394214158288249,6.72156000640074,0.822378416001759,0.365842929107233,0.999998866570966,0.999994427475806,"ya_adult_cogact_freq"
"944","RAB10","Inh PVALB CA8 (Chandelier)",0.0603921040655959,6.59961233864979,2.34177790712202,0.127911062496943,0.999998866570966,0.999994427475806,"ya_adult_cogact_freq"
"945","HADHA","Inh PVALB CA8 (Chandelier)",0.00461148214970298,5.48520135455221,0.00578906830927927,0.939445338524332,0.999998866570966,0.999994427475806,"ya_adult_cogact_freq"
"946","HADHB","Inh PVALB CA8 (Chandelier)",-0.00323167305175922,5.46214434786377,0.0032581428233906,0.954552235944832,0.999998866570966,0.999994427475806,"ya_adult_cogact_freq"
"947","SELENOI","Inh PVALB CA8 (Chandelier)",0.12422967123091,5.64232369572749,5.19823106836368,0.0239242617540392,0.999998866570966,0.999994427475806,"ya_adult_cogact_freq"
"948","KCNK3","Inh PVALB CA8 (Chandelier)",0.0330949293882985,4.8855891738308,0.226763228505272,0.634580824586565,0.999998866570966,0.999994427475806,"ya_adult_cogact_freq"
"949","DPYSL5","Inh PVALB CA8 (Chandelier)",-0.00557090284807284,6.54095945429978,0.0133608378946173,0.908122462529255,0.999998866570966,0.999994427475806,"ya_adult_cogact_freq"
"950","MAPRE3","Inh PVALB CA8 (Chandelier)",0.0506131038784646,6.29220596277616,1.15464449194598,0.284189111395244,0.999998866570966,0.999994427475806,"ya_adult_cogact_freq"
"951","CGREF1","Inh PVALB CA8 (Chandelier)",-0.0502964548214978,4.84242438516826,0.515728259098907,0.473711932862254,0.999998866570966,0.999994427475806,"ya_adult_cogact_freq"
"952","CAD","Inh PVALB CA8 (Chandelier)",0.0228192791910672,3.78008034495885,0.0416329107661595,0.999998866570966,0.999998866570966,1,"ya_adult_cogact_freq"
"953","MPV17","Inh PVALB CA8 (Chandelier)",-0.0868902770432072,5.07097202584033,1.60370863825479,0.207210253153833,0.999998866570966,0.999994427475806,"ya_adult_cogact_freq"
"954","GTF3C2","Inh PVALB CA8 (Chandelier)",-0.0446935606219534,4.74892346993114,0.349657527924265,0.555137576006783,0.999998866570966,0.999994427475806,"ya_adult_cogact_freq"
"955","PPM1G","Inh PVALB CA8 (Chandelier)",-0.034693509353469,5.1260073428465,0.307582471824757,0.579938216950354,0.999998866570966,0.999994427475806,"ya_adult_cogact_freq"
"956","NRBP1","Inh PVALB CA8 (Chandelier)",-0.00102711531616898,4.87953493860814,0.000179715322829789,0.989320665908352,0.999998866570966,0.999994427475806,"ya_adult_cogact_freq"
"957","IFT172","Inh PVALB CA8 (Chandelier)",-0.109313868579327,6.42085088689041,5.54423077971805,0.0197495910050104,0.999998866570966,0.999994427475806,"ya_adult_cogact_freq"
"958","FNDC4","Inh PVALB CA8 (Chandelier)",-0.0289032826415809,4.35267938171739,0.0621727152080056,0.803412550261281,0.999998866570966,0.999994427475806,"ya_adult_cogact_freq"
"959","ZNF512","Inh PVALB CA8 (Chandelier)",0.0341884348738327,5.20143208497087,0.307611713159247,0.686629354966194,0.999998866570966,0.999994427475806,"ya_adult_cogact_freq"
"960","SUPT7L","Inh PVALB CA8 (Chandelier)",-0.00439449104343811,4.85535919380958,0.00386187257427887,0.950525378221816,0.999998866570966,0.999994427475806,"ya_adult_cogact_freq"
"961","SLC4A1AP","Inh PVALB CA8 (Chandelier)",-0.0319908234558049,5.05034469017712,0.23226440766366,0.722569387366807,0.999998866570966,0.999994427475806,"ya_adult_cogact_freq"
"962","MRPL33","Inh PVALB CA8 (Chandelier)",0.0117096651263074,6.02206741990852,0.0485174077112622,0.825942937051333,0.999998866570966,0.999994427475806,"ya_adult_cogact_freq"
"963","RBKS","Inh PVALB CA8 (Chandelier)",0.0823182269857694,4.87980535160558,1.15595605563947,0.283916748056955,0.999998866570966,0.999994427475806,"ya_adult_cogact_freq"
"964","BABAM2","Inh PVALB CA8 (Chandelier)",0.017172651298963,7.89567623239935,0.227009499690537,0.634397084093854,0.999998866570966,0.999994427475806,"ya_adult_cogact_freq"
"965","FOSL2","Inh PVALB CA8 (Chandelier)",-0.173085672337347,4.00749717542162,1.64124913023968,0.201999082735607,0.999998866570966,0.999994427475806,"ya_adult_cogact_freq"
"966","PPP1CB","Inh PVALB CA8 (Chandelier)",0.0681329505722926,5.44229538653699,1.17773655087386,0.279441949780879,0.999998866570966,0.999994427475806,"ya_adult_cogact_freq"
"967","SPDYA","Inh PVALB CA8 (Chandelier)",-0.118674611994036,3.89226282512443,1.24084117669118,0.266971633408947,0.999998866570966,0.999994427475806,"ya_adult_cogact_freq"
"968","TRMT61B","Inh PVALB CA8 (Chandelier)",0.0957413539602327,5.3504141080239,2.40001059509674,0.123300765026959,0.999998866570966,0.999994427475806,"ya_adult_cogact_freq"
"969","WDR43","Inh PVALB CA8 (Chandelier)",0.0748229753102909,5.17874204479418,1.47677242580897,0.226061861030531,0.999998866570966,0.999994427475806,"ya_adult_cogact_freq"
"970","TOGARAM2","Inh PVALB CA8 (Chandelier)",0.182706736358406,4.41550980373497,1.45610911524409,0.229322838788972,0.999998866570966,0.999994427475806,"ya_adult_cogact_freq"
"971","CLIP4","Inh PVALB CA8 (Chandelier)",0.0239389848742514,7.10422958982551,0.464420218788525,0.496545917121306,0.999998866570966,0.999994427475806,"ya_adult_cogact_freq"
"972","ALK","Inh PVALB CA8 (Chandelier)",0.0389896699602813,10.1832130711124,0.935045650135208,0.335007662837874,0.999998866570966,0.999994427475806,"ya_adult_cogact_freq"
"973","YPEL5","Inh PVALB CA8 (Chandelier)",0.0214695860178201,5.35331540367657,0.112350075382308,0.737921276674337,0.999998866570966,0.999994427475806,"ya_adult_cogact_freq"
"974","LBH","Inh PVALB CA8 (Chandelier)",-0.114715933884697,4.59223987469918,0.947898265916922,0.33171749753647,0.999998866570966,0.999994427475806,"ya_adult_cogact_freq"
"975","LCLAT1","Inh PVALB CA8 (Chandelier)",-0.0106232296496247,6.43465164346302,0.0516769739445038,0.82045932243617,0.999998866570966,0.999994427475806,"ya_adult_cogact_freq"
"976","GALNT14","Inh PVALB CA8 (Chandelier)",0.0993692995195987,5.54048395089701,1.60143641333199,0.207530770988372,0.999998866570966,0.999994427475806,"ya_adult_cogact_freq"
"977","EHD3","Inh PVALB CA8 (Chandelier)",-0.022869839420894,5.01080010397667,0.0910196647802691,0.763274749513963,0.999998866570966,0.999994427475806,"ya_adult_cogact_freq"
"978","MEMO1","Inh PVALB CA8 (Chandelier)",0.0370455168575209,4.96693149129242,0.25219550291903,0.616220522136941,0.999998866570966,0.999994427475806,"ya_adult_cogact_freq"
"979","DPY30","Inh PVALB CA8 (Chandelier)",0.0326674452895323,5.16998504994903,0.285902606703472,0.726648057669017,0.999998866570966,0.999994427475806,"ya_adult_cogact_freq"
"980","SPAST","Inh PVALB CA8 (Chandelier)",0.081596517771995,6.35145240746732,2.94035495461285,0.0883186906743075,0.999998866570966,0.999994427475806,"ya_adult_cogact_freq"
"981","SLC30A6","Inh PVALB CA8 (Chandelier)",0.0635770449493333,5.42031970032528,1.11818708555681,0.291895509519257,0.999998866570966,0.999994427475806,"ya_adult_cogact_freq"
"982","YIPF4","Inh PVALB CA8 (Chandelier)",-0.0262998717939527,6.26179506672165,0.371215125124308,0.57215078220533,0.999998866570966,0.999994427475806,"ya_adult_cogact_freq"
"983","BIRC6","Inh PVALB CA8 (Chandelier)",0.00914185848228108,8.32240042906306,0.127307682046673,0.721707907466269,0.999998866570966,0.999994427475806,"ya_adult_cogact_freq"
"984","TTC27","Inh PVALB CA8 (Chandelier)",0.0138901937238928,5.4686600571443,0.0564000866326174,0.892614181093851,0.999998866570966,0.999994427475806,"ya_adult_cogact_freq"
"985","LINC00486","Inh PVALB CA8 (Chandelier)",-0.0876135260785174,7.37741359098337,0.883960441580059,0.34852975965104,0.999998866570966,0.999994427475806,"ya_adult_cogact_freq"
"986","LTBP1","Inh PVALB CA8 (Chandelier)",0.115963216767966,3.58223519833976,0.52468750326745,0.469901778571506,0.999998866570966,0.999994427475806,"ya_adult_cogact_freq"
"987","FAM98A","Inh PVALB CA8 (Chandelier)",-0.115665535841055,4.16595199452973,1.32676321329742,0.251091921788881,0.999998866570966,0.999994427475806,"ya_adult_cogact_freq"
"988","CRIM1","Inh PVALB CA8 (Chandelier)",0.0791821220490293,4.95919295525575,0.612733817578391,0.4349118599897,0.999998866570966,0.999994427475806,"ya_adult_cogact_freq"
"989","FEZ2","Inh PVALB CA8 (Chandelier)",0.0208852287072513,5.06932173540771,0.0755995096390507,0.783704887552183,0.999998866570966,0.999994427475806,"ya_adult_cogact_freq"
"990","STRN","Inh PVALB CA8 (Chandelier)",0.111644046543419,5.72025697114254,4.62162114770299,0.0330667212649846,0.999998866570966,0.999994427475806,"ya_adult_cogact_freq"
"991","HEATR5B","Inh PVALB CA8 (Chandelier)",0.0315450395652107,6.01087090573229,0.435756498574991,0.510122417313752,0.999998866570966,0.999994427475806,"ya_adult_cogact_freq"
"992","GPATCH11","Inh PVALB CA8 (Chandelier)",-0.300837262895922,4.05938449290732,7.4022800781996,0.00723156395591382,0.999998866570966,0.999994427475806,"ya_adult_cogact_freq"
"993","EIF2AK2","Inh PVALB CA8 (Chandelier)",-0.0390700040467985,6.21656534528427,0.651097095629471,0.42091285132842,0.999998866570966,0.999994427475806,"ya_adult_cogact_freq"
"994","CEBPZOS","Inh PVALB CA8 (Chandelier)",-0.0191422570392547,5.60316195360754,0.115875080102101,0.829236372254298,0.999998866570966,0.999994427475806,"ya_adult_cogact_freq"
"995","CEBPZ","Inh PVALB CA8 (Chandelier)",0.0619657271961631,4.89232756723341,0.745312741782677,0.389250439604923,0.999998866570966,0.999994427475806,"ya_adult_cogact_freq"
"996","NDUFAF7","Inh PVALB CA8 (Chandelier)",-0.00561307299383925,5.48354305463469,0.00953034322804396,0.922352886598756,0.999998866570966,0.999994427475806,"ya_adult_cogact_freq"
"997","PRKD3","Inh PVALB CA8 (Chandelier)",-0.223426160878064,3.6174307345128,2.03898146744522,0.155251986327999,0.999998866570966,0.999994427475806,"ya_adult_cogact_freq"
"998","CDC42EP3","Inh PVALB CA8 (Chandelier)",-0.0731379413268367,5.7327271617832,1.46975895512572,0.227162357089978,0.999998866570966,0.999994427475806,"ya_adult_cogact_freq"
"999","RMDN2","Inh PVALB CA8 (Chandelier)",0.0880162576314507,5.72342253335825,1.8703101418773,0.173348386034131,0.999998866570966,0.999994427475806,"ya_adult_cogact_freq"
"1000","CYP1B1-AS1","Inh PVALB CA8 (Chandelier)",0.0501390665476474,4.71835319771995,0.313357506820378,0.576406273777877,0.999998866570966,0.999994427475806,"ya_adult_cogact_freq"
"1001","ATL2","Inh PVALB CA8 (Chandelier)",0.0353305057535394,6.11736146378414,0.617974989913626,0.432957947988466,0.999998866570966,0.999994427475806,"ya_adult_cogact_freq"
"1002","HNRNPLL","Inh PVALB CA8 (Chandelier)",0.0419465156538476,5.42484938048621,0.469578171487588,0.494168169011177,0.999998866570966,0.999994427475806,"ya_adult_cogact_freq"
"1003","SRSF7","Inh PVALB CA8 (Chandelier)",-0.142561847411916,6.49127542603567,4.13035241547769,0.0437664664683903,0.999998866570966,0.999994427475806,"ya_adult_cogact_freq"
"1004","DHX57","Inh PVALB CA8 (Chandelier)",0.0172896395703701,6.14698893420165,0.110576401676292,0.739922060966677,0.999998866570966,0.999994427475806,"ya_adult_cogact_freq"
"1005","ARHGEF33","Inh PVALB CA8 (Chandelier)",-0.0204729473742449,4.3283536967866,0.0552157291925009,0.814523075718691,0.999998866570966,0.999994427475806,"ya_adult_cogact_freq"
"1006","SOS1","Inh PVALB CA8 (Chandelier)",-0.0135454625901,7.86470278718988,0.214543099881769,0.643856054496076,0.999998866570966,0.999994427475806,"ya_adult_cogact_freq"
"1007","MAP4K3","Inh PVALB CA8 (Chandelier)",0.0145664932060227,7.87636422499435,0.185738123751136,0.667064965308325,0.999998866570966,0.999994427475806,"ya_adult_cogact_freq"
"1008","AC007388.1","Inh PVALB CA8 (Chandelier)",0.0418813319504045,7.19148099795764,1.1104617625521,0.293562792346259,0.999998866570966,0.999994427475806,"ya_adult_cogact_freq"
"1009","TMEM178A","Inh PVALB CA8 (Chandelier)",0.0461526362141978,5.74508601615758,0.563220993096896,0.454062355821997,0.999998866570966,0.999994427475806,"ya_adult_cogact_freq"
"1010","THUMPD2","Inh PVALB CA8 (Chandelier)",-0.0284242344118832,5.56405986147302,0.327829362182685,0.567739909892141,0.999998866570966,0.999994427475806,"ya_adult_cogact_freq"
"1011","SLC8A1-AS1","Inh PVALB CA8 (Chandelier)",0.0189952687629067,4.08108594804585,0.0234577783137171,0.878464705976705,0.999998866570966,0.999994427475806,"ya_adult_cogact_freq"
"1012","SLC8A1","Inh PVALB CA8 (Chandelier)",0.058975953917753,8.09562684163889,0.727378542600127,0.395003072362246,0.999998866570966,0.999994427475806,"ya_adult_cogact_freq"
"1013","PKDCC","Inh PVALB CA8 (Chandelier)",0.0295699541114419,4.52216572303315,0.155122004639677,0.71417572727024,0.999998866570966,0.999994427475806,"ya_adult_cogact_freq"
"1014","EML4","Inh PVALB CA8 (Chandelier)",-0.0204871279021447,6.23451796049673,0.175430136138247,0.675889336510797,0.999998866570966,0.999994427475806,"ya_adult_cogact_freq"
"1015","COX7A2L","Inh PVALB CA8 (Chandelier)",-0.048373937165455,5.26061226821321,0.55815768163121,0.456094776067602,0.999998866570966,0.999994427475806,"ya_adult_cogact_freq"
"1016","MTA3","Inh PVALB CA8 (Chandelier)",0.0165614804325036,6.05565715129432,0.118191610036967,0.966610313750777,0.999998866570966,0.999994427475806,"ya_adult_cogact_freq"
"1017","THADA","Inh PVALB CA8 (Chandelier)",-0.0283433325268796,6.68993943098225,0.423595650638689,0.516077455604486,0.999998866570966,0.999994427475806,"ya_adult_cogact_freq"
"1018","PLEKHH2","Inh PVALB CA8 (Chandelier)",-0.0703591817928176,7.78057990127407,1.4346826377398,0.232764714957663,0.999998866570966,0.999994427475806,"ya_adult_cogact_freq"
"1019","DYNC2LI1","Inh PVALB CA8 (Chandelier)",0.0148728822370259,6.39616122164174,0.0882560264616893,0.76678957444459,0.999998866570966,0.999994427475806,"ya_adult_cogact_freq"
"1020","ABCG8","Inh PVALB CA8 (Chandelier)",0.0291516462322859,3.83916765161626,0.0589032542659998,0.808547228134419,0.999998866570966,0.999994427475806,"ya_adult_cogact_freq"
"1021","LRPPRC","Inh PVALB CA8 (Chandelier)",-0.0425619406844348,6.71299188889244,1.0836131470543,0.299453628569587,0.999998866570966,0.999994427475806,"ya_adult_cogact_freq"
"1022","PPM1B","Inh PVALB CA8 (Chandelier)",-0.0210308841747325,7.16780183895991,0.323568692440876,0.622420495391903,0.999998866570966,0.999994427475806,"ya_adult_cogact_freq"
"1023","SLC3A1","Inh PVALB CA8 (Chandelier)",-0.0189179569668053,3.75450038566607,0.0190109200135036,0.890507726469838,0.999998866570966,0.999994427475806,"ya_adult_cogact_freq"
"1024","PREPL","Inh PVALB CA8 (Chandelier)",0.0519156073318569,8.07915247284815,2.75519068908374,0.0988886214329662,0.999998866570966,0.999994427475806,"ya_adult_cogact_freq"
"1025","CAMKMT","Inh PVALB CA8 (Chandelier)",0.0785559289500184,6.51566812211457,1.15286319095118,0.284559555721077,0.999998866570966,0.999994427475806,"ya_adult_cogact_freq"
"1026","SRBD1","Inh PVALB CA8 (Chandelier)",0.0627560053144284,4.9858034923706,0.546459760005579,0.460845829691851,0.999998866570966,0.999994427475806,"ya_adult_cogact_freq"
"1027","PRKCE","Inh PVALB CA8 (Chandelier)",0.0429366687883607,9.1843399251004,2.7375997297155,0.099962937306142,0.999998866570966,0.999994427475806,"ya_adult_cogact_freq"
"1028","ATP6V1E2","Inh PVALB CA8 (Chandelier)",0.00759862667508929,3.83863885377268,0.00365719393040233,0.951852647912341,0.999998866570966,0.999994427475806,"ya_adult_cogact_freq"
"1029","RHOQ","Inh PVALB CA8 (Chandelier)",-0.0430550107354211,6.15123098110977,0.585100628426528,0.445441348252212,0.999998866570966,0.999994427475806,"ya_adult_cogact_freq"
"1030","AC018682.1","Inh PVALB CA8 (Chandelier)",-0.374060965546601,3.47367263925589,4.63386137352718,0.0328384408463299,0.999998866570966,0.999994427475806,"ya_adult_cogact_freq"
"1031","PIGF","Inh PVALB CA8 (Chandelier)",0.0145531856297104,4.68370101981877,0.0340089534051574,0.85392019494227,0.999998866570966,0.999994427475806,"ya_adult_cogact_freq"
"1032","SOCS5","Inh PVALB CA8 (Chandelier)",-0.0112525461155611,5.60683930531437,0.0407232106957339,0.840328262897405,0.999998866570966,0.999994427475806,"ya_adult_cogact_freq"
"1033","MCFD2","Inh PVALB CA8 (Chandelier)",-0.0555231345499908,5.04058123184472,0.611779440263824,0.435269104360671,0.999998866570966,0.999994427475806,"ya_adult_cogact_freq"
"1034","TTC7A","Inh PVALB CA8 (Chandelier)",0.0105304380091644,4.99066615580086,0.0173778636036073,0.895287448947511,0.999998866570966,0.999994427475806,"ya_adult_cogact_freq"
"1035","MSH2","Inh PVALB CA8 (Chandelier)",0.0211689477814148,6.68257514370855,0.225794071656529,0.635305094797394,0.999998866570966,0.999994427475806,"ya_adult_cogact_freq"
"1036","KCNK12","Inh PVALB CA8 (Chandelier)",0.0493567043761968,4.88236552386155,0.313658509533721,0.576223359896357,0.999998866570966,0.999994427475806,"ya_adult_cogact_freq"
"1037","MSH6","Inh PVALB CA8 (Chandelier)",0.0515611726920661,5.0395565517032,0.477153810563665,0.490710505110393,0.999998866570966,0.999994427475806,"ya_adult_cogact_freq"
"1038","FBXO11","Inh PVALB CA8 (Chandelier)",-0.0122915878007073,7.66057448593857,0.129387875695658,0.719539626021585,0.999998866570966,0.999994427475806,"ya_adult_cogact_freq"
"1039","FOXN2","Inh PVALB CA8 (Chandelier)",-0.0891177983690255,5.01743489632287,1.31598880525877,0.253017580247356,0.999998866570966,0.999994427475806,"ya_adult_cogact_freq"
"1040","PPP1R21","Inh PVALB CA8 (Chandelier)",0.00222159867300097,5.47098794853736,0.0016085856640886,0.968057444294182,0.999998866570966,0.999994427475806,"ya_adult_cogact_freq"
"1041","NRXN1","Inh PVALB CA8 (Chandelier)",0.0211761198151853,9.21395345539154,0.228728688435071,0.6331178124181,0.999998866570966,0.999994427475806,"ya_adult_cogact_freq"
"1042","AC007402.1","Inh PVALB CA8 (Chandelier)",0.0516388206646565,3.4936184763173,0.115889371124696,0.73398070489135,0.999998866570966,0.999994427475806,"ya_adult_cogact_freq"
"1043","ASB3","Inh PVALB CA8 (Chandelier)",-0.0486327169972472,4.56295720346789,0.23245361574752,0.630366196886274,0.999998866570966,0.999994427475806,"ya_adult_cogact_freq"
"1044","GPR75-ASB3","Inh PVALB CA8 (Chandelier)",0.133551397216958,7.14593222746034,7.0448268133222,0.00874829375602191,0.999998866570966,0.999994427475806,"ya_adult_cogact_freq"
"1045","ERLEC1","Inh PVALB CA8 (Chandelier)",-0.0628174957436858,4.90471238242895,0.735686345963587,0.392323094148152,0.999998866570966,0.999994427475806,"ya_adult_cogact_freq"
"1046","PSME4","Inh PVALB CA8 (Chandelier)",-0.00155192648853595,6.45393589748764,0.000798375490759502,0.977493386036356,0.999998866570966,0.999994427475806,"ya_adult_cogact_freq"
"1047","ACYP2","Inh PVALB CA8 (Chandelier)",-0.00175914268913646,7.98601581548418,0.00171295241130995,0.967038071485111,0.999998866570966,0.999994427475806,"ya_adult_cogact_freq"
"1048","SPTBN1","Inh PVALB CA8 (Chandelier)",-0.00169278020022026,7.98223026238486,0.00434548654743732,0.947523179377143,0.999998866570966,0.999994427475806,"ya_adult_cogact_freq"
"1049","EML6","Inh PVALB CA8 (Chandelier)",-0.0246982775254552,7.37960761793372,0.229156963876722,0.632800047121444,0.999998866570966,0.999994427475806,"ya_adult_cogact_freq"
"1050","RTN4","Inh PVALB CA8 (Chandelier)",-0.0562135620280912,8.46145929470036,1.90509731995259,0.169425133948613,0.999998866570966,0.999994427475806,"ya_adult_cogact_freq"
"1051","CLHC1","Inh PVALB CA8 (Chandelier)",0.0157754663672847,5.25763574923206,0.0550779974612843,0.814750303270125,0.999998866570966,0.999994427475806,"ya_adult_cogact_freq"
"1052","RPS27A","Inh PVALB CA8 (Chandelier)",-0.204796664132859,4.68380609970107,2.38775396877252,0.124255435667772,0.999998866570966,0.999994427475806,"ya_adult_cogact_freq"
"1053","AC012358.3","Inh PVALB CA8 (Chandelier)",-0.136307668686481,4.19862813198291,1.31830119493611,0.252602761763524,0.999998866570966,0.999994427475806,"ya_adult_cogact_freq"
"1054","CCDC88A","Inh PVALB CA8 (Chandelier)",0.0796985415926895,8.62590114254149,5.72215027531281,0.0179066398013753,0.999998866570966,0.999994427475806,"ya_adult_cogact_freq"
"1055","CFAP36","Inh PVALB CA8 (Chandelier)",-0.00960837321286047,5.62899729521276,0.0233343068816747,0.878782480272328,0.999998866570966,0.999994427475806,"ya_adult_cogact_freq"
"1056","PPP4R3B","Inh PVALB CA8 (Chandelier)",-0.00739829060383584,6.08093930459761,0.0238825874614725,0.877377878268313,0.999998866570966,0.999994427475806,"ya_adult_cogact_freq"
"1057","PNPT1","Inh PVALB CA8 (Chandelier)",-0.000587642877134222,5.76884076433738,0.000144650181109243,0.990418937698894,0.999998866570966,0.999994427475806,"ya_adult_cogact_freq"
"1058","CCDC85A","Inh PVALB CA8 (Chandelier)",0.0644779882746109,7.98594400402957,2.74769511116881,0.0993448285630949,0.999998866570966,0.999994427475806,"ya_adult_cogact_freq"
"1059","FANCL","Inh PVALB CA8 (Chandelier)",-0.0198913519217412,5.08430419855684,0.0896387988168922,0.76502356601377,0.999998866570966,0.999994427475806,"ya_adult_cogact_freq"
"1060","LINC01122","Inh PVALB CA8 (Chandelier)",0.0234379951113471,6.38085543146109,0.126215608032852,0.72285423230924,0.999998866570966,0.999994427475806,"ya_adult_cogact_freq"
"1061","BCL11A","Inh PVALB CA8 (Chandelier)",0.0980499844973228,6.65718312117489,3.58436933169745,0.06012230848351,0.999998866570966,0.999994427475806,"ya_adult_cogact_freq"
"1062","PAPOLG","Inh PVALB CA8 (Chandelier)",0.0313520543155848,5.09940918241713,0.208552048334343,0.648521079883048,0.999998866570966,0.999994427475806,"ya_adult_cogact_freq"
"1063","REL","Inh PVALB CA8 (Chandelier)",-0.0200834715551323,4.93155957533825,0.0876678686386464,0.796050884898594,0.999998866570966,0.999994427475806,"ya_adult_cogact_freq"
"1064","PUS10","Inh PVALB CA8 (Chandelier)",0.0431670585747423,4.54741510888182,0.250883230611189,0.617138935617713,0.999998866570966,0.999994427475806,"ya_adult_cogact_freq"
"1065","PEX13","Inh PVALB CA8 (Chandelier)",0.0688212407912426,4.84500361687018,0.77615402053423,0.37963515355947,0.999998866570966,0.999994427475806,"ya_adult_cogact_freq"
"1066","KIAA1841","Inh PVALB CA8 (Chandelier)",0.0203261583596321,6.63199198789888,0.216702453484704,0.642194053915121,0.999998866570966,0.999994427475806,"ya_adult_cogact_freq"
"1067","C2orf74","Inh PVALB CA8 (Chandelier)",0.05431378327744,4.16449876569741,0.257348131024364,0.612643090184804,0.999998866570966,0.999994427475806,"ya_adult_cogact_freq"
"1068","USP34","Inh PVALB CA8 (Chandelier)",0.025159620317393,8.3918176981591,0.668609661800638,0.414746980427561,0.999998866570966,0.999994427475806,"ya_adult_cogact_freq"
"1069","XPO1","Inh PVALB CA8 (Chandelier)",0.0641155226796914,7.03866561476615,2.49530037590817,0.116152127826885,0.999998866570966,0.999994427475806,"ya_adult_cogact_freq"
"1070","FAM161A","Inh PVALB CA8 (Chandelier)",0.102355279239297,5.0868777168335,2.51879217039766,0.114461615998427,0.999998866570966,0.999994427475806,"ya_adult_cogact_freq"
"1071","CCT4","Inh PVALB CA8 (Chandelier)",-0.0904208419741864,5.3156183338239,2.2109251282361,0.13899509677812,0.999998866570966,0.999994427475806,"ya_adult_cogact_freq"
"1072","COMMD1","Inh PVALB CA8 (Chandelier)",-0.0615410412044526,7.14352615374148,2.14162828021269,0.145302115811968,0.999998866570966,0.999994427475806,"ya_adult_cogact_freq"
"1073","EHBP1","Inh PVALB CA8 (Chandelier)",0.0518159912913034,8.4165381187163,2.116206466965,0.147696855724943,0.999998866570966,0.999994427475806,"ya_adult_cogact_freq"
"1074","WDPCP","Inh PVALB CA8 (Chandelier)",-0.0140467494459373,8.15889669142191,0.168470575772889,0.682021154827738,0.999998866570966,0.999994427475806,"ya_adult_cogact_freq"
"1075","MDH1","Inh PVALB CA8 (Chandelier)",-0.0967325783488724,6.9146483727474,2.7102179637504,0.101660885477516,0.999998866570966,0.999994427475806,"ya_adult_cogact_freq"
"1076","UGP2","Inh PVALB CA8 (Chandelier)",-0.0421484533960367,6.15207809211923,0.672007630812555,0.413566222978939,0.999998866570966,0.999994427475806,"ya_adult_cogact_freq"
"1077","VPS54","Inh PVALB CA8 (Chandelier)",-0.0259573656930888,6.83018115653586,0.484664841365894,0.487322169356834,0.999998866570966,0.999994427475806,"ya_adult_cogact_freq"
"1078","PELI1","Inh PVALB CA8 (Chandelier)",-0.135474714133838,5.54528013335279,5.13904439633411,0.0247263665721751,0.999998866570966,0.999994427475806,"ya_adult_cogact_freq"
"1079","AC008074.1","Inh PVALB CA8 (Chandelier)",0.0302203255449556,5.61700733367876,0.223474843566601,0.637046074733514,0.999998866570966,0.999994427475806,"ya_adult_cogact_freq"
"1080","LGALSL","Inh PVALB CA8 (Chandelier)",0.0369738938341894,4.19832847302425,0.16930298648667,0.746974605090949,0.999998866570966,0.999994427475806,"ya_adult_cogact_freq"
"1081","AFTPH","Inh PVALB CA8 (Chandelier)",-0.025169620030893,6.59637879118162,0.39961189190279,0.528187732655089,0.999998866570966,0.999994427475806,"ya_adult_cogact_freq"
"1082","SERTAD2","Inh PVALB CA8 (Chandelier)",0.0823863517636523,6.30427937550436,2.68782172705997,0.103073347948221,0.999998866570966,0.999994427475806,"ya_adult_cogact_freq"
"1083","SLC1A4","Inh PVALB CA8 (Chandelier)",-0.0721813298981443,5.55101803536065,1.65413682967683,0.200246052811978,0.999998866570966,0.999994427475806,"ya_adult_cogact_freq"
"1084","CEP68","Inh PVALB CA8 (Chandelier)",-0.046145782374706,6.04993693049438,0.705735188157713,0.402110886996481,0.999998866570966,0.999994427475806,"ya_adult_cogact_freq"
"1085","RAB1A","Inh PVALB CA8 (Chandelier)",-0.0479490324402231,6.33439526407494,1.01870908931185,0.314342105518628,0.999998866570966,0.999994427475806,"ya_adult_cogact_freq"
"1086","ACTR2","Inh PVALB CA8 (Chandelier)",-0.0749256586656181,6.51385649432195,3.65305958265592,0.0577455999358852,0.999998866570966,0.999994427475806,"ya_adult_cogact_freq"
"1087","SPRED2","Inh PVALB CA8 (Chandelier)",-0.0241183422817996,5.94988268112414,0.0323097955676735,0.857575782693688,0.999998866570966,0.999994427475806,"ya_adult_cogact_freq"
"1088","MEIS1","Inh PVALB CA8 (Chandelier)",-0.0774153280386351,3.48471387093949,0.224264800147839,0.636451838290203,0.999998866570966,0.999994427475806,"ya_adult_cogact_freq"
"1089","C1D","Inh PVALB CA8 (Chandelier)",0.0943740723931937,5.36696176361044,2.03640841799473,0.155511212715058,0.999998866570966,0.999994427475806,"ya_adult_cogact_freq"
"1090","WDR92","Inh PVALB CA8 (Chandelier)",0.00315752478538983,4.31102067369359,0.0016198535470561,0.967945823864083,0.999998866570966,0.999994427475806,"ya_adult_cogact_freq"
"1091","CNRIP1","Inh PVALB CA8 (Chandelier)",0.0849198107776495,5.60788053163306,2.34553399018854,0.127607927671923,0.999998866570966,0.999994427475806,"ya_adult_cogact_freq"
"1092","ANTXR1","Inh PVALB CA8 (Chandelier)",0.137674825977089,6.07388935167357,5.13601959437997,0.0247681089739446,0.999998866570966,0.999994427475806,"ya_adult_cogact_freq"
"1093","GFPT1","Inh PVALB CA8 (Chandelier)",0.0266178765263187,6.06804675446642,0.296773936567735,0.5866668688535,0.999998866570966,0.999994427475806,"ya_adult_cogact_freq"
"1094","NFU1","Inh PVALB CA8 (Chandelier)",0.0301310239075913,4.9332598078028,0.188679330565738,0.664600514719213,0.999998866570966,0.999994427475806,"ya_adult_cogact_freq"
"1095","AAK1","Inh PVALB CA8 (Chandelier)",0.0239703395763183,8.62188420808552,0.755981939426198,0.385885169314426,0.999998866570966,0.999994427475806,"ya_adult_cogact_freq"
"1096","ANXA4","Inh PVALB CA8 (Chandelier)",-0.0750453322370087,4.11480309632434,0.483519669943904,0.487836244988174,0.999998866570966,0.999994427475806,"ya_adult_cogact_freq"
"1097","GMCL1","Inh PVALB CA8 (Chandelier)",-0.0237818864251056,6.06170509573046,0.217226273725072,0.641792403178933,0.999998866570966,0.999994427475806,"ya_adult_cogact_freq"
"1098","MXD1","Inh PVALB CA8 (Chandelier)",0.0324684870953548,5.04294157874722,0.218597090108729,0.865433317737348,0.999998866570966,0.999994427475806,"ya_adult_cogact_freq"
"1099","PCBP1","Inh PVALB CA8 (Chandelier)",-0.0469107297053608,5.0812992406278,0.262350940165767,0.609212546608802,0.999998866570966,0.999994427475806,"ya_adult_cogact_freq"
"1100","C2orf42","Inh PVALB CA8 (Chandelier)",0.0546422800241256,4.20447887845466,0.276479890934008,0.599742307369333,0.999998866570966,0.999994427475806,"ya_adult_cogact_freq"
"1101","PCYOX1","Inh PVALB CA8 (Chandelier)",-0.0448886267986064,5.49568005860194,0.363926770620841,0.54718360776258,0.999998866570966,0.999994427475806,"ya_adult_cogact_freq"
"1102","SNRPG","Inh PVALB CA8 (Chandelier)",-0.229163243966617,3.96261069723147,4.95222577674788,0.0274485325788723,0.999998866570966,0.999994427475806,"ya_adult_cogact_freq"
"1103","FAM136A","Inh PVALB CA8 (Chandelier)",-0.00775319548090309,4.1571902065838,0.00627870666083968,0.936941634676185,0.999998866570966,0.999994427475806,"ya_adult_cogact_freq"
"1104","ADD2","Inh PVALB CA8 (Chandelier)",0.0593472618503342,7.35416185739677,3.02228180074326,0.0840423567263559,0.999998866570966,0.999994427475806,"ya_adult_cogact_freq"
"1105","NAGK","Inh PVALB CA8 (Chandelier)",-0.0132569450818349,4.73399204834376,0.0311018823064204,0.860235245899479,0.999998866570966,0.999994427475806,"ya_adult_cogact_freq"
"1106","MCEE","Inh PVALB CA8 (Chandelier)",-0.0809518431359438,4.43308631450992,0.903661321270866,0.343228795569346,0.999998866570966,0.999994427475806,"ya_adult_cogact_freq"
"1107","MPHOSPH10","Inh PVALB CA8 (Chandelier)",0.111124919689343,4.81889263376348,2.53922357650402,0.113013576554224,0.999998866570966,0.999994427475806,"ya_adult_cogact_freq"
"1108","ZNF638","Inh PVALB CA8 (Chandelier)",0.0194818508322639,8.68178245257038,0.316085784056373,0.574752552322418,0.999998866570966,0.999994427475806,"ya_adult_cogact_freq"
"1109","DYSF","Inh PVALB CA8 (Chandelier)",-0.00221255507490802,5.73999673985797,0.00112207274131306,0.973319528677966,0.999998866570966,0.999994427475806,"ya_adult_cogact_freq"
"1110","EXOC6B","Inh PVALB CA8 (Chandelier)",0.0220678637307359,9.16376445310145,0.591430550031183,0.442994830000207,0.999998866570966,0.999994427475806,"ya_adult_cogact_freq"
"1111","SFXN5","Inh PVALB CA8 (Chandelier)",0.0615883825805781,6.89414478296099,1.98878593110166,0.160399737249717,0.999998866570966,0.999994427475806,"ya_adult_cogact_freq"
"1112","RAB11FIP5","Inh PVALB CA8 (Chandelier)",0.0543483182984715,4.43168754154781,0.369610437675634,0.544074580295025,0.999998866570966,0.999994427475806,"ya_adult_cogact_freq"
"1113","CCT7","Inh PVALB CA8 (Chandelier)",-0.0242803176526591,4.34225180803604,0.0634174234430583,0.801495528016023,0.999998866570966,0.999994427475806,"ya_adult_cogact_freq"
"1114","FBXO41","Inh PVALB CA8 (Chandelier)",-0.0188712183793266,4.98645368435599,0.0724749971078849,0.794841553312265,0.999998866570966,0.999994427475806,"ya_adult_cogact_freq"
"1115","ALMS1","Inh PVALB CA8 (Chandelier)",-0.00760383994515997,6.28932262588945,0.0191052246011353,0.890238222925236,0.999998866570966,0.999994427475806,"ya_adult_cogact_freq"
"1116","TPRKB","Inh PVALB CA8 (Chandelier)",-0.0693381964521862,4.00796972074771,0.401279252924556,0.527329499728041,0.999998866570966,0.999994427475806,"ya_adult_cogact_freq"
"1117","DUSP11","Inh PVALB CA8 (Chandelier)",0.0575251212660591,4.07686321772955,0.328994630115752,0.612466245691684,0.999998866570966,0.999994427475806,"ya_adult_cogact_freq"
"1118","STAMBP","Inh PVALB CA8 (Chandelier)",-0.078489614582315,4.85714931898027,1.49020861463751,0.225708379609766,0.999998866570966,0.999994427475806,"ya_adult_cogact_freq"
"1119","DGUOK","Inh PVALB CA8 (Chandelier)",0.0376572561068815,4.82453350984811,0.294831219860647,0.678898233222016,0.999998866570966,0.999994427475806,"ya_adult_cogact_freq"
"1120","TET3","Inh PVALB CA8 (Chandelier)",-0.0440407641010238,6.59848181105911,0.275792568259483,0.600195779234146,0.999998866570966,0.999994427475806,"ya_adult_cogact_freq"
"1121","BOLA3","Inh PVALB CA8 (Chandelier)",-0.0259556067734934,4.61285460023602,0.0929150044743952,0.760897787845001,0.999998866570966,0.999994427475806,"ya_adult_cogact_freq"
"1122","MOB1A","Inh PVALB CA8 (Chandelier)",0.0270212767087381,4.37190002948116,0.0978570016530032,0.95642618584941,0.999998866570966,0.999994427475806,"ya_adult_cogact_freq"
"1123","MTHFD2","Inh PVALB CA8 (Chandelier)",-0.194788208866443,3.55826619031636,1.83582928813947,0.177341452106153,0.999998866570966,0.999994427475806,"ya_adult_cogact_freq"
"1124","AC006030.1","Inh PVALB CA8 (Chandelier)",0.0887425686982731,5.05420829094539,1.24222780421825,0.266705570373181,0.999998866570966,0.999994427475806,"ya_adult_cogact_freq"
"1125","DCTN1","Inh PVALB CA8 (Chandelier)",0.251638194355814,3.75892737683354,3.79664131341887,0.0530966659172212,0.999998866570966,0.999994427475806,"ya_adult_cogact_freq"
"1126","MOGS","Inh PVALB CA8 (Chandelier)",-0.226335717410932,4.02389629886867,4.69460173051694,0.0317299646747355,0.999998866570966,0.999994427475806,"ya_adult_cogact_freq"
"1127","CCDC142","Inh PVALB CA8 (Chandelier)",0.0038450383747204,4.19628301238203,0.00145197328222264,0.969651426632628,0.999998866570966,0.999994427475806,"ya_adult_cogact_freq"
"1128","AUP1","Inh PVALB CA8 (Chandelier)",-0.0341497348248118,4.25846403398559,0.129011588982987,0.719930380869298,0.999998866570966,0.999994427475806,"ya_adult_cogact_freq"
"1129","SEMA4F","Inh PVALB CA8 (Chandelier)",0.0737679051340723,4.19315924063599,0.676744300698346,0.411928591101319,0.999998866570966,0.999994427475806,"ya_adult_cogact_freq"
"1130","TACR1","Inh PVALB CA8 (Chandelier)",0.188496450384915,4.73944588001949,2.0283491638543,0.156326369117468,0.999998866570966,0.999994427475806,"ya_adult_cogact_freq"
"1131","MRPL19","Inh PVALB CA8 (Chandelier)",-0.033149328966116,5.76016603834922,0.346845047644125,0.556731138370654,0.999998866570966,0.999994427475806,"ya_adult_cogact_freq"
"1132","GCFC2","Inh PVALB CA8 (Chandelier)",0.0165521220937139,6.05240258976055,0.094735236962204,0.758639845563978,0.999998866570966,0.999994427475806,"ya_adult_cogact_freq"
"1133","LRRTM4","Inh PVALB CA8 (Chandelier)",0.05625930125005,11.2054350354365,1.94921085006988,0.164596793084733,0.999998866570966,0.999994427475806,"ya_adult_cogact_freq"
"1134","CTNNA2","Inh PVALB CA8 (Chandelier)",0.0388311132857263,9.82604873644442,1.18295802680367,0.278382543888409,0.999998866570966,0.999994427475806,"ya_adult_cogact_freq"
"1135","LRRTM1","Inh PVALB CA8 (Chandelier)",-0.054677218273182,5.29830309569115,0.545632048482499,0.461184979388315,0.999998866570966,0.999994427475806,"ya_adult_cogact_freq"
"1136","AC106874.1","Inh PVALB CA8 (Chandelier)",-0.100463710679468,3.78516230340113,0.437208892757434,0.509419191897331,0.999998866570966,0.999994427475806,"ya_adult_cogact_freq"
"1137","SUCLG1","Inh PVALB CA8 (Chandelier)",0.0152639553174104,5.83087656755943,0.088957027848031,0.91862131586206,0.999998866570966,0.999994427475806,"ya_adult_cogact_freq"
"1138","DNAH6","Inh PVALB CA8 (Chandelier)",-0.0230480349995126,4.84621339101244,0.0677790595852376,0.794931496745635,0.999998866570966,0.999994427475806,"ya_adult_cogact_freq"
"1139","TMSB10","Inh PVALB CA8 (Chandelier)",0.0517556660634781,4.54086313788189,0.188583132339267,0.664680757062867,0.999998866570966,0.999994427475806,"ya_adult_cogact_freq"
"1140","KCMF1","Inh PVALB CA8 (Chandelier)",0.0128849193924009,5.98014182591065,0.0692055973388407,0.792833808532432,0.999998866570966,0.999994427475806,"ya_adult_cogact_freq"
"1141","TGOLN2","Inh PVALB CA8 (Chandelier)",-0.0984324073937703,5.74317060048031,1.9627852090784,0.163143110308972,0.999998866570966,0.999994427475806,"ya_adult_cogact_freq"
"1142","ELMOD3","Inh PVALB CA8 (Chandelier)",-0.084170110808682,5.08061783588518,1.56091368249159,0.213347429738064,0.999998866570966,0.999994427475806,"ya_adult_cogact_freq"
"1143","MAT2A","Inh PVALB CA8 (Chandelier)",-0.00647568827694872,6.29829515184499,0.0174667539806478,0.895021541542028,0.999998866570966,0.999994427475806,"ya_adult_cogact_freq"
"1144","GGCX","Inh PVALB CA8 (Chandelier)",-0.181833215556342,4.10465018179053,4.51022432993695,0.0352229236124183,0.999998866570966,0.999994427475806,"ya_adult_cogact_freq"
"1145","USP39","Inh PVALB CA8 (Chandelier)",0.0210439761777071,5.03614275513544,0.0746075540622513,0.785093218839056,0.999998866570966,0.999994427475806,"ya_adult_cogact_freq"
"1146","C2orf68","Inh PVALB CA8 (Chandelier)",0.0561088410127408,4.166550810112,0.37892760473941,0.539048197029676,0.999998866570966,0.999994427475806,"ya_adult_cogact_freq"
"1147","ST3GAL5","Inh PVALB CA8 (Chandelier)",0.031287040988428,6.75724377875621,0.745799891032604,0.38909586769459,0.999998866570966,0.999994427475806,"ya_adult_cogact_freq"
"1148","POLR1A","Inh PVALB CA8 (Chandelier)",0.0596363934151212,5.2609820322254,0.852218723892592,0.35730887209016,0.999998866570966,0.999994427475806,"ya_adult_cogact_freq"
"1149","PTCD3","Inh PVALB CA8 (Chandelier)",0.0408360537971853,6.216169590432,0.864419281600043,0.353898883355872,0.999998866570966,0.999994427475806,"ya_adult_cogact_freq"
"1150","IMMT","Inh PVALB CA8 (Chandelier)",-0.0475743439098451,5.8198340399552,0.882017978104746,0.349058456302083,0.999998866570966,0.999994427475806,"ya_adult_cogact_freq"
"1151","MRPL35","Inh PVALB CA8 (Chandelier)",-0.052331388285827,4.3212095227263,0.336353633928707,0.562753500695722,0.999998866570966,0.999994427475806,"ya_adult_cogact_freq"
"1152","REEP1","Inh PVALB CA8 (Chandelier)",0.0128223200998272,6.53167399394688,0.0918743173475104,0.832758794784723,0.999998866570966,0.999994427475806,"ya_adult_cogact_freq"
"1153","KDM3A","Inh PVALB CA8 (Chandelier)",-0.0524396437479136,4.79653897471504,0.354353694783226,0.552495908836688,0.999998866570966,0.999994427475806,"ya_adult_cogact_freq"
"1154","CHMP3","Inh PVALB CA8 (Chandelier)",-0.121512953186083,4.1036482528738,1.32981671458868,0.25054948351038,0.999998866570966,0.999994427475806,"ya_adult_cogact_freq"
"1155","RNF103-CHMP3","Inh PVALB CA8 (Chandelier)",0.0255964359024985,4.58395545440379,0.0662378037481707,0.7972245496758,0.999998866570966,0.999994427475806,"ya_adult_cogact_freq"
"1156","RMND5A","Inh PVALB CA8 (Chandelier)",0.0756143181178694,6.06906014165253,2.04233961998045,0.154914406965913,0.999998866570966,0.999994427475806,"ya_adult_cogact_freq"
"1157","PLGLB1","Inh PVALB CA8 (Chandelier)",-0.00898320085439197,6.11740315452392,0.0321364285841419,0.971843024477155,0.999998866570966,0.999994427475806,"ya_adult_cogact_freq"
"1158","CYTOR","Inh PVALB CA8 (Chandelier)",-0.269847717916156,3.64977282930342,1.89260214194985,0.170822371417137,0.999998866570966,0.999994427475806,"ya_adult_cogact_freq"
"1159","KRCC1","Inh PVALB CA8 (Chandelier)",0.109888867468317,4.38081700418509,1.27312374653426,0.260862502291865,0.999998866570966,0.999994427475806,"ya_adult_cogact_freq"
"1160","EIF2AK3","Inh PVALB CA8 (Chandelier)",-0.0675321500187398,6.64984068606449,0.676292050461059,0.412084534179076,0.999998866570966,0.999994427475806,"ya_adult_cogact_freq"
"1161","RPIA","Inh PVALB CA8 (Chandelier)",-0.0543920807918288,4.57866082185413,0.442319354496549,0.545056582852912,0.999998866570966,0.999994427475806,"ya_adult_cogact_freq"
"1162","MRPS5","Inh PVALB CA8 (Chandelier)",0.0358707978482845,6.4628195600345,0.733503103737799,0.393024825828809,0.999998866570966,0.999994427475806,"ya_adult_cogact_freq"
"1163","AC092835.1","Inh PVALB CA8 (Chandelier)",0.167631498474218,5.16473829953754,5.76457421692457,0.0174942982790693,0.999998866570966,0.999994427475806,"ya_adult_cogact_freq"
"1164","FAHD2A","Inh PVALB CA8 (Chandelier)",-0.0339259750925316,4.87995691155028,0.235666423560881,0.62801464587369,0.999998866570966,0.999994427475806,"ya_adult_cogact_freq"
"1165","LINC00342","Inh PVALB CA8 (Chandelier)",0.026290874027661,4.07778048878026,0.0600869451672227,0.806671193447283,0.999998866570966,0.999994427475806,"ya_adult_cogact_freq"
"1166","ANKRD36C","Inh PVALB CA8 (Chandelier)",0.057639136999053,7.92004252567438,2.49102969441872,0.116462430833146,0.999998866570966,0.999994427475806,"ya_adult_cogact_freq"
"1167","STARD7","Inh PVALB CA8 (Chandelier)",0.0384529403026257,5.3487011996593,0.523974258073955,0.470203281878411,0.999998866570966,0.999994427475806,"ya_adult_cogact_freq"
"1168","TMEM127","Inh PVALB CA8 (Chandelier)",0.0288957234783901,4.87707465028865,0.143610133077798,0.705218132257369,0.999998866570966,0.999994427475806,"ya_adult_cogact_freq"
"1169","CIAO1","Inh PVALB CA8 (Chandelier)",-0.0472729940367622,5.094924678403,0.400451674915576,0.527755161986511,0.999998866570966,0.999994427475806,"ya_adult_cogact_freq"
"1170","SNRNP200","Inh PVALB CA8 (Chandelier)",0.0322713650986457,5.36526572738196,0.311198205231475,0.577721838862482,0.999998866570966,0.999994427475806,"ya_adult_cogact_freq"
"1171","ARID5A","Inh PVALB CA8 (Chandelier)",-0.0813160538022237,4.29283790740313,0.432322380867804,0.511791883030983,0.999998866570966,0.999994427475806,"ya_adult_cogact_freq"
"1172","KANSL3","Inh PVALB CA8 (Chandelier)",0.0561768474935829,5.64903093516184,0.998179149727626,0.319252914370106,0.999998866570966,0.999994427475806,"ya_adult_cogact_freq"
"1173","LMAN2L","Inh PVALB CA8 (Chandelier)",0.0197518402016838,4.75414398304122,0.0778106772536186,0.791495406204916,0.999998866570966,0.999994427475806,"ya_adult_cogact_freq"
"1174","CNNM4","Inh PVALB CA8 (Chandelier)",-0.0674853929296265,4.89665306649689,0.897996602358621,0.344741705356214,0.999998866570966,0.999994427475806,"ya_adult_cogact_freq"
"1175","ANKRD23","Inh PVALB CA8 (Chandelier)",0.00934939100784979,5.3354211184928,0.0153579958218993,0.901527582217824,0.999998866570966,0.999994427475806,"ya_adult_cogact_freq"
"1176","FAHD2B","Inh PVALB CA8 (Chandelier)",-0.22580683566023,4.44806205148359,6.41562580111908,0.0122698865572918,0.999998866570966,0.999994427475806,"ya_adult_cogact_freq"
"1177","ANKRD36","Inh PVALB CA8 (Chandelier)",0.0299155126850771,7.7004689633805,0.477181274093321,0.490698044196124,0.999998866570966,0.999994427475806,"ya_adult_cogact_freq"
"1178","AC092683.1","Inh PVALB CA8 (Chandelier)",0.0269733180065043,7.8392365439815,0.251807112659758,0.616492030382078,0.999998866570966,0.999994427475806,"ya_adult_cogact_freq"
"1179","ANKRD36B","Inh PVALB CA8 (Chandelier)",-0.0215090673003514,5.94447558901035,0.100533473355748,0.751601768173904,0.999998866570966,0.999994427475806,"ya_adult_cogact_freq"
"1180","COX5B","Inh PVALB CA8 (Chandelier)",-0.172475549989987,5.16654389081442,3.84719830355997,0.0515564383567164,0.999998866570966,0.999994427475806,"ya_adult_cogact_freq"
"1181","ACTR1B","Inh PVALB CA8 (Chandelier)",-0.0819965881023108,5.42719377945944,1.3139086609274,0.253391457372573,0.999998866570966,0.999994427475806,"ya_adult_cogact_freq"
"1182","C2orf92","Inh PVALB CA8 (Chandelier)",-0.108842169349435,4.03244870988585,0.895231101990487,0.345483599502225,0.999998866570966,0.999994427475806,"ya_adult_cogact_freq"
"1183","TMEM131","Inh PVALB CA8 (Chandelier)",-0.0122838641072112,7.37583532261265,0.133806503659059,0.832459429731521,0.999998866570966,0.999994427475806,"ya_adult_cogact_freq"
"1184","INPP4A","Inh PVALB CA8 (Chandelier)",0.0166751153858888,8.23884920988099,0.220399785086125,0.639371575879548,0.999998866570966,0.999994427475806,"ya_adult_cogact_freq"
"1185","COA5","Inh PVALB CA8 (Chandelier)",-0.295205650230315,4.15715207334014,9.36129221489326,0.00259729523267543,0.999998866570966,0.999994427475806,"ya_adult_cogact_freq"
"1186","UNC50","Inh PVALB CA8 (Chandelier)",0.0196211276232259,4.69523298265248,0.067009215544367,0.796073338350631,0.999998866570966,0.999994427475806,"ya_adult_cogact_freq"
"1187","MGAT4A","Inh PVALB CA8 (Chandelier)",0.114906840988541,5.20323587281037,4.09174066814286,0.0447505378307154,0.999998866570966,0.999994427475806,"ya_adult_cogact_freq"
"1188","TSGA10","Inh PVALB CA8 (Chandelier)",0.100689234247895,5.76923044688262,2.98646403522871,0.0858834547953727,0.999998866570966,0.999994427475806,"ya_adult_cogact_freq"
"1189","AC079447.1","Inh PVALB CA8 (Chandelier)",0.0130223839117028,7.19555121686236,0.101125166777198,0.750896239871245,0.999998866570966,0.999994427475806,"ya_adult_cogact_freq"
"1190","TXNDC9","Inh PVALB CA8 (Chandelier)",-0.0883476422440834,3.94880400501598,0.698428688471822,0.404552535332855,0.999998866570966,0.999994427475806,"ya_adult_cogact_freq"
"1191","EIF5B","Inh PVALB CA8 (Chandelier)",-0.0294739362411271,5.77815776873238,0.368064814721967,0.544916795368723,0.999998866570966,0.999994427475806,"ya_adult_cogact_freq"
"1192","REV1","Inh PVALB CA8 (Chandelier)",0.0849699492234052,7.00302653485917,7.60208976282908,0.00650484269453652,0.999998866570966,0.999994427475806,"ya_adult_cogact_freq"
"1193","AFF3","Inh PVALB CA8 (Chandelier)",-0.0540700105191416,10.1350011235051,3.30678244621682,0.0708556667943606,0.999998866570966,0.999994427475806,"ya_adult_cogact_freq"
"1194","LONRF2","Inh PVALB CA8 (Chandelier)",-0.0143940521307159,6.91108516061115,0.124044327410633,0.725150087261328,0.999998866570966,0.999994427475806,"ya_adult_cogact_freq"
"1195","NPAS2","Inh PVALB CA8 (Chandelier)",0.0166594542368158,6.66079090683216,0.0553256470348737,0.814341949604221,0.999998866570966,0.999994427475806,"ya_adult_cogact_freq"
"1196","RPL31","Inh PVALB CA8 (Chandelier)",-0.0216262667614933,4.9641956758992,0.0990865323301715,0.753336770444904,0.999998866570966,0.999994427475806,"ya_adult_cogact_freq"
"1197","TBC1D8","Inh PVALB CA8 (Chandelier)",-0.00445290253637745,6.67346781264627,0.0115905724874635,0.914400021744388,0.999998866570966,0.999994427475806,"ya_adult_cogact_freq"
"1198","CNOT11","Inh PVALB CA8 (Chandelier)",-0.0692724793822584,4.17044420709334,0.586644733260622,0.467435872945743,0.999998866570966,0.999994427475806,"ya_adult_cogact_freq"
"1199","RNF149","Inh PVALB CA8 (Chandelier)",0.0322353158177418,6.59506902901217,0.570624520505332,0.451116161855975,0.999998866570966,0.999994427475806,"ya_adult_cogact_freq"
"1200","CREG2","Inh PVALB CA8 (Chandelier)",0.0742493884981377,5.31377963179688,0.894771426922756,0.345607126028865,0.999998866570966,0.999994427475806,"ya_adult_cogact_freq"
"1201","MAP4K4","Inh PVALB CA8 (Chandelier)",0.00420004110111719,7.34352788308653,0.0168233939457476,0.896961946971331,0.999998866570966,0.999994427475806,"ya_adult_cogact_freq"
"1202","MRPS9","Inh PVALB CA8 (Chandelier)",-0.0868609095846029,5.43367299996579,2.1286305283146,0.146520943236712,0.999998866570966,0.999994427475806,"ya_adult_cogact_freq"
"1203","TGFBRAP1","Inh PVALB CA8 (Chandelier)",0.0598615963199993,4.62802833409645,0.735911308828595,0.392250889981819,0.999998866570966,0.999994427475806,"ya_adult_cogact_freq"
"1204","C2orf49","Inh PVALB CA8 (Chandelier)",0.0928656991259009,4.08753907669485,0.829695259734529,0.363724395160122,0.999998866570966,0.999994427475806,"ya_adult_cogact_freq"
"1205","NCK2","Inh PVALB CA8 (Chandelier)",-0.00731752571204827,6.92193982095518,0.0294804435375391,0.863890344173354,0.999998866570966,0.999994427475806,"ya_adult_cogact_freq"
"1206","UXS1","Inh PVALB CA8 (Chandelier)",-0.0242951891069127,6.06508528955616,0.24209652653851,0.6773852323778,0.999998866570966,0.999994427475806,"ya_adult_cogact_freq"
"1207","ST6GAL2","Inh PVALB CA8 (Chandelier)",0.0398096147775813,6.30166040831573,0.352551551758898,0.553506824466159,0.999998866570966,0.999994427475806,"ya_adult_cogact_freq"
"1208","GCC2","Inh PVALB CA8 (Chandelier)",0.00722686470873793,6.729961436057,0.0401972930347895,0.841348735063393,0.999998866570966,0.999994427475806,"ya_adult_cogact_freq"
"1209","LIMS1","Inh PVALB CA8 (Chandelier)",-0.0498749055907336,6.34208613513729,0.751818415259945,0.387193444091285,0.999998866570966,0.999994427475806,"ya_adult_cogact_freq"
"1210","RANBP2","Inh PVALB CA8 (Chandelier)",-0.00925764331045853,6.66344290758063,0.057964148304401,0.810049871557082,0.999998866570966,0.999994427475806,"ya_adult_cogact_freq"
"1211","CCDC138","Inh PVALB CA8 (Chandelier)",0.040566811667567,7.0970584273099,0.859085612807853,0.355384073814587,0.999998866570966,0.999994427475806,"ya_adult_cogact_freq"
"1212","SH3RF3","Inh PVALB CA8 (Chandelier)",0.0236120816582233,8.55390085006938,0.323476255474332,0.570319657093255,0.999998866570966,0.999994427475806,"ya_adult_cogact_freq"
"1213","SEPT10","Inh PVALB CA8 (Chandelier)",0.065105550557573,4.59855737566448,0.467760154176941,0.495004052107823,0.999998866570966,0.999994427475806,"ya_adult_cogact_freq"
"1214","NPHP1","Inh PVALB CA8 (Chandelier)",-0.0117851550268859,4.60551115230626,0.0172079618640313,0.895797626711349,0.999998866570966,0.999994427475806,"ya_adult_cogact_freq"
"1215","SMIM37","Inh PVALB CA8 (Chandelier)",-0.126123814631643,3.9293902361419,0.936990172671691,0.334507074409232,0.999998866570966,0.999994427475806,"ya_adult_cogact_freq"
"1216","MIR4435-2HG","Inh PVALB CA8 (Chandelier)",-0.177235032517235,6.09682964858612,1.9744301644953,0.161907816755033,0.999998866570966,0.999994427475806,"ya_adult_cogact_freq"
"1217","BCL2L11","Inh PVALB CA8 (Chandelier)",0.138172247815436,4.20193509249431,1.85600312254402,0.174992405335521,0.999998866570966,0.999994427475806,"ya_adult_cogact_freq"
"1218","ANAPC1","Inh PVALB CA8 (Chandelier)",-0.00345112347890798,6.13593243826159,0.00512874590158779,0.942997107739423,0.999998866570966,0.999994427475806,"ya_adult_cogact_freq"
"1219","TMEM87B","Inh PVALB CA8 (Chandelier)",0.00213179651031233,5.270794267756,0.000790265971107123,0.977607953092302,0.999998866570966,0.999994427475806,"ya_adult_cogact_freq"
"1220","FBLN7","Inh PVALB CA8 (Chandelier)",0.0914791427629734,6.64190307504515,3.73077439525894,0.0551775307857025,0.999998866570966,0.999994427475806,"ya_adult_cogact_freq"
"1221","ZC3H8","Inh PVALB CA8 (Chandelier)",-0.0282358353546127,6.42176141427036,0.491732633217701,0.484169231923371,0.999998866570966,0.999994427475806,"ya_adult_cogact_freq"
"1222","ZC3H6","Inh PVALB CA8 (Chandelier)",0.025269615165335,6.42708332517875,0.280686413337846,0.596982574297908,0.999998866570966,0.999994427475806,"ya_adult_cogact_freq"
"1223","RGPD8","Inh PVALB CA8 (Chandelier)",-0.103000608020146,4.04901591855976,1.07510475246408,0.301352307864747,0.999998866570966,0.999994427475806,"ya_adult_cogact_freq"
"1224","TTL","Inh PVALB CA8 (Chandelier)",0.0281456509676801,5.82606292781109,0.27572651828834,0.600239394727647,0.999998866570966,0.999994427475806,"ya_adult_cogact_freq"
"1225","SLC20A1","Inh PVALB CA8 (Chandelier)",0.00985682362202855,4.34471193380493,0.0127132669514156,0.910366952629182,0.999998866570966,0.999994427475806,"ya_adult_cogact_freq"
"1226","CBWD2","Inh PVALB CA8 (Chandelier)",-0.0236821283562214,4.9517318135966,0.118047741985503,0.768741866982712,0.999998866570966,0.999994427475806,"ya_adult_cogact_freq"
"1227","RABL2A","Inh PVALB CA8 (Chandelier)",-0.0815297814622393,4.8594776456535,1.08733459003677,0.298628046943694,0.999998866570966,0.999994427475806,"ya_adult_cogact_freq"
"1228","SLC35F5","Inh PVALB CA8 (Chandelier)",0.0218641668452953,6.19174793630674,0.206636206280259,0.650029973373656,0.999998866570966,0.999994427475806,"ya_adult_cogact_freq"
"1229","ACTR3","Inh PVALB CA8 (Chandelier)",-0.127611136542607,5.33968055193402,5.97880529148528,0.0155581354957626,0.999998866570966,0.999994427475806,"ya_adult_cogact_freq"
"1230","DPP10","Inh PVALB CA8 (Chandelier)",0.0413907415763338,14.0073107116722,1.85215058977127,0.175438188462885,0.999998866570966,0.999994427475806,"ya_adult_cogact_freq"
"1231","DPP10-AS3","Inh PVALB CA8 (Chandelier)",-0.192156600455275,5.18177899365328,2.87152284803948,0.0920957560797593,0.999998866570966,0.999994427475806,"ya_adult_cogact_freq"
"1232","DPP10-AS1","Inh PVALB CA8 (Chandelier)",-0.10655662947649,4.82312936633747,1.19193199293411,0.276573648978627,0.999998866570966,0.999994427475806,"ya_adult_cogact_freq"
"1233","DDX18","Inh PVALB CA8 (Chandelier)",-0.0539632354053635,5.391610730624,0.565499119814919,0.453152569922166,0.999998866570966,0.999994427475806,"ya_adult_cogact_freq"
"1234","CCDC93","Inh PVALB CA8 (Chandelier)",0.0643018989059904,6.16488180572948,1.93864154558616,0.165739003702193,0.999998866570966,0.999994427475806,"ya_adult_cogact_freq"
"1235","INSIG2","Inh PVALB CA8 (Chandelier)",-0.00213138708893018,4.6983139325294,0.000879153549001093,0.976382547635614,0.999998866570966,0.999994427475806,"ya_adult_cogact_freq"
"1236","CFAP221","Inh PVALB CA8 (Chandelier)",0.0280219547310045,4.92975552525394,0.100871006240463,0.751199018630178,0.999998866570966,0.999994427475806,"ya_adult_cogact_freq"
"1237","PTPN4","Inh PVALB CA8 (Chandelier)",0.0121155809466314,8.2345313322144,0.13562415695638,0.713155004497904,0.999998866570966,0.999994427475806,"ya_adult_cogact_freq"
"1238","EPB41L5","Inh PVALB CA8 (Chandelier)",0.0104079338068609,6.76719719792816,0.0567645732134178,0.811988146952507,0.999998866570966,0.999994427475806,"ya_adult_cogact_freq"
"1239","RALB","Inh PVALB CA8 (Chandelier)",0.0162671792988181,4.5089603124262,0.0305316520975697,0.861509228170266,0.999998866570966,0.999994427475806,"ya_adult_cogact_freq"
"1240","CLASP1","Inh PVALB CA8 (Chandelier)",0.0214422205792634,8.1636988754977,0.459061211033787,0.499036940157358,0.999998866570966,0.999994427475806,"ya_adult_cogact_freq"
"1241","NIFK-AS1","Inh PVALB CA8 (Chandelier)",0.108246246864052,4.94328138636509,2.19475833642092,0.140438279163763,0.999998866570966,0.999994427475806,"ya_adult_cogact_freq"
"1242","TSN","Inh PVALB CA8 (Chandelier)",-0.155274987482857,4.65033162518249,3.37753746941237,0.0679365459366396,0.999998866570966,0.999994427475806,"ya_adult_cogact_freq"
"1243","CNTNAP5","Inh PVALB CA8 (Chandelier)",0.042427411200831,11.1680139742817,1.15394889297965,0.284333696845465,0.999998866570966,0.999994427475806,"ya_adult_cogact_freq"
"1244","BIN1","Inh PVALB CA8 (Chandelier)",0.0300508991501879,6.20860369483396,0.429378611816049,0.513230555641652,0.999998866570966,0.999994427475806,"ya_adult_cogact_freq"
"1245","ERCC3","Inh PVALB CA8 (Chandelier)",-0.167398669013418,5.21642212921986,7.0258577418293,0.00883744298850528,0.999998866570966,0.999994427475806,"ya_adult_cogact_freq"
"1246","MAP3K2","Inh PVALB CA8 (Chandelier)",-0.0344543600637938,6.7099081006662,0.721042237379356,0.397064922095479,0.999998866570966,0.999994427475806,"ya_adult_cogact_freq"
"1247","IWS1","Inh PVALB CA8 (Chandelier)",0.0689526027660912,6.50218054391432,2.49146033770536,0.116431098935097,0.999998866570966,0.999994427475806,"ya_adult_cogact_freq"
"1248","WDR33","Inh PVALB CA8 (Chandelier)",0.0483068794889645,6.98738509923781,1.76631633817896,0.282054001998414,0.999998866570966,0.999994427475806,"ya_adult_cogact_freq"
"1249","POLR2D","Inh PVALB CA8 (Chandelier)",0.143156364838022,4.06519359039967,2.31856135589212,0.129802803693238,0.999998866570966,0.999994427475806,"ya_adult_cogact_freq"
"1250","SAP130","Inh PVALB CA8 (Chandelier)",0.0279482686295315,5.38461259029533,0.166616885427276,0.683679293215622,0.999998866570966,0.999994427475806,"ya_adult_cogact_freq"
"1251","UGGT1","Inh PVALB CA8 (Chandelier)",-0.0426516562344365,5.4297756556295,0.551656554032244,0.458725520763251,0.999998866570966,0.999994427475806,"ya_adult_cogact_freq"
"1252","HS6ST1","Inh PVALB CA8 (Chandelier)",0.0290241724441817,5.68698975249592,0.240784472908934,0.624309210484278,0.999998866570966,0.999994427475806,"ya_adult_cogact_freq"
"1253","SMPD4","Inh PVALB CA8 (Chandelier)",-0.0209654156069068,6.17528811810625,0.137045232798473,0.711723561150211,0.999998866570966,0.999994427475806,"ya_adult_cogact_freq"
"1254","MZT2B","Inh PVALB CA8 (Chandelier)",-0.126878425515528,4.94452200858873,2.69325181734684,0.102728910068725,0.999998866570966,0.999994427475806,"ya_adult_cogact_freq"
"1255","CCDC115","Inh PVALB CA8 (Chandelier)",0.0650015729761007,3.99774848710526,0.274683562346211,0.600928987007052,0.999998866570966,0.999994427475806,"ya_adult_cogact_freq"
"1256","PTPN18","Inh PVALB CA8 (Chandelier)",-0.0430237501572525,5.44968526587092,0.567943426272044,0.732378947088305,0.999998866570966,0.999994427475806,"ya_adult_cogact_freq"
"1257","ARHGEF4","Inh PVALB CA8 (Chandelier)",-0.0325433318196606,7.07357425016766,0.659774683454955,0.417840632608513,0.999998866570966,0.999994427475806,"ya_adult_cogact_freq"
"1258","FAM168B","Inh PVALB CA8 (Chandelier)",-0.00551375020069552,6.51047891162366,0.0167471323541517,0.952000178778999,0.999998866570966,0.999994427475806,"ya_adult_cogact_freq"
"1259","PLEKHB2","Inh PVALB CA8 (Chandelier)",0.00610019775767221,5.92553462372053,0.00834878462604775,0.927311011901664,0.999998866570966,0.999994427475806,"ya_adult_cogact_freq"
"1260","MZT2A","Inh PVALB CA8 (Chandelier)",-0.0673705071760401,5.03923831677086,1.11094071472741,0.326055033426646,0.999998866570966,0.999994427475806,"ya_adult_cogact_freq"
"1261","ANKRD30BL","Inh PVALB CA8 (Chandelier)",-0.0373462944350026,5.73000472832153,0.112826777968077,0.737386535190114,0.999998866570966,0.999994427475806,"ya_adult_cogact_freq"
"1262","NCKAP5","Inh PVALB CA8 (Chandelier)",0.0240684787823648,3.9560552389251,0.0398973560021558,0.841933834477373,0.999998866570966,0.999994427475806,"ya_adult_cogact_freq"
"1263","MGAT5","Inh PVALB CA8 (Chandelier)",-0.00073397339409398,8.42200870172348,0.000398641667453595,0.984095243645978,0.999998866570966,0.999994427475806,"ya_adult_cogact_freq"
"1264","TMEM163","Inh PVALB CA8 (Chandelier)",0.135758443802399,4.22997594803388,1.5043018764825,0.22180396836528,0.999998866570966,0.999994427475806,"ya_adult_cogact_freq"
"1265","CCNT2-AS1","Inh PVALB CA8 (Chandelier)",0.0299844727264498,5.76185259198982,0.143139534587489,0.70567874483499,0.999998866570966,0.999994427475806,"ya_adult_cogact_freq"
"1266","CCNT2","Inh PVALB CA8 (Chandelier)",0.0102655018821554,6.05009336181376,0.0555541861056163,0.81396596271158,0.999998866570966,0.999994427475806,"ya_adult_cogact_freq"
"1267","RAB3GAP1","Inh PVALB CA8 (Chandelier)",-0.0307948524717903,7.27178299852277,0.684597173430303,0.409234660270163,0.999998866570966,0.999994427475806,"ya_adult_cogact_freq"
"1268","ZRANB3","Inh PVALB CA8 (Chandelier)",-0.0080554305642098,6.35676056415445,0.0237540174265949,0.87770575878338,0.999998866570966,0.999994427475806,"ya_adult_cogact_freq"
"1269","R3HDM1","Inh PVALB CA8 (Chandelier)",0.0417042492307349,9.16742643933295,1.92105994568789,0.167659341323131,0.999998866570966,0.999994427475806,"ya_adult_cogact_freq"
"1270","UBXN4","Inh PVALB CA8 (Chandelier)",-0.0187617401016108,6.56219929995556,0.253876579955323,0.61504836062657,0.999998866570966,0.999994427475806,"ya_adult_cogact_freq"
"1271","DARS","Inh PVALB CA8 (Chandelier)",0.0782637211491649,5.72278920222909,1.98758960393213,0.160524793473654,0.999998866570966,0.999994427475806,"ya_adult_cogact_freq"
"1272","HNMT","Inh PVALB CA8 (Chandelier)",0.0452706716808067,4.23876662687802,0.137370083213433,0.711397527640014,0.999998866570966,0.999994427475806,"ya_adult_cogact_freq"
"1273","SPOPL","Inh PVALB CA8 (Chandelier)",0.0508391950746333,5.75643602955583,1.30710996377325,0.254618214062737,0.999998866570966,0.999994427475806,"ya_adult_cogact_freq"
"1274","NXPH2","Inh PVALB CA8 (Chandelier)",-0.114709091003669,4.61706946463994,1.02969179320141,0.311755806006455,0.999998866570966,0.999994427475806,"ya_adult_cogact_freq"
"1275","LRP1B","Inh PVALB CA8 (Chandelier)",0.0581261752134644,9.90758681683667,2.21340529406324,0.138775185000903,0.999998866570966,0.999994427475806,"ya_adult_cogact_freq"
"1276","GTDC1","Inh PVALB CA8 (Chandelier)",0.0142084582389792,8.12495157666497,0.119301528880309,0.730244798679778,0.999998866570966,0.999994427475806,"ya_adult_cogact_freq"
"1277","ZEB2","Inh PVALB CA8 (Chandelier)",0.0597245999127427,9.64420748320314,2.62053397063058,0.107449101421981,0.999998866570966,0.999994427475806,"ya_adult_cogact_freq"
"1278","TEX41","Inh PVALB CA8 (Chandelier)",-0.273376636406017,3.56248892929564,1.92403299571759,0.167332815093715,0.999998866570966,0.999994427475806,"ya_adult_cogact_freq"
"1279","ACVR2A","Inh PVALB CA8 (Chandelier)",-0.0187011947306462,5.46613656683778,0.0898336748209993,0.764775876565284,0.999998866570966,0.999994427475806,"ya_adult_cogact_freq"
"1280","ORC4","Inh PVALB CA8 (Chandelier)",0.0287708436210327,6.60348798126412,0.445404845420952,0.505482081085928,0.999998866570966,0.999994427475806,"ya_adult_cogact_freq"
"1281","MBD5","Inh PVALB CA8 (Chandelier)",0.0396732222922535,9.05039399592362,1.40102240522026,0.23829970164953,0.999998866570966,0.999994427475806,"ya_adult_cogact_freq"
"1282","EPC2","Inh PVALB CA8 (Chandelier)",-0.00717123212648895,6.34375925669732,0.0180438223761938,0.893311788560254,0.999998866570966,0.999994427475806,"ya_adult_cogact_freq"
"1283","AC105402.3","Inh PVALB CA8 (Chandelier)",0.174092994828803,7.82606713458,1.6530542917752,0.200392608091348,0.999998866570966,0.999994427475806,"ya_adult_cogact_freq"
"1284","KIF5C","Inh PVALB CA8 (Chandelier)",-0.00203803335021785,8.81451777514383,0.0065858038724686,0.93542124602195,0.999998866570966,0.999994427475806,"ya_adult_cogact_freq"
"1285","LYPD6B","Inh PVALB CA8 (Chandelier)",-0.00122594654193893,6.7519897042547,0.000514435095236911,0.981932729925006,0.999998866570966,0.999994427475806,"ya_adult_cogact_freq"
"1286","LYPD6","Inh PVALB CA8 (Chandelier)",-0.0541150995327166,6.37840965852397,0.775297233072871,0.379897676296817,0.999998866570966,0.999994427475806,"ya_adult_cogact_freq"
"1287","MMADHC","Inh PVALB CA8 (Chandelier)",-0.0994558267707071,4.25802954073234,1.0462034891296,0.307919747086917,0.999998866570966,0.999994427475806,"ya_adult_cogact_freq"
"1288","AC007364.1","Inh PVALB CA8 (Chandelier)",0.072364666176751,5.24219856880037,0.774767180093219,0.380060215476128,0.999998866570966,0.999994427475806,"ya_adult_cogact_freq"
"1289","RND3","Inh PVALB CA8 (Chandelier)",-0.0552899222879915,4.67254480108326,0.177313924476038,0.674254260665612,0.999998866570966,0.999994427475806,"ya_adult_cogact_freq"
"1290","RIF1","Inh PVALB CA8 (Chandelier)",0.0268208710195669,6.8640155224492,0.542221554710753,0.46258661857337,0.999998866570966,0.999994427475806,"ya_adult_cogact_freq"
"1291","NEB","Inh PVALB CA8 (Chandelier)",0.115516523392553,4.4554670147862,1.13837767371438,0.287595019647755,0.999998866570966,0.999994427475806,"ya_adult_cogact_freq"
"1292","ARL5A","Inh PVALB CA8 (Chandelier)",0.0889838113019245,4.97496889416208,1.48132165691845,0.225351480833297,0.999998866570966,0.999994427475806,"ya_adult_cogact_freq"
"1293","CACNB4","Inh PVALB CA8 (Chandelier)",0.0538820414111946,8.23921060259023,1.65159926681189,0.20058979128592,0.999998866570966,0.999994427475806,"ya_adult_cogact_freq"
"1294","STAM2","Inh PVALB CA8 (Chandelier)",0.019741282394243,5.38333577569278,0.10234324683934,0.749450941726974,0.999998866570966,0.999994427475806,"ya_adult_cogact_freq"
"1295","FMNL2","Inh PVALB CA8 (Chandelier)",0.0327022934156546,7.24916995515028,0.569443723132367,0.451584035687431,0.999998866570966,0.999994427475806,"ya_adult_cogact_freq"
"1296","PRPF40A","Inh PVALB CA8 (Chandelier)",0.0624012986046971,6.02410865768822,1.83648237389033,0.177264834659341,0.999998866570966,0.999994427475806,"ya_adult_cogact_freq"
"1297","ARL6IP6","Inh PVALB CA8 (Chandelier)",-0.0899051284232931,4.93526700626852,1.2574133433715,0.26381343503417,0.999998866570966,0.999994427475806,"ya_adult_cogact_freq"
"1298","GALNT13","Inh PVALB CA8 (Chandelier)",0.0220362278429561,7.6886236381135,0.150547514067097,0.698525963961434,0.999998866570966,0.999994427475806,"ya_adult_cogact_freq"
"1299","KCNJ3","Inh PVALB CA8 (Chandelier)",0.0935468587310526,8.9973020214314,4.40688970448585,0.0373561516583228,0.999998866570966,0.999994427475806,"ya_adult_cogact_freq"
"1300","LINC01876","Inh PVALB CA8 (Chandelier)",0.431618896162412,3.23349088654388,3.35951543560539,0.0686675334554716,0.999998866570966,0.999994427475806,"ya_adult_cogact_freq"
"1301","GPD2","Inh PVALB CA8 (Chandelier)",0.0213045359336975,5.29510051859364,0.11138561199734,0.7390070383743,0.999998866570966,0.999994427475806,"ya_adult_cogact_freq"
"1302","ACVR1","Inh PVALB CA8 (Chandelier)",0.0075337155785665,4.78257283412984,0.00741589383934691,0.931481693970935,0.999998866570966,0.999994427475806,"ya_adult_cogact_freq"
"1303","UPP2","Inh PVALB CA8 (Chandelier)",-0.00967100628667805,6.6243503149826,0.0257043302964499,0.872825788016347,0.999998866570966,0.999994427475806,"ya_adult_cogact_freq"
"1304","CCDC148","Inh PVALB CA8 (Chandelier)",-0.024154571185925,6.54176350364065,0.152433967266101,0.696736985108798,0.999998866570966,0.999994427475806,"ya_adult_cogact_freq"
"1305","PKP4","Inh PVALB CA8 (Chandelier)",0.0245575262145213,8.94631280875153,0.456292422643448,0.500332287780042,0.999998866570966,0.999994427475806,"ya_adult_cogact_freq"
"1306","TANC1","Inh PVALB CA8 (Chandelier)",-0.061109867737541,6.93956321206545,1.48079831402507,0.225433065339684,0.999998866570966,0.999994427475806,"ya_adult_cogact_freq"
"1307","WDSUB1","Inh PVALB CA8 (Chandelier)",-0.0831622096629072,6.50512047258262,3.30397851665303,0.0709741063008326,0.999998866570966,0.999994427475806,"ya_adult_cogact_freq"
"1308","BAZ2B","Inh PVALB CA8 (Chandelier)",-0.014624254814961,7.55104223603765,0.14075095945845,0.708030089881612,0.999998866570966,0.999994427475806,"ya_adult_cogact_freq"
"1309","AC009961.1","Inh PVALB CA8 (Chandelier)",0.123556984881079,5.12726255984701,3.28985830196923,0.0715738155842273,0.999998866570966,0.999994427475806,"ya_adult_cogact_freq"
"1310","MARCH7","Inh PVALB CA8 (Chandelier)",0.00910235015675949,6.32224339542372,0.0452471788601583,0.83181964940912,0.999998866570966,0.999994427475806,"ya_adult_cogact_freq"
"1311","PLA2R1","Inh PVALB CA8 (Chandelier)",0.0553221556883294,5.86544051613775,0.614703202543601,0.43417609350473,0.999998866570966,0.999994427475806,"ya_adult_cogact_freq"
"1312","RBMS1","Inh PVALB CA8 (Chandelier)",0.0171687378922688,8.05708767424348,0.178295336041469,0.673406474474819,0.999998866570966,0.999994427475806,"ya_adult_cogact_freq"
"1313","TANK","Inh PVALB CA8 (Chandelier)",0.0520637109685059,6.13658377045115,1.26371189830426,0.281348782818787,0.999998866570966,0.999994427475806,"ya_adult_cogact_freq"
"1314","PSMD14","Inh PVALB CA8 (Chandelier)",0.0735193093651565,5.95588887671876,2.09717735416259,0.185283497754767,0.999998866570966,0.999994427475806,"ya_adult_cogact_freq"
"1315","SLC4A10","Inh PVALB CA8 (Chandelier)",0.0183030628256593,9.88220392403676,0.428676882809062,0.513574544736937,0.999998866570966,0.999994427475806,"ya_adult_cogact_freq"
"1316","GCA","Inh PVALB CA8 (Chandelier)",-0.040256794511251,5.0116433304636,0.25860302009811,0.611778661477956,0.999998866570966,0.999994427475806,"ya_adult_cogact_freq"
"1317","KCNH7","Inh PVALB CA8 (Chandelier)",0.0322323186697087,9.05941703956043,0.397995366980451,0.529022197383949,0.999998866570966,0.999994427475806,"ya_adult_cogact_freq"
"1318","FIGN","Inh PVALB CA8 (Chandelier)",0.0389466575233076,4.75490609698382,0.135374109450663,0.71340775685699,0.999998866570966,0.999994427475806,"ya_adult_cogact_freq"
"1319","COBLL1","Inh PVALB CA8 (Chandelier)",-0.00471286527569779,7.2757755519461,0.00731551152485329,0.931945864972022,0.999998866570966,0.999994427475806,"ya_adult_cogact_freq"
"1320","AC019197.1","Inh PVALB CA8 (Chandelier)",-0.0249423938739496,5.94514675202417,0.0939891305122542,0.759562471215174,0.999998866570966,0.999994427475806,"ya_adult_cogact_freq"
"1321","SCN3A","Inh PVALB CA8 (Chandelier)",-0.0133702137521999,7.13301894015785,0.0670941315641772,0.79594704748062,0.999998866570966,0.999994427475806,"ya_adult_cogact_freq"
"1322","SCN2A","Inh PVALB CA8 (Chandelier)",0.0509627073674489,8.41010536378382,2.56885083038395,0.110949832292024,0.999998866570966,0.999994427475806,"ya_adult_cogact_freq"
"1323","CSRNP3","Inh PVALB CA8 (Chandelier)",0.0249283657536715,8.47573757845147,0.588497020739371,0.44412603948973,0.999998866570966,0.999994427475806,"ya_adult_cogact_freq"
"1324","AC009495.1","Inh PVALB CA8 (Chandelier)",0.258745379110927,3.77452997075777,2.56568016276504,0.111168678802451,0.999998866570966,0.999994427475806,"ya_adult_cogact_freq"
"1325","TTC21B","Inh PVALB CA8 (Chandelier)",0.0692539303346388,7.01111049961839,4.65241455401836,0.0324955879545315,0.999998866570966,0.999994427475806,"ya_adult_cogact_freq"
"1326","AC010127.1","Inh PVALB CA8 (Chandelier)",-0.0129133771810627,8.9306212083897,0.0898817642712122,0.764714799439772,0.999998866570966,0.999994427475806,"ya_adult_cogact_freq"
"1327","SCN1A","Inh PVALB CA8 (Chandelier)",0.0315532305681744,9.61917364278664,1.29353338094795,0.25709010111545,0.999998866570966,0.999994427475806,"ya_adult_cogact_freq"
"1328","SCN9A","Inh PVALB CA8 (Chandelier)",-0.162808499369242,5.35813099791542,2.79905835224589,0.0962644924998566,0.999998866570966,0.999994427475806,"ya_adult_cogact_freq"
"1329","SCN7A","Inh PVALB CA8 (Chandelier)",-0.0546037145778418,4.72521858706853,0.304467941368632,0.581861078930841,0.999998866570966,0.999994427475806,"ya_adult_cogact_freq"
"1330","AC073050.1","Inh PVALB CA8 (Chandelier)",0.0357067383248752,10.2083310151527,0.502620120465115,0.479377947448978,0.999998866570966,0.999994427475806,"ya_adult_cogact_freq"
"1331","AC016723.1","Inh PVALB CA8 (Chandelier)",-0.097318864262988,4.56762526464346,0.799583886830094,0.372554537190411,0.999998866570966,0.999994427475806,"ya_adult_cogact_freq"
"1332","B3GALT1","Inh PVALB CA8 (Chandelier)",0.0864872622305277,4.71560457704199,0.889599581334911,0.347001090660596,0.999998866570966,0.999994427475806,"ya_adult_cogact_freq"
"1333","STK39","Inh PVALB CA8 (Chandelier)",-0.0477624191914657,6.63725873950584,1.00363820719653,0.317937273239123,0.999998866570966,0.999994427475806,"ya_adult_cogact_freq"
"1334","CERS6","Inh PVALB CA8 (Chandelier)",-0.00588093517810126,7.81107462022797,0.0239794871801998,0.877131360515751,0.999998866570966,0.999994427475806,"ya_adult_cogact_freq"
"1335","FASTKD1","Inh PVALB CA8 (Chandelier)",0.0559984414910761,6.69795051238147,1.59682151414441,0.208183563920969,0.999998866570966,0.999994427475806,"ya_adult_cogact_freq"
"1336","PPIG","Inh PVALB CA8 (Chandelier)",0.0804029533515808,6.85478836830621,4.62492037099662,0.0330050263563958,0.999998866570966,0.999994427475806,"ya_adult_cogact_freq"
"1337","CCDC173","Inh PVALB CA8 (Chandelier)",-0.121578850209564,3.12659103323476,0.322849973560151,0.570692696016432,0.999998866570966,0.999994427475806,"ya_adult_cogact_freq"
"1338","KLHL23","Inh PVALB CA8 (Chandelier)",0.0299563978856917,6.3856202370409,0.53652801753884,0.502453888791485,0.999998866570966,0.999994427475806,"ya_adult_cogact_freq"
"1339","SSB","Inh PVALB CA8 (Chandelier)",-0.0479678484665128,5.48737709001782,0.525591512257324,0.469520084635226,0.999998866570966,0.999994427475806,"ya_adult_cogact_freq"
"1340","UBR3","Inh PVALB CA8 (Chandelier)",0.00295784272944702,8.2541947165534,0.0101465294108024,0.919890322037355,0.999998866570966,0.999994427475806,"ya_adult_cogact_freq"
"1341","MYO3B","Inh PVALB CA8 (Chandelier)",0.0830365086902346,4.00035259131985,0.452157442179696,0.502277499867478,0.999998866570966,0.999994427475806,"ya_adult_cogact_freq"
"1342","GAD1","Inh PVALB CA8 (Chandelier)",-0.0579473512830703,7.98000470449309,1.03464707209736,0.310598036923971,0.999998866570966,0.999994427475806,"ya_adult_cogact_freq"
"1343","GORASP2","Inh PVALB CA8 (Chandelier)",-0.0526562413164637,4.86527288903576,0.5771516714031,0.448543532110441,0.999998866570966,0.999994427475806,"ya_adult_cogact_freq"
"1344","TLK1","Inh PVALB CA8 (Chandelier)",0.0194257571427358,7.52873256938101,0.258087221213642,0.61213364849531,0.999998866570966,0.999994427475806,"ya_adult_cogact_freq"
"1345","METTL8","Inh PVALB CA8 (Chandelier)",-0.0104939607682655,5.72711105370181,0.0196884451316218,0.88858635012889,0.999998866570966,0.999994427475806,"ya_adult_cogact_freq"
"1346","DCAF17","Inh PVALB CA8 (Chandelier)",0.0661726764324369,5.07758393852563,0.972756576349464,0.325475709024026,0.999998866570966,0.999994427475806,"ya_adult_cogact_freq"
"1347","DYNC1I2","Inh PVALB CA8 (Chandelier)",0.0278942947717247,7.0415318068418,0.411612653827171,0.522065780637466,0.999998866570966,0.999994427475806,"ya_adult_cogact_freq"
"1348","SLC25A12","Inh PVALB CA8 (Chandelier)",0.0231293204598365,8.35188114470034,0.514288211543852,0.474329033824048,0.999998866570966,0.999994427475806,"ya_adult_cogact_freq"
"1349","HAT1","Inh PVALB CA8 (Chandelier)",-0.0821494492504736,4.98573603682552,1.09782938628915,0.296315636091858,0.999998866570966,0.999994427475806,"ya_adult_cogact_freq"
"1350","METAP1D","Inh PVALB CA8 (Chandelier)",-0.0641340064822623,5.10942019309839,0.544599177496675,0.461608750532144,0.999998866570966,0.999994427475806,"ya_adult_cogact_freq"
"1351","DLX1","Inh PVALB CA8 (Chandelier)",0.201836970024172,4.16796959025972,2.79681119641606,0.0963970380278312,0.999998866570966,0.999994427475806,"ya_adult_cogact_freq"
"1352","PDK1","Inh PVALB CA8 (Chandelier)",0.0773541063228716,5.09888564100444,1.0954256597079,0.296843221784084,0.999998866570966,0.999994427475806,"ya_adult_cogact_freq"
"1353","RAPGEF4-AS1","Inh PVALB CA8 (Chandelier)",-0.0419152558292483,4.37389000805189,0.186011099306893,0.66683526651931,0.999998866570966,0.999994427475806,"ya_adult_cogact_freq"
"1354","RAPGEF4","Inh PVALB CA8 (Chandelier)",0.0432556375760251,9.01597919936656,2.0454658435757,0.154600897084329,0.999998866570966,0.999994427475806,"ya_adult_cogact_freq"
"1355","MAP3K20","Inh PVALB CA8 (Chandelier)",0.00569445421199774,6.75943884469948,0.0147114996432755,0.903612039732512,0.999998866570966,0.999994427475806,"ya_adult_cogact_freq"
"1356","CDCA7","Inh PVALB CA8 (Chandelier)",-0.146999130861045,4.40678872688323,2.10234535409906,0.149021481227603,0.999998866570966,0.999994427475806,"ya_adult_cogact_freq"
"1357","SP3","Inh PVALB CA8 (Chandelier)",-0.0266765354036908,5.96247028006616,0.334293848704834,0.563950610255844,0.999998866570966,0.999994427475806,"ya_adult_cogact_freq"
"1358","OLA1","Inh PVALB CA8 (Chandelier)",0.0466635534881851,7.31434487284554,2.25368348048018,0.135258287202469,0.999998866570966,0.999994427475806,"ya_adult_cogact_freq"
"1359","SP9","Inh PVALB CA8 (Chandelier)",-0.176923641554498,5.00182213152701,4.82128763965209,0.0295429650385426,0.999998866570966,0.999994427475806,"ya_adult_cogact_freq"
"1360","CIR1","Inh PVALB CA8 (Chandelier)",-0.00410752165710337,5.58002924400153,0.00607163904511953,0.944656170348218,0.999998866570966,0.999994427475806,"ya_adult_cogact_freq"
"1361","SCRN3","Inh PVALB CA8 (Chandelier)",-0.0365248195338553,5.21583845619472,0.276123593122108,0.599977290420141,0.999998866570966,0.999994427475806,"ya_adult_cogact_freq"
"1362","GPR155","Inh PVALB CA8 (Chandelier)",-0.0325251994162258,7.71858193182433,0.575410787962649,0.449227437818227,0.999998866570966,0.999994427475806,"ya_adult_cogact_freq"
"1363","AC010894.3","Inh PVALB CA8 (Chandelier)",-0.13644030893371,4.25227410810927,1.0525583964521,0.306459804165238,0.999998866570966,0.999994427475806,"ya_adult_cogact_freq"
"1364","WIPF1","Inh PVALB CA8 (Chandelier)",0.114062294428984,5.04086260313047,2.40324841375836,0.123049943866629,0.999998866570966,0.999994427475806,"ya_adult_cogact_freq"
"1365","CHN1","Inh PVALB CA8 (Chandelier)",0.0913680923155676,6.66178447788634,2.62799432758426,0.106953965555298,0.999998866570966,0.999994427475806,"ya_adult_cogact_freq"
"1366","ATF2","Inh PVALB CA8 (Chandelier)",0.0122001076914314,6.26168624141629,0.0750811625113942,0.831806378446477,0.999998866570966,0.999994427475806,"ya_adult_cogact_freq"
"1367","ATP5MC3","Inh PVALB CA8 (Chandelier)",-0.166834242706009,5.06148152617539,2.91645982145424,0.0896103273788662,0.999998866570966,0.999994427475806,"ya_adult_cogact_freq"
"1368","LNPK","Inh PVALB CA8 (Chandelier)",0.0415940950477633,5.55738042251032,0.474796767824927,0.491781936723033,0.999998866570966,0.999994427475806,"ya_adult_cogact_freq"
"1369","MTX2","Inh PVALB CA8 (Chandelier)",0.0422549133441239,6.76113645828775,1.03995204763029,0.30936479873385,0.999998866570966,0.999994427475806,"ya_adult_cogact_freq"
"1370","AC074286.1","Inh PVALB CA8 (Chandelier)",-0.00699105474805538,4.69520309664494,0.00401844508293296,0.949533738435471,0.999998866570966,0.999994427475806,"ya_adult_cogact_freq"
"1371","HNRNPA3","Inh PVALB CA8 (Chandelier)",0.0291632085491271,6.84297171554257,0.425706748062862,0.515034984149511,0.999998866570966,0.999994427475806,"ya_adult_cogact_freq"
"1372","NFE2L2","Inh PVALB CA8 (Chandelier)",0.00471309490042674,6.81730487736529,0.0100103938155005,0.920427736962392,0.999998866570966,0.999994427475806,"ya_adult_cogact_freq"
"1373","AGPS","Inh PVALB CA8 (Chandelier)",0.00595437738881781,6.14773529238258,0.0171286996887388,0.89603651007827,0.999998866570966,0.999994427475806,"ya_adult_cogact_freq"
"1374","RBM45","Inh PVALB CA8 (Chandelier)",0.10077641668466,5.08917204209328,1.84972994445375,0.175718960284945,0.999998866570966,0.999994427475806,"ya_adult_cogact_freq"
"1375","OSBPL6","Inh PVALB CA8 (Chandelier)",-0.0111958598310326,9.18705321891865,0.131259211504653,0.717605814392926,0.999998866570966,0.999994427475806,"ya_adult_cogact_freq"
"1376","AC009948.1","Inh PVALB CA8 (Chandelier)",0.103435919260798,5.28663152253887,2.38156586343237,0.124740570949743,0.999998866570966,0.999994427475806,"ya_adult_cogact_freq"
"1377","PRKRA","Inh PVALB CA8 (Chandelier)",-0.0331218413168744,5.79031009347485,0.37365040553534,0.600094997170929,0.999998866570966,0.999994427475806,"ya_adult_cogact_freq"
"1378","PJVK","Inh PVALB CA8 (Chandelier)",0.0673478139744193,4.24798247564858,0.468328800363449,0.494742345235539,0.999998866570966,0.999994427475806,"ya_adult_cogact_freq"
"1379","PLEKHA3","Inh PVALB CA8 (Chandelier)",-0.0429803875514588,5.34536414387864,0.543545971859404,0.462041504946141,0.999998866570966,0.999994427475806,"ya_adult_cogact_freq"
"1380","TTN-AS1","Inh PVALB CA8 (Chandelier)",0.0147208940956085,7.44759696870836,0.0633501026131822,0.801598696889139,0.999998866570966,0.999994427475806,"ya_adult_cogact_freq"
"1381","TTN","Inh PVALB CA8 (Chandelier)",-0.00446780853082316,3.72349749300565,0.000909498101304881,0.975978541659857,0.999998866570966,0.999994427475806,"ya_adult_cogact_freq"
"1382","SESTD1","Inh PVALB CA8 (Chandelier)",0.0186902104756468,7.64300572220703,0.34029854533623,0.56047441489639,0.999998866570966,0.999994427475806,"ya_adult_cogact_freq"
"1383","ZNF385B","Inh PVALB CA8 (Chandelier)",0.01187064448512,8.14621386412267,0.0467948121101773,0.829011717705405,0.999998866570966,0.999994427475806,"ya_adult_cogact_freq"
"1384","CWC22","Inh PVALB CA8 (Chandelier)",-0.134303486642373,4.83175992832857,4.23438713373277,0.0512487832002836,0.999998866570966,0.999994427475806,"ya_adult_cogact_freq"
"1385","UBE2E3","Inh PVALB CA8 (Chandelier)",0.0362828608647191,6.17434911449866,0.507089785314901,0.477433523575871,0.999998866570966,0.999994427475806,"ya_adult_cogact_freq"
"1386","SSFA2","Inh PVALB CA8 (Chandelier)",0.0475883337442256,6.74613064994659,1.12883005166832,0.289618413568616,0.999998866570966,0.999994427475806,"ya_adult_cogact_freq"
"1387","PDE1A","Inh PVALB CA8 (Chandelier)",0.0595002500010363,3.85362500139344,0.188651163636879,0.66462400723106,0.999998866570966,0.999994427475806,"ya_adult_cogact_freq"
"1388","DNAJC10","Inh PVALB CA8 (Chandelier)",0.0381135741977598,5.38280336716999,0.441619876463083,0.716075943133132,0.999998866570966,0.999994427475806,"ya_adult_cogact_freq"
"1389","NCKAP1","Inh PVALB CA8 (Chandelier)",0.0488508667631828,7.27826682908749,1.88243402344883,0.17196924238175,0.999998866570966,0.999994427475806,"ya_adult_cogact_freq"
"1390","NUP35","Inh PVALB CA8 (Chandelier)",-0.0917294246467953,4.41188173847651,0.945252255802092,0.332391296892301,0.999998866570966,0.999994427475806,"ya_adult_cogact_freq"
"1391","ZNF804A","Inh PVALB CA8 (Chandelier)",0.0642791420698122,10.1817855319765,1.78033878837427,0.183994620691199,0.999998866570966,0.999994427475806,"ya_adult_cogact_freq"
"1392","LINC01473","Inh PVALB CA8 (Chandelier)",0.0343399201055595,4.62113059624538,0.142412266713005,0.706392287018424,0.999998866570966,0.999994427475806,"ya_adult_cogact_freq"
"1393","ZC3H15","Inh PVALB CA8 (Chandelier)",0.00677317960935065,5.93171756341394,0.0178551222521229,0.893867770737422,0.999998866570966,0.999994427475806,"ya_adult_cogact_freq"
"1394","ITGAV","Inh PVALB CA8 (Chandelier)",-0.0112538880664307,6.58021001496922,0.0513841622352183,0.82095997174568,0.999998866570966,0.999994427475806,"ya_adult_cogact_freq"
"1395","FAM171B","Inh PVALB CA8 (Chandelier)",-0.0214876958082977,6.54519780792452,0.214986123537144,0.643514243505688,0.999998866570966,0.999994427475806,"ya_adult_cogact_freq"
"1396","AC007319.1","Inh PVALB CA8 (Chandelier)",-0.238849301127377,4.63306751807898,1.76645888785987,0.185704077386377,0.999998866570966,0.999994427475806,"ya_adult_cogact_freq"
"1397","GULP1","Inh PVALB CA8 (Chandelier)",0.0517412412365254,8.9563082792501,2.34288888839896,0.127821316591867,0.999998866570966,0.999994427475806,"ya_adult_cogact_freq"
"1398","WDR75","Inh PVALB CA8 (Chandelier)",-0.0529563420381758,5.36931412534938,0.821673676277193,0.366047888261076,0.999998866570966,0.999994427475806,"ya_adult_cogact_freq"
"1399","ASNSD1","Inh PVALB CA8 (Chandelier)",0.0184614760682499,4.54422501049304,0.0553689818468361,0.858399418540421,0.999998866570966,0.999994427475806,"ya_adult_cogact_freq"
"1400","ANKAR","Inh PVALB CA8 (Chandelier)",-0.0253228106375065,5.88747583271037,0.197090978271072,0.657676210890385,0.999998866570966,0.999994427475806,"ya_adult_cogact_freq"
"1401","ORMDL1","Inh PVALB CA8 (Chandelier)",-0.144368005404143,5.95899015807355,4.59803889905744,0.033511264101597,0.999998866570966,0.999994427475806,"ya_adult_cogact_freq"
"1402","PMS1","Inh PVALB CA8 (Chandelier)",-0.0430306434381319,6.46275687141027,1.02762186505169,0.330630652120777,0.999998866570966,0.999994427475806,"ya_adult_cogact_freq"
"1403","C2orf88","Inh PVALB CA8 (Chandelier)",0.045390304178254,5.20226779760277,0.292570325282049,0.589326765707141,0.999998866570966,0.999994427475806,"ya_adult_cogact_freq"
"1404","HIBCH","Inh PVALB CA8 (Chandelier)",-0.0171788194829961,7.07731801091016,0.0637917341470802,0.800922958084006,0.999998866570966,0.999994427475806,"ya_adult_cogact_freq"
"1405","INPP1","Inh PVALB CA8 (Chandelier)",-0.0419014607492936,5.78618508512315,0.439469858238201,0.508327806924187,0.999998866570966,0.999994427475806,"ya_adult_cogact_freq"
"1406","MFSD6","Inh PVALB CA8 (Chandelier)",0.0431277940519743,5.9880460784418,0.929689197606726,0.336391826301468,0.999998866570966,0.999994427475806,"ya_adult_cogact_freq"
"1407","AC108047.1","Inh PVALB CA8 (Chandelier)",-0.0332117093508881,5.44547614261631,0.278858591420355,0.598178461428832,0.999998866570966,0.999994427475806,"ya_adult_cogact_freq"
"1408","NAB1","Inh PVALB CA8 (Chandelier)",-0.0625859290929217,4.90408452425618,0.721941868775949,0.396771230359317,0.999998866570966,0.999994427475806,"ya_adult_cogact_freq"
"1409","GLS","Inh PVALB CA8 (Chandelier)",0.0103056183152482,7.8443516645419,0.0811940010220096,0.776052554788006,0.999998866570966,0.999994427475806,"ya_adult_cogact_freq"
"1410","STAT1","Inh PVALB CA8 (Chandelier)",0.0765367095132804,4.45000798981273,0.517868783531502,0.472797069377412,0.999998866570966,0.999994427475806,"ya_adult_cogact_freq"
"1411","STAT4","Inh PVALB CA8 (Chandelier)",-0.018529754452959,5.74518295828981,0.0788161389190178,0.779269166853127,0.999998866570966,0.999994427475806,"ya_adult_cogact_freq"
"1412","MYO1B","Inh PVALB CA8 (Chandelier)",0.0377674541369351,7.80212261641431,0.983535478135955,0.322817829550118,0.999998866570966,0.999994427475806,"ya_adult_cogact_freq"
"1413","TMEFF2","Inh PVALB CA8 (Chandelier)",0.0924166934079875,7.45569427137354,2.90597749131628,0.0901834553482389,0.999998866570966,0.999994427475806,"ya_adult_cogact_freq"
"1414","SLC39A10","Inh PVALB CA8 (Chandelier)",0.0128326830314062,6.21968730145024,0.086306064500892,0.76930575913542,0.999998866570966,0.999994427475806,"ya_adult_cogact_freq"
"1415","DNAH7","Inh PVALB CA8 (Chandelier)",0.105855071913287,4.68189156738954,1.45011263476034,0.230279827784,0.999998866570966,0.999994427475806,"ya_adult_cogact_freq"
"1416","HECW2","Inh PVALB CA8 (Chandelier)",0.0283806221090677,9.01905049254894,1.49481001225875,0.223261020681826,0.999998866570966,0.999994427475806,"ya_adult_cogact_freq"
"1417","GTF3C3","Inh PVALB CA8 (Chandelier)",0.0704250818003491,4.83552482823001,0.970744201437676,0.392080197643689,0.999998866570966,0.999994427475806,"ya_adult_cogact_freq"
"1418","PGAP1","Inh PVALB CA8 (Chandelier)",-0.0089095577793644,6.04633250915475,0.0199547466541427,0.887840398228505,0.999998866570966,0.999994427475806,"ya_adult_cogact_freq"
"1419","ANKRD44","Inh PVALB CA8 (Chandelier)",-0.0340826733255035,7.80330475364503,0.954907304742796,0.329941487022494,0.999998866570966,0.999994427475806,"ya_adult_cogact_freq"
"1420","SF3B1","Inh PVALB CA8 (Chandelier)",0.00756594261869935,6.37255373232839,0.0331032576034189,0.857880006155656,0.999998866570966,0.999994427475806,"ya_adult_cogact_freq"
"1421","COQ10B","Inh PVALB CA8 (Chandelier)",-0.0496536827754263,4.04404092714628,0.204179452108342,0.651977294664331,0.999998866570966,0.999994427475806,"ya_adult_cogact_freq"
"1422","HSPD1","Inh PVALB CA8 (Chandelier)",-0.0141096739213871,6.02179385844542,0.0314824718811046,0.85939164089033,0.999998866570966,0.999994427475806,"ya_adult_cogact_freq"
"1423","MOB4","Inh PVALB CA8 (Chandelier)",-0.109795352853312,4.3188894618659,1.41459563986633,0.236048651816963,0.999998866570966,0.999994427475806,"ya_adult_cogact_freq"
"1424","AC011997.1","Inh PVALB CA8 (Chandelier)",0.10880255014721,4.64824638296672,1.63063007060595,0.203457211384832,0.999998866570966,0.999994427475806,"ya_adult_cogact_freq"
"1425","PLCL1","Inh PVALB CA8 (Chandelier)",0.03704193267877,4.18217832126903,0.103562422294285,0.748013811822074,0.999998866570966,0.999994427475806,"ya_adult_cogact_freq"
"1426","FTCDNL1","Inh PVALB CA8 (Chandelier)",0.0862784185847476,5.21709914452511,1.28425252094155,0.258797042668365,0.999998866570966,0.999994427475806,"ya_adult_cogact_freq"
"1427","C2orf69","Inh PVALB CA8 (Chandelier)",-0.0142283202788029,4.31031384254435,0.0274305572607466,0.868662738026929,0.999998866570966,0.999994427475806,"ya_adult_cogact_freq"
"1428","TYW5","Inh PVALB CA8 (Chandelier)",0.0543928398750308,4.26600328090093,0.426677531903918,0.51455684342623,0.999998866570966,0.999994427475806,"ya_adult_cogact_freq"
"1429","MAIP1","Inh PVALB CA8 (Chandelier)",0.06968054738583,5.26587575322594,1.00646447300355,0.317258951493891,0.999998866570966,0.999994427475806,"ya_adult_cogact_freq"
"1430","SPATS2L","Inh PVALB CA8 (Chandelier)",-0.0353790518966738,7.42348721954077,0.537038610900614,0.464729777318719,0.999998866570966,0.999994427475806,"ya_adult_cogact_freq"
"1431","BZW1","Inh PVALB CA8 (Chandelier)",0.0393272476852409,3.84678067117141,0.104230174107677,0.747230640895078,0.999998866570966,0.999994427475806,"ya_adult_cogact_freq"
"1432","CLK1","Inh PVALB CA8 (Chandelier)",-0.0549270461347124,5.96911158756122,1.21223530324267,0.27253563933279,0.999998866570966,0.999994427475806,"ya_adult_cogact_freq"
"1433","PPIL3","Inh PVALB CA8 (Chandelier)",0.116077135723119,4.32224678276413,1.19441968400293,0.276074838816635,0.999998866570966,0.999994427475806,"ya_adult_cogact_freq"
"1434","ORC2","Inh PVALB CA8 (Chandelier)",0.0706897414188821,6.55101296961604,3.20689064919422,0.0752102957701503,0.999998866570966,0.999994427475806,"ya_adult_cogact_freq"
"1435","AC005037.1","Inh PVALB CA8 (Chandelier)",-0.0671541967714061,3.96117545392543,0.355322736280743,0.551953763111915,0.999998866570966,0.999994427475806,"ya_adult_cogact_freq"
"1436","FAM126B","Inh PVALB CA8 (Chandelier)",0.0283229331540823,7.18180127708415,0.438596677641739,0.50874881751648,0.999998866570966,0.999994427475806,"ya_adult_cogact_freq"
"1437","NDUFB3","Inh PVALB CA8 (Chandelier)",-0.198552278657949,3.95819222558108,3.01445684972567,0.0844408655154876,0.999998866570966,0.999994427475806,"ya_adult_cogact_freq"
"1438","CFLAR","Inh PVALB CA8 (Chandelier)",0.0112982401149161,4.80379364822237,0.0208359162678703,0.88540764266861,0.999998866570966,0.999994427475806,"ya_adult_cogact_freq"
"1439","ALS2CR12","Inh PVALB CA8 (Chandelier)",0.0521307989122297,4.65606080422268,0.31263729756409,0.576844401092875,0.999998866570966,0.999994427475806,"ya_adult_cogact_freq"
"1440","TRAK2","Inh PVALB CA8 (Chandelier)",0.0506597565556368,6.3644565200335,1.82918925594554,0.17812262595468,0.999998866570966,0.999994427475806,"ya_adult_cogact_freq"
"1441","STRADB","Inh PVALB CA8 (Chandelier)",0.0179694642999492,4.69291085390008,0.0513267106344582,0.821058378381727,0.999998866570966,0.999994427475806,"ya_adult_cogact_freq"
"1442","ALS2","Inh PVALB CA8 (Chandelier)",0.11408609197503,5.91766450865804,5.32423709147023,0.0223060821650447,0.999998866570966,0.999994427475806,"ya_adult_cogact_freq"
"1443","SUMO1","Inh PVALB CA8 (Chandelier)",-0.0195550204836517,5.24920916261503,0.0970798174097321,0.755766202570223,0.999998866570966,0.999994427475806,"ya_adult_cogact_freq"
"1444","NOP58","Inh PVALB CA8 (Chandelier)",0.0486069631521292,6.12856024126623,0.959686119868078,0.328737878538437,0.999998866570966,0.999994427475806,"ya_adult_cogact_freq"
"1445","BMPR2","Inh PVALB CA8 (Chandelier)",0.0227120078309179,7.82735573451236,0.609078202387915,0.436282678605397,0.999998866570966,0.999994427475806,"ya_adult_cogact_freq"
"1446","FAM117B","Inh PVALB CA8 (Chandelier)",0.0984096967035866,6.15367573383817,4.03749337513251,0.0461730488031041,0.999998866570966,0.999994427475806,"ya_adult_cogact_freq"
"1447","ICA1L","Inh PVALB CA8 (Chandelier)",0.0247206609176775,7.19142574913377,0.427470046805031,0.514167081215177,0.999998866570966,0.999994427475806,"ya_adult_cogact_freq"
"1448","WDR12","Inh PVALB CA8 (Chandelier)",0.0221519363205736,5.27723313964715,0.100543593255302,0.751589682133429,0.999998866570966,0.999994427475806,"ya_adult_cogact_freq"
"1449","CARF","Inh PVALB CA8 (Chandelier)",-0.0090174787666318,4.87581176846594,0.01231156779747,0.911788447492665,0.999998866570966,0.999994427475806,"ya_adult_cogact_freq"
"1450","NBEAL1","Inh PVALB CA8 (Chandelier)",0.0352769307064357,7.11127317643343,0.872773480845751,0.351589706672988,0.999998866570966,0.999994427475806,"ya_adult_cogact_freq"
"1451","CYP20A1","Inh PVALB CA8 (Chandelier)",-0.0431521133066066,5.85355651221281,0.777588173649309,0.62843865160792,0.999998866570966,0.999994427475806,"ya_adult_cogact_freq"
"1452","ABI2","Inh PVALB CA8 (Chandelier)",0.0232336279772685,7.56567036924702,0.461325913637572,0.497981658558983,0.999998866570966,0.999994427475806,"ya_adult_cogact_freq"
"1453","RAPH1","Inh PVALB CA8 (Chandelier)",0.0263059430094371,7.42716139222006,0.62701020546576,0.42962092000738,0.999998866570966,0.999994427475806,"ya_adult_cogact_freq"
"1454","INO80D","Inh PVALB CA8 (Chandelier)",0.0897049388844545,7.26086181030377,1.37880972312886,0.242040478701787,0.999998866570966,0.999994427475806,"ya_adult_cogact_freq"
"1455","NDUFS1","Inh PVALB CA8 (Chandelier)",0.0230157813111114,7.3058361370337,0.403246555101214,0.526320090244686,0.999998866570966,0.999994427475806,"ya_adult_cogact_freq"
"1456","EEF1B2","Inh PVALB CA8 (Chandelier)",-0.0933826305268396,3.86823288794094,0.531803745804062,0.466910618264857,0.999998866570966,0.999994427475806,"ya_adult_cogact_freq"
"1457","ZDBF2","Inh PVALB CA8 (Chandelier)",0.0699157046626571,6.1586904826802,2.004626534647,0.158754368285124,0.999998866570966,0.999994427475806,"ya_adult_cogact_freq"
"1458","ADAM23","Inh PVALB CA8 (Chandelier)",0.0429345389399307,8.40917845902519,1.51325979167397,0.220439379811755,0.999998866570966,0.999994427475806,"ya_adult_cogact_freq"
"1459","FASTKD2","Inh PVALB CA8 (Chandelier)",-0.0963923808488917,5.16862734408451,1.61899647534282,0.205069017007078,0.999998866570966,0.999994427475806,"ya_adult_cogact_freq"
"1460","KLF7","Inh PVALB CA8 (Chandelier)",-0.020143034730734,5.25915259452825,0.0702799234922344,0.79126925897149,0.999998866570966,0.999994427475806,"ya_adult_cogact_freq"
"1461","CREB1","Inh PVALB CA8 (Chandelier)",0.0515085622469584,6.30798147766722,1.19838296628686,0.275282504846438,0.999998866570966,0.999994427475806,"ya_adult_cogact_freq"
"1462","METTL21A","Inh PVALB CA8 (Chandelier)",0.00819544936154319,4.68304881851093,0.00672682280059558,0.934735051887199,0.999998866570966,0.999994427475806,"ya_adult_cogact_freq"
"1463","PLEKHM3","Inh PVALB CA8 (Chandelier)",0.0440390473049552,6.50052833031403,1.20867930132127,0.27323746703944,0.999998866570966,0.999994427475806,"ya_adult_cogact_freq"
"1464","IDH1","Inh PVALB CA8 (Chandelier)",-0.0105796030355556,4.52372825686648,0.0150405848621815,0.902545306410449,0.999998866570966,0.999994427475806,"ya_adult_cogact_freq"
"1465","PIKFYVE","Inh PVALB CA8 (Chandelier)",-0.00844466206512072,6.06169130138525,0.0304051863709726,0.861793429546823,0.999998866570966,0.999994427475806,"ya_adult_cogact_freq"
"1466","MAP2","Inh PVALB CA8 (Chandelier)",0.0339102876182077,9.56072724459098,0.814732738005708,0.368075112107286,0.999998866570966,0.999994427475806,"ya_adult_cogact_freq"
"1467","UNC80","Inh PVALB CA8 (Chandelier)",-0.0129366130217493,8.16064199708499,0.189223211865593,0.664147301222029,0.999998866570966,0.999994427475806,"ya_adult_cogact_freq"
"1468","RPE","Inh PVALB CA8 (Chandelier)",-0.000127870967532725,5.22855336513207,2.72515611718208e-06,0.998684895682823,0.999998866570966,0.999994427475806,"ya_adult_cogact_freq"
"1469","KANSL1L","Inh PVALB CA8 (Chandelier)",-0.00205267383476654,7.04661940341364,0.00174142251902285,0.966765437249177,0.999998866570966,0.999994427475806,"ya_adult_cogact_freq"
"1470","AC007038.1","Inh PVALB CA8 (Chandelier)",-0.0498972158633212,4.62371813970354,0.35351268531797,0.552967240236801,0.999998866570966,0.999994427475806,"ya_adult_cogact_freq"
"1471","LANCL1","Inh PVALB CA8 (Chandelier)",0.00875861233185772,7.71185022453246,0.0533090832696755,0.817695698205621,0.999998866570966,0.999994427475806,"ya_adult_cogact_freq"
"1472","ERBB4","Inh PVALB CA8 (Chandelier)",0.0439647815405171,12.9311344469121,1.20000205050024,0.274959647214278,0.999998866570966,0.999994427475806,"ya_adult_cogact_freq"
"1473","IKZF2","Inh PVALB CA8 (Chandelier)",0.0254683199307867,4.59920336111469,0.0814729086683666,0.775678621617154,0.999998866570966,0.999994427475806,"ya_adult_cogact_freq"
"1474","SPAG16","Inh PVALB CA8 (Chandelier)",0.0611956256803224,8.43264923079759,1.86512344851098,0.173942309076951,0.999998866570966,0.999994427475806,"ya_adult_cogact_freq"
"1475","AC068051.1","Inh PVALB CA8 (Chandelier)",-0.0686590414015511,4.0541185093417,0.299012822586899,0.585260146626583,0.999998866570966,0.999994427475806,"ya_adult_cogact_freq"
"1476","VWC2L","Inh PVALB CA8 (Chandelier)",0.104153595903824,6.93303533105285,1.79228682036119,0.182537816797073,0.999998866570966,0.999994427475806,"ya_adult_cogact_freq"
"1477","ATIC","Inh PVALB CA8 (Chandelier)",-0.0329125996660518,4.68466169479983,0.207943938994416,0.648999108384652,0.999998866570966,0.999994427475806,"ya_adult_cogact_freq"
"1478","FN1","Inh PVALB CA8 (Chandelier)",-0.202823548578033,3.61957811578754,1.53811856078381,0.216705130653257,0.999998866570966,0.999994427475806,"ya_adult_cogact_freq"
"1479","MREG","Inh PVALB CA8 (Chandelier)",-0.0344728952413871,4.81448581525291,0.158637334331308,0.690942652179253,0.999998866570966,0.999994427475806,"ya_adult_cogact_freq"
"1480","PECR","Inh PVALB CA8 (Chandelier)",-0.00788647879404077,4.74428972439186,0.0106574201012639,0.91790530132401,0.999998866570966,0.999994427475806,"ya_adult_cogact_freq"
"1481","TMEM169","Inh PVALB CA8 (Chandelier)",0.00620619798178097,4.46476282387231,0.00597463088896721,0.938484397862853,0.999998866570966,0.999994427475806,"ya_adult_cogact_freq"
"1482","XRCC5","Inh PVALB CA8 (Chandelier)",0.0107953036892414,6.68237033590753,0.0756919409390163,0.783576021937212,0.999998866570966,0.999994427475806,"ya_adult_cogact_freq"
"1483","LINC01963","Inh PVALB CA8 (Chandelier)",0.0235705047361575,3.55234219444236,0.0256836320621681,0.872876561701489,0.999998866570966,0.999994427475806,"ya_adult_cogact_freq"
"1484","MARCH4","Inh PVALB CA8 (Chandelier)",0.029376764942282,6.68544172673282,0.239825685895495,0.624999623022818,0.999998866570966,0.999994427475806,"ya_adult_cogact_freq"
"1485","SMARCAL1","Inh PVALB CA8 (Chandelier)",0.0679713658898933,5.83285528122852,1.53755557814881,0.216788856054859,0.999998866570966,0.999994427475806,"ya_adult_cogact_freq"
"1486","RPL37A","Inh PVALB CA8 (Chandelier)",0.00347086373658785,5.47776760676946,0.00246682725256344,0.960449275602023,0.999998866570966,0.999994427475806,"ya_adult_cogact_freq"
"1487","DIRC3","Inh PVALB CA8 (Chandelier)",0.312595147571963,4.14792070343773,4.70352120050696,0.0315705410304587,0.999998866570966,0.999994427475806,"ya_adult_cogact_freq"
"1488","TNS1","Inh PVALB CA8 (Chandelier)",-0.137495341482037,4.3141035635562,2.03224687989606,0.155931523717162,0.999998866570966,0.999994427475806,"ya_adult_cogact_freq"
"1489","ARPC2","Inh PVALB CA8 (Chandelier)",-0.094804518215574,5.47680416794337,2.93905605613799,0.0883883758515732,0.999998866570966,0.999994427475806,"ya_adult_cogact_freq"
"1490","AAMP","Inh PVALB CA8 (Chandelier)",-0.056433337086924,4.04693088614161,0.300064224235029,0.584601898591457,0.999998866570966,0.999994427475806,"ya_adult_cogact_freq"
"1491","PNKD","Inh PVALB CA8 (Chandelier)",-0.0212148545925976,6.31282650462726,0.246445854536122,0.923259958756195,0.999998866570966,0.999994427475806,"ya_adult_cogact_freq"
"1492","USP37","Inh PVALB CA8 (Chandelier)",0.00903976959437559,5.74435829680429,0.0300108674432922,0.862683498690016,0.999998866570966,0.999994427475806,"ya_adult_cogact_freq"
"1493","CNOT9","Inh PVALB CA8 (Chandelier)",-0.071560772416737,4.93023085661427,1.18529296487667,0.277910447667141,0.999998866570966,0.999994427475806,"ya_adult_cogact_freq"
"1494","STK36","Inh PVALB CA8 (Chandelier)",0.0166760384503272,4.58800407970929,0.045962681461589,0.830515340962411,0.999998866570966,0.999994427475806,"ya_adult_cogact_freq"
"1495","CDK5R2","Inh PVALB CA8 (Chandelier)",0.0321557687267501,4.38268041431641,0.0993476394848865,0.753022655710666,0.999998866570966,0.999994427475806,"ya_adult_cogact_freq"
"1496","RETREG2","Inh PVALB CA8 (Chandelier)",-0.0406478401640833,5.3617788762116,0.201494405449099,0.654121785786542,0.999998866570966,0.999994427475806,"ya_adult_cogact_freq"
"1497","ZFAND2B","Inh PVALB CA8 (Chandelier)",-0.0973605802617429,4.31027034511913,0.866993884067278,0.353185024900923,0.999998866570966,0.999994427475806,"ya_adult_cogact_freq"
"1498","ANKZF1","Inh PVALB CA8 (Chandelier)",-0.154531520205242,5.06246458671722,5.58493527203543,0.0193111711685646,0.999998866570966,0.999994427475806,"ya_adult_cogact_freq"
"1499","TUBA4A","Inh PVALB CA8 (Chandelier)",-0.115450614978243,5.15044304405085,1.3361183009891,0.249434609703726,0.999998866570966,0.999994427475806,"ya_adult_cogact_freq"
"1500","DNAJB2","Inh PVALB CA8 (Chandelier)",0.0563661358495973,6.436322700484,0.846679131159223,0.358872130337359,0.999998866570966,0.999994427475806,"ya_adult_cogact_freq"
"1501","PTPRN","Inh PVALB CA8 (Chandelier)",-0.0650586099833742,6.28106526169177,1.54765109410597,0.215293347547487,0.999998866570966,0.999994427475806,"ya_adult_cogact_freq"
"1502","SPEG","Inh PVALB CA8 (Chandelier)",-0.0135807106083907,5.01207089671058,0.0372916854781584,0.944857737187214,0.999998866570966,0.999994427475806,"ya_adult_cogact_freq"
"1503","CHPF","Inh PVALB CA8 (Chandelier)",-0.0372820503955978,4.00482404702608,0.11142817740798,0.738959009571683,0.999998866570966,0.999994427475806,"ya_adult_cogact_freq"
"1504","OBSL1","Inh PVALB CA8 (Chandelier)",-0.0872386864973527,5.7714343993221,2.30164443710992,0.131201047251514,0.999998866570966,0.999994427475806,"ya_adult_cogact_freq"
"1505","SLC4A3","Inh PVALB CA8 (Chandelier)",-0.0833645920536264,5.75807079818246,2.34203152612603,0.127890568732149,0.999998866570966,0.999994427475806,"ya_adult_cogact_freq"
"1506","EPHA4","Inh PVALB CA8 (Chandelier)",0.0169586305167833,6.88736804381921,0.113556453245896,0.736570452077778,0.999998866570966,0.999994427475806,"ya_adult_cogact_freq"
"1507","SGPP2","Inh PVALB CA8 (Chandelier)",0.0753946421899168,5.27167252244042,1.03076131032042,0.311505441988747,0.999998866570966,0.999994427475806,"ya_adult_cogact_freq"
"1508","FARSB","Inh PVALB CA8 (Chandelier)",-0.0476906733717733,5.85844269733266,0.932237558899366,0.335732344648127,0.999998866570966,0.999994427475806,"ya_adult_cogact_freq"
"1509","ACSL3","Inh PVALB CA8 (Chandelier)",-0.0341885708860562,7.162556866458,0.519364207189546,0.472159625874436,0.999998866570966,0.999994427475806,"ya_adult_cogact_freq"
"1510","SCG2","Inh PVALB CA8 (Chandelier)",-0.100217284439816,7.28502541370381,1.56997881919917,0.212029479251364,0.999998866570966,0.999994427475806,"ya_adult_cogact_freq"
"1511","AP1S3","Inh PVALB CA8 (Chandelier)",-0.104831820897397,4.62428207954783,1.45468819736646,0.229549168678503,0.999998866570966,0.999994427475806,"ya_adult_cogact_freq"
"1512","WDFY1","Inh PVALB CA8 (Chandelier)",0.0449979186355712,5.5497722885597,0.693662195044567,0.421014814966912,0.999998866570966,0.999994427475806,"ya_adult_cogact_freq"
"1513","CUL3","Inh PVALB CA8 (Chandelier)",0.0121430656009868,6.60183556781444,0.0978952375163945,0.974700649440561,0.999998866570966,0.999994427475806,"ya_adult_cogact_freq"
"1514","DOCK10","Inh PVALB CA8 (Chandelier)",0.0135272548495147,8.48519350741042,0.104710931457149,0.746668500468949,0.999998866570966,0.999994427475806,"ya_adult_cogact_freq"
"1515","NYAP2","Inh PVALB CA8 (Chandelier)",0.0351513240391082,7.9251471981859,0.714917125829269,0.399072934764492,0.999998866570966,0.999994427475806,"ya_adult_cogact_freq"
"1516","AC016717.2","Inh PVALB CA8 (Chandelier)",0.00501610259433531,4.84035555915439,0.00422066285787118,0.948281284853993,0.999998866570966,0.999994427475806,"ya_adult_cogact_freq"
"1517","IRS1","Inh PVALB CA8 (Chandelier)",-0.0625660161435401,5.72884272596688,1.06032946695584,0.304686765711387,0.999998866570966,0.999994427475806,"ya_adult_cogact_freq"
"1518","RHBDD1","Inh PVALB CA8 (Chandelier)",0.0766037788921139,5.61858569906724,1.38396280470459,0.241166292506787,0.999998866570966,0.999994427475806,"ya_adult_cogact_freq"
"1519","AC097662.1","Inh PVALB CA8 (Chandelier)",0.0524360281241811,4.35494085293915,0.280452420590928,0.597135389494085,0.999998866570966,0.999994427475806,"ya_adult_cogact_freq"
"1520","MFF","Inh PVALB CA8 (Chandelier)",-0.039460252472725,6.29008734530973,0.623486601844127,0.430917638222974,0.999998866570966,0.999994427475806,"ya_adult_cogact_freq"
"1521","AGFG1","Inh PVALB CA8 (Chandelier)",0.00905306041423874,6.48575206897446,0.0592310951726759,0.916719152959397,0.999998866570966,0.999994427475806,"ya_adult_cogact_freq"
"1522","PID1","Inh PVALB CA8 (Chandelier)",0.114393151429435,5.40539495622704,1.96848393547084,0.162537241190687,0.999998866570966,0.999994427475806,"ya_adult_cogact_freq"
"1523","DNER","Inh PVALB CA8 (Chandelier)",-0.0479000994214735,9.3117520436209,2.97820423465187,0.0863142425085267,0.999998866570966,0.999994427475806,"ya_adult_cogact_freq"
"1524","TRIP12","Inh PVALB CA8 (Chandelier)",-0.0378039990545053,6.98952903944072,1.02593972318472,0.312636221307879,0.999998866570966,0.999994427475806,"ya_adult_cogact_freq"
"1525","FBXO36","Inh PVALB CA8 (Chandelier)",0.0524936122312797,5.31379530959332,0.574047259592818,0.449764239981868,0.999998866570966,0.999994427475806,"ya_adult_cogact_freq"
"1526","SLC16A14","Inh PVALB CA8 (Chandelier)",0.0857161806349263,4.47588471726983,0.858367506344455,0.355584689763748,0.999998866570966,0.999994427475806,"ya_adult_cogact_freq"
"1527","SP140","Inh PVALB CA8 (Chandelier)",0.235603319186083,3.76501048299146,2.14464550262246,0.145020835115556,0.999998866570966,0.999994427475806,"ya_adult_cogact_freq"
"1528","CAB39","Inh PVALB CA8 (Chandelier)",0.0231405042488828,6.42644699846364,0.2495615981585,0.618066944578843,0.999998866570966,0.999994427475806,"ya_adult_cogact_freq"
"1529","ITM2C","Inh PVALB CA8 (Chandelier)",-0.190545464685625,4.75555390852654,2.85423600873477,0.0930719198903977,0.999998866570966,0.999994427475806,"ya_adult_cogact_freq"
"1530","C2orf72","Inh PVALB CA8 (Chandelier)",-0.0805842938127652,4.43821335999162,0.739301911708967,0.391164957610251,0.999998866570966,0.999994427475806,"ya_adult_cogact_freq"
"1531","PSMD1","Inh PVALB CA8 (Chandelier)",-0.048362757000783,6.66873642558027,1.64572850726828,0.201387727804627,0.999998866570966,0.999994427475806,"ya_adult_cogact_freq"
"1532","ARMC9","Inh PVALB CA8 (Chandelier)",0.0335212584232865,5.72255857389497,0.340290484065577,0.560479054017042,0.999998866570966,0.999994427475806,"ya_adult_cogact_freq"
"1533","NCL","Inh PVALB CA8 (Chandelier)",0.0389722855994117,5.22396188683356,0.374099410734548,0.541642142249271,0.999998866570966,0.999994427475806,"ya_adult_cogact_freq"
"1534","PTMA","Inh PVALB CA8 (Chandelier)",0.00868117144249202,6.15026640760493,0.0116763423879205,0.914085120653585,0.999998866570966,0.999994427475806,"ya_adult_cogact_freq"
"1535","PDE6D","Inh PVALB CA8 (Chandelier)",-0.0869202962227187,4.85732502332402,1.50443881072942,0.221783032256512,0.999998866570966,0.999994427475806,"ya_adult_cogact_freq"
"1536","COPS7B","Inh PVALB CA8 (Chandelier)",-0.0207468900484138,4.39773524544102,0.0557983650124218,0.813565146762209,0.999998866570966,0.999994427475806,"ya_adult_cogact_freq"
"1537","NPPC","Inh PVALB CA8 (Chandelier)",0.138646245347016,4.73281306214307,1.27992295323662,0.259598164040009,0.999998866570966,0.999994427475806,"ya_adult_cogact_freq"
"1538","DIS3L2","Inh PVALB CA8 (Chandelier)",-0.00455170951790879,7.18738535693397,0.0145338424267482,0.904192953081041,0.999998866570966,0.999994427475806,"ya_adult_cogact_freq"
"1539","EIF4E2","Inh PVALB CA8 (Chandelier)",0.0196784154973403,4.6628677072283,0.0650840470542354,0.798959775407113,0.999998866570966,0.999994427475806,"ya_adult_cogact_freq"
"1540","GIGYF2","Inh PVALB CA8 (Chandelier)",0.0366766542087149,7.1009392140115,1.08449219728937,0.299258349828827,0.999998866570966,0.999994427475806,"ya_adult_cogact_freq"
"1541","SNORC","Inh PVALB CA8 (Chandelier)",-0.0879369979836798,4.16982001757323,0.757006805953992,0.385564103235633,0.999998866570966,0.999994427475806,"ya_adult_cogact_freq"
"1542","ATG16L1","Inh PVALB CA8 (Chandelier)",0.000103447737968665,4.86722728976577,1.69934488902511e-06,0.998961502753123,0.999998866570966,0.999994427475806,"ya_adult_cogact_freq"
"1543","DGKD","Inh PVALB CA8 (Chandelier)",-0.00216385478631461,7.51482838427479,0.00432740301935716,0.947632324343773,0.999998866570966,0.999994427475806,"ya_adult_cogact_freq"
"1544","USP40","Inh PVALB CA8 (Chandelier)",-0.0438301423588341,5.6480206289844,0.536688876357767,0.46487496608379,0.999998866570966,0.999994427475806,"ya_adult_cogact_freq"
"1545","ARL4C","Inh PVALB CA8 (Chandelier)",-0.0713647428443181,5.91172126250287,0.705768207083989,0.402099901899857,0.999998866570966,0.999994427475806,"ya_adult_cogact_freq"
"1546","AGAP1","Inh PVALB CA8 (Chandelier)",0.00922537642314957,8.07556945163243,0.072178647832404,0.788535139730707,0.999998866570966,0.999994427475806,"ya_adult_cogact_freq"
"1547","IQCA1","Inh PVALB CA8 (Chandelier)",0.0310583417386124,4.17066677037986,0.0522437136511647,0.819494532813216,0.999998866570966,0.999994427475806,"ya_adult_cogact_freq"
"1548","COPS8","Inh PVALB CA8 (Chandelier)",-0.073608620987293,4.58419860369718,0.763759295758211,0.383458222406352,0.999998866570966,0.999994427475806,"ya_adult_cogact_freq"
"1549","LRRFIP1","Inh PVALB CA8 (Chandelier)",-0.010537384839419,8.30048075685425,0.0985621723698522,0.753968958622643,0.999998866570966,0.999994427475806,"ya_adult_cogact_freq"
"1550","RAMP1","Inh PVALB CA8 (Chandelier)",-0.0394756670244449,6.1009720111247,0.69587733016743,0.405410254728948,0.999998866570966,0.999994427475806,"ya_adult_cogact_freq"
"1551","UBE2F-SCLY","Inh PVALB CA8 (Chandelier)",0.0318921971861906,4.10955088452706,0.0910649117503294,0.763217691623249,0.999998866570966,0.999994427475806,"ya_adult_cogact_freq"
"1552","ILKAP","Inh PVALB CA8 (Chandelier)",-0.0617978499305413,5.9543355149721,1.78065083374175,0.183956401089601,0.999998866570966,0.999994427475806,"ya_adult_cogact_freq"
"1553","PER2","Inh PVALB CA8 (Chandelier)",0.0789037063182192,3.92790129389718,0.228111002694886,0.63357675847312,0.999998866570966,0.999994427475806,"ya_adult_cogact_freq"
"1554","TRAF3IP1","Inh PVALB CA8 (Chandelier)",-0.0811200913638075,5.74180805496479,1.84113598769875,0.176720004263943,0.999998866570966,0.999994427475806,"ya_adult_cogact_freq"
"1555","HDAC4","Inh PVALB CA8 (Chandelier)",-0.00795488299443073,6.9553238037684,0.0278954671928882,0.867564708758177,0.999998866570966,0.999994427475806,"ya_adult_cogact_freq"
"1556","NDUFA10","Inh PVALB CA8 (Chandelier)",0.0048345182545779,6.85175611986258,0.0125418788090294,0.910970621906168,0.999998866570966,0.999994427475806,"ya_adult_cogact_freq"
"1557","COPS9","Inh PVALB CA8 (Chandelier)",0.0354306029104154,3.90431888348228,0.0904866478008978,0.763948069647903,0.999998866570966,0.999994427475806,"ya_adult_cogact_freq"
"1558","GPC1","Inh PVALB CA8 (Chandelier)",-0.0657800722790695,5.97523410286245,0.774797589215422,0.380050887939029,0.999998866570966,0.999994427475806,"ya_adult_cogact_freq"
"1559","ANKMY1","Inh PVALB CA8 (Chandelier)",-0.079293112666525,5.37767348208563,1.04659976319045,0.307828444009339,0.999998866570966,0.999994427475806,"ya_adult_cogact_freq"
"1560","CAPN10","Inh PVALB CA8 (Chandelier)",0.00519431533745539,4.10062901973979,0.00234599687617645,0.96142929423192,0.999998866570966,0.999994427475806,"ya_adult_cogact_freq"
"1561","KIF1A","Inh PVALB CA8 (Chandelier)",-0.031231654851819,7.21054173581771,0.574117974926235,0.449736375648295,0.999998866570966,0.999994427475806,"ya_adult_cogact_freq"
"1562","AC005237.1","Inh PVALB CA8 (Chandelier)",0.0350455033925174,3.34577880412529,0.0319130735061334,0.858443498973888,0.999998866570966,0.999994427475806,"ya_adult_cogact_freq"
"1563","MTERF4","Inh PVALB CA8 (Chandelier)",-0.0667388977612736,5.73322346821934,1.75951435446248,0.218019184107592,0.999998866570966,0.999994427475806,"ya_adult_cogact_freq"
"1564","PASK","Inh PVALB CA8 (Chandelier)",-0.0206898494945769,3.91598196799337,0.0410338832333197,0.839728665257588,0.999998866570966,0.999994427475806,"ya_adult_cogact_freq"
"1565","PPP1R7","Inh PVALB CA8 (Chandelier)",0.0439695563900464,4.81056738663621,0.312889014979211,0.576691197668723,0.999998866570966,0.999994427475806,"ya_adult_cogact_freq"
"1566","HDLBP","Inh PVALB CA8 (Chandelier)",-0.0344928674677681,5.97321862885395,0.5918127378286,0.493071876906032,0.999998866570966,0.999994427475806,"ya_adult_cogact_freq"
"1567","SEPT2","Inh PVALB CA8 (Chandelier)",0.0754548013601227,6.44336269940054,3.47545873288893,0.0641087451355038,0.999998866570966,0.999994427475806,"ya_adult_cogact_freq"
"1568","FARP2","Inh PVALB CA8 (Chandelier)",0.045650478976491,5.76214023289797,0.670574248573105,0.414063697818486,0.999998866570966,0.999994427475806,"ya_adult_cogact_freq"
"1569","STK25","Inh PVALB CA8 (Chandelier)",-0.0919420567462557,5.1496285798582,2.04809192992699,0.15433810379343,0.999998866570966,0.999994427475806,"ya_adult_cogact_freq"
"1570","THAP4","Inh PVALB CA8 (Chandelier)",0.00820073738605036,4.86432854153391,0.0135852232144742,0.907357647174897,0.999998866570966,0.999994427475806,"ya_adult_cogact_freq"
"1571","ATG4B","Inh PVALB CA8 (Chandelier)",-0.0439667895550672,5.77886870728333,0.708093192864095,0.401327501413545,0.999998866570966,0.999994427475806,"ya_adult_cogact_freq"
"1572","ING5","Inh PVALB CA8 (Chandelier)",0.00862806657213805,5.81031637893682,0.0332462593362615,0.909513011487953,0.999998866570966,0.999994427475806,"ya_adult_cogact_freq"
"1573","D2HGDH","Inh PVALB CA8 (Chandelier)",-0.150284566227537,4.41248875792169,2.08875017227936,0.150333858572172,0.999998866570966,0.999994427475806,"ya_adult_cogact_freq"
"1574","CHL1","Inh PVALB CA8 (Chandelier)",0.0486179080600071,4.28644807384271,0.131912780870845,0.716934103456032,0.999998866570966,0.999994427475806,"ya_adult_cogact_freq"
"1575","LINC01266","Inh PVALB CA8 (Chandelier)",-0.137993329799143,3.72502079436244,0.465792899309948,0.495911244147745,0.999998866570966,0.999994427475806,"ya_adult_cogact_freq"
"1576","CNTN6","Inh PVALB CA8 (Chandelier)",0.154801912025236,4.65869109404968,1.2202524312225,0.270961663882365,0.999998866570966,0.999994427475806,"ya_adult_cogact_freq"
"1577","CNTN4","Inh PVALB CA8 (Chandelier)",0.0358585805651434,10.3271987391204,1.15420905608736,0.284279609015335,0.999998866570966,0.999994427475806,"ya_adult_cogact_freq"
"1578","TRNT1","Inh PVALB CA8 (Chandelier)",-0.0203743621789978,4.54333729103954,0.0560095148408018,0.813219293668352,0.999998866570966,0.999994427475806,"ya_adult_cogact_freq"
"1579","CRBN","Inh PVALB CA8 (Chandelier)",-0.0541037500934204,6.19532123634404,1.40794600573333,0.237148199012397,0.999998866570966,0.999994427475806,"ya_adult_cogact_freq"
"1580","AC034195.1","Inh PVALB CA8 (Chandelier)",0.0469955493372721,4.74618457127264,0.170012874725487,0.680649669075635,0.999998866570966,0.999994427475806,"ya_adult_cogact_freq"
"1581","SUMF1","Inh PVALB CA8 (Chandelier)",0.010469756164481,6.94264240636894,0.0330069399079577,0.856064201633516,0.999998866570966,0.999994427475806,"ya_adult_cogact_freq"
"1582","LRRN1","Inh PVALB CA8 (Chandelier)",0.0241813537649182,6.78717607439218,0.194588169547492,0.65971771461701,0.999998866570966,0.999994427475806,"ya_adult_cogact_freq"
"1583","ITPR1","Inh PVALB CA8 (Chandelier)",0.0751628266342506,7.00286943416644,1.3209906588414,0.252121358628345,0.999998866570966,0.999994427475806,"ya_adult_cogact_freq"
"1584","AC018816.1","Inh PVALB CA8 (Chandelier)",0.137807355181678,4.53005288953288,2.32835977990322,0.129000596493622,0.999998866570966,0.999994427475806,"ya_adult_cogact_freq"
"1585","BHLHE40-AS1","Inh PVALB CA8 (Chandelier)",0.24668271073738,4.18632393661959,5.19612424849674,0.0239523403084118,0.999998866570966,0.999994427475806,"ya_adult_cogact_freq"
"1586","BHLHE40","Inh PVALB CA8 (Chandelier)",-0.0848641282578822,3.94948833193978,0.469459383827733,0.494222712156775,0.999998866570966,0.999994427475806,"ya_adult_cogact_freq"
"1587","ARL8B","Inh PVALB CA8 (Chandelier)",-0.11841082643409,5.90825641328137,4.78918240069064,0.0300817452666177,0.999998866570966,0.999994427475806,"ya_adult_cogact_freq"
"1588","EDEM1","Inh PVALB CA8 (Chandelier)",0.128796267508372,4.19430907361883,2.03298551695368,0.155856827293643,0.999998866570966,0.999994427475806,"ya_adult_cogact_freq"
"1589","GRM7","Inh PVALB CA8 (Chandelier)",-0.114765354989564,5.28305686868749,0.969861818508155,0.326194459122291,0.999998866570966,0.999994427475806,"ya_adult_cogact_freq"
"1590","LMCD1-AS1","Inh PVALB CA8 (Chandelier)",0.0402652779751699,7.02014390610595,0.266829818068473,0.606176162930486,0.999998866570966,0.999994427475806,"ya_adult_cogact_freq"
"1591","RAD18","Inh PVALB CA8 (Chandelier)",0.0738469358826345,5.38893965968766,0.885035166119769,0.348237712969947,0.999998866570966,0.999994427475806,"ya_adult_cogact_freq"
"1592","SRGAP3","Inh PVALB CA8 (Chandelier)",-0.029900717147382,8.73462536640402,0.955032293399586,0.329909931974994,0.999998866570966,0.999994427475806,"ya_adult_cogact_freq"
"1593","THUMPD3-AS1","Inh PVALB CA8 (Chandelier)",-0.068771705431648,5.96396066641222,1.47760767180165,0.225931231378799,0.999998866570966,0.999994427475806,"ya_adult_cogact_freq"
"1594","THUMPD3","Inh PVALB CA8 (Chandelier)",-0.0204174309384615,4.27207280635543,0.053548672243757,0.817293776337368,0.999998866570966,0.999994427475806,"ya_adult_cogact_freq"
"1595","SETD5","Inh PVALB CA8 (Chandelier)",-0.00753677696252143,8.07510853547556,0.0652281575270318,0.983610471351636,0.999998866570966,0.999994427475806,"ya_adult_cogact_freq"
"1596","LHFPL4","Inh PVALB CA8 (Chandelier)",0.0930714059061275,6.81278551558144,6.20122499634459,0.0137825977159059,0.999998866570966,0.999994427475806,"ya_adult_cogact_freq"
"1597","MTMR14","Inh PVALB CA8 (Chandelier)",0.0496229243301066,4.31817058134376,0.268970110452219,0.604736583417863,0.999998866570966,0.999994427475806,"ya_adult_cogact_freq"
"1598","OGG1","Inh PVALB CA8 (Chandelier)",-0.0495261346252276,4.67123292093458,0.461130607771865,0.498072515665842,0.999998866570966,0.999994427475806,"ya_adult_cogact_freq"
"1599","CAMK1","Inh PVALB CA8 (Chandelier)",-0.0391051796313409,5.06941270579619,0.295502181416513,0.587468999990429,0.999998866570966,0.999994427475806,"ya_adult_cogact_freq"
"1600","TADA3","Inh PVALB CA8 (Chandelier)",0.0880727417264745,4.30698618903176,0.831031182938239,0.363339434367166,0.999998866570966,0.999994427475806,"ya_adult_cogact_freq"
"1601","RPUSD3","Inh PVALB CA8 (Chandelier)",-0.0284239019317179,4.20375361437072,0.0849680068814009,0.771050278087515,0.999998866570966,0.999994427475806,"ya_adult_cogact_freq"
"1602","CRELD1","Inh PVALB CA8 (Chandelier)",0.0134352153000226,5.78149158531402,0.047028806954126,0.828591425227579,0.999998866570966,0.999994427475806,"ya_adult_cogact_freq"
"1603","PRRT3","Inh PVALB CA8 (Chandelier)",0.0565043521186629,4.55027537114036,0.517111478258556,0.473120414085167,0.999998866570966,0.999994427475806,"ya_adult_cogact_freq"
"1604","EMC3","Inh PVALB CA8 (Chandelier)",-0.114019875624378,4.72808393531128,1.81753071063551,0.179503921560312,0.999998866570966,0.999994427475806,"ya_adult_cogact_freq"
"1605","BRK1","Inh PVALB CA8 (Chandelier)",-0.0768071128984455,4.41305600177473,0.609418409814458,0.436154824864445,0.999998866570966,0.999994427475806,"ya_adult_cogact_freq"
"1606","VHL","Inh PVALB CA8 (Chandelier)",-0.169943129715254,4.50240998589212,4.81994224438355,0.0295653379208441,0.999998866570966,0.999994427475806,"ya_adult_cogact_freq"
"1607","IRAK2","Inh PVALB CA8 (Chandelier)",-0.0332511051047703,4.16234561588804,0.100405834472443,0.751754262864035,0.999998866570966,0.999994427475806,"ya_adult_cogact_freq"
"1608","SEC13","Inh PVALB CA8 (Chandelier)",-0.0629292465435391,4.5443394119454,0.519094181259799,0.472274624575204,0.999998866570966,0.999994427475806,"ya_adult_cogact_freq"
"1609","ATP2B2","Inh PVALB CA8 (Chandelier)",0.00110951599815482,9.09192994301471,0.00190904201056804,0.965203670957321,0.999998866570966,0.999994427475806,"ya_adult_cogact_freq"
"1610","SLC6A11","Inh PVALB CA8 (Chandelier)",-0.105010762033574,4.20499937826672,0.831992326890929,0.363062820716353,0.999998866570966,0.999994427475806,"ya_adult_cogact_freq"
"1611","SLC6A1","Inh PVALB CA8 (Chandelier)",-0.010339305053259,9.31906502382015,0.0933442160938684,0.760363199039993,0.999998866570966,0.999994427475806,"ya_adult_cogact_freq"
"1612","SLC6A1-AS1","Inh PVALB CA8 (Chandelier)",0.0363401854874337,5.82970594655714,0.0789532192578663,0.779082321767311,0.999998866570966,0.999994427475806,"ya_adult_cogact_freq"
"1613","ATG7","Inh PVALB CA8 (Chandelier)",-0.0382387191050949,7.68120430158471,1.1192930188493,0.291657823705497,0.999998866570966,0.999994427475806,"ya_adult_cogact_freq"
"1614","VGLL4","Inh PVALB CA8 (Chandelier)",-0.0177957574359843,7.85530257943033,0.327682551810737,0.661044845868141,0.999998866570966,0.999994427475806,"ya_adult_cogact_freq"
"1615","TAMM41","Inh PVALB CA8 (Chandelier)",-0.0200807374903837,5.98749068888215,0.139453022879419,0.709317356909641,0.999998866570966,0.999994427475806,"ya_adult_cogact_freq"
"1616","SYN2","Inh PVALB CA8 (Chandelier)",-0.00838687933963865,9.40380073907857,0.0570902531535812,0.811459787918441,0.999998866570966,0.999994427475806,"ya_adult_cogact_freq"
"1617","PPARG","Inh PVALB CA8 (Chandelier)",-0.0479401555329633,5.65811685153091,0.318421249908958,0.573344382634693,0.999998866570966,0.999994427475806,"ya_adult_cogact_freq"
"1618","TSEN2","Inh PVALB CA8 (Chandelier)",0.0027645000395265,6.19707844905166,0.0032302268055195,0.95474714299714,0.999998866570966,0.999994427475806,"ya_adult_cogact_freq"
"1619","MKRN2OS","Inh PVALB CA8 (Chandelier)",0.0947277851642108,4.40179165757003,0.770131034384465,0.381486096613413,0.999998866570966,0.999994427475806,"ya_adult_cogact_freq"
"1620","MKRN2","Inh PVALB CA8 (Chandelier)",-0.000580322624211349,5.09035248461984,5.40500100231383e-05,0.994143223364841,0.999998866570966,0.999994427475806,"ya_adult_cogact_freq"
"1621","RAF1","Inh PVALB CA8 (Chandelier)",0.0126001698303487,6.53761254112417,0.115853451374252,0.734020357460366,0.999998866570966,0.999994427475806,"ya_adult_cogact_freq"
"1622","CAND2","Inh PVALB CA8 (Chandelier)",0.0391264041218394,5.54635020582472,0.439373286417549,0.508374340101661,0.999998866570966,0.999994427475806,"ya_adult_cogact_freq"
"1623","RPL32","Inh PVALB CA8 (Chandelier)",-0.168801312128397,4.9159091951296,2.73551639581084,0.100091020154978,0.999998866570966,0.999994427475806,"ya_adult_cogact_freq"
"1624","IQSEC1","Inh PVALB CA8 (Chandelier)",-0.0538498072655341,7.65472194172692,2.43168477381059,0.1208714439246,0.999998866570966,0.999994427475806,"ya_adult_cogact_freq"
"1625","NUP210","Inh PVALB CA8 (Chandelier)",-0.0237976651702553,5.75026576003384,0.149737907239751,0.699297696159523,0.999998866570966,0.999994427475806,"ya_adult_cogact_freq"
"1626","HDAC11","Inh PVALB CA8 (Chandelier)",0.02330384395563,4.43673908880281,0.0905662954535596,0.92774004272225,0.999998866570966,0.999994427475806,"ya_adult_cogact_freq"
"1627","XPC","Inh PVALB CA8 (Chandelier)",-0.164226800226737,5.36398456919878,5.0147012402617,0.0265047673855586,0.999998866570966,0.999994427475806,"ya_adult_cogact_freq"
"1628","LSM3","Inh PVALB CA8 (Chandelier)",-0.101461420946146,3.95218533866073,0.807049709142112,0.370337438669423,0.999998866570966,0.999994427475806,"ya_adult_cogact_freq"
"1629","SLC6A6","Inh PVALB CA8 (Chandelier)",-0.172903556053855,5.86650539057554,8.33277802088898,0.0044292427682045,0.999998866570966,0.999994427475806,"ya_adult_cogact_freq"
"1630","GRIP2","Inh PVALB CA8 (Chandelier)",-0.020981912884853,6.62949988753344,0.200531696753852,0.654894865597369,0.999998866570966,0.999994427475806,"ya_adult_cogact_freq"
"1631","CCDC174","Inh PVALB CA8 (Chandelier)",0.0395533335299657,4.55733056662945,0.259520266832182,0.744767033443361,0.999998866570966,0.999994427475806,"ya_adult_cogact_freq"
"1632","FGD5-AS1","Inh PVALB CA8 (Chandelier)",0.0563034686455104,5.14213079005255,0.629383478788593,0.428750873136588,0.999998866570966,0.999994427475806,"ya_adult_cogact_freq"
"1633","NR2C2","Inh PVALB CA8 (Chandelier)",0.0299907218971393,5.94872257589941,0.349617353581606,0.555160277917608,0.999998866570966,0.999994427475806,"ya_adult_cogact_freq"
"1634","MRPS25","Inh PVALB CA8 (Chandelier)",-0.050392818405951,6.07825434329223,1.02725901004248,0.312326281904925,0.999998866570966,0.999994427475806,"ya_adult_cogact_freq"
"1635","RBSN","Inh PVALB CA8 (Chandelier)",-0.111441503688947,4.96840239789319,2.93651743412262,0.0885247452064316,0.999998866570966,0.999994427475806,"ya_adult_cogact_freq"
"1636","CAPN7","Inh PVALB CA8 (Chandelier)",-0.00958577043796738,6.45297696192967,0.0534851712842303,0.81740020976915,0.999998866570966,0.999994427475806,"ya_adult_cogact_freq"
"1637","SH3BP5","Inh PVALB CA8 (Chandelier)",-0.0750139715834126,6.14800493063993,1.79404983423853,0.182323998278164,0.999998866570966,0.999994427475806,"ya_adult_cogact_freq"
"1638","METTL6","Inh PVALB CA8 (Chandelier)",-0.075661487395801,6.26974918299998,2.14372703050107,0.145106394158526,0.999998866570966,0.999994427475806,"ya_adult_cogact_freq"
"1639","EAF1","Inh PVALB CA8 (Chandelier)",-0.145327890626629,4.05738217205541,1.83124136280053,0.177880776828038,0.999998866570966,0.999994427475806,"ya_adult_cogact_freq"
"1640","COLQ","Inh PVALB CA8 (Chandelier)",-0.00015943044639188,5.77292976901481,5.23942321364261e-06,0.998176498743795,0.999998866570966,0.999994427475806,"ya_adult_cogact_freq"
"1641","HACL1","Inh PVALB CA8 (Chandelier)",0.0258985148257469,5.83205208118797,0.253728634754247,0.953873014537813,0.999998866570966,0.999994427475806,"ya_adult_cogact_freq"
"1642","BTD","Inh PVALB CA8 (Chandelier)",0.112116760653442,4.59465556690282,1.76251431343882,0.186193280911911,0.999998866570966,0.999994427475806,"ya_adult_cogact_freq"
"1643","ANKRD28","Inh PVALB CA8 (Chandelier)",-0.041523472249465,7.35781851514281,1.31737905330303,0.252768083288788,0.999998866570966,0.999994427475806,"ya_adult_cogact_freq"
"1644","OXNAD1","Inh PVALB CA8 (Chandelier)",0.036536135150533,6.45616780051767,0.442130914503179,0.507048466044685,0.999998866570966,0.999994427475806,"ya_adult_cogact_freq"
"1645","PLCL2","Inh PVALB CA8 (Chandelier)",0.0136240394572345,6.48199329808262,0.0781443098934338,0.780187437754369,0.999998866570966,0.999994427475806,"ya_adult_cogact_freq"
"1646","TBC1D5","Inh PVALB CA8 (Chandelier)",0.0230362570611798,8.28909522747474,0.374128882718618,0.541626238709122,0.999998866570966,0.999994427475806,"ya_adult_cogact_freq"
"1647","KCNH8","Inh PVALB CA8 (Chandelier)",0.0214579169362844,3.87738864062403,0.0157462991079809,0.900296970070312,0.999998866570966,0.999994427475806,"ya_adult_cogact_freq"
"1648","RAB5A","Inh PVALB CA8 (Chandelier)",0.0736214702539511,5.19113957048437,1.42110845752281,0.234977750902554,0.999998866570966,0.999994427475806,"ya_adult_cogact_freq"
"1649","KAT2B","Inh PVALB CA8 (Chandelier)",-0.0744906594701862,5.66820882265556,1.41871697037713,0.235370292869189,0.999998866570966,0.999994427475806,"ya_adult_cogact_freq"
"1650","ZNF385D","Inh PVALB CA8 (Chandelier)",0.0175292501644368,12.6826117894744,0.289881969836651,0.591040852791444,0.999998866570966,0.999994427475806,"ya_adult_cogact_freq"
"1651","ZNF385D-AS2","Inh PVALB CA8 (Chandelier)",-0.32351928588615,5.34067108879933,4.6847428165401,0.0319071674473627,0.999998866570966,0.999994427475806,"ya_adult_cogact_freq"
"1652","UBE2E2","Inh PVALB CA8 (Chandelier)",0.0306970635218508,9.24863620135021,0.998621595313398,0.319146016667528,0.999998866570966,0.999994427475806,"ya_adult_cogact_freq"
"1653","UBE2E1","Inh PVALB CA8 (Chandelier)",-0.0374816628871235,6.30820970153054,0.508419495907612,0.476857558030302,0.999998866570966,0.999994427475806,"ya_adult_cogact_freq"
"1654","NKIRAS1","Inh PVALB CA8 (Chandelier)",-0.105849971645272,4.58400851543372,1.42794771471966,0.233859540803906,0.999998866570966,0.999994427475806,"ya_adult_cogact_freq"
"1655","RPL15","Inh PVALB CA8 (Chandelier)",-0.0649603203071548,6.08412037356088,0.474152962885158,0.492075271358076,0.999998866570966,0.999994427475806,"ya_adult_cogact_freq"
"1656","NR1D2","Inh PVALB CA8 (Chandelier)",0.0761081738168816,6.72723357022058,2.85397903205981,0.0930865163514317,0.999998866570966,0.999994427475806,"ya_adult_cogact_freq"
"1657","THRB","Inh PVALB CA8 (Chandelier)",0.0138629507699143,8.86353667885863,0.159060617375456,0.690552096963486,0.999998866570966,0.999994427475806,"ya_adult_cogact_freq"
"1658","AC092422.1","Inh PVALB CA8 (Chandelier)",0.105880428587439,6.67273409902906,2.01723346809921,0.157458714743155,0.999998866570966,0.999994427475806,"ya_adult_cogact_freq"
"1659","RARB","Inh PVALB CA8 (Chandelier)",0.143360470534701,7.39216628663079,4.93702193611169,0.0276835036825654,0.999998866570966,0.999994427475806,"ya_adult_cogact_freq"
"1660","TOP2B","Inh PVALB CA8 (Chandelier)",0.0266757707817354,6.52835841127095,0.469157588067932,0.497672208112874,0.999998866570966,0.999994427475806,"ya_adult_cogact_freq"
"1661","NGLY1","Inh PVALB CA8 (Chandelier)",0.0258332088819311,6.12507496555716,0.28289557267454,0.739233845773819,0.999998866570966,0.999994427475806,"ya_adult_cogact_freq"
"1662","NEK10","Inh PVALB CA8 (Chandelier)",0.0207785676644018,6.82181208754188,0.164022943677695,0.686017767428782,0.999998866570966,0.999994427475806,"ya_adult_cogact_freq"
"1663","SLC4A7","Inh PVALB CA8 (Chandelier)",0.0382915609320533,7.01730829203991,1.07893823157874,0.300494927041527,0.999998866570966,0.999994427475806,"ya_adult_cogact_freq"
"1664","CMC1","Inh PVALB CA8 (Chandelier)",0.0193245607463273,6.10329341779979,0.11788951787308,0.731783440055467,0.999998866570966,0.999994427475806,"ya_adult_cogact_freq"
"1665","AZI2","Inh PVALB CA8 (Chandelier)",-0.0304960515281918,5.19233306004334,0.234573064057756,0.644499523041188,0.999998866570966,0.999994427475806,"ya_adult_cogact_freq"
"1666","RBMS3","Inh PVALB CA8 (Chandelier)",-0.0212971398274372,7.5328211349021,0.186227423891216,0.666653379462754,0.999998866570966,0.999994427475806,"ya_adult_cogact_freq"
"1667","RBMS3-AS3","Inh PVALB CA8 (Chandelier)",-0.0828025528116098,4.99224153942757,0.76809164043326,0.382115737388347,0.999998866570966,0.999994427475806,"ya_adult_cogact_freq"
"1668","RBMS3-AS2","Inh PVALB CA8 (Chandelier)",-0.102006093425022,3.73869218094704,0.493836423600504,0.483237263348535,0.999998866570966,0.999994427475806,"ya_adult_cogact_freq"
"1669","STT3B","Inh PVALB CA8 (Chandelier)",-0.024011007400437,6.06053253527503,0.273895843712519,0.601450926962267,0.999998866570966,0.999994427475806,"ya_adult_cogact_freq"
"1670","OSBPL10","Inh PVALB CA8 (Chandelier)",0.000599107082549914,7.63240033547519,0.000320414433844433,0.985740726200597,0.999998866570966,0.999994427475806,"ya_adult_cogact_freq"
"1671","GPD1L","Inh PVALB CA8 (Chandelier)",0.0823697002630201,5.04694692184279,1.30857113253672,0.25435394073639,0.999998866570966,0.999994427475806,"ya_adult_cogact_freq"
"1672","CMTM8","Inh PVALB CA8 (Chandelier)",-0.0170167731934592,3.5259684510615,0.00629199266685969,0.936875093390514,0.999998866570966,0.999994427475806,"ya_adult_cogact_freq"
"1673","CMTM6","Inh PVALB CA8 (Chandelier)",0.0683276518748488,4.82288038376508,0.589999480269243,0.443546111170704,0.999998866570966,0.999994427475806,"ya_adult_cogact_freq"
"1674","DYNC1LI1","Inh PVALB CA8 (Chandelier)",-0.0687708461114801,5.87058582966727,1.79437857210291,0.182284161275141,0.999998866570966,0.999994427475806,"ya_adult_cogact_freq"
"1675","CNOT10","Inh PVALB CA8 (Chandelier)",-0.00112957410255884,5.87054099142384,0.000477499944270827,0.98259329397949,0.999998866570966,0.999994427475806,"ya_adult_cogact_freq"
"1676","TRIM71","Inh PVALB CA8 (Chandelier)",-0.0656947952598719,4.32809549610471,0.446901148543812,0.504768958655962,0.999998866570966,0.999994427475806,"ya_adult_cogact_freq"
"1677","GLB1","Inh PVALB CA8 (Chandelier)",-0.0693639196070156,6.2291411128751,1.90989332149694,0.16889234897264,0.999998866570966,0.999994427475806,"ya_adult_cogact_freq"
"1678","CRTAP","Inh PVALB CA8 (Chandelier)",-0.0258317306990993,4.81787738490295,0.125618415398673,0.739966834345094,0.999998866570966,0.999994427475806,"ya_adult_cogact_freq"
"1679","SUSD5","Inh PVALB CA8 (Chandelier)",-0.0448292004880796,3.88747918372418,0.125290050119379,0.723830152346552,0.999998866570966,0.999994427475806,"ya_adult_cogact_freq"
"1680","FBXL2","Inh PVALB CA8 (Chandelier)",0.0779082955853799,6.92052604481874,3.48570822608882,0.06372173074699,0.999998866570966,0.999994427475806,"ya_adult_cogact_freq"
"1681","UBP1","Inh PVALB CA8 (Chandelier)",0.0186956272604201,5.9291084680326,0.145702645907513,0.703180413452624,0.999998866570966,0.999994427475806,"ya_adult_cogact_freq"
"1682","CLASP2","Inh PVALB CA8 (Chandelier)",-0.0135679672888557,9.54764120512634,0.330845881254115,0.56596557514747,0.999998866570966,0.999994427475806,"ya_adult_cogact_freq"
"1683","PDCD6IP","Inh PVALB CA8 (Chandelier)",0.0174216051665037,5.87964949564005,0.132112337229526,0.991997291987024,0.999998866570966,0.999994427475806,"ya_adult_cogact_freq"
"1684","ARPP21","Inh PVALB CA8 (Chandelier)",0.350173583147212,3.91810704679334,5.3636809067547,0.0218234290080912,0.999998866570966,0.999994427475806,"ya_adult_cogact_freq"
"1685","TRANK1","Inh PVALB CA8 (Chandelier)",0.0197322480387845,6.68587944805103,0.163568995451927,0.686429218959134,0.999998866570966,0.999994427475806,"ya_adult_cogact_freq"
"1686","EPM2AIP1","Inh PVALB CA8 (Chandelier)",0.0165059375311075,6.21625468107174,0.100684942805111,0.75142094049966,0.999998866570966,0.999994427475806,"ya_adult_cogact_freq"
"1687","MLH1","Inh PVALB CA8 (Chandelier)",0.045138088894292,4.86774899879092,0.486038354263105,0.504498876712548,0.999998866570966,0.999994427475806,"ya_adult_cogact_freq"
"1688","LRRFIP2","Inh PVALB CA8 (Chandelier)",-0.0359169781833094,7.31064738672967,0.82512693977442,0.365045104657976,0.999998866570966,0.999994427475806,"ya_adult_cogact_freq"
"1689","GOLGA4","Inh PVALB CA8 (Chandelier)",0.0245497521727048,7.77866747145749,0.543218852201408,0.462176047859356,0.999998866570966,0.999994427475806,"ya_adult_cogact_freq"
"1690","ITGA9","Inh PVALB CA8 (Chandelier)",-0.0420548300999755,5.68758626838838,0.318918444908563,0.573045478977906,0.999998866570966,0.999994427475806,"ya_adult_cogact_freq"
"1691","CTDSPL","Inh PVALB CA8 (Chandelier)",-0.0145236492870805,7.1974709129747,0.145202095611578,0.70366632311299,0.999998866570966,0.999994427475806,"ya_adult_cogact_freq"
"1692","ACAA1","Inh PVALB CA8 (Chandelier)",0.0420798508799008,4.68952416736252,0.26816094925335,0.60527997476199,0.999998866570966,0.999994427475806,"ya_adult_cogact_freq"
"1693","OXSR1","Inh PVALB CA8 (Chandelier)",0.052200375128552,6.11267357473929,1.45678497356117,0.229215280176893,0.999998866570966,0.999994427475806,"ya_adult_cogact_freq"
"1694","SLC22A14","Inh PVALB CA8 (Chandelier)",0.059699626948649,4.14014418586296,0.319277770687438,0.5728296509637,0.999998866570966,0.999994427475806,"ya_adult_cogact_freq"
"1695","XYLB","Inh PVALB CA8 (Chandelier)",0.0347302224114575,5.27921597381645,0.2563884516439,0.613305955734109,0.999998866570966,0.999994427475806,"ya_adult_cogact_freq"
"1696","ACVR2B","Inh PVALB CA8 (Chandelier)",0.0899591428964892,5.07168242043987,2.54998148819022,0.133398347227069,0.999998866570966,0.999994427475806,"ya_adult_cogact_freq"
"1697","EXOG","Inh PVALB CA8 (Chandelier)",-0.0213348410097444,5.44303172607317,0.110247167723154,0.740295410210374,0.999998866570966,0.999994427475806,"ya_adult_cogact_freq"
"1698","SCN5A","Inh PVALB CA8 (Chandelier)",-0.177789569435434,4.77011263461648,3.16790714128285,0.0769876926002469,0.999998866570966,0.999994427475806,"ya_adult_cogact_freq"
"1699","WDR48","Inh PVALB CA8 (Chandelier)",0.0225253586634207,5.46626964509298,0.17904524375381,0.672760524007753,0.999998866570966,0.999994427475806,"ya_adult_cogact_freq"
"1700","GORASP1","Inh PVALB CA8 (Chandelier)",-0.00113938883810188,4.05917871721085,0.00010038849435903,0.992018227093462,0.999998866570966,0.999994427475806,"ya_adult_cogact_freq"
"1701","TTC21A","Inh PVALB CA8 (Chandelier)",-0.0923522135146772,4.90305452448118,1.36828963402315,0.24383724255231,0.999998866570966,0.999994427475806,"ya_adult_cogact_freq"
"1702","SLC25A38","Inh PVALB CA8 (Chandelier)",0.222741359125684,4.00472224370608,5.77448867423809,0.0219095925173785,0.999998866570966,0.999994427475806,"ya_adult_cogact_freq"
"1703","RPSA","Inh PVALB CA8 (Chandelier)",-0.210023564355123,5.03781578582428,5.33469002812171,0.0221770967895846,0.999998866570966,0.999994427475806,"ya_adult_cogact_freq"
"1704","MYRIP","Inh PVALB CA8 (Chandelier)",0.04148259896375,7.2789800595435,1.01603933582264,0.314975059214786,0.999998866570966,0.999994427475806,"ya_adult_cogact_freq"
"1705","EIF1B","Inh PVALB CA8 (Chandelier)",-0.0445017141043166,5.3512607554192,0.266490075702575,0.606405349501557,0.999998866570966,0.999994427475806,"ya_adult_cogact_freq"
"1706","ENTPD3-AS1","Inh PVALB CA8 (Chandelier)",-0.068513140628112,4.65096914745828,0.707243568698111,0.4016095097424,0.999998866570966,0.999994427475806,"ya_adult_cogact_freq"
"1707","ENTPD3","Inh PVALB CA8 (Chandelier)",0.0581218635657224,6.56421248088842,1.36549966367946,0.244316496579575,0.999998866570966,0.999994427475806,"ya_adult_cogact_freq"
"1708","RPL14","Inh PVALB CA8 (Chandelier)",-0.0659568613371842,5.86058682050131,0.719582980069243,0.397541979763636,0.999998866570966,0.999994427475806,"ya_adult_cogact_freq"
"1709","ZNF621","Inh PVALB CA8 (Chandelier)",0.162915447822063,4.46484709776014,2.56299946475277,0.111354080450451,0.999998866570966,0.999994427475806,"ya_adult_cogact_freq"
"1710","CTNNB1","Inh PVALB CA8 (Chandelier)",-0.0225974930483972,6.34827236279914,0.278332444937286,0.598523632597292,0.999998866570966,0.999994427475806,"ya_adult_cogact_freq"
"1711","ULK4","Inh PVALB CA8 (Chandelier)",-0.0261102698873685,6.03016235404638,0.215624517525123,0.643022448674446,0.999998866570966,0.999994427475806,"ya_adult_cogact_freq"
"1712","TRAK1","Inh PVALB CA8 (Chandelier)",0.0115815648805534,7.143687185893,0.0642004665804535,0.800299772495268,0.999998866570966,0.999994427475806,"ya_adult_cogact_freq"
"1713","CCK","Inh PVALB CA8 (Chandelier)",-0.0495388819308834,5.35459457685561,0.202120419168961,0.653620271507014,0.999998866570966,0.999994427475806,"ya_adult_cogact_freq"
"1714","SEC22C","Inh PVALB CA8 (Chandelier)",-0.0462240950946347,4.72695213839323,0.399316164548902,0.528340212895022,0.999998866570966,0.999994427475806,"ya_adult_cogact_freq"
"1715","SS18L2","Inh PVALB CA8 (Chandelier)",-0.221788806328589,3.94245263018507,3.12090397926439,0.0791916242733766,0.999998866570966,0.999994427475806,"ya_adult_cogact_freq"
"1716","NKTR","Inh PVALB CA8 (Chandelier)",0.0353048787805692,7.99939885392966,0.807461706216826,0.370215629233322,0.999998866570966,0.999994427475806,"ya_adult_cogact_freq"
"1717","AC006059.1","Inh PVALB CA8 (Chandelier)",-0.11978859956613,5.12087263673417,2.42661180614115,0.121256901068034,0.999998866570966,0.999994427475806,"ya_adult_cogact_freq"
"1718","AC092042.3","Inh PVALB CA8 (Chandelier)",0.112592925434614,4.1938307129915,1.10613526755091,0.294501894704069,0.999998866570966,0.999994427475806,"ya_adult_cogact_freq"
"1719","POMGNT2","Inh PVALB CA8 (Chandelier)",0.00945863989757136,4.85476177897467,0.015064721022384,0.902467537219013,0.999998866570966,0.999994427475806,"ya_adult_cogact_freq"
"1720","SNRK","Inh PVALB CA8 (Chandelier)",-0.0539809472674569,6.68581213390701,1.71907722355767,0.191681514009039,0.999998866570966,0.999994427475806,"ya_adult_cogact_freq"
"1721","ANO10","Inh PVALB CA8 (Chandelier)",0.018154108908177,7.51387966771049,0.235728575326416,0.62796935100661,0.999998866570966,0.999994427475806,"ya_adult_cogact_freq"
"1722","ABHD5","Inh PVALB CA8 (Chandelier)",0.0180196017431073,5.40236613823141,0.0868368135320322,0.76861785716355,0.999998866570966,0.999994427475806,"ya_adult_cogact_freq"
"1723","AC006058.1","Inh PVALB CA8 (Chandelier)",0.0620675617441854,5.04651638866706,0.756272260226021,0.385794179967232,0.999998866570966,0.999994427475806,"ya_adult_cogact_freq"
"1724","TCAIM","Inh PVALB CA8 (Chandelier)",0.0211565110184936,7.23155857500431,0.246223725467473,0.620424452947738,0.999998866570966,0.999994427475806,"ya_adult_cogact_freq"
"1725","ZNF445","Inh PVALB CA8 (Chandelier)",-0.0204699678183097,5.76950953990186,0.164115978498306,0.685933524044545,0.999998866570966,0.999994427475806,"ya_adult_cogact_freq"
"1726","AC099669.1","Inh PVALB CA8 (Chandelier)",-0.051418919945286,5.78087373606915,0.852362230042583,0.357268500154292,0.999998866570966,0.999994427475806,"ya_adult_cogact_freq"
"1727","ZNF197","Inh PVALB CA8 (Chandelier)",0.109438236479262,5.74058339848326,3.6453636030644,0.0580067975119661,0.999998866570966,0.999994427475806,"ya_adult_cogact_freq"
"1728","KIAA1143","Inh PVALB CA8 (Chandelier)",-0.0177087328906348,3.74390917452512,0.0192573319062855,0.889804955481692,0.999998866570966,0.999994427475806,"ya_adult_cogact_freq"
"1729","ZDHHC3","Inh PVALB CA8 (Chandelier)",-0.0850786143168707,4.70234254647592,1.35214008537436,0.246627487127175,0.999998866570966,0.999994427475806,"ya_adult_cogact_freq"
"1730","EXOSC7","Inh PVALB CA8 (Chandelier)",0.0771328585248849,4.88842478799321,1.19529972067703,0.275898654170361,0.999998866570966,0.999994427475806,"ya_adult_cogact_freq"
"1731","LARS2","Inh PVALB CA8 (Chandelier)",0.00853165997420948,5.63649643679198,0.0159787065637018,0.899567787794255,0.999998866570966,0.999994427475806,"ya_adult_cogact_freq"
"1732","SACM1L","Inh PVALB CA8 (Chandelier)",0.0295212235073615,5.76842107245893,0.348994068093979,0.55551271301578,0.999998866570966,0.999994427475806,"ya_adult_cogact_freq"
"1733","LZTFL1","Inh PVALB CA8 (Chandelier)",-0.00386302452996483,4.41445563539679,0.00158582946177212,0.968284069177327,0.999998866570966,0.999994427475806,"ya_adult_cogact_freq"
"1734","CCDC12","Inh PVALB CA8 (Chandelier)",-0.0342954121944387,4.77667392461825,0.206918245364624,0.67099824759726,0.999998866570966,0.999994427475806,"ya_adult_cogact_freq"
"1735","SETD2","Inh PVALB CA8 (Chandelier)",0.0346327985058513,7.41746720589681,1.18598923755664,0.277769866251292,0.999998866570966,0.999994427475806,"ya_adult_cogact_freq"
"1736","KIF9-AS1","Inh PVALB CA8 (Chandelier)",-0.0107557118998137,7.75694830780984,0.0694661216840417,0.792453218160606,0.999998866570966,0.999994427475806,"ya_adult_cogact_freq"
"1737","KIF9","Inh PVALB CA8 (Chandelier)",-0.0888972887686533,3.93692373161575,0.595203282414191,0.441546564183004,0.999998866570966,0.999994427475806,"ya_adult_cogact_freq"
"1738","KLHL18","Inh PVALB CA8 (Chandelier)",-0.000129719990202039,5.77450551821707,6.46436691525168e-06,0.99797452336796,0.999998866570966,0.999994427475806,"ya_adult_cogact_freq"
"1739","PTPN23","Inh PVALB CA8 (Chandelier)",-0.133390312147396,4.55461615343245,3.24256577444173,0.0736226941459731,0.999998866570966,0.999994427475806,"ya_adult_cogact_freq"
"1740","SCAP","Inh PVALB CA8 (Chandelier)",-0.151552174966878,5.66889449703066,8.23239222777512,0.00466814909148194,0.999998866570966,0.999994427475806,"ya_adult_cogact_freq"
"1741","ELP6","Inh PVALB CA8 (Chandelier)",-0.0281667211981048,4.54888924596386,0.106282478826638,0.744840809682677,0.999998866570966,0.999994427475806,"ya_adult_cogact_freq"
"1742","CSPG5","Inh PVALB CA8 (Chandelier)",0.009592494487366,5.69747331931362,0.0273116539962402,0.868945097628357,0.999998866570966,0.999994427475806,"ya_adult_cogact_freq"
"1743","SMARCC1","Inh PVALB CA8 (Chandelier)",0.031028957155253,6.73159395652943,0.548876391280291,0.459857900565591,0.999998866570966,0.999994427475806,"ya_adult_cogact_freq"
"1744","DHX30","Inh PVALB CA8 (Chandelier)",-0.0343406648213991,5.90714530604629,0.460236702132634,0.581619006283003,0.999998866570966,0.999994427475806,"ya_adult_cogact_freq"
"1745","MAP4","Inh PVALB CA8 (Chandelier)",0.0692722815146571,7.24089615655928,3.142552760089,0.0781681343981843,0.999998866570966,0.999994427475806,"ya_adult_cogact_freq"
"1746","ZNF589","Inh PVALB CA8 (Chandelier)",-0.0666475518305951,5.69544541922857,1.17928926410957,0.279126379981116,0.999998866570966,0.999994427475806,"ya_adult_cogact_freq"
"1747","TMA7","Inh PVALB CA8 (Chandelier)",-0.00772125477356412,5.02051952402832,0.00779098589150079,0.929774670763652,0.999998866570966,0.999994427475806,"ya_adult_cogact_freq"
"1748","SHISA5","Inh PVALB CA8 (Chandelier)",-0.153077646328697,4.20539790452421,2.52914071079741,0.113725619266716,0.999998866570966,0.999994427475806,"ya_adult_cogact_freq"
"1749","PFKFB4","Inh PVALB CA8 (Chandelier)",0.0530214347828092,4.2772598955838,0.311415455716295,0.577589207260031,0.999998866570966,0.999994427475806,"ya_adult_cogact_freq"
"1750","COL7A1","Inh PVALB CA8 (Chandelier)",-0.0184138484504038,4.22982597033189,0.0311177410419883,0.860199987888362,0.999998866570966,0.999994427475806,"ya_adult_cogact_freq"
"1751","UQCRC1","Inh PVALB CA8 (Chandelier)",-0.0435084106768464,5.10259889846257,0.355065479070307,0.552097591901038,0.999998866570966,0.999994427475806,"ya_adult_cogact_freq"
"1752","CELSR3","Inh PVALB CA8 (Chandelier)",-0.0207754762886471,4.48822118984259,0.0771130959107766,0.781605245180155,0.999998866570966,0.999994427475806,"ya_adult_cogact_freq"
"1753","NCKIPSD","Inh PVALB CA8 (Chandelier)",0.0233515193806181,4.71967313345587,0.10444012520084,0.746984973247147,0.999998866570966,0.999994427475806,"ya_adult_cogact_freq"
"1754","IP6K2","Inh PVALB CA8 (Chandelier)",-0.00610594124015535,5.79321007372123,0.0135936620396289,0.907329008907178,0.999998866570966,0.999994427475806,"ya_adult_cogact_freq"
"1755","PRKAR2A","Inh PVALB CA8 (Chandelier)",0.0074689200306256,6.7904002764822,0.0297072279435617,0.86337299651526,0.999998866570966,0.999994427475806,"ya_adult_cogact_freq"
"1756","ARIH2","Inh PVALB CA8 (Chandelier)",0.063608875229735,6.53451461593499,2.78543627929302,0.0970710588630153,0.999998866570966,0.999994427475806,"ya_adult_cogact_freq"
"1757","P4HTM","Inh PVALB CA8 (Chandelier)",-0.0713162905071738,6.1757996882278,1.79968273356476,0.181642796857797,0.999998866570966,0.999994427475806,"ya_adult_cogact_freq"
"1758","WDR6","Inh PVALB CA8 (Chandelier)",-0.10228253815065,5.40045442198603,2.47766129494068,0.117439751451678,0.999998866570966,0.999994427475806,"ya_adult_cogact_freq"
"1759","QRICH1","Inh PVALB CA8 (Chandelier)",-0.0187858171219451,6.03665065131072,0.112370774598294,0.73789803111637,0.999998866570966,0.999994427475806,"ya_adult_cogact_freq"
"1760","C3orf62","Inh PVALB CA8 (Chandelier)",-0.0256941853348073,4.40994069643967,0.0948382047791628,0.758512829724201,0.999998866570966,0.999994427475806,"ya_adult_cogact_freq"
"1761","USP4","Inh PVALB CA8 (Chandelier)",0.0572625809362849,5.97601578238045,0.99756231125006,0.319402025548862,0.999998866570966,0.999994427475806,"ya_adult_cogact_freq"
"1762","RHOA","Inh PVALB CA8 (Chandelier)",0.0275100066842063,5.41369387785738,0.213159658592534,0.647592434827996,0.999998866570966,0.999994427475806,"ya_adult_cogact_freq"
"1763","DAG1","Inh PVALB CA8 (Chandelier)",0.0602321567014439,4.69554484665905,0.676279219399017,0.523108928346841,0.999998866570966,0.999994427475806,"ya_adult_cogact_freq"
"1764","BSN","Inh PVALB CA8 (Chandelier)",-0.0509583288937352,6.63727773322783,1.67959442771311,0.196835852538376,0.999998866570966,0.999994427475806,"ya_adult_cogact_freq"
"1765","RNF123","Inh PVALB CA8 (Chandelier)",-0.0370300390803308,4.54074675347415,0.267064855745585,0.606017717273204,0.999998866570966,0.999994427475806,"ya_adult_cogact_freq"
"1766","IP6K1","Inh PVALB CA8 (Chandelier)",0.097137842298452,6.30532195051904,4.39991103806371,0.0375050604199721,0.999998866570966,0.999994427475806,"ya_adult_cogact_freq"
"1767","CAMKV","Inh PVALB CA8 (Chandelier)",-0.0575340038437459,4.35850048514464,0.37152101681126,0.543036829905904,0.999998866570966,0.999994427475806,"ya_adult_cogact_freq"
"1768","RBM6","Inh PVALB CA8 (Chandelier)",0.0272538864256007,8.20364612621914,0.727933777307901,0.394823137392015,0.999998866570966,0.999994427475806,"ya_adult_cogact_freq"
"1769","RBM5","Inh PVALB CA8 (Chandelier)",0.0428856398412834,6.44257480418172,1.10366798177821,0.295039173360599,0.999998866570966,0.999994427475806,"ya_adult_cogact_freq"
"1770","GNAI2","Inh PVALB CA8 (Chandelier)",-0.0312358307152746,4.88541424163893,0.209117246642675,0.64807753857617,0.999998866570966,0.999994427475806,"ya_adult_cogact_freq"
"1771","TUSC2","Inh PVALB CA8 (Chandelier)",-0.202931148373753,3.88129165075761,3.22006123482507,0.0746199028943365,0.999998866570966,0.999994427475806,"ya_adult_cogact_freq"
"1772","RASSF1","Inh PVALB CA8 (Chandelier)",-0.0405358570410366,3.751732829426,0.109854419243906,0.740741595425368,0.999998866570966,0.999994427475806,"ya_adult_cogact_freq"
"1773","NPRL2","Inh PVALB CA8 (Chandelier)",-0.0765229136054731,4.06740836276751,0.542911666993773,0.462302448805001,0.999998866570966,0.999994427475806,"ya_adult_cogact_freq"
"1774","CACNA2D2","Inh PVALB CA8 (Chandelier)",-0.00784355142007526,5.16081538045167,0.0155712179166005,0.900849907535533,0.999998866570966,0.999994427475806,"ya_adult_cogact_freq"
"1775","C3orf18","Inh PVALB CA8 (Chandelier)",-0.0700019716469488,4.07808594997826,0.399652240652019,0.528166934530013,0.999998866570966,0.999994427475806,"ya_adult_cogact_freq"
"1776","DOCK3","Inh PVALB CA8 (Chandelier)",0.0118323717567354,10.4190307862977,0.223265735582569,0.637203589241594,0.999998866570966,0.999994427475806,"ya_adult_cogact_freq"
"1777","MANF","Inh PVALB CA8 (Chandelier)",0.00543813994189733,3.811277298423,0.0017798167331435,0.966401279548404,0.999998866570966,0.999994427475806,"ya_adult_cogact_freq"
"1778","DCAF1","Inh PVALB CA8 (Chandelier)",-0.00900744705615985,5.1956133868683,0.0203936546554409,0.96292555021108,0.999998866570966,0.999994427475806,"ya_adult_cogact_freq"
"1779","RAD54L2","Inh PVALB CA8 (Chandelier)",-0.021776653926453,5.85182014538924,0.118369586260564,0.73125916741003,0.999998866570966,0.999994427475806,"ya_adult_cogact_freq"
"1780","TEX264","Inh PVALB CA8 (Chandelier)",-0.152591522839173,4.21885295980725,2.20389073851544,0.139620971668238,0.999998866570966,0.999994427475806,"ya_adult_cogact_freq"
"1781","PCBP4","Inh PVALB CA8 (Chandelier)",0.0182246365083204,5.33982565705282,0.0799045490999585,0.777790424754256,0.999998866570966,0.999994427475806,"ya_adult_cogact_freq"
"1782","RPL29","Inh PVALB CA8 (Chandelier)",-0.18256604309664,4.99387287525998,3.17922018110649,0.0764672416936446,0.999998866570966,0.999994427475806,"ya_adult_cogact_freq"
"1783","WDR82","Inh PVALB CA8 (Chandelier)",0.0676403541331899,5.88284743947479,1.07959924376997,0.300347407545436,0.999998866570966,0.999994427475806,"ya_adult_cogact_freq"
"1784","DNAH1","Inh PVALB CA8 (Chandelier)",0.0685753040489389,4.2389021883143,0.393984576984227,0.531102889221609,0.999998866570966,0.999994427475806,"ya_adult_cogact_freq"
"1785","BAP1","Inh PVALB CA8 (Chandelier)",0.0222888114584685,4.04082515147713,0.046032909756208,0.830387894034448,0.999998866570966,0.999994427475806,"ya_adult_cogact_freq"
"1786","PHF7","Inh PVALB CA8 (Chandelier)",0.00319125726857525,4.47650743324586,0.00125930088319358,0.971735731363479,0.999998866570966,0.999994427475806,"ya_adult_cogact_freq"
"1787","NISCH","Inh PVALB CA8 (Chandelier)",-0.0231273031710606,5.83191724704318,0.17420026523722,0.676962409809228,0.999998866570966,0.999994427475806,"ya_adult_cogact_freq"
"1788","SMIM4","Inh PVALB CA8 (Chandelier)",0.0536328731524178,4.53367850094366,0.482654644053735,0.546286133486397,0.999998866570966,0.999994427475806,"ya_adult_cogact_freq"
"1789","PBRM1","Inh PVALB CA8 (Chandelier)",0.0268241063729916,6.85732946979354,0.441537544375309,0.5073332550961,0.999998866570966,0.999994427475806,"ya_adult_cogact_freq"
"1790","GNL3","Inh PVALB CA8 (Chandelier)",-0.0228745429934721,4.21277713194338,0.0503257393502771,0.822782286762909,0.999998866570966,0.999994427475806,"ya_adult_cogact_freq"
"1791","GLT8D1","Inh PVALB CA8 (Chandelier)",0.0284239698110191,4.13010741045875,0.0895666139943496,0.773684351998681,0.999998866570966,0.999994427475806,"ya_adult_cogact_freq"
"1792","SPCS1","Inh PVALB CA8 (Chandelier)",-0.085046099424396,4.93639295882214,0.833050006246408,0.362758762781916,0.999998866570966,0.999994427475806,"ya_adult_cogact_freq"
"1793","NEK4","Inh PVALB CA8 (Chandelier)",0.0137009518632218,5.75303287925402,0.0703888408540472,0.886069141570352,0.999998866570966,0.999994427475806,"ya_adult_cogact_freq"
"1794","SFMBT1","Inh PVALB CA8 (Chandelier)",-0.0221776488271394,5.01107567812715,0.0868621910915757,0.768585022725517,0.999998866570966,0.999994427475806,"ya_adult_cogact_freq"
"1795","AC096887.1","Inh PVALB CA8 (Chandelier)",-0.0481116384085745,3.96121365264599,0.121222010904321,0.728168366295874,0.999998866570966,0.999994427475806,"ya_adult_cogact_freq"
"1796","TKT","Inh PVALB CA8 (Chandelier)",-0.0313883861746306,5.18548114672843,0.185666631613766,0.667125156382103,0.999998866570966,0.999994427475806,"ya_adult_cogact_freq"
"1797","DCP1A","Inh PVALB CA8 (Chandelier)",-0.0119915938912635,6.04729249270502,0.0691402682496528,0.792929365495861,0.999998866570966,0.999994427475806,"ya_adult_cogact_freq"
"1798","CACNA1D","Inh PVALB CA8 (Chandelier)",0.0152694075357164,8.963617402349,0.243786556860298,0.62215842426193,0.999998866570966,0.999994427475806,"ya_adult_cogact_freq"
"1799","CHDH","Inh PVALB CA8 (Chandelier)",-0.131453653930503,3.59669362800244,0.710809111084861,0.400427966786222,0.999998866570966,0.999994427475806,"ya_adult_cogact_freq"
"1800","SELENOK","Inh PVALB CA8 (Chandelier)",-0.159386419005265,4.22041625171974,2.01185342625128,0.158010149154021,0.999998866570966,0.999994427475806,"ya_adult_cogact_freq"
"1801","CACNA2D3","Inh PVALB CA8 (Chandelier)",0.00424151810254316,4.42909029548499,0.00111574411707178,0.973394847359081,0.999998866570966,0.999994427475806,"ya_adult_cogact_freq"
"1802","ERC2","Inh PVALB CA8 (Chandelier)",0.0245459652735583,9.23158575406803,0.52061587318784,0.471627159290919,0.999998866570966,0.999994427475806,"ya_adult_cogact_freq"
"1803","CCDC66","Inh PVALB CA8 (Chandelier)",0.072447352212435,6.84771700494231,3.41010756204462,0.0666366956098713,0.999998866570966,0.999994427475806,"ya_adult_cogact_freq"
"1804","FAM208A","Inh PVALB CA8 (Chandelier)",0.0433787291162948,6.02590403754704,0.724815540033531,0.652225094347332,0.999998866570966,0.999994427475806,"ya_adult_cogact_freq"
"1805","ARHGEF3","Inh PVALB CA8 (Chandelier)",-0.0265100520093725,6.60390178180088,0.36111887640726,0.548731809339537,0.999998866570966,0.999994427475806,"ya_adult_cogact_freq"
"1806","APPL1","Inh PVALB CA8 (Chandelier)",-0.0413027399597601,5.97579129188212,0.71753079809277,0.398214285481987,0.999998866570966,0.999994427475806,"ya_adult_cogact_freq"
"1807","PDE12","Inh PVALB CA8 (Chandelier)",0.0390045987747918,4.1538818439029,0.148538272032849,0.700445636553607,0.999998866570966,0.999994427475806,"ya_adult_cogact_freq"
"1808","ARF4","Inh PVALB CA8 (Chandelier)",-0.0751055565908805,4.71175685233423,0.797856026614403,0.373070311349119,0.999998866570966,0.999994427475806,"ya_adult_cogact_freq"
"1809","DENND6A","Inh PVALB CA8 (Chandelier)",-0.00985492159794448,6.18606164399146,0.043791768562079,0.979552505738217,0.999998866570966,0.999994427475806,"ya_adult_cogact_freq"
"1810","DENND6A-AS1","Inh PVALB CA8 (Chandelier)",-0.0975451689357897,3.84992020322543,0.590362301131668,0.443406243544692,0.999998866570966,0.999994427475806,"ya_adult_cogact_freq"
"1811","SLMAP","Inh PVALB CA8 (Chandelier)",0.0281111555325428,7.09781066439959,0.792933209296736,0.374545319530368,0.999998866570966,0.999994427475806,"ya_adult_cogact_freq"
"1812","FLNB","Inh PVALB CA8 (Chandelier)",-0.0952601590958548,5.66253104774474,2.50375676504997,0.115540409336273,0.999998866570966,0.999994427475806,"ya_adult_cogact_freq"
"1813","ABHD6","Inh PVALB CA8 (Chandelier)",-0.0998520605156923,5.46588091460571,2.70462179113084,0.102011805879932,0.999998866570966,0.999994427475806,"ya_adult_cogact_freq"
"1814","RPP14","Inh PVALB CA8 (Chandelier)",0.00641602853396327,4.34133808295999,0.00588072399869796,0.938968791186297,0.999998866570966,0.999994427475806,"ya_adult_cogact_freq"
"1815","PXK","Inh PVALB CA8 (Chandelier)",-0.0023835947996791,6.35579481138606,0.00288985110694942,0.957195245701187,0.999998866570966,0.999994427475806,"ya_adult_cogact_freq"
"1816","PDHB","Inh PVALB CA8 (Chandelier)",-0.0633920553827821,4.11205920215779,0.364225539013359,0.547019354765683,0.999998866570966,0.999994427475806,"ya_adult_cogact_freq"
"1817","KCTD6","Inh PVALB CA8 (Chandelier)",-0.0728745589103804,4.678165224264,0.673653813761276,0.412995986916806,0.999998866570966,0.999994427475806,"ya_adult_cogact_freq"
"1818","FAM107A","Inh PVALB CA8 (Chandelier)",0.0117302171810739,3.88250692150481,0.0086154027084306,0.926162771041325,0.999998866570966,0.999994427475806,"ya_adult_cogact_freq"
"1819","C3orf67-AS1","Inh PVALB CA8 (Chandelier)",0.170696998947981,6.31064512305302,4.14255722918323,0.0434602153821994,0.999998866570966,0.999994427475806,"ya_adult_cogact_freq"
"1820","FHIT","Inh PVALB CA8 (Chandelier)",0.030621632499225,8.63532362797885,0.330313946223241,0.566277678364497,0.999998866570966,0.999994427475806,"ya_adult_cogact_freq"
"1821","PTPRG","Inh PVALB CA8 (Chandelier)",0.022201228682494,9.77481340267119,0.535093051611897,0.465538381422265,0.999998866570966,0.999994427475806,"ya_adult_cogact_freq"
"1822","C3orf14","Inh PVALB CA8 (Chandelier)",-0.011499376182423,5.27466868941334,0.030985812746622,0.860493580816771,0.999998866570966,0.999994427475806,"ya_adult_cogact_freq"
"1823","CADPS","Inh PVALB CA8 (Chandelier)",-0.0127880471433075,10.2497020145804,0.240343429865894,0.624626588634233,0.999998866570966,0.999994427475806,"ya_adult_cogact_freq"
"1824","SYNPR","Inh PVALB CA8 (Chandelier)",0.273309605123442,3.95021123895813,2.74936257166446,0.0992431409387922,0.999998866570966,0.999994427475806,"ya_adult_cogact_freq"
"1825","SYNPR-AS1","Inh PVALB CA8 (Chandelier)",0.0342451635496455,3.29944689144168,0.0317773464951877,0.858741640017145,0.999998866570966,0.999994427475806,"ya_adult_cogact_freq"
"1826","THOC7","Inh PVALB CA8 (Chandelier)",-0.0291296859793614,5.1428118794745,0.228653114260834,0.633173923765104,0.999998866570966,0.999994427475806,"ya_adult_cogact_freq"
"1827","ATXN7","Inh PVALB CA8 (Chandelier)",0.058843989293549,4.19289013092902,0.390663175794439,0.613809714843775,0.999998866570966,0.999994427475806,"ya_adult_cogact_freq"
"1828","PRICKLE2","Inh PVALB CA8 (Chandelier)",-0.0062407357449362,8.86999676298696,0.0246549607443738,0.875426912124254,0.999998866570966,0.999994427475806,"ya_adult_cogact_freq"
"1829","ADAMTS9-AS2","Inh PVALB CA8 (Chandelier)",-0.0948887097402639,7.27285839578398,0.798794084736507,0.372790172144897,0.999998866570966,0.999994427475806,"ya_adult_cogact_freq"
"1830","MAGI1","Inh PVALB CA8 (Chandelier)",0.00800785762052485,9.78095933699484,0.0782282109251068,0.780072527860288,0.999998866570966,0.999994427475806,"ya_adult_cogact_freq"
"1831","SLC25A26","Inh PVALB CA8 (Chandelier)",0.0114530527338551,5.6713819614456,0.0454975414999969,0.831362038250152,0.999998866570966,0.999994427475806,"ya_adult_cogact_freq"
"1832","LRIG1","Inh PVALB CA8 (Chandelier)",0.0505410377941148,4.23637630260572,0.299513835539756,0.584946291431712,0.999998866570966,0.999994427475806,"ya_adult_cogact_freq"
"1833","SUCLG2","Inh PVALB CA8 (Chandelier)",-0.11544849101277,4.05868133124557,0.973375028487956,0.325322424720294,0.999998866570966,0.999994427475806,"ya_adult_cogact_freq"
"1834","SUCLG2-AS1","Inh PVALB CA8 (Chandelier)",0.0515224247168966,4.75811357115875,0.196147905989303,0.658443629143361,0.999998866570966,0.999994427475806,"ya_adult_cogact_freq"
"1835","FAM19A1","Inh PVALB CA8 (Chandelier)",0.0568997750762484,6.65801522361213,0.28363059526507,0.595066741683188,0.999998866570966,0.999994427475806,"ya_adult_cogact_freq"
"1836","FAM19A4","Inh PVALB CA8 (Chandelier)",-0.0261169429367567,8.07586746778666,0.361277941743917,0.54864388588115,0.999998866570966,0.999994427475806,"ya_adult_cogact_freq"
"1837","EOGT","Inh PVALB CA8 (Chandelier)",0.0951297435646983,5.32853197972805,1.55845021066795,0.213707278119246,0.999998866570966,0.999994427475806,"ya_adult_cogact_freq"
"1838","TMF1","Inh PVALB CA8 (Chandelier)",-0.0273451255998326,5.66364531074495,0.235833185912401,0.627893129740386,0.999998866570966,0.999994427475806,"ya_adult_cogact_freq"
"1839","UBA3","Inh PVALB CA8 (Chandelier)",-0.0354150662867087,6.06298486163904,0.45974518247296,0.498717830311169,0.999998866570966,0.999994427475806,"ya_adult_cogact_freq"
"1840","ARL6IP5","Inh PVALB CA8 (Chandelier)",-0.111203573953539,6.3409286134568,2.42718403315033,0.121213353116094,0.999998866570966,0.999994427475806,"ya_adult_cogact_freq"
"1841","MITF","Inh PVALB CA8 (Chandelier)",0.0123579505456311,5.40776955110456,0.0265864874596192,0.870680989841883,0.999998866570966,0.999994427475806,"ya_adult_cogact_freq"
"1842","FOXP1","Inh PVALB CA8 (Chandelier)",0.0950460727716412,7.05939902872863,3.63504379316883,0.0583590374211622,0.999998866570966,0.999994427475806,"ya_adult_cogact_freq"
"1843","EIF4E3","Inh PVALB CA8 (Chandelier)",0.00854479656192026,5.1659243178331,0.0159242295953877,0.899738224167318,0.999998866570966,0.999994427475806,"ya_adult_cogact_freq"
"1844","RYBP","Inh PVALB CA8 (Chandelier)",-0.00912135240899036,6.32232418394803,0.026989186384365,0.869714055728145,0.999998866570966,0.999994427475806,"ya_adult_cogact_freq"
"1845","SHQ1","Inh PVALB CA8 (Chandelier)",-0.0270630086769159,4.28912750985159,0.0672310826549847,0.795743547362024,0.999998866570966,0.999994427475806,"ya_adult_cogact_freq"
"1846","GXYLT2","Inh PVALB CA8 (Chandelier)",-0.21362103050936,3.64619550499571,1.74183591892136,0.188782646728161,0.999998866570966,0.999994427475806,"ya_adult_cogact_freq"
"1847","PPP4R2","Inh PVALB CA8 (Chandelier)",-0.0184753818954691,5.62340748659387,0.107876964526674,0.743001664347783,0.999998866570966,0.999994427475806,"ya_adult_cogact_freq"
"1848","PDZRN3","Inh PVALB CA8 (Chandelier)",0.0595795351473385,9.00962310699098,1.75038164430776,0.187707457629123,0.999998866570966,0.999994427475806,"ya_adult_cogact_freq"
"1849","CNTN3","Inh PVALB CA8 (Chandelier)",-0.0406527769713385,5.85992401446173,0.21506762207509,0.643451410675281,0.999998866570966,0.999994427475806,"ya_adult_cogact_freq"
"1850","LINC02018","Inh PVALB CA8 (Chandelier)",0.0515948209561361,4.10075821354607,0.233385814672792,0.629681836613479,0.999998866570966,0.999994427475806,"ya_adult_cogact_freq"
"1851","ZNF717","Inh PVALB CA8 (Chandelier)",-0.0440905403394709,5.56289991377524,0.527048320884582,0.468906039243903,0.999998866570966,0.999994427475806,"ya_adult_cogact_freq"
"1852","ROBO2","Inh PVALB CA8 (Chandelier)",0.109666542329172,9.42226798883533,3.12707221307048,0.0788985325833834,0.999998866570966,0.999994427475806,"ya_adult_cogact_freq"
"1853","ROBO1","Inh PVALB CA8 (Chandelier)",-0.160385753832889,4.62117079729103,1.38082575421272,0.241698010505044,0.999998866570966,0.999994427475806,"ya_adult_cogact_freq"
"1854","GBE1","Inh PVALB CA8 (Chandelier)",-0.0608595794398018,4.74156092854655,0.369674931827295,0.544039489716461,0.999998866570966,0.999994427475806,"ya_adult_cogact_freq"
"1855","CADM2","Inh PVALB CA8 (Chandelier)",0.0834280042824732,11.358398539592,2.80855414300547,0.0957066036486865,0.999998866570966,0.999994427475806,"ya_adult_cogact_freq"
"1856","VGLL3","Inh PVALB CA8 (Chandelier)",0.161733239349156,4.28115600605668,1.72461780256707,0.190970999001536,0.999998866570966,0.999994427475806,"ya_adult_cogact_freq"
"1857","AC107204.1","Inh PVALB CA8 (Chandelier)",0.10350158951986,4.9992368122626,1.43673819850685,0.232431806863602,0.999998866570966,0.999994427475806,"ya_adult_cogact_freq"
"1858","CHMP2B","Inh PVALB CA8 (Chandelier)",-0.0376525294552937,4.48987762840013,0.207723441152021,0.6491726482244,0.999998866570966,0.999994427475806,"ya_adult_cogact_freq"
"1859","AC117513.1","Inh PVALB CA8 (Chandelier)",0.229037539916157,4.23056842060265,3.88254150976235,0.050508085509767,0.999998866570966,0.999994427475806,"ya_adult_cogact_freq"
"1860","HTR1F","Inh PVALB CA8 (Chandelier)",0.140989767677723,4.83904808066957,3.43571535266927,0.0656335455532486,0.999998866570966,0.999994427475806,"ya_adult_cogact_freq"
"1861","CGGBP1","Inh PVALB CA8 (Chandelier)",0.00578278167826291,5.47311173953157,0.00757421491452964,0.9307559983207,0.999998866570966,0.999994427475806,"ya_adult_cogact_freq"
"1862","ZNF654","Inh PVALB CA8 (Chandelier)",-0.0380622532053201,6.61947034797751,0.663542583439242,0.416517073259765,0.999998866570966,0.999994427475806,"ya_adult_cogact_freq"
"1863","C3orf38","Inh PVALB CA8 (Chandelier)",-0.0438861822982936,5.18481333077999,0.516463145908532,0.473397516712977,0.999998866570966,0.999994427475806,"ya_adult_cogact_freq"
"1864","CSNKA2IP","Inh PVALB CA8 (Chandelier)",0.383507536288834,3.43876087983944,4.27934622101765,0.0401793292840184,0.999998866570966,0.999994427475806,"ya_adult_cogact_freq"
"1865","EPHA3","Inh PVALB CA8 (Chandelier)",0.0879730986273947,5.84257076425802,0.821071184506648,0.366223237747217,0.999998866570966,0.999994427475806,"ya_adult_cogact_freq"
"1866","ARL13B","Inh PVALB CA8 (Chandelier)",-0.00847349935865811,5.46461566515518,0.0151684283642722,0.902134098999231,0.999998866570966,0.999994427475806,"ya_adult_cogact_freq"
"1867","NSUN3","Inh PVALB CA8 (Chandelier)",0.0749642208281592,4.81628997773579,1.04853354991451,0.464832355963436,0.999998866570966,0.999994427475806,"ya_adult_cogact_freq"
"1868","MTRNR2L12","Inh PVALB CA8 (Chandelier)",0.134970253795674,6.62160154076928,0.823926917443766,0.365393141037174,0.999998866570966,0.999994427475806,"ya_adult_cogact_freq"
"1869","EPHA6","Inh PVALB CA8 (Chandelier)",0.024063148837266,9.45692148740992,0.342262192134091,0.559346560653728,0.999998866570966,0.999994427475806,"ya_adult_cogact_freq"
"1870","ARL6","Inh PVALB CA8 (Chandelier)",0.027535353663253,5.27581133679556,0.236568260738275,0.814042941500198,0.999998866570966,0.999994427475806,"ya_adult_cogact_freq"
"1871","CLDND1","Inh PVALB CA8 (Chandelier)",0.0660597720022776,4.90463138275069,0.886518126687595,0.347835280403386,0.999998866570966,0.999994427475806,"ya_adult_cogact_freq"
"1872","CPOX","Inh PVALB CA8 (Chandelier)",0.00505950771665666,4.94208596052974,0.00433966518884482,0.947558289839714,0.999998866570966,0.999994427475806,"ya_adult_cogact_freq"
"1873","ST3GAL6","Inh PVALB CA8 (Chandelier)",0.0167858766969954,5.22687893732523,0.0489941986017978,0.825103671460599,0.999998866570966,0.999994427475806,"ya_adult_cogact_freq"
"1874","DCBLD2","Inh PVALB CA8 (Chandelier)",-0.15914997185387,5.984852974032,7.88230562359998,0.00561040586464112,0.999998866570966,0.999994427475806,"ya_adult_cogact_freq"
"1875","CMSS1","Inh PVALB CA8 (Chandelier)",-0.0249489279387813,7.31781212210067,0.289444878487833,0.591320510126664,0.999998866570966,0.999994427475806,"ya_adult_cogact_freq"
"1876","FILIP1L","Inh PVALB CA8 (Chandelier)",-0.177179153183322,4.20479513375907,2.13819736235818,0.145622716952567,0.999998866570966,0.999994427475806,"ya_adult_cogact_freq"
"1877","TBC1D23","Inh PVALB CA8 (Chandelier)",-0.0518649414361336,5.45760971024485,0.801612695125765,0.371950207981316,0.999998866570966,0.999994427475806,"ya_adult_cogact_freq"
"1878","TOMM70","Inh PVALB CA8 (Chandelier)",-0.000395174438108911,5.44632624349343,4.04070999426335e-05,0.994936036036958,0.999998866570966,0.999994427475806,"ya_adult_cogact_freq"
"1879","LNP1","Inh PVALB CA8 (Chandelier)",0.162182150632084,4.14933074417835,2.77392481239317,0.152496522564188,0.999998866570966,0.999994427475806,"ya_adult_cogact_freq"
"1880","ADGRG7","Inh PVALB CA8 (Chandelier)",-0.397251744898738,2.689549023676,1.28286879358456,0.259052745399889,0.999998866570966,0.999994427475806,"ya_adult_cogact_freq"
"1881","TFG","Inh PVALB CA8 (Chandelier)",0.0303395203566451,6.16122957943277,0.535142440249935,0.465517826818267,0.999998866570966,0.999994427475806,"ya_adult_cogact_freq"
"1882","ABI3BP","Inh PVALB CA8 (Chandelier)",-0.0864441678361738,5.85453102457486,0.335009030053451,0.56353440269416,0.999998866570966,0.999994427475806,"ya_adult_cogact_freq"
"1883","IMPG2","Inh PVALB CA8 (Chandelier)",0.0151812669450212,4.39701277845433,0.0191298958934395,0.890167829272518,0.999998866570966,0.999994427475806,"ya_adult_cogact_freq"
"1884","SENP7","Inh PVALB CA8 (Chandelier)",0.0064556406739435,7.17073247243646,0.0353169261260755,0.851170101047925,0.999998866570966,0.999994427475806,"ya_adult_cogact_freq"
"1885","TRMT10C","Inh PVALB CA8 (Chandelier)",0.00570451836570746,4.22996993598885,0.00304850735053227,0.956037098510857,0.999998866570966,0.999994427475806,"ya_adult_cogact_freq"
"1886","PCNP","Inh PVALB CA8 (Chandelier)",-0.0239132526098978,6.04087328956497,0.245505106654767,0.630259959728057,0.999998866570966,0.999994427475806,"ya_adult_cogact_freq"
"1887","ZBTB11","Inh PVALB CA8 (Chandelier)",0.0622964549941008,5.30178616871187,1.02679266771722,0.312435793364866,0.999998866570966,0.999994427475806,"ya_adult_cogact_freq"
"1888","RPL24","Inh PVALB CA8 (Chandelier)",-0.143207491022876,4.32721276005497,1.95033100020937,0.164476272585114,0.999998866570966,0.999994427475806,"ya_adult_cogact_freq"
"1889","CEP97","Inh PVALB CA8 (Chandelier)",0.0296697942981952,5.8240937178836,0.36444123965466,0.546900826853326,0.999998866570966,0.999994427475806,"ya_adult_cogact_freq"
"1890","NXPE3","Inh PVALB CA8 (Chandelier)",0.0153861672017689,5.22644249354736,0.0711323383759997,0.790036967277669,0.999998866570966,0.999994427475806,"ya_adult_cogact_freq"
"1891","NFKBIZ","Inh PVALB CA8 (Chandelier)",-0.0356857510414446,4.34013784668808,0.126930119520605,0.722103596867357,0.999998866570966,0.999994427475806,"ya_adult_cogact_freq"
"1892","ALCAM","Inh PVALB CA8 (Chandelier)",0.026650173523753,8.59729316084509,0.417310088737915,0.519203362653896,0.999998866570966,0.999994427475806,"ya_adult_cogact_freq"
"1893","CBLB","Inh PVALB CA8 (Chandelier)",0.085819248242393,6.49112762605856,3.17499277646253,0.0766612730598332,0.999998866570966,0.999994427475806,"ya_adult_cogact_freq"
"1894","LINC00882","Inh PVALB CA8 (Chandelier)",0.0114049095616876,8.03384900343567,0.0879266384999253,0.767212470411069,0.999998866570966,0.999994427475806,"ya_adult_cogact_freq"
"1895","DUBR","Inh PVALB CA8 (Chandelier)",0.0338663484397782,6.64136492676093,0.325266220598685,0.569256112796231,0.999998866570966,0.999994427475806,"ya_adult_cogact_freq"
"1896","AC063944.1","Inh PVALB CA8 (Chandelier)",-0.0945080592458098,3.81489852342538,0.377486961935714,0.539819785755767,0.999998866570966,0.999994427475806,"ya_adult_cogact_freq"
"1897","BBX","Inh PVALB CA8 (Chandelier)",-0.028100071063139,6.47754606308164,0.354993207369194,0.552138010681913,0.999998866570966,0.999994427475806,"ya_adult_cogact_freq"
"1898","CD47","Inh PVALB CA8 (Chandelier)",0.0334297702090481,7.32399001775062,0.767634085316926,0.38225720572417,0.999998866570966,0.999994427475806,"ya_adult_cogact_freq"
"1899","IFT57","Inh PVALB CA8 (Chandelier)",0.099571152163419,5.06466235208633,2.22377106257637,0.13786032103069,0.999998866570966,0.999994427475806,"ya_adult_cogact_freq"
"1900","CIP2A","Inh PVALB CA8 (Chandelier)",-0.164265167351872,4.34351021189991,3.46750694807373,0.064410743021186,0.999998866570966,0.999994427475806,"ya_adult_cogact_freq"
"1901","DZIP3","Inh PVALB CA8 (Chandelier)",-0.00569271564042041,6.83994609856943,0.0203661815354629,0.886697818421987,0.999998866570966,0.999994427475806,"ya_adult_cogact_freq"
"1902","NECTIN3-AS1","Inh PVALB CA8 (Chandelier)",0.0134053487492864,4.55573847355775,0.0117511396359764,0.913811459126506,0.999998866570966,0.999994427475806,"ya_adult_cogact_freq"
"1903","NECTIN3","Inh PVALB CA8 (Chandelier)",0.0709527964483188,6.05497920584464,1.48693001658915,0.224479423696092,0.999998866570966,0.999994427475806,"ya_adult_cogact_freq"
"1904","PLCXD2","Inh PVALB CA8 (Chandelier)",0.0464674589531818,4.755052731431,0.32807524413719,0.56759487512644,0.999998866570966,0.999994427475806,"ya_adult_cogact_freq"
"1905","PHLDB2","Inh PVALB CA8 (Chandelier)",0.0325859927418168,6.17219338935656,0.242910384838861,0.622784431060075,0.999998866570966,0.999994427475806,"ya_adult_cogact_freq"
"1906","ABHD10","Inh PVALB CA8 (Chandelier)",0.0212127823425536,4.58746318088408,0.0620986207411124,0.803527306454062,0.999998866570966,0.999994427475806,"ya_adult_cogact_freq"
"1907","TAGLN3","Inh PVALB CA8 (Chandelier)",-0.0483305252037339,6.16182774939103,0.497759823056358,0.481507121022752,0.999998866570966,0.999994427475806,"ya_adult_cogact_freq"
"1908","CD200","Inh PVALB CA8 (Chandelier)",0.016377497741209,5.75941112863991,0.0868785045202794,0.76856391855363,0.999998866570966,0.999994427475806,"ya_adult_cogact_freq"
"1909","GTPBP8","Inh PVALB CA8 (Chandelier)",-0.0648183640205193,4.37621929169432,0.530425704392442,0.46748744679404,0.999998866570966,0.999994427475806,"ya_adult_cogact_freq"
"1910","NEPRO","Inh PVALB CA8 (Chandelier)",-0.0183293212368781,4.3998029659856,0.0478889586293186,0.899224814514547,0.999998866570966,0.999994427475806,"ya_adult_cogact_freq"
"1911","AC078785.1","Inh PVALB CA8 (Chandelier)",0.103485111538261,5.61297318188018,1.91355425425492,0.168486961442709,0.999998866570966,0.999994427475806,"ya_adult_cogact_freq"
"1912","CFAP44","Inh PVALB CA8 (Chandelier)",0.161808177284951,4.1686456675131,1.76419882432741,0.185984184581651,0.999998866570966,0.999994427475806,"ya_adult_cogact_freq"
"1913","SIDT1","Inh PVALB CA8 (Chandelier)",0.0316918000674695,6.23910768538245,0.273608730694902,0.601641405167288,0.999998866570966,0.999994427475806,"ya_adult_cogact_freq"
"1914","USF3","Inh PVALB CA8 (Chandelier)",-0.0766336251604874,4.94652723834449,1.39077577069328,0.241381952269096,0.999998866570966,0.999994427475806,"ya_adult_cogact_freq"
"1915","NAA50","Inh PVALB CA8 (Chandelier)",-0.00989385047057694,6.16423655690329,0.0329169293401934,0.856258433549153,0.999998866570966,0.999994427475806,"ya_adult_cogact_freq"
"1916","ATP6V1A","Inh PVALB CA8 (Chandelier)",-0.0155030594336115,6.66439340988576,0.121029611375465,0.728375554310114,0.999998866570966,0.999994427475806,"ya_adult_cogact_freq"
"1917","CCDC191","Inh PVALB CA8 (Chandelier)",-0.0286918694860581,5.00832287337432,0.14505927601936,0.703805141322648,0.999998866570966,0.999994427475806,"ya_adult_cogact_freq"
"1918","ZBTB20","Inh PVALB CA8 (Chandelier)",-0.00117549580493355,7.29157711544603,0.000589081066848265,0.980666550951307,0.999998866570966,0.999994427475806,"ya_adult_cogact_freq"
"1919","GAP43","Inh PVALB CA8 (Chandelier)",0.0482929747408161,6.87178521773,0.991394618059147,0.320898049786509,0.999998866570966,0.999994427475806,"ya_adult_cogact_freq"
"1920","LSAMP","Inh PVALB CA8 (Chandelier)",0.0138942986043293,10.7868502230516,0.155510422200182,0.693846680389042,0.999998866570966,0.999994427475806,"ya_adult_cogact_freq"
"1921","LSAMP-AS1","Inh PVALB CA8 (Chandelier)",-0.321092944313557,3.24435699977766,2.10401844627254,0.148860877645074,0.999998866570966,0.999994427475806,"ya_adult_cogact_freq"
"1922","AC092691.1","Inh PVALB CA8 (Chandelier)",0.0183506497051479,9.0328250070263,0.169117373754733,0.681445100647819,0.999998866570966,0.999994427475806,"ya_adult_cogact_freq"
"1923","IGSF11","Inh PVALB CA8 (Chandelier)",-0.0750433397972723,6.39218515838806,1.17604701004164,0.279785842851562,0.999998866570966,0.999994427475806,"ya_adult_cogact_freq"
"1924","POGLUT1","Inh PVALB CA8 (Chandelier)",-0.0668161290084967,4.93993451320608,0.850956147406941,0.357664338698341,0.999998866570966,0.999994427475806,"ya_adult_cogact_freq"
"1925","TIMMDC1","Inh PVALB CA8 (Chandelier)",0.0975400932018062,4.80711670738133,1.37653989765821,0.24242677207256,0.999998866570966,0.999994427475806,"ya_adult_cogact_freq"
"1926","MAATS1","Inh PVALB CA8 (Chandelier)",0.0596991358351193,5.16723191239691,0.68414430287495,0.409389309180278,0.999998866570966,0.999994427475806,"ya_adult_cogact_freq"
"1927","GSK3B","Inh PVALB CA8 (Chandelier)",-0.0110633528315957,7.96333459711892,0.146036147503805,0.702857197415906,0.999998866570966,0.999994427475806,"ya_adult_cogact_freq"
"1928","AC092910.3","Inh PVALB CA8 (Chandelier)",-0.0125392643672145,4.61023956272377,0.0175264658129386,0.894843305491278,0.999998866570966,0.999994427475806,"ya_adult_cogact_freq"
"1929","GPR156","Inh PVALB CA8 (Chandelier)",-0.0404183070645631,5.73795992960752,0.332109444712176,0.565225540150105,0.999998866570966,0.999994427475806,"ya_adult_cogact_freq"
"1930","LRRC58","Inh PVALB CA8 (Chandelier)",0.00995500484072228,5.68285584947071,0.036185873089487,0.997359917963787,0.999998866570966,0.999994427475806,"ya_adult_cogact_freq"
"1931","NDUFB4","Inh PVALB CA8 (Chandelier)",-0.0715933620505277,4.52609769892007,0.612914351580657,0.434844332661576,0.999998866570966,0.999994427475806,"ya_adult_cogact_freq"
"1932","STXBP5L","Inh PVALB CA8 (Chandelier)",-0.00896135751474348,9.50212328205322,0.0586345311892046,0.808975902664983,0.999998866570966,0.999994427475806,"ya_adult_cogact_freq"
"1933","FBXO40","Inh PVALB CA8 (Chandelier)",-0.0758945510123914,4.07409564774841,0.333246280871535,0.564561328462618,0.999998866570966,0.999994427475806,"ya_adult_cogact_freq"
"1934","GOLGB1","Inh PVALB CA8 (Chandelier)",0.0413229088919726,7.00833243187614,0.914892482927671,0.340255762014667,0.999998866570966,0.999994427475806,"ya_adult_cogact_freq"
"1935","IQCB1","Inh PVALB CA8 (Chandelier)",0.0867259550245327,6.0800177131371,2.53409016210226,0.113375472191217,0.999998866570966,0.999994427475806,"ya_adult_cogact_freq"
"1936","SLC15A2","Inh PVALB CA8 (Chandelier)",-0.015826312904619,3.9089996843777,0.016065638695133,0.899296422624899,0.999998866570966,0.999994427475806,"ya_adult_cogact_freq"
"1937","CCDC58","Inh PVALB CA8 (Chandelier)",-0.0527960801390893,4.0325950818292,0.280658585808147,0.599085236289565,0.999998866570966,0.999994427475806,"ya_adult_cogact_freq"
"1938","FAM162A","Inh PVALB CA8 (Chandelier)",-0.0670674681960631,5.65761161014067,1.44413000624747,0.231239441545166,0.999998866570966,0.999994427475806,"ya_adult_cogact_freq"
"1939","KPNA1","Inh PVALB CA8 (Chandelier)",-0.0473481146834818,6.19856040132118,1.11442864437783,0.29270513236013,0.999998866570966,0.999994427475806,"ya_adult_cogact_freq"
"1940","HSPBAP1","Inh PVALB CA8 (Chandelier)",0.0189175298060197,4.59689662232698,0.0546257290626649,0.875695332537128,0.999998866570966,0.999994427475806,"ya_adult_cogact_freq"
"1941","DIRC2","Inh PVALB CA8 (Chandelier)",0.0012315800889797,5.56443810297998,0.000442332920170835,0.983246439264473,0.999998866570966,0.999994427475806,"ya_adult_cogact_freq"
"1942","SEMA5B","Inh PVALB CA8 (Chandelier)",-0.124391953302038,4.7961398209327,1.4150636233023,0.235971503205304,0.999998866570966,0.999994427475806,"ya_adult_cogact_freq"
"1943","PDIA5","Inh PVALB CA8 (Chandelier)",-0.119118558940507,4.32938172548085,1.77133355980875,0.191595011845519,0.999998866570966,0.999994427475806,"ya_adult_cogact_freq"
"1944","SEC22A","Inh PVALB CA8 (Chandelier)",-0.0189980920996835,5.99028199839025,0.128452636164742,0.720512015486276,0.999998866570966,0.999994427475806,"ya_adult_cogact_freq"
"1945","ADCY5","Inh PVALB CA8 (Chandelier)",0.0148004498479346,6.06476925122228,0.0783256542093718,0.779939154049056,0.999998866570966,0.999994427475806,"ya_adult_cogact_freq"
"1946","HACD2","Inh PVALB CA8 (Chandelier)",-0.0100023380459566,5.31872531410565,0.0266841895270909,0.870445706999834,0.999998866570966,0.999994427475806,"ya_adult_cogact_freq"
"1947","MYLK-AS1","Inh PVALB CA8 (Chandelier)",0.00633802441954494,4.41528406676952,0.00410544715611159,0.948991093238946,0.999998866570966,0.999994427475806,"ya_adult_cogact_freq"
"1948","CCDC14","Inh PVALB CA8 (Chandelier)",-0.0168140081786988,5.38556471829588,0.070963303940151,0.79028070021678,0.999998866570966,0.999994427475806,"ya_adult_cogact_freq"
"1949","KALRN","Inh PVALB CA8 (Chandelier)",-0.0110047216439726,8.8473171492721,0.113500071233609,0.736633406516236,0.999998866570966,0.999994427475806,"ya_adult_cogact_freq"
"1950","UMPS","Inh PVALB CA8 (Chandelier)",0.0644181985836702,4.40468572245888,0.649590638847499,0.421449645533735,0.999998866570966,0.999994427475806,"ya_adult_cogact_freq"
"1951","HEG1","Inh PVALB CA8 (Chandelier)",-0.0399905531689178,5.29426405703383,0.204972638681854,0.651347046076949,0.999998866570966,0.999994427475806,"ya_adult_cogact_freq"
"1952","SLC12A8","Inh PVALB CA8 (Chandelier)",0.189842233809523,5.01265422705725,5.63633094746807,0.0187720739129519,0.999998866570966,0.999994427475806,"ya_adult_cogact_freq"
"1953","ZNF148","Inh PVALB CA8 (Chandelier)",0.0211374055603417,7.52158299559774,0.539986448050835,0.463508895487611,0.999998866570966,0.999994427475806,"ya_adult_cogact_freq"
"1954","SNX4","Inh PVALB CA8 (Chandelier)",-0.0385098948956432,5.80954877742043,0.555446772350052,0.457188857731974,0.999998866570966,0.999994427475806,"ya_adult_cogact_freq"
"1955","OSBPL11","Inh PVALB CA8 (Chandelier)",0.108165415698464,4.8501830548478,2.38345777118358,0.124592024272723,0.999998866570966,0.999994427475806,"ya_adult_cogact_freq"
"1956","SLC41A3","Inh PVALB CA8 (Chandelier)",-0.0533030448448314,5.07213915233226,0.647926463219656,0.422043835476621,0.999998866570966,0.999994427475806,"ya_adult_cogact_freq"
"1957","ZXDC","Inh PVALB CA8 (Chandelier)",-0.0175691600311983,6.17445059420307,0.160954206317119,0.739040213890727,0.999998866570966,0.999994427475806,"ya_adult_cogact_freq"
"1958","TXNRD3NB","Inh PVALB CA8 (Chandelier)",-0.043199713625198,4.46252787002644,0.230609446895107,0.631725068922087,0.999998866570966,0.999994427475806,"ya_adult_cogact_freq"
"1959","CHCHD6","Inh PVALB CA8 (Chandelier)",-0.0267279593131368,6.45183294870211,0.36571895748575,0.546199699380037,0.999998866570966,0.999994427475806,"ya_adult_cogact_freq"
"1960","PLXNA1","Inh PVALB CA8 (Chandelier)",-0.0158358724562529,5.30819989579309,0.0566169519824363,0.812228164420037,0.999998866570966,0.999994427475806,"ya_adult_cogact_freq"
"1961","PODXL2","Inh PVALB CA8 (Chandelier)",0.0170883840957796,6.50219547546993,0.172669597548865,0.751330607597203,0.999998866570966,0.999994427475806,"ya_adult_cogact_freq"
"1962","ABTB1","Inh PVALB CA8 (Chandelier)",-0.00529333030291669,4.66643792684862,0.00312803205047401,0.955467966011405,0.999998866570966,0.999994427475806,"ya_adult_cogact_freq"
"1963","MGLL","Inh PVALB CA8 (Chandelier)",0.0407770114202851,6.66642098314466,0.703438033649835,0.402876207957359,0.999998866570966,0.999994427475806,"ya_adult_cogact_freq"
"1964","KBTBD12","Inh PVALB CA8 (Chandelier)",0.14583060414934,4.13591662605951,1.2680731674674,0.261806651033173,0.999998866570966,0.999994427475806,"ya_adult_cogact_freq"
"1965","SEC61A1","Inh PVALB CA8 (Chandelier)",-0.0400737628467271,5.19079230869487,0.335568972358196,0.563208952364891,0.999998866570966,0.999994427475806,"ya_adult_cogact_freq"
"1966","RUVBL1","Inh PVALB CA8 (Chandelier)",0.0219227801969779,4.69451262825797,0.0761098507979985,0.782994435814976,0.999998866570966,0.999994427475806,"ya_adult_cogact_freq"
"1967","EEFSEC","Inh PVALB CA8 (Chandelier)",0.0293546097059402,5.82390508606522,0.217649927931736,0.641467988279213,0.999998866570966,0.999994427475806,"ya_adult_cogact_freq"
"1968","RPN1","Inh PVALB CA8 (Chandelier)",0.065913987826151,4.87613435895368,0.595106442168731,0.441583647245632,0.999998866570966,0.999994427475806,"ya_adult_cogact_freq"
"1969","RAB7A","Inh PVALB CA8 (Chandelier)",0.0208626606551926,6.46818937335936,0.266068891497365,0.606689733126,0.999998866570966,0.999994427475806,"ya_adult_cogact_freq"
"1970","ACAD9","Inh PVALB CA8 (Chandelier)",0.0806717685140649,4.93185269411995,1.20145356619337,0.274670610815285,0.999998866570966,0.999994427475806,"ya_adult_cogact_freq"
"1971","CNBP","Inh PVALB CA8 (Chandelier)",0.0122414218326095,5.57600270021768,0.0376339741472173,0.846424877676186,0.999998866570966,0.999994427475806,"ya_adult_cogact_freq"
"1972","COPG1","Inh PVALB CA8 (Chandelier)",-0.00466391776053139,4.39718916847027,0.0033168039634657,0.954475837726995,0.999998866570966,0.999994427475806,"ya_adult_cogact_freq"
"1973","HMCES","Inh PVALB CA8 (Chandelier)",-0.110045312287034,4.59020510874325,1.86540382402709,0.173910143259618,0.999998866570966,0.999994427475806,"ya_adult_cogact_freq"
"1974","H1FX","Inh PVALB CA8 (Chandelier)",-0.0386385773548993,5.8238236169826,0.187505442858119,0.665581364460616,0.999998866570966,0.999994427475806,"ya_adult_cogact_freq"
"1975","MBD4","Inh PVALB CA8 (Chandelier)",-0.156353132294369,4.50021246220246,4.28273131757677,0.0401015487818579,0.999998866570966,0.999994427475806,"ya_adult_cogact_freq"
"1976","IFT122","Inh PVALB CA8 (Chandelier)",-0.0636514724265136,5.47104530239082,1.40220529019281,0.238102486351648,0.999998866570966,0.999994427475806,"ya_adult_cogact_freq"
"1977","TMCC1","Inh PVALB CA8 (Chandelier)",-0.0188750683667282,7.8307825890902,0.476955555837023,0.490800474145095,0.999998866570966,0.999994427475806,"ya_adult_cogact_freq"
"1978","PIK3R4","Inh PVALB CA8 (Chandelier)",0.0203761642126763,4.82789578115741,0.0683279831461305,0.794121551240957,0.999998866570966,0.999994427475806,"ya_adult_cogact_freq"
"1979","ATP2C1","Inh PVALB CA8 (Chandelier)",-0.0245259640902491,6.67647102225772,0.217688310954764,0.641438615341092,0.999998866570966,0.999994427475806,"ya_adult_cogact_freq"
"1980","NEK11","Inh PVALB CA8 (Chandelier)",0.0199236893983216,5.51248917046694,0.0759774709989932,0.783178476359332,0.999998866570966,0.999994427475806,"ya_adult_cogact_freq"
"1981","MRPL3","Inh PVALB CA8 (Chandelier)",0.0209173781292659,4.92440303609596,0.088657126095453,0.82983568413295,0.999998866570966,0.999994427475806,"ya_adult_cogact_freq"
"1982","DNAJC13","Inh PVALB CA8 (Chandelier)",-0.0522912137439613,5.70362259843767,0.995832360090362,0.319820706264214,0.999998866570966,0.999994427475806,"ya_adult_cogact_freq"
"1983","UBA5","Inh PVALB CA8 (Chandelier)",0.0541271974183909,5.13986587236892,0.677049724735532,0.416602971994424,0.999998866570966,0.999994427475806,"ya_adult_cogact_freq"
"1984","TMEM108","Inh PVALB CA8 (Chandelier)",-0.00411027717723586,8.88970205143711,0.0122265349269954,0.91209235124149,0.999998866570966,0.999994427475806,"ya_adult_cogact_freq"
"1985","CDV3","Inh PVALB CA8 (Chandelier)",-0.0398392544446367,4.26964956077533,0.160157333885903,0.68954297369677,0.999998866570966,0.999994427475806,"ya_adult_cogact_freq"
"1986","TOPBP1","Inh PVALB CA8 (Chandelier)",-0.0938993902785738,4.59913503900919,1.33506191898006,0.249621076259387,0.999998866570966,0.999994427475806,"ya_adult_cogact_freq"
"1987","TF","Inh PVALB CA8 (Chandelier)",0.01612357571889,4.46016039784002,0.0315372302752135,0.859270698619395,0.999998866570966,0.999994427475806,"ya_adult_cogact_freq"
"1988","SRPRB","Inh PVALB CA8 (Chandelier)",-0.206442606715698,4.10329525156714,4.2130955739092,0.0417342415428237,0.999998866570966,0.999994427475806,"ya_adult_cogact_freq"
"1989","RAB6B","Inh PVALB CA8 (Chandelier)",0.0111994075952705,6.75034133358916,0.0514174059522347,0.820903056285418,0.999998866570966,0.999994427475806,"ya_adult_cogact_freq"
"1990","RYK","Inh PVALB CA8 (Chandelier)",0.0164200432316307,6.47956594950287,0.141054670776625,0.707729854112992,0.999998866570966,0.999994427475806,"ya_adult_cogact_freq"
"1991","AMOTL2","Inh PVALB CA8 (Chandelier)",-0.0105009447541013,4.31484414862456,0.0116662763368167,0.914122017054006,0.999998866570966,0.999994427475806,"ya_adult_cogact_freq"
"1992","CEP63","Inh PVALB CA8 (Chandelier)",0.0347081332437421,6.31586797745489,0.62363480788913,0.430862977160002,0.999998866570966,0.999994427475806,"ya_adult_cogact_freq"
"1993","EPHB1","Inh PVALB CA8 (Chandelier)",0.0118195812705174,6.50013153344089,0.0336916715940135,0.854595506716685,0.999998866570966,0.999994427475806,"ya_adult_cogact_freq"
"1994","KY","Inh PVALB CA8 (Chandelier)",0.0684598805901414,4.96355479847132,0.858313796578142,0.355599700823236,0.999998866570966,0.999994427475806,"ya_adult_cogact_freq"
"1995","PPP2R3A","Inh PVALB CA8 (Chandelier)",0.0659067036269511,5.14434944736925,0.830104455459665,0.363606420707886,0.999998866570966,0.999994427475806,"ya_adult_cogact_freq"
"1996","MSL2","Inh PVALB CA8 (Chandelier)",-0.0280549288989642,5.35263675054898,0.249365604427426,0.61820482679947,0.999998866570966,0.999994427475806,"ya_adult_cogact_freq"
"1997","PCCB","Inh PVALB CA8 (Chandelier)",0.16337927791129,5.05747752223502,5.11102136109806,0.025115928296552,0.999998866570966,0.999994427475806,"ya_adult_cogact_freq"
"1998","STAG1","Inh PVALB CA8 (Chandelier)",-0.00726895258766345,8.05284088319937,0.0429891095569808,0.836008179088403,0.999998866570966,0.999994427475806,"ya_adult_cogact_freq"
"1999","SLC35G2","Inh PVALB CA8 (Chandelier)",-0.0507092359368056,4.99754505717635,0.38660758571648,0.534968763333,0.999998866570966,0.999994427475806,"ya_adult_cogact_freq"
"2000","NCK1","Inh PVALB CA8 (Chandelier)",-0.0898327141595616,4.94039006607929,1.69390353417357,0.194949191835713,0.999998866570966,0.999994427475806,"ya_adult_cogact_freq"
"2001","ARMC8","Inh PVALB CA8 (Chandelier)",0.00370613089079558,6.67770361271456,0.00931298486793522,0.933917196914523,0.999998866570966,0.999994427475806,"ya_adult_cogact_freq"
"2002","NME9","Inh PVALB CA8 (Chandelier)",-0.0867201246053352,5.10075723878438,1.07275282513424,0.301879902096257,0.999998866570966,0.999994427475806,"ya_adult_cogact_freq"
"2003","MRAS","Inh PVALB CA8 (Chandelier)",0.0312400145046612,5.32911652286599,0.218277034681481,0.640988484393387,0.999998866570966,0.999994427475806,"ya_adult_cogact_freq"
"2004","ESYT3","Inh PVALB CA8 (Chandelier)",0.102863840495846,4.55182400325508,1.23728905068927,0.267654728338313,0.999998866570966,0.999994427475806,"ya_adult_cogact_freq"
"2005","CEP70","Inh PVALB CA8 (Chandelier)",-0.0387568893332908,5.94940796278397,0.573095033580135,0.49783737533799,0.999998866570966,0.999994427475806,"ya_adult_cogact_freq"
"2006","PIK3CB","Inh PVALB CA8 (Chandelier)",0.0484717996806756,6.90971393682247,1.68595205055546,0.195994949823315,0.999998866570966,0.999994427475806,"ya_adult_cogact_freq"
"2007","MRPS22","Inh PVALB CA8 (Chandelier)",0.11462517418438,4.96910494189598,2.16384689781499,0.143245209071997,0.999998866570966,0.999994427475806,"ya_adult_cogact_freq"
"2008","COPB2","Inh PVALB CA8 (Chandelier)",0.0458681744234238,5.37177620625556,0.729311204959983,0.472235493000139,0.999998866570966,0.999994427475806,"ya_adult_cogact_freq"
"2009","AC097103.2","Inh PVALB CA8 (Chandelier)",-0.0582640862439848,6.84275060770727,1.37782604841454,0.242207793967722,0.999998866570966,0.999994427475806,"ya_adult_cogact_freq"
"2010","NMNAT3","Inh PVALB CA8 (Chandelier)",0.072833968662964,6.80163080416277,1.68799825480963,0.195725207363543,0.999998866570966,0.999994427475806,"ya_adult_cogact_freq"
"2011","CLSTN2","Inh PVALB CA8 (Chandelier)",-0.0346357248998355,8.2976744685564,0.35716153778302,0.550927767937285,0.999998866570966,0.999994427475806,"ya_adult_cogact_freq"
"2012","SLC25A36","Inh PVALB CA8 (Chandelier)",0.00889777972746636,6.33464095162417,0.0379486915665269,0.845792168698993,0.999998866570966,0.999994427475806,"ya_adult_cogact_freq"
"2013","PXYLP1","Inh PVALB CA8 (Chandelier)",-0.0366265194305238,7.11807034535053,0.857393108368294,0.355857154956837,0.999998866570966,0.999994427475806,"ya_adult_cogact_freq"
"2014","AC117383.1","Inh PVALB CA8 (Chandelier)",-0.105637225696066,3.88715923159144,0.517752760827276,0.472846583989396,0.999998866570966,0.999994427475806,"ya_adult_cogact_freq"
"2015","ZBTB38","Inh PVALB CA8 (Chandelier)",0.0387820026417394,7.42884894055028,1.01129099945232,0.3161049620532,0.999998866570966,0.999994427475806,"ya_adult_cogact_freq"
"2016","RASA2","Inh PVALB CA8 (Chandelier)",0.0125182700709873,6.94021738940877,0.0911569702142732,0.763101650674656,0.999998866570966,0.999994427475806,"ya_adult_cogact_freq"
"2017","RNF7","Inh PVALB CA8 (Chandelier)",-0.37636552669997,4.03401577047519,10.1151109051143,0.00176483905457258,0.999998866570966,0.999994427475806,"ya_adult_cogact_freq"
"2018","ATP1B3","Inh PVALB CA8 (Chandelier)",-0.0904754992387683,6.30091409446527,1.84866562294484,0.175842576674123,0.999998866570966,0.999994427475806,"ya_adult_cogact_freq"
"2019","TFDP2","Inh PVALB CA8 (Chandelier)",0.0433234089947775,8.05508559286239,1.49144944435291,0.223779651987681,0.999998866570966,0.999994427475806,"ya_adult_cogact_freq"
"2020","GK5","Inh PVALB CA8 (Chandelier)",0.105675169655654,5.39242496877625,2.94217633371152,0.0882210758921837,0.999998866570966,0.999994427475806,"ya_adult_cogact_freq"
"2021","XRN1","Inh PVALB CA8 (Chandelier)",0.0654797780465595,7.18532102462539,2.81608240525475,0.0952668344554694,0.999998866570966,0.999994427475806,"ya_adult_cogact_freq"
"2022","ATR","Inh PVALB CA8 (Chandelier)",0.00805483511290622,6.92937788304117,0.0252055094318779,0.874055312979946,0.999998866570966,0.999994427475806,"ya_adult_cogact_freq"
"2023","TRPC1","Inh PVALB CA8 (Chandelier)",0.00799097030982648,7.69139290725064,0.066528114342812,0.796790471432434,0.999998866570966,0.999994427475806,"ya_adult_cogact_freq"
"2024","PAQR9","Inh PVALB CA8 (Chandelier)",-0.013759319350744,3.91708575001679,0.0149787186299596,0.902744935524812,0.999998866570966,0.999994427475806,"ya_adult_cogact_freq"
"2025","U2SURP","Inh PVALB CA8 (Chandelier)",-0.00950209805506863,6.61265644056984,0.07395073494768,0.95663781904384,0.999998866570966,0.999994427475806,"ya_adult_cogact_freq"
"2026","CHST2","Inh PVALB CA8 (Chandelier)",-0.115773413067316,3.98199346438401,0.895501543481783,0.345410952997631,0.999998866570966,0.999994427475806,"ya_adult_cogact_freq"
"2027","SLC9A9","Inh PVALB CA8 (Chandelier)",0.00784753468124672,10.1171849778828,0.0511822855137915,0.821306014708116,0.999998866570966,0.999994427475806,"ya_adult_cogact_freq"
"2028","C3orf58","Inh PVALB CA8 (Chandelier)",0.0344110173939019,5.92955459083097,0.338999139745664,0.561223153685315,0.999998866570966,0.999994427475806,"ya_adult_cogact_freq"
"2029","PLOD2","Inh PVALB CA8 (Chandelier)",0.0124424968434462,6.27803213331765,0.0626702314470614,0.8026438809396,0.999998866570966,0.999994427475806,"ya_adult_cogact_freq"
"2030","PLSCR2","Inh PVALB CA8 (Chandelier)",0.210325335544646,4.24475914871223,1.9819059314945,0.161120460099632,0.999998866570966,0.999994427475806,"ya_adult_cogact_freq"
"2031","PLSCR1","Inh PVALB CA8 (Chandelier)",0.00739647374147614,4.93156610059329,0.0110913802232651,0.9162566542294,0.999998866570966,0.999994427475806,"ya_adult_cogact_freq"
"2032","HLTF","Inh PVALB CA8 (Chandelier)",0.0250310607595985,6.24654747315223,0.28404586906241,0.594797544543584,0.999998866570966,0.999994427475806,"ya_adult_cogact_freq"
"2033","HPS3","Inh PVALB CA8 (Chandelier)",0.0336846915981234,4.65869648824513,0.160526067219267,0.689204591835143,0.999998866570966,0.999994427475806,"ya_adult_cogact_freq"
"2034","WWTR1","Inh PVALB CA8 (Chandelier)",-0.175009481383282,4.04472772932969,1.86402737271283,0.174068121606899,0.999998866570966,0.999994427475806,"ya_adult_cogact_freq"
"2035","COMMD2","Inh PVALB CA8 (Chandelier)",0.0344860473947356,4.47918280913457,0.121437821476183,0.727936187162272,0.999998866570966,0.999994427475806,"ya_adult_cogact_freq"
"2036","ANKUB1","Inh PVALB CA8 (Chandelier)",-0.116111579089201,4.38484512319324,0.958290814942081,0.329088697187579,0.999998866570966,0.999994427475806,"ya_adult_cogact_freq"
"2037","RNF13","Inh PVALB CA8 (Chandelier)",-0.0577811572730967,6.66467890145084,2.4076473731287,0.122710088053319,0.999998866570966,0.999994427475806,"ya_adult_cogact_freq"
"2038","TSC22D2","Inh PVALB CA8 (Chandelier)",0.0549097063348727,6.40514687890161,1.50543660772494,0.221630549267349,0.999998866570966,0.999994427475806,"ya_adult_cogact_freq"
"2039","SERP1","Inh PVALB CA8 (Chandelier)",-0.00031555646541198,5.8041831707958,3.73734362954284e-05,0.995129836944193,0.999998866570966,0.999994427475806,"ya_adult_cogact_freq"
"2040","EIF2A","Inh PVALB CA8 (Chandelier)",-0.126302405178362,4.71469508409977,3.00858579725622,0.0847412198807505,0.999998866570966,0.999994427475806,"ya_adult_cogact_freq"
"2041","SELENOT","Inh PVALB CA8 (Chandelier)",-0.0464650341013043,5.59620485008576,0.648407419864674,0.421871981812955,0.999998866570966,0.999994427475806,"ya_adult_cogact_freq"
"2042","SIAH2","Inh PVALB CA8 (Chandelier)",0.0154198047738669,4.81040208830184,0.040645088818463,0.946416628327165,0.999998866570966,0.999994427475806,"ya_adult_cogact_freq"
"2043","MED12L","Inh PVALB CA8 (Chandelier)",0.0470191777808498,7.98951534550227,1.43963011769364,0.231964426227137,0.999998866570966,0.999994427475806,"ya_adult_cogact_freq"
"2044","P2RY14","Inh PVALB CA8 (Chandelier)",-0.160916880155419,4.0815671047809,1.16927782818368,0.281169062122117,0.999998866570966,0.999994427475806,"ya_adult_cogact_freq"
"2045","MBNL1","Inh PVALB CA8 (Chandelier)",0.0127150283975538,8.1744417681311,0.131344059637445,0.71751850428786,0.999998866570966,0.999994427475806,"ya_adult_cogact_freq"
"2046","ARHGEF26","Inh PVALB CA8 (Chandelier)",0.227113150568339,3.9342870633547,2.65238004382593,0.105353048245337,0.999998866570966,0.999994427475806,"ya_adult_cogact_freq"
"2047","DHX36","Inh PVALB CA8 (Chandelier)",-0.0107723959076146,6.81900471080607,0.0852491325918135,0.884771219841011,0.999998866570966,0.999994427475806,"ya_adult_cogact_freq"
"2048","GPR149","Inh PVALB CA8 (Chandelier)",0.0042153573925568,7.42105004647721,0.00647797920174282,0.935950921551789,0.999998866570966,0.999994427475806,"ya_adult_cogact_freq"
"2049","MME","Inh PVALB CA8 (Chandelier)",0.0705891155925943,6.4852013632877,1.18544271495546,0.277880204662896,0.999998866570966,0.999994427475806,"ya_adult_cogact_freq"
"2050","PLCH1","Inh PVALB CA8 (Chandelier)",0.0171207883673335,5.52697360065993,0.0253430854947724,0.873714970229637,0.999998866570966,0.999994427475806,"ya_adult_cogact_freq"
"2051","GMPS","Inh PVALB CA8 (Chandelier)",-0.012016238615977,6.11167349398773,0.0690436374951642,0.806044487133114,0.999998866570966,0.999994427475806,"ya_adult_cogact_freq"
"2052","KCNAB1","Inh PVALB CA8 (Chandelier)",0.0183383310922763,10.3165885012159,0.429224374722356,0.513306128503732,0.999998866570966,0.999994427475806,"ya_adult_cogact_freq"
"2053","SSR3","Inh PVALB CA8 (Chandelier)",0.017625189280592,4.40016593511793,0.0364145496226533,0.848902714685391,0.999998866570966,0.999994427475806,"ya_adult_cogact_freq"
"2054","LINC00886","Inh PVALB CA8 (Chandelier)",-0.0268860731888511,5.02082543032634,0.0964314739885793,0.756557004576927,0.999998866570966,0.999994427475806,"ya_adult_cogact_freq"
"2055","CCNL1","Inh PVALB CA8 (Chandelier)",0.00830369251082039,5.50259056593216,0.0225611969255716,0.911722387736969,0.999998866570966,0.999994427475806,"ya_adult_cogact_freq"
"2056","RSRC1","Inh PVALB CA8 (Chandelier)",0.006556936759608,6.85124841015935,0.0256376642229163,0.926392603041432,0.999998866570966,0.999994427475806,"ya_adult_cogact_freq"
"2057","MLF1","Inh PVALB CA8 (Chandelier)",0.0226285641368509,4.84253086282301,0.0608956233119094,0.805400760326506,0.999998866570966,0.999994427475806,"ya_adult_cogact_freq"
"2058","GFM1","Inh PVALB CA8 (Chandelier)",-0.0107028467490931,5.24887207300398,0.0302299267738999,0.862188292315807,0.999998866570966,0.999994427475806,"ya_adult_cogact_freq"
"2059","RARRES1","Inh PVALB CA8 (Chandelier)",0.0973352965893916,3.49533781680003,0.329198269894745,0.566933369723966,0.999998866570966,0.999994427475806,"ya_adult_cogact_freq"
"2060","MFSD1","Inh PVALB CA8 (Chandelier)",0.0495425638451669,4.84529361874538,0.438253742765629,0.690928938838836,0.999998866570966,0.999994427475806,"ya_adult_cogact_freq"
"2061","IQCJ-SCHIP1","Inh PVALB CA8 (Chandelier)",0.0593056627880809,11.4796443293907,1.48638210236737,0.224564440241991,0.999998866570966,0.999994427475806,"ya_adult_cogact_freq"
"2062","KPNA4","Inh PVALB CA8 (Chandelier)",0.0541728327145881,5.89675234556613,1.28503083613932,0.281006734924166,0.999998866570966,0.999994427475806,"ya_adult_cogact_freq"
"2063","PPM1L","Inh PVALB CA8 (Chandelier)",0.039844713158686,7.36303309885508,0.774482631937414,0.380147512063032,0.999998866570966,0.999994427475806,"ya_adult_cogact_freq"
"2064","B3GALNT1","Inh PVALB CA8 (Chandelier)",-0.0780643200367082,4.81723203007702,0.925655928346195,0.337439155174074,0.999998866570966,0.999994427475806,"ya_adult_cogact_freq"
"2065","NMD3","Inh PVALB CA8 (Chandelier)",0.0131143718309723,6.25913834402756,0.0401525404343279,0.841435891300772,0.999998866570966,0.999994427475806,"ya_adult_cogact_freq"
"2066","SLITRK3","Inh PVALB CA8 (Chandelier)",0.0868328742084918,4.97513888432554,1.69746740899206,0.194482617103381,0.999998866570966,0.999994427475806,"ya_adult_cogact_freq"
"2067","LINC01322","Inh PVALB CA8 (Chandelier)",0.0504389913417309,7.86943969134764,0.453805849826132,0.501500496515529,0.999998866570966,0.999994427475806,"ya_adult_cogact_freq"
"2068","PDCD10","Inh PVALB CA8 (Chandelier)",-0.0850216211471069,5.09929086454277,1.63895125133089,0.234022984013933,0.999998866570966,0.999994427475806,"ya_adult_cogact_freq"
"2069","SERPINI1","Inh PVALB CA8 (Chandelier)",0.0223448920336172,7.63549688842432,0.227811385134768,0.633799652159953,0.999998866570966,0.999994427475806,"ya_adult_cogact_freq"
"2070","GOLIM4","Inh PVALB CA8 (Chandelier)",-0.0605423658686148,5.49333320643076,0.771930613070542,0.380931721336527,0.999998866570966,0.999994427475806,"ya_adult_cogact_freq"
"2071","MECOM","Inh PVALB CA8 (Chandelier)",-0.0623314027656028,3.5979167523923,0.161846442745055,0.687996588954785,0.999998866570966,0.999994427475806,"ya_adult_cogact_freq"
"2072","MYNN","Inh PVALB CA8 (Chandelier)",-0.0484818146512079,4.14674441528799,0.218208938169366,0.641040512272939,0.999998866570966,0.999994427475806,"ya_adult_cogact_freq"
"2073","LRRC34","Inh PVALB CA8 (Chandelier)",0.0747040280795968,4.71715046388229,0.836590159725495,0.361743621981678,0.999998866570966,0.999994427475806,"ya_adult_cogact_freq"
"2074","SEC62","Inh PVALB CA8 (Chandelier)",-0.0355549537230274,6.5325142425386,0.435584453661937,0.51020583019672,0.999998866570966,0.999994427475806,"ya_adult_cogact_freq"
"2075","PHC3","Inh PVALB CA8 (Chandelier)",-0.00513413183656203,6.90654733990842,0.017405808216495,0.895203780780169,0.999998866570966,0.999994427475806,"ya_adult_cogact_freq"
"2076","PRKCI","Inh PVALB CA8 (Chandelier)",0.0400708425115673,6.121971896538,0.78232143342716,0.377753005971571,0.999998866570966,0.999994427475806,"ya_adult_cogact_freq"
"2077","SKIL","Inh PVALB CA8 (Chandelier)",-0.00510432053751203,4.44740412299974,0.00341291322034769,0.953486521614914,0.999998866570966,0.999994427475806,"ya_adult_cogact_freq"
"2078","AC026316.5","Inh PVALB CA8 (Chandelier)",-0.130216209078023,3.72616419015135,0.886985706843812,0.347708524369465,0.999998866570966,0.999994427475806,"ya_adult_cogact_freq"
"2079","SLC7A14","Inh PVALB CA8 (Chandelier)",0.0511383485688705,5.30878502729745,0.425628794323136,0.515073412492642,0.999998866570966,0.999994427475806,"ya_adult_cogact_freq"
"2080","TNIK","Inh PVALB CA8 (Chandelier)",-0.00919924458628625,9.09055881430692,0.105306484227502,0.745974106283115,0.999998866570966,0.999994427475806,"ya_adult_cogact_freq"
"2081","PLD1","Inh PVALB CA8 (Chandelier)",0.0326229922807244,5.88657476468869,0.189229456634574,0.664142101991814,0.999998866570966,0.999994427475806,"ya_adult_cogact_freq"
"2082","FNDC3B","Inh PVALB CA8 (Chandelier)",-0.0151606439776271,6.69283617385459,0.0802316730429215,0.777348114376288,0.999998866570966,0.999994427475806,"ya_adult_cogact_freq"
"2083","NCEH1","Inh PVALB CA8 (Chandelier)",-0.0075029570664835,6.83704153966773,0.0391784802996473,0.843345553720868,0.999998866570966,0.999994427475806,"ya_adult_cogact_freq"
"2084","NLGN1","Inh PVALB CA8 (Chandelier)",0.185871110438177,7.2426998632071,2.9913248547708,0.0856310378979585,0.999998866570966,0.999994427475806,"ya_adult_cogact_freq"
"2085","NAALADL2","Inh PVALB CA8 (Chandelier)",0.0094852084286598,6.52024822043612,0.0154032087053114,0.901383486891207,0.999998866570966,0.999994427475806,"ya_adult_cogact_freq"
"2086","TBL1XR1","Inh PVALB CA8 (Chandelier)",-0.005437057784012,7.70221612361034,0.026081581564238,0.871904022548794,0.999998866570966,0.999994427475806,"ya_adult_cogact_freq"
"2087","KCNMB2-AS1","Inh PVALB CA8 (Chandelier)",-0.160083930993121,5.66862663080441,1.96219920062266,0.163205559989737,0.999998866570966,0.999994427475806,"ya_adult_cogact_freq"
"2088","ZMAT3","Inh PVALB CA8 (Chandelier)",0.0364120694919081,5.40867691937573,0.254349990736548,0.61471914546377,0.999998866570966,0.999994427475806,"ya_adult_cogact_freq"
"2089","PIK3CA","Inh PVALB CA8 (Chandelier)",0.0158074871269393,7.31575209639358,0.151378851799089,0.697735999652519,0.999998866570966,0.999994427475806,"ya_adult_cogact_freq"
"2090","KCNMB3","Inh PVALB CA8 (Chandelier)",-0.0561513086050288,4.49842352885142,0.346039623880058,0.557189099132864,0.999998866570966,0.999994427475806,"ya_adult_cogact_freq"
"2091","ZNF639","Inh PVALB CA8 (Chandelier)",-0.041541911737376,4.29328340630182,0.197958384892044,0.656972304653723,0.999998866570966,0.999994427475806,"ya_adult_cogact_freq"
"2092","MFN1","Inh PVALB CA8 (Chandelier)",-0.0786293699257513,6.32472024819849,2.61655800257203,0.107714018712798,0.999998866570966,0.999994427475806,"ya_adult_cogact_freq"
"2093","GNB4","Inh PVALB CA8 (Chandelier)",0.0523023497894898,4.5137844631598,0.34570467298198,0.557379762342585,0.999998866570966,0.999994427475806,"ya_adult_cogact_freq"
"2094","NDUFB5","Inh PVALB CA8 (Chandelier)",-0.0434205610976151,5.0788042992477,0.301759552990944,0.58354366310137,0.999998866570966,0.999994427475806,"ya_adult_cogact_freq"
"2095","USP13","Inh PVALB CA8 (Chandelier)",-0.0720998504875543,6.32250485339896,1.83364401452576,0.177598100077002,0.999998866570966,0.999994427475806,"ya_adult_cogact_freq"
"2096","PEX5L","Inh PVALB CA8 (Chandelier)",0.0209065897339546,7.69741592935635,0.141257626472287,0.707529426622121,0.999998866570966,0.999994427475806,"ya_adult_cogact_freq"
"2097","TTC14","Inh PVALB CA8 (Chandelier)",0.0709673890843652,7.17568852688945,2.5771829775087,0.110377005121464,0.999998866570966,0.999994427475806,"ya_adult_cogact_freq"
"2098","FXR1","Inh PVALB CA8 (Chandelier)",0.0162424241924102,6.58133316275531,0.109416777647574,0.741239826434633,0.999998866570966,0.999994427475806,"ya_adult_cogact_freq"
"2099","DNAJC19","Inh PVALB CA8 (Chandelier)",0.0305370018183228,4.43517637819831,0.111073949914885,0.739359014477545,0.999998866570966,0.999994427475806,"ya_adult_cogact_freq"
"2100","AC125613.1","Inh PVALB CA8 (Chandelier)",0.114317230282634,4.75393764513027,1.36489023050342,0.24442133744031,0.999998866570966,0.999994427475806,"ya_adult_cogact_freq"
"2101","SOX2","Inh PVALB CA8 (Chandelier)",-0.0118702744854237,4.85043463843631,0.0204387852111649,0.886497419970686,0.999998866570966,0.999994427475806,"ya_adult_cogact_freq"
"2102","ATP11B","Inh PVALB CA8 (Chandelier)",0.028391596054139,6.27286298191166,0.317717799937096,0.573767809198646,0.999998866570966,0.999994427475806,"ya_adult_cogact_freq"
"2103","DCUN1D1","Inh PVALB CA8 (Chandelier)",0.125193690754909,5.69925708770347,4.5813124996141,0.0338303896654039,0.999998866570966,0.999994427475806,"ya_adult_cogact_freq"
"2104","MCCC1","Inh PVALB CA8 (Chandelier)",0.00252157578369914,6.38767323211736,0.00376869776276002,0.95112509227649,0.999998866570966,0.999994427475806,"ya_adult_cogact_freq"
"2105","MCF2L2","Inh PVALB CA8 (Chandelier)",-0.043441987501454,8.06705001334881,1.60319303318124,0.207282932162576,0.999998866570966,0.999994427475806,"ya_adult_cogact_freq"
"2106","KLHL24","Inh PVALB CA8 (Chandelier)",-0.0213287418918588,7.3336236976592,0.408000676730832,0.523894990815493,0.999998866570966,0.999994427475806,"ya_adult_cogact_freq"
"2107","YEATS2","Inh PVALB CA8 (Chandelier)",-0.0560079275678255,6.2800573059291,1.39964497922931,0.238529603297028,0.999998866570966,0.999994427475806,"ya_adult_cogact_freq"
"2108","ABCC5","Inh PVALB CA8 (Chandelier)",-0.0378411266547808,7.28650472594822,1.48407595839638,0.224922697393934,0.999998866570966,0.999994427475806,"ya_adult_cogact_freq"
"2109","EIF2B5","Inh PVALB CA8 (Chandelier)",-0.0403791395560325,4.5875683570395,0.252515754973182,0.6336883165097,0.999998866570966,0.999994427475806,"ya_adult_cogact_freq"
"2110","DVL3","Inh PVALB CA8 (Chandelier)",-0.0410332956675995,4.61696048032908,0.252101723939935,0.616286055299547,0.999998866570966,0.999994427475806,"ya_adult_cogact_freq"
"2111","AP2M1","Inh PVALB CA8 (Chandelier)",-0.0443673023838825,6.13629386037107,0.354364954537733,0.552489603618477,0.999998866570966,0.999994427475806,"ya_adult_cogact_freq"
"2112","VWA5B2","Inh PVALB CA8 (Chandelier)",0.09534468503308,4.37277762074158,1.09142751783042,0.297723451069597,0.999998866570966,0.999994427475806,"ya_adult_cogact_freq"
"2113","EEF1AKMT4-ECE2","Inh PVALB CA8 (Chandelier)",0.128640628091496,3.7803739370627,1.03776628586299,0.309872140917114,0.999998866570966,0.999994427475806,"ya_adult_cogact_freq"
"2114","CAMK2N2","Inh PVALB CA8 (Chandelier)",-0.131223235160327,6.04149646757129,1.74855857951408,0.187936224365929,0.999998866570966,0.999994427475806,"ya_adult_cogact_freq"
"2115","PSMD2","Inh PVALB CA8 (Chandelier)",-0.103282577064747,4.75333852771959,1.4866212977486,0.224527320954266,0.999998866570966,0.999994427475806,"ya_adult_cogact_freq"
"2116","EIF4G1","Inh PVALB CA8 (Chandelier)",-0.0920276492491948,4.95007821896331,1.63659505596476,0.202636613423438,0.999998866570966,0.999994427475806,"ya_adult_cogact_freq"
"2117","FAM131A","Inh PVALB CA8 (Chandelier)",-0.11300371268825,4.78880907299075,2.42408441417831,0.121449451437249,0.999998866570966,0.999994427475806,"ya_adult_cogact_freq"
"2118","POLR2H","Inh PVALB CA8 (Chandelier)",-0.0914191623307076,4.52488228555097,1.22155707626634,0.270706611791506,0.999998866570966,0.999994427475806,"ya_adult_cogact_freq"
"2119","CHRD","Inh PVALB CA8 (Chandelier)",-0.0785598495343808,5.02055779468392,0.866595222726087,0.35329543191466,0.999998866570966,0.999994427475806,"ya_adult_cogact_freq"
"2120","LINC02054","Inh PVALB CA8 (Chandelier)",0.0539191630675533,4.16759010745574,0.225328508004303,0.635653698040916,0.999998866570966,0.999994427475806,"ya_adult_cogact_freq"
"2121","MAGEF1","Inh PVALB CA8 (Chandelier)",-0.0676500108771311,4.20860966767501,0.318741457790304,0.573151844803327,0.999998866570966,0.999994427475806,"ya_adult_cogact_freq"
"2122","VPS8","Inh PVALB CA8 (Chandelier)",0.0610076075770468,6.91119887988868,2.03490384101895,0.155663023529888,0.999998866570966,0.999994427475806,"ya_adult_cogact_freq"
"2123","C3orf70","Inh PVALB CA8 (Chandelier)",0.0264139530484297,4.5567686797697,0.0721200089868731,0.788618997449277,0.999998866570966,0.999994427475806,"ya_adult_cogact_freq"
"2124","MAP3K13","Inh PVALB CA8 (Chandelier)",0.00685078124312243,7.74925469604918,0.0426003666597276,0.836740757013206,0.999998866570966,0.999994427475806,"ya_adult_cogact_freq"
"2125","TMEM41A","Inh PVALB CA8 (Chandelier)",-0.101854283290643,4.16527195301757,1.00734472037207,0.317048076626307,0.999998866570966,0.999994427475806,"ya_adult_cogact_freq"
"2126","SENP2","Inh PVALB CA8 (Chandelier)",-0.0101699062904844,6.09944566655313,0.0464722651067305,0.863490137769562,0.999998866570966,0.999994427475806,"ya_adult_cogact_freq"
"2127","TRA2B","Inh PVALB CA8 (Chandelier)",0.0412528695240604,5.96168193076519,0.831738670684506,0.363135793578325,0.999998866570966,0.999994427475806,"ya_adult_cogact_freq"
"2128","ETV5","Inh PVALB CA8 (Chandelier)",-0.0595330039600544,3.67407546931843,0.0559497657514949,0.81331708979614,0.999998866570966,0.999994427475806,"ya_adult_cogact_freq"
"2129","DGKG","Inh PVALB CA8 (Chandelier)",-0.0872870182550271,5.67020922241559,0.739873669601704,0.390982263652737,0.999998866570966,0.999994427475806,"ya_adult_cogact_freq"
"2130","EIF4A2","Inh PVALB CA8 (Chandelier)",-0.0520364317323926,6.81571035688409,0.514889468707552,0.474071219064217,0.999998866570966,0.999994427475806,"ya_adult_cogact_freq"
"2131","ST6GAL1","Inh PVALB CA8 (Chandelier)",0.0922814044493434,5.36176149795726,0.801339994185154,0.372031358281899,0.999998866570966,0.999994427475806,"ya_adult_cogact_freq"
"2132","BCL6","Inh PVALB CA8 (Chandelier)",-0.000975389638089936,5.88543717418315,0.000160842988947884,0.989896913728989,0.999998866570966,0.999994427475806,"ya_adult_cogact_freq"
"2133","LPP","Inh PVALB CA8 (Chandelier)",0.0216503809618162,8.34147806650065,0.366303601715374,0.545879443308105,0.999998866570966,0.999994427475806,"ya_adult_cogact_freq"
"2134","TPRG1","Inh PVALB CA8 (Chandelier)",0.0877540278813102,6.00595968945747,0.712290909844362,0.399938422315081,0.999998866570966,0.999994427475806,"ya_adult_cogact_freq"
"2135","TP63","Inh PVALB CA8 (Chandelier)",0.0216059086661307,4.56790510116493,0.0267139151551888,0.870374210522814,0.999998866570966,0.999994427475806,"ya_adult_cogact_freq"
"2136","P3H2","Inh PVALB CA8 (Chandelier)",0.0768927509733347,5.74036992380845,1.3209055641289,0.252136572833056,0.999998866570966,0.999994427475806,"ya_adult_cogact_freq"
"2137","P3H2-AS1","Inh PVALB CA8 (Chandelier)",0.0182499668914373,4.10920156056383,0.0273690772081232,0.868808656032848,0.999998866570966,0.999994427475806,"ya_adult_cogact_freq"
"2138","CLDN16","Inh PVALB CA8 (Chandelier)",-0.11052487342941,3.69958441692887,0.563247560980435,0.454051729164798,0.999998866570966,0.999994427475806,"ya_adult_cogact_freq"
"2139","IL1RAP","Inh PVALB CA8 (Chandelier)",-0.0686113897821966,4.33708948007331,0.497322824450448,0.481699322320169,0.999998866570966,0.999994427475806,"ya_adult_cogact_freq"
"2140","OSTN","Inh PVALB CA8 (Chandelier)",0.0261069610875449,4.04215434714416,0.0405978053515631,0.840570969379306,0.999998866570966,0.999994427475806,"ya_adult_cogact_freq"
"2141","CCDC50","Inh PVALB CA8 (Chandelier)",0.0196487937142872,5.47624550341178,0.0951480028505895,0.758131133496102,0.999998866570966,0.999994427475806,"ya_adult_cogact_freq"
"2142","FGF12","Inh PVALB CA8 (Chandelier)",0.0175736807989283,11.0678369252217,0.488879239551817,0.48543803921956,0.999998866570966,0.999994427475806,"ya_adult_cogact_freq"
"2143","MB21D2","Inh PVALB CA8 (Chandelier)",-0.0120011747236519,7.4724856920913,0.0772055219742708,0.781477754065453,0.999998866570966,0.999994427475806,"ya_adult_cogact_freq"
"2144","ATP13A4","Inh PVALB CA8 (Chandelier)",0.0418883211420006,4.13297960789668,0.175532839447851,0.6757999273399,0.999998866570966,0.999994427475806,"ya_adult_cogact_freq"
"2145","OPA1","Inh PVALB CA8 (Chandelier)",-0.0690403886944418,6.95783050978027,3.67774608764498,0.0569162290636447,0.999998866570966,0.999994427475806,"ya_adult_cogact_freq"
"2146","ATP13A3","Inh PVALB CA8 (Chandelier)",-0.00803154446615649,6.86962716720096,0.0323694287829929,0.857445828543348,0.999998866570966,0.999994427475806,"ya_adult_cogact_freq"
"2147","LINC00884","Inh PVALB CA8 (Chandelier)",0.0103531433873923,5.9966897538314,0.0327906244599859,0.856531447379211,0.999998866570966,0.999994427475806,"ya_adult_cogact_freq"
"2148","TMEM44","Inh PVALB CA8 (Chandelier)",-0.0929996991606376,3.99903959857978,0.823096018392358,0.372190017090509,0.999998866570966,0.999994427475806,"ya_adult_cogact_freq"
"2149","LSG1","Inh PVALB CA8 (Chandelier)",0.12661369490902,4.06033793212733,1.45567877794529,0.229391356170388,0.999998866570966,0.999994427475806,"ya_adult_cogact_freq"
"2150","FAM43A","Inh PVALB CA8 (Chandelier)",-0.0729414937890382,4.38239995721172,0.516617390812563,0.473331567231891,0.999998866570966,0.999994427475806,"ya_adult_cogact_freq"
"2151","XXYLT1","Inh PVALB CA8 (Chandelier)",-0.0363884990042261,5.76811884148504,0.472858453402631,0.492665974818692,0.999998866570966,0.999994427475806,"ya_adult_cogact_freq"
"2152","ACAP2","Inh PVALB CA8 (Chandelier)",-0.0339925649980586,7.48835462509371,1.34018573176937,0.24871825332775,0.999998866570966,0.999994427475806,"ya_adult_cogact_freq"
"2153","PPP1R2","Inh PVALB CA8 (Chandelier)",-0.0776413855451114,6.14110282053643,2.20113988882106,0.139866591756162,0.999998866570966,0.999994427475806,"ya_adult_cogact_freq"
"2154","MUC20-OT1","Inh PVALB CA8 (Chandelier)",0.0409618766929416,8.46299900013839,0.571123883361721,0.450918525493359,0.999998866570966,0.999994427475806,"ya_adult_cogact_freq"
"2155","TNK2","Inh PVALB CA8 (Chandelier)",0.00752328359225611,6.41109432563835,0.0277894387538936,0.867814294942258,0.999998866570966,0.999994427475806,"ya_adult_cogact_freq"
"2156","TFRC","Inh PVALB CA8 (Chandelier)",0.011406429671325,5.39126572692454,0.0364008651455469,0.858714370478139,0.999998866570966,0.999994427475806,"ya_adult_cogact_freq"
"2157","PCYT1A","Inh PVALB CA8 (Chandelier)",0.0303821383895817,5.14302667556335,0.22438540434462,0.799213477742336,0.999998866570966,0.999994427475806,"ya_adult_cogact_freq"
"2158","UBXN7","Inh PVALB CA8 (Chandelier)",-0.0221421675454372,5.78440043169315,0.209525234493041,0.822695618484909,0.999998866570966,0.999994427475806,"ya_adult_cogact_freq"
"2159","RNF168","Inh PVALB CA8 (Chandelier)",0.0430116117345771,5.9173978164611,0.795788160465494,0.501624799609786,0.999998866570966,0.999994427475806,"ya_adult_cogact_freq"
"2160","FBXO45","Inh PVALB CA8 (Chandelier)",0.0357168035307836,4.1669096877938,0.127957553527603,0.721028382629102,0.999998866570966,0.999994427475806,"ya_adult_cogact_freq"
"2161","PIGX","Inh PVALB CA8 (Chandelier)",-0.0526491541157151,5.31499370634481,0.686883547181477,0.408455210542921,0.999998866570966,0.999994427475806,"ya_adult_cogact_freq"
"2162","PAK2","Inh PVALB CA8 (Chandelier)",0.0169933444979925,6.31240320614681,0.153774317649545,0.695473635013472,0.999998866570966,0.999994427475806,"ya_adult_cogact_freq"
"2163","SENP5","Inh PVALB CA8 (Chandelier)",0.0633130435684917,6.544479341986,1.84804466150998,0.175914745365116,0.999998866570966,0.999994427475806,"ya_adult_cogact_freq"
"2164","NCBP2","Inh PVALB CA8 (Chandelier)",-0.0822353702618395,4.4278425293958,0.764003104372224,0.383382493854874,0.999998866570966,0.999994427475806,"ya_adult_cogact_freq"
"2165","PIGZ","Inh PVALB CA8 (Chandelier)",-0.0335863023772226,5.36198079482916,0.290587831363706,0.720967559782489,0.999998866570966,0.999994427475806,"ya_adult_cogact_freq"
"2166","MELTF","Inh PVALB CA8 (Chandelier)",-0.0680842609188129,5.93633226630332,1.30396995826379,0.255187282432504,0.999998866570966,0.999994427475806,"ya_adult_cogact_freq"
"2167","DLG1","Inh PVALB CA8 (Chandelier)",0.0143120533928644,6.48048650995749,0.0610995744191394,0.805081768727438,0.999998866570966,0.999994427475806,"ya_adult_cogact_freq"
"2168","BDH1","Inh PVALB CA8 (Chandelier)",-0.0045271748067751,6.48634418151281,0.00484551190244737,0.944590816921322,0.999998866570966,0.999994427475806,"ya_adult_cogact_freq"
"2169","RUBCN","Inh PVALB CA8 (Chandelier)",0.0307916094487168,6.4571365418107,0.503220278309411,0.479116107942115,0.999998866570966,0.999994427475806,"ya_adult_cogact_freq"
"2170","FYTTD1","Inh PVALB CA8 (Chandelier)",-0.202261607621922,4.76404187765279,8.23508423988472,0.0046615723077514,0.999998866570966,0.999994427475806,"ya_adult_cogact_freq"
"2171","LRCH3","Inh PVALB CA8 (Chandelier)",-0.0271025671629395,7.01194737590617,0.661452320505492,0.954305296713558,0.999998866570966,0.999994427475806,"ya_adult_cogact_freq"
"2172","IQCG","Inh PVALB CA8 (Chandelier)",0.0766203231151577,4.13387300473554,0.554689210556152,0.457495341439043,0.999998866570966,0.999994427475806,"ya_adult_cogact_freq"
"2173","RPL35A","Inh PVALB CA8 (Chandelier)",-0.166654974905646,4.6176272481894,1.99492860525836,0.159759382121088,0.999998866570966,0.999994427475806,"ya_adult_cogact_freq"
"2174","LMLN","Inh PVALB CA8 (Chandelier)",0.067526667190773,5.19021654391835,1.02206118548081,0.408859202578617,0.999998866570966,0.999994427475806,"ya_adult_cogact_freq"
"2175","ZNF595","Inh PVALB CA8 (Chandelier)",0.169047272738029,5.02268549929032,5.7087400486613,0.0180390800591963,0.999998866570966,0.999994427475806,"ya_adult_cogact_freq"
"2176","ZNF718","Inh PVALB CA8 (Chandelier)",-0.0117814861723675,6.63143755063136,0.0541011076202267,0.816370636608337,0.999998866570966,0.999994427475806,"ya_adult_cogact_freq"
"2177","ZNF141","Inh PVALB CA8 (Chandelier)",-0.013289755910708,5.07759513120436,0.0363415495114989,0.84905240405338,0.999998866570966,0.999994427475806,"ya_adult_cogact_freq"
"2178","ZNF721","Inh PVALB CA8 (Chandelier)",0.0576649406821726,7.07034090496751,1.78371887413464,0.183581118535089,0.999998866570966,0.999994427475806,"ya_adult_cogact_freq"
"2179","PIGG","Inh PVALB CA8 (Chandelier)",0.108583570368874,4.77459834975675,2.25766469284192,0.134916167951247,0.999998866570966,0.999994427475806,"ya_adult_cogact_freq"
"2180","AC116565.2","Inh PVALB CA8 (Chandelier)",0.0423340258828911,4.5281851270578,0.279302473340086,0.59788758282315,0.999998866570966,0.999994427475806,"ya_adult_cogact_freq"
"2181","PDE6B","Inh PVALB CA8 (Chandelier)",0.0412608395620238,3.80788779221447,0.0892710233896416,0.765491813324478,0.999998866570966,0.999994427475806,"ya_adult_cogact_freq"
"2182","AC107464.1","Inh PVALB CA8 (Chandelier)",-0.0859004468292176,3.85723693074986,0.477677418938916,0.490473021710661,0.999998866570966,0.999994427475806,"ya_adult_cogact_freq"
"2183","ATP5ME","Inh PVALB CA8 (Chandelier)",-0.0549432137507155,4.38967755677948,0.371088808481486,0.543271267201104,0.999998866570966,0.999994427475806,"ya_adult_cogact_freq"
"2184","PCGF3","Inh PVALB CA8 (Chandelier)",-0.0601610291582198,4.99990378454092,0.915789457299866,0.395298728693791,0.999998866570966,0.999994427475806,"ya_adult_cogact_freq"
"2185","AC139887.2","Inh PVALB CA8 (Chandelier)",0.0520340076400723,6.3578932903457,0.714562741017867,0.399189565418102,0.999998866570966,0.999994427475806,"ya_adult_cogact_freq"
"2186","CPLX1","Inh PVALB CA8 (Chandelier)",-0.0366494388185813,8.06056496018223,0.672699525225443,0.413326409182802,0.999998866570966,0.999994427475806,"ya_adult_cogact_freq"
"2187","GAK","Inh PVALB CA8 (Chandelier)",0.0763303460654475,5.67289665518414,1.81192037954861,0.180173074785472,0.999998866570966,0.999994427475806,"ya_adult_cogact_freq"
"2188","TMEM175","Inh PVALB CA8 (Chandelier)",0.0085358527062931,5.01123272832163,0.0135070959545941,0.907623211653299,0.999998866570966,0.999994427475806,"ya_adult_cogact_freq"
"2189","CTBP1","Inh PVALB CA8 (Chandelier)",0.132059625091201,5.61804517101521,4.40714022865422,0.0373508176928165,0.999998866570966,0.999994427475806,"ya_adult_cogact_freq"
"2190","CTBP1-DT","Inh PVALB CA8 (Chandelier)",-0.00212073478134588,4.21722156946277,0.000523449651759475,0.981775146614018,0.999998866570966,0.999994427475806,"ya_adult_cogact_freq"
"2191","MAEA","Inh PVALB CA8 (Chandelier)",-0.00368744819936246,5.56584990883358,0.00499426910474965,0.978904844500046,0.999998866570966,0.999994427475806,"ya_adult_cogact_freq"
"2192","UVSSA","Inh PVALB CA8 (Chandelier)",-0.0406491141653303,5.35558494134211,0.279856781182417,0.597524756724655,0.999998866570966,0.999994427475806,"ya_adult_cogact_freq"
"2193","SLBP","Inh PVALB CA8 (Chandelier)",-0.135146554414904,4.62647780446778,2.64247394815435,0.106000161198769,0.999998866570966,0.999994427475806,"ya_adult_cogact_freq"
"2194","TMEM129","Inh PVALB CA8 (Chandelier)",-0.181964756964047,4.30075878363411,4.33901119780579,0.0388315044313381,0.999998866570966,0.999994427475806,"ya_adult_cogact_freq"
"2195","TACC3","Inh PVALB CA8 (Chandelier)",0.0547760072431801,3.84565493399664,0.24701722769771,0.619862210430147,0.999998866570966,0.999994427475806,"ya_adult_cogact_freq"
"2196","LETM1","Inh PVALB CA8 (Chandelier)",-0.173074554688274,4.68143989218888,5.10035312902404,0.0252659199146992,0.999998866570966,0.999994427475806,"ya_adult_cogact_freq"
"2197","NSD2","Inh PVALB CA8 (Chandelier)",-0.0156063174744265,7.07475150549892,0.158782670067288,0.690808485618882,0.999998866570966,0.999994427475806,"ya_adult_cogact_freq"
"2198","NELFA","Inh PVALB CA8 (Chandelier)",0.0250242438293773,6.37792239597836,0.27423886727816,0.601223523082671,0.999998866570966,0.999994427475806,"ya_adult_cogact_freq"
"2199","C4orf48","Inh PVALB CA8 (Chandelier)",-0.0651858974447581,4.02713940612195,0.285146471383589,0.594085311443221,0.999998866570966,0.999994427475806,"ya_adult_cogact_freq"
"2200","NAT8L","Inh PVALB CA8 (Chandelier)",-0.0277590185830885,5.66911859390833,0.140662291613747,0.708117812772043,0.999998866570966,0.999994427475806,"ya_adult_cogact_freq"
"2201","POLN","Inh PVALB CA8 (Chandelier)",0.0223312446151945,5.49163775710037,0.0807215651799707,0.776687540683056,0.999998866570966,0.999994427475806,"ya_adult_cogact_freq"
"2202","MXD4","Inh PVALB CA8 (Chandelier)",-0.0558280168206904,4.84500278532065,0.515696527778557,0.473725516538369,0.999998866570966,0.999994427475806,"ya_adult_cogact_freq"
"2203","ZFYVE28","Inh PVALB CA8 (Chandelier)",-0.0107105850373763,7.23642807907745,0.0684346256441365,0.793964602307814,0.999998866570966,0.999994427475806,"ya_adult_cogact_freq"
"2204","RNF4","Inh PVALB CA8 (Chandelier)",0.0498988490091255,5.06010047189062,0.674600351901737,0.446086873321019,0.999998866570966,0.999994427475806,"ya_adult_cogact_freq"
"2205","FAM193A","Inh PVALB CA8 (Chandelier)",-0.00288304788327599,7.12834879325812,0.0056188050804065,0.940340773581184,0.999998866570966,0.999994427475806,"ya_adult_cogact_freq"
"2206","ADD1","Inh PVALB CA8 (Chandelier)",0.0184227771008807,7.21468569903964,0.355290025787014,0.621354268794102,0.999998866570966,0.999994427475806,"ya_adult_cogact_freq"
"2207","MFSD10","Inh PVALB CA8 (Chandelier)",-0.0835385653026187,4.20065449903546,0.765319924927805,0.382973849153694,0.999998866570966,0.999994427475806,"ya_adult_cogact_freq"
"2208","GRK4","Inh PVALB CA8 (Chandelier)",-0.000589150248621915,7.13489791065456,0.00011425883373721,0.991484673979277,0.999998866570966,0.999994427475806,"ya_adult_cogact_freq"
"2209","HTT","Inh PVALB CA8 (Chandelier)",0.0064648602853489,7.11259121002634,0.0299357077281213,0.862853833826775,0.999998866570966,0.999994427475806,"ya_adult_cogact_freq"
"2210","RGS12","Inh PVALB CA8 (Chandelier)",0.0464120199421037,7.39980909679437,1.26828898783563,0.261766218705526,0.999998866570966,0.999994427475806,"ya_adult_cogact_freq"
"2211","DOK7","Inh PVALB CA8 (Chandelier)",0.092398073889611,3.94824030133412,0.714077171239974,0.399349450613682,0.999998866570966,0.999994427475806,"ya_adult_cogact_freq"
"2212","LRPAP1","Inh PVALB CA8 (Chandelier)",-0.0911519971730218,4.72020326540136,1.05623575611132,0.305619110693427,0.999998866570966,0.999994427475806,"ya_adult_cogact_freq"
"2213","TMEM128","Inh PVALB CA8 (Chandelier)",0.00629699500272886,3.98906671107392,0.00349827657872073,0.952909093317887,0.999998866570966,0.999994427475806,"ya_adult_cogact_freq"
"2214","NSG1","Inh PVALB CA8 (Chandelier)",-0.00739066176897398,5.28178263125422,0.00850404098881545,0.926640160575452,0.999998866570966,0.999994427475806,"ya_adult_cogact_freq"
"2215","STX18","Inh PVALB CA8 (Chandelier)",0.0424592162653823,5.91189471082265,0.776500340602941,0.379529112923507,0.999998866570966,0.999994427475806,"ya_adult_cogact_freq"
"2216","STX18-AS1","Inh PVALB CA8 (Chandelier)",0.0319962230092088,6.79864344389838,0.338734901586174,0.561375647342585,0.999998866570966,0.999994427475806,"ya_adult_cogact_freq"
"2217","CRMP1","Inh PVALB CA8 (Chandelier)",-0.0713274054419545,6.73513870122877,3.07388742316727,0.0814649881746746,0.999998866570966,0.999994427475806,"ya_adult_cogact_freq"
"2218","C4orf50","Inh PVALB CA8 (Chandelier)",-0.00289599683484168,5.54407467831249,0.00156543482765054,0.968488563483705,0.999998866570966,0.999994427475806,"ya_adult_cogact_freq"
"2219","JAKMIP1","Inh PVALB CA8 (Chandelier)",-0.0126841509514551,7.12290323022992,0.10836266880317,0.74244442950245,0.999998866570966,0.999994427475806,"ya_adult_cogact_freq"
"2220","PPP2R2C","Inh PVALB CA8 (Chandelier)",-0.0570434569145586,6.90962541196544,1.90822789422979,0.169077140453677,0.999998866570966,0.999994427475806,"ya_adult_cogact_freq"
"2221","MRFAP1","Inh PVALB CA8 (Chandelier)",-0.0373679979087288,4.95018798899314,0.138084451840177,0.71068209742454,0.999998866570966,0.999994427475806,"ya_adult_cogact_freq"
"2222","LINC02482","Inh PVALB CA8 (Chandelier)",0.120080854679033,3.85569333694407,0.870799986242639,0.352133328204438,0.999998866570966,0.999994427475806,"ya_adult_cogact_freq"
"2223","MRFAP1L1","Inh PVALB CA8 (Chandelier)",-0.0369247224941264,4.13585438632273,0.131005517024734,0.717867060823796,0.999998866570966,0.999994427475806,"ya_adult_cogact_freq"
"2224","KIAA0232","Inh PVALB CA8 (Chandelier)",0.0551253744267077,7.68423863782487,3.38760193258021,0.0675319828948197,0.999998866570966,0.999994427475806,"ya_adult_cogact_freq"
"2225","TBC1D14","Inh PVALB CA8 (Chandelier)",-0.0225629350616231,5.36469893838786,0.148969328350091,0.700032543925297,0.999998866570966,0.999994427475806,"ya_adult_cogact_freq"
"2226","SORCS2","Inh PVALB CA8 (Chandelier)",-0.0242794962852149,4.73055958152949,0.0593666632818542,0.807810411506297,0.999998866570966,0.999994427475806,"ya_adult_cogact_freq"
"2227","AFAP1","Inh PVALB CA8 (Chandelier)",-0.0244749599098717,6.7685821130043,0.256355801779412,0.613328534932797,0.999998866570966,0.999994427475806,"ya_adult_cogact_freq"
"2228","ABLIM2","Inh PVALB CA8 (Chandelier)",-0.0187545738377024,8.53942117603734,0.195811004962266,0.65871831531033,0.999998866570966,0.999994427475806,"ya_adult_cogact_freq"
"2229","ACOX3","Inh PVALB CA8 (Chandelier)",-0.0110414778907911,5.12203160352976,0.0328094401130355,0.85649074208772,0.999998866570966,0.999994427475806,"ya_adult_cogact_freq"
"2230","TRMT44","Inh PVALB CA8 (Chandelier)",-0.0473544771287999,4.63922822213117,0.380023182268307,0.670314710868705,0.999998866570966,0.999994427475806,"ya_adult_cogact_freq"
"2231","AC105345.1","Inh PVALB CA8 (Chandelier)",-0.00581308710474583,3.82407921511599,0.00210331390629222,0.96347724017457,0.999998866570966,0.999994427475806,"ya_adult_cogact_freq"
"2232","SLC2A9","Inh PVALB CA8 (Chandelier)",-0.163704204465907,4.15001414334883,1.37100350103274,0.243372168844076,0.999998866570966,0.999994427475806,"ya_adult_cogact_freq"
"2233","WDR1","Inh PVALB CA8 (Chandelier)",0.0429833470323215,4.45325475556922,0.162832887165649,0.687097831339485,0.999998866570966,0.999994427475806,"ya_adult_cogact_freq"
"2234","ZNF518B","Inh PVALB CA8 (Chandelier)",0.0761030323028187,4.21357384683023,0.597918184996732,0.440508901961759,0.999998866570966,0.999994427475806,"ya_adult_cogact_freq"
"2235","HS3ST1","Inh PVALB CA8 (Chandelier)",-0.0504716408413725,6.67404221629056,1.23255917218129,0.268567721888551,0.999998866570966,0.999994427475806,"ya_adult_cogact_freq"
"2236","AC005699.1","Inh PVALB CA8 (Chandelier)",0.121504183322843,4.46352287473867,0.937060434239217,0.334489005450338,0.999998866570966,0.999994427475806,"ya_adult_cogact_freq"
"2237","LINC02360","Inh PVALB CA8 (Chandelier)",0.157149296546147,4.91009449601927,1.93186290990323,0.166476372898836,0.999998866570966,0.999994427475806,"ya_adult_cogact_freq"
"2238","RAB28","Inh PVALB CA8 (Chandelier)",0.0580221256497506,7.38381054091033,2.01514323837094,0.157672693044933,0.999998866570966,0.999994427475806,"ya_adult_cogact_freq"
"2239","BOD1L1","Inh PVALB CA8 (Chandelier)",-0.0131770040921722,6.97410234610479,0.0899225030797646,0.764663072105534,0.999998866570966,0.999994427475806,"ya_adult_cogact_freq"
"2240","LINC01182","Inh PVALB CA8 (Chandelier)",-0.0697184997498363,4.04580149897515,0.285274292747083,0.594002709012994,0.999998866570966,0.999994427475806,"ya_adult_cogact_freq"
"2241","LINC00504","Inh PVALB CA8 (Chandelier)",0.120549971507447,5.58305823489274,1.82848942713907,0.178205191127531,0.999998866570966,0.999994427475806,"ya_adult_cogact_freq"
"2242","CPEB2-DT","Inh PVALB CA8 (Chandelier)",-0.0319689377902369,5.25049253210069,0.213138987583888,0.644942227282812,0.999998866570966,0.999994427475806,"ya_adult_cogact_freq"
"2243","CPEB2","Inh PVALB CA8 (Chandelier)",-0.00040895033742064,6.55148309369537,6.84997683662956e-05,0.993406678229246,0.999998866570966,0.999994427475806,"ya_adult_cogact_freq"
"2244","AC098829.1","Inh PVALB CA8 (Chandelier)",0.039613431868839,6.52089404627822,0.0757594537082262,0.783481950670689,0.999998866570966,0.999994427475806,"ya_adult_cogact_freq"
"2245","CC2D2A","Inh PVALB CA8 (Chandelier)",-0.0440314997896576,5.71994984048264,0.538560261515916,0.464098925036336,0.999998866570966,0.999994427475806,"ya_adult_cogact_freq"
"2246","FBXL5","Inh PVALB CA8 (Chandelier)",0.0211003246509368,6.55138591771205,0.293204522817383,0.618896899651203,0.999998866570966,0.999994427475806,"ya_adult_cogact_freq"
"2247","FAM200B","Inh PVALB CA8 (Chandelier)",-0.103793379840888,4.67557329248252,1.82074234296742,0.179122168588489,0.999998866570966,0.999994427475806,"ya_adult_cogact_freq"
"2248","TAPT1","Inh PVALB CA8 (Chandelier)",-0.0138363974058756,5.42857779599472,0.0518588880295733,0.996253359073607,0.999998866570966,0.999994427475806,"ya_adult_cogact_freq"
"2249","TAPT1-AS1","Inh PVALB CA8 (Chandelier)",0.0688095415223141,6.70884499344126,1.62672702307356,0.203996285741157,0.999998866570966,0.999994427475806,"ya_adult_cogact_freq"
"2250","LDB2","Inh PVALB CA8 (Chandelier)",0.363750207991222,4.69239443254051,9.67582634732156,0.00220951394634192,0.999998866570966,0.999994427475806,"ya_adult_cogact_freq"
"2251","QDPR","Inh PVALB CA8 (Chandelier)",-0.0146554786645315,5.23126871287188,0.0554439904264592,0.814147151810528,0.999998866570966,0.999994427475806,"ya_adult_cogact_freq"
"2252","MED28","Inh PVALB CA8 (Chandelier)",0.0514062084097907,5.23571397413132,0.649971607422231,0.421313798352862,0.999998866570966,0.999994427475806,"ya_adult_cogact_freq"
"2253","FAM184B","Inh PVALB CA8 (Chandelier)",0.0486497869448566,5.64740458287445,0.448323250178241,0.50409280075086,0.999998866570966,0.999994427475806,"ya_adult_cogact_freq"
"2254","DCAF16","Inh PVALB CA8 (Chandelier)",-0.00254943060582769,4.95735674439831,0.0015327225719001,0.995977523602173,0.999998866570966,0.999994427475806,"ya_adult_cogact_freq"
"2255","LCORL","Inh PVALB CA8 (Chandelier)",0.0460965770864368,6.82509832412904,0.8832020924578,0.34873603559125,0.999998866570966,0.999994427475806,"ya_adult_cogact_freq"
"2256","AC024230.1","Inh PVALB CA8 (Chandelier)",-0.0393295836551878,3.27074410867822,0.0572813538608518,0.81115050189733,0.999998866570966,0.999994427475806,"ya_adult_cogact_freq"
"2257","SLIT2","Inh PVALB CA8 (Chandelier)",0.041873251342113,9.31845031316811,0.733840574307411,0.392916238642461,0.999998866570966,0.999994427475806,"ya_adult_cogact_freq"
"2258","PACRGL","Inh PVALB CA8 (Chandelier)",0.0457750997527477,5.91895000195231,0.699493646359121,0.404195303521925,0.999998866570966,0.999994427475806,"ya_adult_cogact_freq"
"2259","KCNIP4","Inh PVALB CA8 (Chandelier)",0.0874702739053824,11.5613277172606,3.83971779112085,0.0517812915504504,0.999998866570966,0.999994427475806,"ya_adult_cogact_freq"
"2260","ADGRA3","Inh PVALB CA8 (Chandelier)",-0.0370540422650347,6.21901254964362,0.303023281891807,0.582757352108294,0.999998866570966,0.999994427475806,"ya_adult_cogact_freq"
"2261","PPARGC1A","Inh PVALB CA8 (Chandelier)",0.0586582161181935,7.82392750704404,2.13119461006812,0.146279586124284,0.999998866570966,0.999994427475806,"ya_adult_cogact_freq"
"2262","DHX15","Inh PVALB CA8 (Chandelier)",-0.109321895605074,5.958745373933,5.71024881036818,0.018024128542531,0.999998866570966,0.999994427475806,"ya_adult_cogact_freq"
"2263","CCDC149","Inh PVALB CA8 (Chandelier)",-0.053596462002486,5.71372178299135,0.950365509878939,0.331090869087633,0.999998866570966,0.999994427475806,"ya_adult_cogact_freq"
"2264","LGI2","Inh PVALB CA8 (Chandelier)",-0.215551741049972,4.52939827309357,3.87121252155686,0.0508416260959732,0.999998866570966,0.999994427475806,"ya_adult_cogact_freq"
"2265","ANAPC4","Inh PVALB CA8 (Chandelier)",0.0113272089584329,5.97998812370089,0.0390327391349401,0.843633395714987,0.999998866570966,0.999994427475806,"ya_adult_cogact_freq"
"2266","SEL1L3","Inh PVALB CA8 (Chandelier)",-0.0629452116154675,3.84880103731011,0.183898344245744,0.668618319152684,0.999998866570966,0.999994427475806,"ya_adult_cogact_freq"
"2267","RBPJ","Inh PVALB CA8 (Chandelier)",-0.0331445006022018,6.26499822872671,0.619369855197442,0.432440201114251,0.999998866570966,0.999994427475806,"ya_adult_cogact_freq"
"2268","TBC1D19","Inh PVALB CA8 (Chandelier)",0.0340354831030683,6.63539637482884,0.596459487214847,0.441065961396088,0.999998866570966,0.999994427475806,"ya_adult_cogact_freq"
"2269","STIM2","Inh PVALB CA8 (Chandelier)",0.0410712044409989,5.80261210457324,0.682894238762052,0.638926228419675,0.999998866570966,0.999994427475806,"ya_adult_cogact_freq"
"2270","PCDH7","Inh PVALB CA8 (Chandelier)",0.125487511605724,8.8527934844884,5.30428060206821,0.0225545237648952,0.999998866570966,0.999994427475806,"ya_adult_cogact_freq"
"2271","ARAP2","Inh PVALB CA8 (Chandelier)",0.0138590073658488,7.85681638044797,0.082687152799557,0.774058694897336,0.999998866570966,0.999994427475806,"ya_adult_cogact_freq"
"2272","NWD2","Inh PVALB CA8 (Chandelier)",-0.103578573157865,4.01683796276001,0.520166699983767,0.471818128240852,0.999998866570966,0.999994427475806,"ya_adult_cogact_freq"
"2273","RELL1","Inh PVALB CA8 (Chandelier)",-0.106662512609013,4.01226611819047,0.708519655897911,0.401186058253112,0.999998866570966,0.999994427475806,"ya_adult_cogact_freq"
"2274","TBC1D1","Inh PVALB CA8 (Chandelier)",0.17997548460076,5.01266323630991,3.57635323064165,0.0604064386829964,0.999998866570966,0.999994427475806,"ya_adult_cogact_freq"
"2275","KLF3","Inh PVALB CA8 (Chandelier)",-0.00855499817387718,5.87844581011007,0.0305241558911147,0.86152605716241,0.999998866570966,0.999994427475806,"ya_adult_cogact_freq"
"2276","KLHL5","Inh PVALB CA8 (Chandelier)",0.032903765844172,7.88021994617923,0.875937759022232,0.35072046933628,0.999998866570966,0.999994427475806,"ya_adult_cogact_freq"
"2277","WDR19","Inh PVALB CA8 (Chandelier)",0.0550690708386215,6.90257903697118,1.66748345170342,0.198449554883181,0.999998866570966,0.999994427475806,"ya_adult_cogact_freq"
"2278","RFC1","Inh PVALB CA8 (Chandelier)",-0.0233282805944739,5.80328645652455,0.19783752040702,0.974964129446895,0.999998866570966,0.999994427475806,"ya_adult_cogact_freq"
"2279","LIAS","Inh PVALB CA8 (Chandelier)",0.0821067285832023,5.04453129670676,1.41430095454833,0.23609724745164,0.999998866570966,0.999994427475806,"ya_adult_cogact_freq"
"2280","UGDH","Inh PVALB CA8 (Chandelier)",-0.05422283116174,4.64560440052769,0.395848126243787,0.530134297340786,0.999998866570966,0.999994427475806,"ya_adult_cogact_freq"
"2281","UGDH-AS1","Inh PVALB CA8 (Chandelier)",0.0548759206393945,4.97891468233847,0.712404807513379,0.399900829854203,0.999998866570966,0.999994427475806,"ya_adult_cogact_freq"
"2282","SMIM14","Inh PVALB CA8 (Chandelier)",-0.0984427359616782,6.48724790296028,4.76159930082569,0.0305528983738227,0.999998866570966,0.999994427475806,"ya_adult_cogact_freq"
"2283","UBE2K","Inh PVALB CA8 (Chandelier)",0.0166279287245344,7.35119667443491,0.21464973185154,0.979070936948703,0.999998866570966,0.999994427475806,"ya_adult_cogact_freq"
"2284","PDS5A","Inh PVALB CA8 (Chandelier)",0.0355048464827106,7.41175067167187,0.875740251744533,0.350774638987972,0.999998866570966,0.999994427475806,"ya_adult_cogact_freq"
"2285","N4BP2","Inh PVALB CA8 (Chandelier)",-0.071349182914877,5.94224465169502,1.52555873182304,0.218582265272355,0.999998866570966,0.999994427475806,"ya_adult_cogact_freq"
"2286","APBB2","Inh PVALB CA8 (Chandelier)",-0.00329791653238681,7.82504245944414,0.00922332529449877,0.923609889328328,0.999998866570966,0.999994427475806,"ya_adult_cogact_freq"
"2287","UCHL1","Inh PVALB CA8 (Chandelier)",-0.0179765141696449,7.47981307705677,0.103065014445586,0.748599008836704,0.999998866570966,0.999994427475806,"ya_adult_cogact_freq"
"2288","LIMCH1","Inh PVALB CA8 (Chandelier)",0.0102171930615872,9.1453396698419,0.113562741373392,0.736563432025455,0.999998866570966,0.999994427475806,"ya_adult_cogact_freq"
"2289","TMEM33","Inh PVALB CA8 (Chandelier)",0.0946871677697095,4.72562052057392,1.3049523187717,0.255009078167613,0.999998866570966,0.999994427475806,"ya_adult_cogact_freq"
"2290","SLC30A9","Inh PVALB CA8 (Chandelier)",0.0104316348358919,6.24735403466629,0.053284841561876,0.817736417791403,0.999998866570966,0.999994427475806,"ya_adult_cogact_freq"
"2291","ATP8A1","Inh PVALB CA8 (Chandelier)",0.143561226165829,6.2979877712213,7.25134570025353,0.00783580398840186,0.999998866570966,0.999994427475806,"ya_adult_cogact_freq"
"2292","KCTD8","Inh PVALB CA8 (Chandelier)",0.0125368969655727,7.21310397239356,0.0368633916530779,0.847985746941268,0.999998866570966,0.999994427475806,"ya_adult_cogact_freq"
"2293","YIPF7","Inh PVALB CA8 (Chandelier)",-0.0456457811635638,4.16278194865827,0.172346924528671,0.678587906148887,0.999998866570966,0.999994427475806,"ya_adult_cogact_freq"
"2294","GUF1","Inh PVALB CA8 (Chandelier)",-0.0109162271837777,4.47641468026137,0.0146173887326096,0.903919322669235,0.999998866570966,0.999994427475806,"ya_adult_cogact_freq"
"2295","GNPDA2","Inh PVALB CA8 (Chandelier)",-0.0277166859076934,5.12379994534867,0.150094236904496,0.698957741038422,0.999998866570966,0.999994427475806,"ya_adult_cogact_freq"
"2296","GABRA2","Inh PVALB CA8 (Chandelier)",-0.137354976297902,4.3278930869124,1.5809159130612,0.21045230272533,0.999998866570966,0.999994427475806,"ya_adult_cogact_freq"
"2297","GABRB1","Inh PVALB CA8 (Chandelier)",-0.0019479126374198,5.57999541112648,0.000251524643736808,0.987366122521838,0.999998866570966,0.999994427475806,"ya_adult_cogact_freq"
"2298","ATP10D","Inh PVALB CA8 (Chandelier)",0.10079827635536,5.49045352800659,3.04387306972935,0.082953356030601,0.999998866570966,0.999994427475806,"ya_adult_cogact_freq"
"2299","CORIN","Inh PVALB CA8 (Chandelier)",-0.0553302734040848,4.01698900474604,0.165424982801324,0.684751153871407,0.999998866570966,0.999994427475806,"ya_adult_cogact_freq"
"2300","NFXL1","Inh PVALB CA8 (Chandelier)",0.0138423177181715,5.35740073143327,0.0576017274523562,0.997463474447651,0.999998866570966,0.999994427475806,"ya_adult_cogact_freq"
"2301","SLAIN2","Inh PVALB CA8 (Chandelier)",0.033332860829642,5.84040090679604,0.386910261838466,0.603897013052329,0.999998866570966,0.999994427475806,"ya_adult_cogact_freq"
"2302","FRYL","Inh PVALB CA8 (Chandelier)",-0.0136208216964019,7.58623421869397,0.185141182437534,0.667567968072785,0.999998866570966,0.999994427475806,"ya_adult_cogact_freq"
"2303","OCIAD1","Inh PVALB CA8 (Chandelier)",-0.0180086548122285,7.12346611720285,0.219511266040176,0.640047203333338,0.999998866570966,0.999994427475806,"ya_adult_cogact_freq"
"2304","DCUN1D4","Inh PVALB CA8 (Chandelier)",-0.0482830999632987,6.87705136836122,1.36267634580955,0.244802657866205,0.999998866570966,0.999994427475806,"ya_adult_cogact_freq"
"2305","SGCB","Inh PVALB CA8 (Chandelier)",0.021568462912205,5.16127757277364,0.106657003312011,0.744407452210257,0.999998866570966,0.999994427475806,"ya_adult_cogact_freq"
"2306","USP46","Inh PVALB CA8 (Chandelier)",-0.0707272212793715,5.92466878132446,2.1927259989483,0.140620900090294,0.999998866570966,0.999994427475806,"ya_adult_cogact_freq"
"2307","SCFD2","Inh PVALB CA8 (Chandelier)",0.0458011393426436,6.71960079789838,0.73848826626891,0.391425154057033,0.999998866570966,0.999994427475806,"ya_adult_cogact_freq"
"2308","AC058822.1","Inh PVALB CA8 (Chandelier)",0.0267804066110389,4.77037837475557,0.0991279465116411,0.753286918391601,0.999998866570966,0.999994427475806,"ya_adult_cogact_freq"
"2309","LNX1","Inh PVALB CA8 (Chandelier)",-0.0714110217681055,6.48908909672454,2.19443067171188,0.140467704149519,0.999998866570966,0.999994427475806,"ya_adult_cogact_freq"
"2310","CHIC2","Inh PVALB CA8 (Chandelier)",0.0269371845035762,5.7260385096017,0.22552298557055,0.635508024085389,0.999998866570966,0.999994427475806,"ya_adult_cogact_freq"
"2311","KIT","Inh PVALB CA8 (Chandelier)",0.027031701529233,3.97515158592908,0.0362908567938907,0.849156443006992,0.999998866570966,0.999994427475806,"ya_adult_cogact_freq"
"2312","SRD5A3","Inh PVALB CA8 (Chandelier)",-0.130896929532284,4.63547634701651,1.86980210624466,0.173406456638986,0.999998866570966,0.999994427475806,"ya_adult_cogact_freq"
"2313","TMEM165","Inh PVALB CA8 (Chandelier)",-0.0658509536779961,6.37129373748826,1.94961912638388,0.16455285356136,0.999998866570966,0.999994427475806,"ya_adult_cogact_freq"
"2314","CLOCK","Inh PVALB CA8 (Chandelier)",-0.00539179466729699,7.12717139066835,0.0234227095375238,0.974640691530904,0.999998866570966,0.999994427475806,"ya_adult_cogact_freq"
"2315","EXOC1","Inh PVALB CA8 (Chandelier)",0.103368789323825,5.80650797565805,3.25201259632235,0.0732084031697273,0.999998866570966,0.999994427475806,"ya_adult_cogact_freq"
"2316","CEP135","Inh PVALB CA8 (Chandelier)",0.083631066255248,4.27093486841291,0.612116963362019,0.435142710699819,0.999998866570966,0.999994427475806,"ya_adult_cogact_freq"
"2317","KIAA1211","Inh PVALB CA8 (Chandelier)",-0.00953278680429134,9.17699434450141,0.0971205353803101,0.755716634610327,0.999998866570966,0.999994427475806,"ya_adult_cogact_freq"
"2318","AASDH","Inh PVALB CA8 (Chandelier)",0.000970251497970663,5.51941707830436,0.000296863622586724,0.986274708433701,0.999998866570966,0.999994427475806,"ya_adult_cogact_freq"
"2319","PPAT","Inh PVALB CA8 (Chandelier)",0.00849094729625723,4.22666886758418,0.00653518301047301,0.935669366941866,0.999998866570966,0.999994427475806,"ya_adult_cogact_freq"
"2320","PAICS","Inh PVALB CA8 (Chandelier)",0.0368229028829679,4.70226641561495,0.228631962370441,0.744002466925825,0.999998866570966,0.999994427475806,"ya_adult_cogact_freq"
"2321","SRP72","Inh PVALB CA8 (Chandelier)",0.110863600010306,5.3541255887941,3.4414421903182,0.0654114396286344,0.999998866570966,0.999994427475806,"ya_adult_cogact_freq"
"2322","HOPX","Inh PVALB CA8 (Chandelier)",0.0233237588232295,4.87380688427945,0.0611647079048504,0.804980015185154,0.999998866570966,0.999994427475806,"ya_adult_cogact_freq"
"2323","POLR2B","Inh PVALB CA8 (Chandelier)",-0.0430631284108861,5.23072500296971,0.456077778516889,0.500432945900833,0.999998866570966,0.999994427475806,"ya_adult_cogact_freq"
"2324","ADGRL3","Inh PVALB CA8 (Chandelier)",0.042564204523978,10.2370437939062,1.35084755054355,0.246852499114562,0.999998866570966,0.999994427475806,"ya_adult_cogact_freq"
"2325","EPHA5","Inh PVALB CA8 (Chandelier)",0.0796072465601136,8.22515866695394,2.91372970954899,0.0897592129143335,0.999998866570966,0.999994427475806,"ya_adult_cogact_freq"
"2326","EPHA5-AS1","Inh PVALB CA8 (Chandelier)",-0.0212318245308682,4.83892615584568,0.0591498296723545,0.808154794489082,0.999998866570966,0.999994427475806,"ya_adult_cogact_freq"
"2327","AC104806.2","Inh PVALB CA8 (Chandelier)",0.116625254180054,6.27091190733639,4.65853773237518,0.0323832651643766,0.999998866570966,0.999994427475806,"ya_adult_cogact_freq"
"2328","CENPC","Inh PVALB CA8 (Chandelier)",0.0422294154287237,6.56513822375532,0.67066172744241,0.414033311618975,0.999998866570966,0.999994427475806,"ya_adult_cogact_freq"
"2329","UBA6","Inh PVALB CA8 (Chandelier)",0.0251228145196119,6.37252783260872,0.339779519727893,0.560773255623183,0.999998866570966,0.999994427475806,"ya_adult_cogact_freq"
"2330","UBA6-AS1","Inh PVALB CA8 (Chandelier)",0.0944386758113379,8.34347691562179,2.96538594667096,0.0869874582300123,0.999998866570966,0.999994427475806,"ya_adult_cogact_freq"
"2331","YTHDC1","Inh PVALB CA8 (Chandelier)",-0.0678520229122754,6.10004137146966,2.37939960362069,0.124910902630569,0.999998866570966,0.999994427475806,"ya_adult_cogact_freq"
"2332","RUFY3","Inh PVALB CA8 (Chandelier)",0.0423360422726397,8.00689751332371,2.32602417528965,0.129191307839987,0.999998866570966,0.999994427475806,"ya_adult_cogact_freq"
"2333","GRSF1","Inh PVALB CA8 (Chandelier)",-0.0159647316261656,5.31728010493926,0.0726907032518996,0.908875620028333,0.999998866570966,0.999994427475806,"ya_adult_cogact_freq"
"2334","MOB1B","Inh PVALB CA8 (Chandelier)",-0.0325532965215948,5.91108590150637,0.295366399224115,0.587554773767367,0.999998866570966,0.999994427475806,"ya_adult_cogact_freq"
"2335","SLC4A4","Inh PVALB CA8 (Chandelier)",0.0742016236149657,7.8405118244448,3.86991028990344,0.0508801159582121,0.999998866570966,0.999994427475806,"ya_adult_cogact_freq"
"2336","ADAMTS3","Inh PVALB CA8 (Chandelier)",0.325393273566029,3.31079608502289,2.553212500846,0.112033884609765,0.999998866570966,0.999994427475806,"ya_adult_cogact_freq"
"2337","ANKRD17","Inh PVALB CA8 (Chandelier)",-0.0313019363828642,8.46399256910709,1.26685311526867,0.262035365355294,0.999998866570966,0.999994427475806,"ya_adult_cogact_freq"
"2338","AC053527.1","Inh PVALB CA8 (Chandelier)",0.0346981611944164,5.56242226181948,0.229056234190465,0.632874752128379,0.999998866570966,0.999994427475806,"ya_adult_cogact_freq"
"2339","MTHFD2L","Inh PVALB CA8 (Chandelier)",0.00042323331460221,5.86969769398488,3.65939723023414e-05,0.995180890208379,0.999998866570966,0.999994427475806,"ya_adult_cogact_freq"
"2340","PARM1","Inh PVALB CA8 (Chandelier)",0.00914231528090446,7.68309994256246,0.0512330730277313,0.821218890841299,0.999998866570966,0.999994427475806,"ya_adult_cogact_freq"
"2341","RCHY1","Inh PVALB CA8 (Chandelier)",0.0564942451761148,5.29889379615221,0.917181139473826,0.339654207570186,0.999998866570966,0.999994427475806,"ya_adult_cogact_freq"
"2342","THAP6","Inh PVALB CA8 (Chandelier)",-0.140715761383011,4.69835763804135,3.97256656011955,0.047939164570109,0.999998866570966,0.999994427475806,"ya_adult_cogact_freq"
"2343","CDKL2","Inh PVALB CA8 (Chandelier)",-0.0125301268129237,5.4669500894482,0.0423513537198532,0.837211849691358,0.999998866570966,0.999994427475806,"ya_adult_cogact_freq"
"2344","G3BP2","Inh PVALB CA8 (Chandelier)",0.0313783865250679,6.64493753599058,0.520765567618224,0.471563543574306,0.999998866570966,0.999994427475806,"ya_adult_cogact_freq"
"2345","USO1","Inh PVALB CA8 (Chandelier)",0.0426308106994771,6.34280492669469,1.0475746647668,0.415760512516551,0.999998866570966,0.999994427475806,"ya_adult_cogact_freq"
"2346","NAAA","Inh PVALB CA8 (Chandelier)",5.83106607342319e-05,5.04946851093729,7.0874501538905e-06,0.997879153674829,0.999998866570966,0.999994427475806,"ya_adult_cogact_freq"
"2347","SDAD1","Inh PVALB CA8 (Chandelier)",0.017890099104586,5.17069837327229,0.0814899921394829,0.999872324293045,0.999998866570966,0.999994427475806,"ya_adult_cogact_freq"
"2348","NUP54","Inh PVALB CA8 (Chandelier)",0.000200199583986355,5.43947176131997,1.26382940898331e-05,0.997167903700652,0.999998866570966,0.999994427475806,"ya_adult_cogact_freq"
"2349","SCARB2","Inh PVALB CA8 (Chandelier)",-0.10109559514905,6.15370572318816,4.68817598084066,0.031845342127937,0.999998866570966,0.999994427475806,"ya_adult_cogact_freq"
"2350","SEPT11","Inh PVALB CA8 (Chandelier)",0.0352991629441146,8.49216001902599,0.901827481032838,0.343717580544448,0.999998866570966,0.999994427475806,"ya_adult_cogact_freq"
"2351","CCNI","Inh PVALB CA8 (Chandelier)",-0.0758304057055189,7.23275174664815,1.37068795531311,0.243426187721151,0.999998866570966,0.999994427475806,"ya_adult_cogact_freq"
"2352","CCNG2","Inh PVALB CA8 (Chandelier)",0.057349757342647,5.89424986196192,0.375115241831144,0.541094480395244,0.999998866570966,0.999994427475806,"ya_adult_cogact_freq"
"2353","CXCL13","Inh PVALB CA8 (Chandelier)",-0.112102375993666,4.16715314495487,0.698027169334773,0.404687341986979,0.999998866570966,0.999994427475806,"ya_adult_cogact_freq"
"2354","CNOT6L","Inh PVALB CA8 (Chandelier)",0.0212283907201354,6.25947104697747,0.226992960455991,0.634409420018089,0.999998866570966,0.999994427475806,"ya_adult_cogact_freq"
"2355","MRPL1","Inh PVALB CA8 (Chandelier)",0.0912591740160235,5.18918588404521,1.70933061531025,0.192938965079416,0.999998866570966,0.999994427475806,"ya_adult_cogact_freq"
"2356","BMP2K","Inh PVALB CA8 (Chandelier)",0.0335842407399048,5.9445682881529,0.436766310226875,0.509633304917146,0.999998866570966,0.999994427475806,"ya_adult_cogact_freq"
"2357","PAQR3","Inh PVALB CA8 (Chandelier)",0.0299228352331216,4.76309405444896,0.164286276541973,0.685779390551853,0.999998866570966,0.999994427475806,"ya_adult_cogact_freq"
"2358","PRKG2","Inh PVALB CA8 (Chandelier)",-0.092767717182771,3.57428249222323,0.197400867314098,0.657424521133669,0.999998866570966,0.999994427475806,"ya_adult_cogact_freq"
"2359","RASGEF1B","Inh PVALB CA8 (Chandelier)",0.0207771258491927,6.95255065548333,0.0296812523389722,0.863432149511589,0.999998866570966,0.999994427475806,"ya_adult_cogact_freq"
"2360","AC124016.2","Inh PVALB CA8 (Chandelier)",0.0545709802643219,3.78190248278506,0.189720868708557,0.663733285000947,0.999998866570966,0.999994427475806,"ya_adult_cogact_freq"
"2361","HNRNPD","Inh PVALB CA8 (Chandelier)",-0.0144761085088575,6.24649995862439,0.127660757148853,0.721338479556998,0.999998866570966,0.999994427475806,"ya_adult_cogact_freq"
"2362","HNRNPDL","Inh PVALB CA8 (Chandelier)",-0.00704804624820811,7.14607117183855,0.0299316690209373,0.86286299301792,0.999998866570966,0.999994427475806,"ya_adult_cogact_freq"
"2363","ENOPH1","Inh PVALB CA8 (Chandelier)",0.0045820612755657,4.85080770452081,0.00332791998696086,0.954068691184095,0.999998866570966,0.999994427475806,"ya_adult_cogact_freq"
"2364","TMEM150C","Inh PVALB CA8 (Chandelier)",-0.000133910171768018,4.56097653096546,4.29488055875392e-07,0.999477916194015,0.999998866570966,0.999994427475806,"ya_adult_cogact_freq"
"2365","SCD5","Inh PVALB CA8 (Chandelier)",0.0138591534062783,7.26228329961665,0.0836526629448541,0.77277977712153,0.999998866570966,0.999994427475806,"ya_adult_cogact_freq"
"2366","SEC31A","Inh PVALB CA8 (Chandelier)",0.0549205051253879,6.22058583783636,1.78142793112122,0.18386126182762,0.999998866570966,0.999994427475806,"ya_adult_cogact_freq"
"2367","LIN54","Inh PVALB CA8 (Chandelier)",0.0375190427249493,5.03814204412545,0.371300985475497,0.543156155313469,0.999998866570966,0.999994427475806,"ya_adult_cogact_freq"
"2368","COPS4","Inh PVALB CA8 (Chandelier)",-0.00805961674490873,5.01353435900075,0.0152719383103453,0.901802447422885,0.999998866570966,0.999994427475806,"ya_adult_cogact_freq"
"2369","HELQ","Inh PVALB CA8 (Chandelier)",0.0371744118011462,4.93216753742782,0.291733251141335,0.774336717008489,0.999998866570966,0.999994427475806,"ya_adult_cogact_freq"
"2370","MRPS18C","Inh PVALB CA8 (Chandelier)",0.0608495060052826,4.32012051394013,0.477606182400888,0.490505319836871,0.999998866570966,0.999994427475806,"ya_adult_cogact_freq"
"2371","GPAT3","Inh PVALB CA8 (Chandelier)",0.0385651459563203,5.14852497119049,0.314126380965792,0.575939271916748,0.999998866570966,0.999994427475806,"ya_adult_cogact_freq"
"2372","CDS1","Inh PVALB CA8 (Chandelier)",-0.0241268363754198,6.39279782353938,0.263354874266453,0.608529110623961,0.999998866570966,0.999994427475806,"ya_adult_cogact_freq"
"2373","WDFY3","Inh PVALB CA8 (Chandelier)",0.00479184644050933,7.75102610281783,0.0209017427176274,0.885228034230386,0.999998866570966,0.999994427475806,"ya_adult_cogact_freq"
"2374","ARHGAP24","Inh PVALB CA8 (Chandelier)",-0.0271710957853037,6.62150348979863,0.0422737908851487,0.837358880966765,0.999998866570966,0.999994427475806,"ya_adult_cogact_freq"
"2375","MAPK10","Inh PVALB CA8 (Chandelier)",0.024359057363835,9.97251351988744,0.675372618304599,0.412401838872499,0.999998866570966,0.999994427475806,"ya_adult_cogact_freq"
"2376","AC104827.1","Inh PVALB CA8 (Chandelier)",-0.127826930312999,4.50390480566157,1.08156266199595,0.299909780458936,0.999998866570966,0.999994427475806,"ya_adult_cogact_freq"
"2377","PTPN13","Inh PVALB CA8 (Chandelier)",-0.000629267648563915,8.89098367600746,0.000208507275232233,0.988497026241867,0.999998866570966,0.999994427475806,"ya_adult_cogact_freq"
"2378","AFF1","Inh PVALB CA8 (Chandelier)",0.00877886202519598,6.35454042437919,0.02982797657659,0.863098370498231,0.999998866570966,0.999994427475806,"ya_adult_cogact_freq"
"2379","KLHL8","Inh PVALB CA8 (Chandelier)",0.0158988617637776,5.4886664124495,0.0831549779034286,0.99287428419505,0.999998866570966,0.999994427475806,"ya_adult_cogact_freq"
"2380","HSD17B11","Inh PVALB CA8 (Chandelier)",-0.0291099753738871,4.39487884665631,0.101676419943147,0.750240975309173,0.999998866570966,0.999994427475806,"ya_adult_cogact_freq"
"2381","NUDT9","Inh PVALB CA8 (Chandelier)",-0.0245521527546921,4.80515830550236,0.104636576810296,0.746755348579873,0.999998866570966,0.999994427475806,"ya_adult_cogact_freq"
"2382","SPARCL1","Inh PVALB CA8 (Chandelier)",0.000444231558377276,10.3047576737404,0.000107150695304346,0.991753789795545,0.999998866570966,0.999994427475806,"ya_adult_cogact_freq"
"2383","IBSP","Inh PVALB CA8 (Chandelier)",0.219242952697742,3.29681205216051,1.19254130080031,0.276451370452232,0.999998866570966,0.999994427475806,"ya_adult_cogact_freq"
"2384","SPP1","Inh PVALB CA8 (Chandelier)",0.0776099975417519,3.94299638276169,0.28737200609329,0.592650486589849,0.999998866570966,0.999994427475806,"ya_adult_cogact_freq"
"2385","PKD2","Inh PVALB CA8 (Chandelier)",0.0217544521909969,7.74792452494611,0.363892434585654,0.547202490478294,0.999998866570966,0.999994427475806,"ya_adult_cogact_freq"
"2386","PPM1K","Inh PVALB CA8 (Chandelier)",0.0125420067963776,7.40980323220596,0.0938566860543574,0.759726668811285,0.999998866570966,0.999994427475806,"ya_adult_cogact_freq"
"2387","HERC6","Inh PVALB CA8 (Chandelier)",-0.0663444188747573,5.58610043698814,1.00361941690324,0.31794178943252,0.999998866570966,0.999994427475806,"ya_adult_cogact_freq"
"2388","PYURF","Inh PVALB CA8 (Chandelier)",-0.207629385630853,3.97819076945183,3.01978960457082,0.0841690560843828,0.999998866570966,0.999994427475806,"ya_adult_cogact_freq"
"2389","HERC3","Inh PVALB CA8 (Chandelier)",0.04296619057556,6.2141676961052,0.958832595654312,0.328952418988625,0.999998866570966,0.999994427475806,"ya_adult_cogact_freq"
"2390","NAP1L5","Inh PVALB CA8 (Chandelier)",-0.0673476405033283,4.87875259550915,0.437085244320439,0.509478994962795,0.999998866570966,0.999994427475806,"ya_adult_cogact_freq"
"2391","FAM13A-AS1","Inh PVALB CA8 (Chandelier)",-0.0581678278664567,4.86971985996396,0.602999895101294,0.438576712448826,0.999998866570966,0.999994427475806,"ya_adult_cogact_freq"
"2392","FAM13A","Inh PVALB CA8 (Chandelier)",0.0614490872853729,6.50150377360034,1.21042651697047,0.272892344547979,0.999998866570966,0.999994427475806,"ya_adult_cogact_freq"
"2393","GPRIN3","Inh PVALB CA8 (Chandelier)",-0.0574068441902984,4.71898460950405,0.315933372211343,0.574844687110368,0.999998866570966,0.999994427475806,"ya_adult_cogact_freq"
"2394","CCSER1","Inh PVALB CA8 (Chandelier)",0.0643085134580918,10.1020980119176,3.6258236600841,0.058675684135269,0.999998866570966,0.999994427475806,"ya_adult_cogact_freq"
"2395","GRID2","Inh PVALB CA8 (Chandelier)",0.0988065267103935,10.3289950553328,4.24315025529121,0.0410210881157688,0.999998866570966,0.999994427475806,"ya_adult_cogact_freq"
"2396","SMARCAD1","Inh PVALB CA8 (Chandelier)",0.0408358775007326,6.32652745593043,0.589105628588318,0.443890983658764,0.999998866570966,0.999994427475806,"ya_adult_cogact_freq"
"2397","UNC5C","Inh PVALB CA8 (Chandelier)",0.0586500595697135,10.2431955668776,2.51035559234246,0.115065554797541,0.999998866570966,0.999994427475806,"ya_adult_cogact_freq"
"2398","STPG2","Inh PVALB CA8 (Chandelier)",0.0218020165629964,5.71479483243177,0.0717980985292137,0.789080004930535,0.999998866570966,0.999994427475806,"ya_adult_cogact_freq"
"2399","RAP1GDS1","Inh PVALB CA8 (Chandelier)",-0.00369378815062295,7.51270722302447,0.00768129147982373,0.930269516173136,0.999998866570966,0.999994427475806,"ya_adult_cogact_freq"
"2400","TSPAN5","Inh PVALB CA8 (Chandelier)",0.00330808788241463,8.83791511436749,0.00603988692668717,0.938150044037143,0.999998866570966,0.999994427475806,"ya_adult_cogact_freq"
"2401","EIF4E","Inh PVALB CA8 (Chandelier)",-0.00925494831805545,5.88632166875147,0.0369643571115555,0.84778027707258,0.999998866570966,0.999994427475806,"ya_adult_cogact_freq"
"2402","METAP1","Inh PVALB CA8 (Chandelier)",0.00442635683644194,4.10796797263058,0.0022485881119446,0.96223791909725,0.999998866570966,0.999994427475806,"ya_adult_cogact_freq"
"2403","ADH5","Inh PVALB CA8 (Chandelier)",-0.0409104542748737,4.15185603687728,0.183253956410791,0.669164562268466,0.999998866570966,0.999994427475806,"ya_adult_cogact_freq"
"2404","LAMTOR3","Inh PVALB CA8 (Chandelier)",-0.0702227352061433,4.28793833257348,0.553558979889474,0.457953200239212,0.999998866570966,0.999994427475806,"ya_adult_cogact_freq"
"2405","DNAJB14","Inh PVALB CA8 (Chandelier)",-0.026990603168294,6.83078276869018,0.476144908728286,0.491168637903494,0.999998866570966,0.999994427475806,"ya_adult_cogact_freq"
"2406","H2AFZ","Inh PVALB CA8 (Chandelier)",-0.103885822451807,5.18123218804726,1.00444976997125,0.31774229724361,0.999998866570966,0.999994427475806,"ya_adult_cogact_freq"
"2407","PPP3CA","Inh PVALB CA8 (Chandelier)",0.0624000124536085,8.87230133785109,3.76529101304978,0.0540764137811094,0.999998866570966,0.999994427475806,"ya_adult_cogact_freq"
"2408","NFKB1","Inh PVALB CA8 (Chandelier)",-0.0132363837579535,6.75486511388606,0.0835886839413246,0.772864275653997,0.999998866570966,0.999994427475806,"ya_adult_cogact_freq"
"2409","MANBA","Inh PVALB CA8 (Chandelier)",-0.0201839234237919,6.95441978176785,0.213431036605761,0.644715951083004,0.999998866570966,0.999994427475806,"ya_adult_cogact_freq"
"2410","UBE2D3","Inh PVALB CA8 (Chandelier)",-0.0120758901466456,7.40964680891388,0.0952645635731874,0.75798769757088,0.999998866570966,0.999994427475806,"ya_adult_cogact_freq"
"2411","AC018797.2","Inh PVALB CA8 (Chandelier)",-0.102364686320212,4.22222436692644,1.06248211544243,0.304197984559295,0.999998866570966,0.999994427475806,"ya_adult_cogact_freq"
"2412","CISD2","Inh PVALB CA8 (Chandelier)",0.0291645787984898,4.60175769414588,0.145277232499385,0.703593322743529,0.999998866570966,0.999994427475806,"ya_adult_cogact_freq"
"2413","SLC9B1","Inh PVALB CA8 (Chandelier)",0.00597576523537222,3.90949540127678,0.00236503125031949,0.961273261152355,0.999998866570966,0.999994427475806,"ya_adult_cogact_freq"
"2414","SLC9B2","Inh PVALB CA8 (Chandelier)",-0.0184177046767499,5.95082936024348,0.163199327681737,0.686764771417005,0.999998866570966,0.999994427475806,"ya_adult_cogact_freq"
"2415","CXXC4","Inh PVALB CA8 (Chandelier)",0.0867596696327468,5.44508726204359,1.03534879632637,0.310434539328139,0.999998866570966,0.999994427475806,"ya_adult_cogact_freq"
"2416","CXXC4-AS1","Inh PVALB CA8 (Chandelier)",0.0238679458068158,6.21671188972779,0.113527288173793,0.736603014734845,0.999998866570966,0.999994427475806,"ya_adult_cogact_freq"
"2417","TET2","Inh PVALB CA8 (Chandelier)",0.033210161763967,7.27826195349588,0.614924985890635,0.434093354110631,0.999998866570966,0.999994427475806,"ya_adult_cogact_freq"
"2418","PPA2","Inh PVALB CA8 (Chandelier)",-0.00335172331289394,7.33681456575424,0.00860016436178469,0.926227910808673,0.999998866570966,0.999994427475806,"ya_adult_cogact_freq"
"2419","INTS12","Inh PVALB CA8 (Chandelier)",-0.0120038539853168,6.16353253985501,0.0273412043917957,0.868874865420153,0.999998866570966,0.999994427475806,"ya_adult_cogact_freq"
"2420","GSTCD","Inh PVALB CA8 (Chandelier)",-0.00526410612960582,5.3839028654295,0.00525439508665112,0.942304290541017,0.999998866570966,0.999994427475806,"ya_adult_cogact_freq"
"2421","NPNT","Inh PVALB CA8 (Chandelier)",0.00553594660032375,7.5202748786145,0.0124276655268875,0.911375229815554,0.999998866570966,0.999994427475806,"ya_adult_cogact_freq"
"2422","TBCK","Inh PVALB CA8 (Chandelier)",0.0164464597423798,7.82764883856591,0.221940658045088,0.638203833727965,0.999998866570966,0.999994427475806,"ya_adult_cogact_freq"
"2423","AIMP1","Inh PVALB CA8 (Chandelier)",0.0978185212362533,4.5201028898308,1.64948153504371,0.200877194541578,0.999998866570966,0.999994427475806,"ya_adult_cogact_freq"
"2424","PAPSS1","Inh PVALB CA8 (Chandelier)",0.0028639325282905,5.91812394177035,0.00296789448763586,0.98977696925511,0.999998866570966,0.999994427475806,"ya_adult_cogact_freq"
"2425","AC096564.1","Inh PVALB CA8 (Chandelier)",0.0165681595718556,4.19744958907305,0.0197172972452351,0.888505283363709,0.999998866570966,0.999994427475806,"ya_adult_cogact_freq"
"2426","CYP2U1","Inh PVALB CA8 (Chandelier)",-0.0502006946838935,5.02009321322185,0.472486750409473,0.492835808608281,0.999998866570966,0.999994427475806,"ya_adult_cogact_freq"
"2427","HADH","Inh PVALB CA8 (Chandelier)",0.0547253924586461,5.03750899142598,0.721669294648139,0.509188913908833,0.999998866570966,0.999994427475806,"ya_adult_cogact_freq"
"2428","LEF1","Inh PVALB CA8 (Chandelier)",0.246605321269166,4.31089169940745,2.35913419923128,0.126517048543675,0.999998866570966,0.999994427475806,"ya_adult_cogact_freq"
"2429","RPL34","Inh PVALB CA8 (Chandelier)",-0.00263620615601315,4.52796987225649,0.000624693605584004,0.980090848904412,0.999998866570966,0.999994427475806,"ya_adult_cogact_freq"
"2430","OSTC","Inh PVALB CA8 (Chandelier)",-0.165512478039977,3.89888021965491,1.8473982858394,0.175989904286646,0.999998866570966,0.999994427475806,"ya_adult_cogact_freq"
"2431","COL25A1","Inh PVALB CA8 (Chandelier)",0.192937881030725,4.59025110022246,2.80514631994652,0.0959064073491911,0.999998866570966,0.999994427475806,"ya_adult_cogact_freq"
"2432","SEC24B-AS1","Inh PVALB CA8 (Chandelier)",-0.0453507296180718,4.43004360460382,0.214166371128258,0.644147053909752,0.999998866570966,0.999994427475806,"ya_adult_cogact_freq"
"2433","SEC24B","Inh PVALB CA8 (Chandelier)",0.00742924381827594,6.71397711992696,0.0399294038646527,0.841871208483986,0.999998866570966,0.999994427475806,"ya_adult_cogact_freq"
"2434","MCUB","Inh PVALB CA8 (Chandelier)",-0.0400955111363222,4.8368598633324,0.156007628278376,0.693382669542142,0.999998866570966,0.999994427475806,"ya_adult_cogact_freq"
"2435","PLA2G12A","Inh PVALB CA8 (Chandelier)",0.0471044865981353,4.57503303602605,0.397366503774018,0.529347463168641,0.999998866570966,0.999994427475806,"ya_adult_cogact_freq"
"2436","ELOVL6","Inh PVALB CA8 (Chandelier)",0.0868513328387721,6.97357923804493,3.81697028719257,0.0524715091271974,0.999998866570966,0.999994427475806,"ya_adult_cogact_freq"
"2437","AP1AR","Inh PVALB CA8 (Chandelier)",0.108349888412859,4.47616630947809,1.875918373267,0.17270883796729,0.999998866570966,0.999994427475806,"ya_adult_cogact_freq"
"2438","ZGRF1","Inh PVALB CA8 (Chandelier)",-0.0532061472871657,4.45507172849757,0.315099210316221,0.575349467159189,0.999998866570966,0.999994427475806,"ya_adult_cogact_freq"
"2439","LARP7","Inh PVALB CA8 (Chandelier)",-0.0441814614334087,4.5897764918825,0.280992797319421,0.596782605485919,0.999998866570966,0.999994427475806,"ya_adult_cogact_freq"
"2440","ANK2","Inh PVALB CA8 (Chandelier)",0.0297213342393614,9.79781181014449,1.45215522487271,0.229953303927015,0.999998866570966,0.999994427475806,"ya_adult_cogact_freq"
"2441","AC093879.1","Inh PVALB CA8 (Chandelier)",-0.219302069338922,3.66458385926954,2.10400192045055,0.148862463028292,0.999998866570966,0.999994427475806,"ya_adult_cogact_freq"
"2442","CAMK2D","Inh PVALB CA8 (Chandelier)",0.0461715915158735,8.36526474706388,1.0918984957969,0.297619585626679,0.999998866570966,0.999994427475806,"ya_adult_cogact_freq"
"2443","UGT8","Inh PVALB CA8 (Chandelier)",0.0522850548589562,3.81608798081748,0.163169648706708,0.686791730603411,0.999998866570966,0.999994427475806,"ya_adult_cogact_freq"
"2444","NDST4","Inh PVALB CA8 (Chandelier)",0.0744233528866359,5.80297855749273,0.517154039618015,0.473102232235121,0.999998866570966,0.999994427475806,"ya_adult_cogact_freq"
"2445","NDST3","Inh PVALB CA8 (Chandelier)",0.121762801444333,6.01698489488531,1.58097489515172,0.210443835316573,0.999998866570966,0.999994427475806,"ya_adult_cogact_freq"
"2446","PRSS12","Inh PVALB CA8 (Chandelier)",-0.0484662346614245,4.31651242732579,0.14638018297218,0.702524215587596,0.999998866570966,0.999994427475806,"ya_adult_cogact_freq"
"2447","METTL14","Inh PVALB CA8 (Chandelier)",-0.0106274022268855,4.81636697769157,0.0246503582607725,0.875438444238379,0.999998866570966,0.999994427475806,"ya_adult_cogact_freq"
"2448","SYNPO2","Inh PVALB CA8 (Chandelier)",0.103934184868288,4.936925624711,1.37962631055491,0.241901691322965,0.999998866570966,0.999994427475806,"ya_adult_cogact_freq"
"2449","USP53","Inh PVALB CA8 (Chandelier)",-0.0201519529756252,5.75790113247286,0.119815556260769,0.72968720564045,0.999998866570966,0.999994427475806,"ya_adult_cogact_freq"
"2450","C4orf3","Inh PVALB CA8 (Chandelier)",-0.067716647529489,4.67042619123912,0.504819133465389,0.478419697511046,0.999998866570966,0.999994427475806,"ya_adult_cogact_freq"
"2451","PDE5A","Inh PVALB CA8 (Chandelier)",-0.14873297024213,5.47143074460637,2.41937388235935,0.121809238143346,0.999998866570966,0.999994427475806,"ya_adult_cogact_freq"
"2452","AC108866.1","Inh PVALB CA8 (Chandelier)",-0.0954031671762149,4.81933222457494,0.757486220373045,0.385414045353642,0.999998866570966,0.999994427475806,"ya_adult_cogact_freq"
"2453","PRDM5","Inh PVALB CA8 (Chandelier)",0.099982844995489,4.94149072225899,1.22400339868758,0.27022918114453,0.999998866570966,0.999994427475806,"ya_adult_cogact_freq"
"2454","ANXA5","Inh PVALB CA8 (Chandelier)",-0.0807846136173173,4.56159846181422,0.77804197764486,0.379057584645855,0.999998866570966,0.999994427475806,"ya_adult_cogact_freq"
"2455","EXOSC9","Inh PVALB CA8 (Chandelier)",-0.0539468846891003,3.93337206331806,0.284374071608268,0.705233680610482,0.999998866570966,0.999994427475806,"ya_adult_cogact_freq"
"2456","BBS7","Inh PVALB CA8 (Chandelier)",-0.103512519224304,5.9402349741064,3.63247464542936,0.0584470848904272,0.999998866570966,0.999994427475806,"ya_adult_cogact_freq"
"2457","TRPC3","Inh PVALB CA8 (Chandelier)",-0.0955853472704537,5.6960062495007,1.44786533073176,0.230639727266283,0.999998866570966,0.999994427475806,"ya_adult_cogact_freq"
"2458","KIAA1109","Inh PVALB CA8 (Chandelier)",0.0348180956980491,8.15496691452405,1.33515682965421,0.249604316131089,0.999998866570966,0.999994427475806,"ya_adult_cogact_freq"
"2459","FGF2","Inh PVALB CA8 (Chandelier)",0.121957914384495,3.89169346067107,1.13265979912189,0.288804605052562,0.999998866570966,0.999994427475806,"ya_adult_cogact_freq"
"2460","NUDT6","Inh PVALB CA8 (Chandelier)",-0.0515280110686059,4.29978360016032,0.364309729181626,0.546973086406263,0.999998866570966,0.999994427475806,"ya_adult_cogact_freq"
"2461","SPATA5","Inh PVALB CA8 (Chandelier)",0.0239070448208265,6.41004113032573,0.219251991578772,0.640244669450311,0.999998866570966,0.999994427475806,"ya_adult_cogact_freq"
"2462","SPRY1","Inh PVALB CA8 (Chandelier)",0.0269033968782586,3.76341034522073,0.0342361067474996,0.853438714184775,0.999998866570966,0.999994427475806,"ya_adult_cogact_freq"
"2463","ANKRD50","Inh PVALB CA8 (Chandelier)",0.0818262455753857,4.65006413005504,1.04236535663107,0.308805901751416,0.999998866570966,0.999994427475806,"ya_adult_cogact_freq"
"2464","FAT4","Inh PVALB CA8 (Chandelier)",0.0828210434270437,4.69330805894854,0.42648411544978,0.514652044944232,0.999998866570966,0.999994427475806,"ya_adult_cogact_freq"
"2465","INTU","Inh PVALB CA8 (Chandelier)",0.033190359745099,6.38627924249877,0.386235016316782,0.535165361936314,0.999998866570966,0.999994427475806,"ya_adult_cogact_freq"
"2466","HSPA4L","Inh PVALB CA8 (Chandelier)",-0.0200963266506607,7.09211018740198,0.145203457382163,0.703664999871801,0.999998866570966,0.999994427475806,"ya_adult_cogact_freq"
"2467","MFSD8","Inh PVALB CA8 (Chandelier)",0.130285855781559,5.44309392127052,4.83608982293176,0.0292979892286925,0.999998866570966,0.999994427475806,"ya_adult_cogact_freq"
"2468","ABHD18","Inh PVALB CA8 (Chandelier)",0.00437134093954102,7.05682145386121,0.013443422850502,0.907840220920611,0.999998866570966,0.999994427475806,"ya_adult_cogact_freq"
"2469","LARP1B","Inh PVALB CA8 (Chandelier)",0.00233559149730278,7.37857832409759,0.00380341559218555,0.950900772465403,0.999998866570966,0.999994427475806,"ya_adult_cogact_freq"
"2470","PGRMC2","Inh PVALB CA8 (Chandelier)",0.0227535847204342,4.99902676881662,0.0895848725230689,0.765092158738834,0.999998866570966,0.999994427475806,"ya_adult_cogact_freq"
"2471","AC108062.1","Inh PVALB CA8 (Chandelier)",0.0659158068925569,4.44536681018197,0.348461054729917,0.555814441268626,0.999998866570966,0.999994427475806,"ya_adult_cogact_freq"
"2472","JADE1","Inh PVALB CA8 (Chandelier)",-0.0353469239134022,6.23664124416167,0.57289774646386,0.450217568267399,0.999998866570966,0.999994427475806,"ya_adult_cogact_freq"
"2473","SCLT1","Inh PVALB CA8 (Chandelier)",0.0407300887655986,7.10360579695185,0.678096196048472,0.411462956953282,0.999998866570966,0.999994427475806,"ya_adult_cogact_freq"
"2474","AC096711.2","Inh PVALB CA8 (Chandelier)",0.0864689250813764,7.3198864242217,2.30032494343415,0.131310818525589,0.999998866570966,0.999994427475806,"ya_adult_cogact_freq"
"2475","AC115622.1","Inh PVALB CA8 (Chandelier)",0.176077684412535,3.78814500921331,1.32450036438039,0.251494841711068,0.999998866570966,0.999994427475806,"ya_adult_cogact_freq"
"2476","AC105383.1","Inh PVALB CA8 (Chandelier)",-0.0707073616489318,4.44253775583984,0.544565861167999,0.46162243005401,0.999998866570966,0.999994427475806,"ya_adult_cogact_freq"
"2477","PCDH10","Inh PVALB CA8 (Chandelier)",-0.134070801641339,5.87628414758846,2.05517053752144,0.153632286065922,0.999998866570966,0.999994427475806,"ya_adult_cogact_freq"
"2478","PCDH18","Inh PVALB CA8 (Chandelier)",0.00736158055708458,4.56010287430562,0.00316296395057258,0.95522026566456,0.999998866570966,0.999994427475806,"ya_adult_cogact_freq"
"2479","AC109927.1","Inh PVALB CA8 (Chandelier)",0.0491331944564575,5.2924972466755,0.217958119051197,0.641232231391336,0.999998866570966,0.999994427475806,"ya_adult_cogact_freq"
"2480","NOCT","Inh PVALB CA8 (Chandelier)",0.0407423576162424,4.01455797736981,0.0988354686465468,0.753639232250336,0.999998866570966,0.999994427475806,"ya_adult_cogact_freq"
"2481","ELF2","Inh PVALB CA8 (Chandelier)",0.0068180639668979,7.26333889321092,0.0330342933550445,0.856005230428746,0.999998866570966,0.999994427475806,"ya_adult_cogact_freq"
"2482","NDUFC1","Inh PVALB CA8 (Chandelier)",-0.0501521697502444,4.61630725097654,0.371613000697227,0.542986960414538,0.999998866570966,0.999994427475806,"ya_adult_cogact_freq"
"2483","NAA15","Inh PVALB CA8 (Chandelier)",0.0318001496205964,6.50980038348197,0.639468913770527,0.442645908943001,0.999998866570966,0.999994427475806,"ya_adult_cogact_freq"
"2484","AC097376.2","Inh PVALB CA8 (Chandelier)",-0.013256345622162,6.76072291173244,0.0559473200029098,0.813321094123902,0.999998866570966,0.999994427475806,"ya_adult_cogact_freq"
"2485","SETD7","Inh PVALB CA8 (Chandelier)",0.0584321752005988,6.09868311698297,1.54822121113598,0.215209262409327,0.999998866570966,0.999994427475806,"ya_adult_cogact_freq"
"2486","MGST2","Inh PVALB CA8 (Chandelier)",-0.0441436178978596,5.2492399694488,0.462570668508743,0.497403253634613,0.999998866570966,0.999994427475806,"ya_adult_cogact_freq"
"2487","SCOC","Inh PVALB CA8 (Chandelier)",0.0534859841182887,5.32688470447878,0.461282863527453,0.498001683233041,0.999998866570966,0.999994427475806,"ya_adult_cogact_freq"
"2488","ELMOD2","Inh PVALB CA8 (Chandelier)",-0.0667100955004075,4.41459395380097,0.538251471663079,0.464226833363522,0.999998866570966,0.999994427475806,"ya_adult_cogact_freq"
"2489","TBC1D9","Inh PVALB CA8 (Chandelier)",0.0151694436008577,6.58872300775103,0.117259590155386,0.732473185392283,0.999998866570966,0.999994427475806,"ya_adult_cogact_freq"
"2490","RNF150","Inh PVALB CA8 (Chandelier)",0.022910276261305,7.59997578799939,0.238664985640928,0.625837726554942,0.999998866570966,0.999994427475806,"ya_adult_cogact_freq"
"2491","INPP4B","Inh PVALB CA8 (Chandelier)",0.017488575600987,9.57595665530358,0.200794766765191,0.654683392553645,0.999998866570966,0.999994427475806,"ya_adult_cogact_freq"
"2492","AC139720.1","Inh PVALB CA8 (Chandelier)",-0.176737524871497,4.51917062672187,1.68620569960799,0.19596148853058,0.999998866570966,0.999994427475806,"ya_adult_cogact_freq"
"2493","AC104596.1","Inh PVALB CA8 (Chandelier)",0.0278023546304773,4.79242791777037,0.0761831103331067,0.782892661062357,0.999998866570966,0.999994427475806,"ya_adult_cogact_freq"
"2494","USP38","Inh PVALB CA8 (Chandelier)",-0.0883925332728599,4.27154225573228,1.01191067958287,0.315957201842629,0.999998866570966,0.999994427475806,"ya_adult_cogact_freq"
"2495","GAB1","Inh PVALB CA8 (Chandelier)",0.12221154035366,4.63658376847787,1.31747080786934,0.252751627532387,0.999998866570966,0.999994427475806,"ya_adult_cogact_freq"
"2496","SMARCA5","Inh PVALB CA8 (Chandelier)",0.0648101639871263,5.69162192587407,1.52332102739975,0.231862903392798,0.999998866570966,0.999994427475806,"ya_adult_cogact_freq"
"2497","ANAPC10","Inh PVALB CA8 (Chandelier)",0.0282346168375398,6.55226596194261,0.311308350604497,0.577654587428217,0.999998866570966,0.999994427475806,"ya_adult_cogact_freq"
"2498","ABCE1","Inh PVALB CA8 (Chandelier)",-0.0318498920345651,5.15871375582154,0.27686473208075,0.647525343437332,0.999998866570966,0.999994427475806,"ya_adult_cogact_freq"
"2499","OTUD4","Inh PVALB CA8 (Chandelier)",0.0473056977628616,5.50932171037476,0.774061060098009,0.380276898529584,0.999998866570966,0.999994427475806,"ya_adult_cogact_freq"
"2500","SMAD1","Inh PVALB CA8 (Chandelier)",0.0517317215097003,5.78696336314603,0.842701668665528,0.360000399240897,0.999998866570966,0.999994427475806,"ya_adult_cogact_freq"
"2501","ZNF827","Inh PVALB CA8 (Chandelier)",-0.00256884389459509,6.96082934460085,0.00347824103814186,0.953043980197246,0.999998866570966,0.999994427475806,"ya_adult_cogact_freq"
"2502","LSM6","Inh PVALB CA8 (Chandelier)",-0.276490602087528,4.43080554268233,9.16612355136024,0.00287241380557698,0.999998866570966,0.999994427475806,"ya_adult_cogact_freq"
"2503","SLC10A7","Inh PVALB CA8 (Chandelier)",-0.0558442069641981,5.37549630222983,0.56299332981951,0.454153432963112,0.999998866570966,0.999994427475806,"ya_adult_cogact_freq"
"2504","TTC29","Inh PVALB CA8 (Chandelier)",0.237357170428072,3.92188936315207,1.90139764148649,0.169837457268875,0.999998866570966,0.999994427475806,"ya_adult_cogact_freq"
"2505","EDNRA","Inh PVALB CA8 (Chandelier)",0.204507093174919,3.54674938668886,1.49946029623599,0.222545739412244,0.999998866570966,0.999994427475806,"ya_adult_cogact_freq"
"2506","TMEM184C","Inh PVALB CA8 (Chandelier)",-0.0268720393577915,4.96019975417775,0.131967069858993,0.716878392377663,0.999998866570966,0.999994427475806,"ya_adult_cogact_freq"
"2507","PRMT9","Inh PVALB CA8 (Chandelier)",-0.0159495105082532,5.21354545397326,0.0633137260293782,0.980059575813946,0.999998866570966,0.999994427475806,"ya_adult_cogact_freq"
"2508","NR3C2","Inh PVALB CA8 (Chandelier)",0.0712920518844033,7.66294814575687,2.51320817187511,0.114860954804183,0.999998866570966,0.999994427475806,"ya_adult_cogact_freq"
"2509","DCLK2","Inh PVALB CA8 (Chandelier)",0.000397652953388048,7.71441283550166,0.000144589080287682,0.990420961354208,0.999998866570966,0.999994427475806,"ya_adult_cogact_freq"
"2510","LRBA","Inh PVALB CA8 (Chandelier)",0.0292739922644922,8.07974584923115,0.623517444507603,0.430906262022474,0.999998866570966,0.999994427475806,"ya_adult_cogact_freq"
"2511","RPS3A","Inh PVALB CA8 (Chandelier)",-0.184038293611154,3.93181488948021,1.96200202531022,0.163226578732615,0.999998866570966,0.999994427475806,"ya_adult_cogact_freq"
"2512","SH3D19","Inh PVALB CA8 (Chandelier)",0.0148627165418095,7.00276816665738,0.158737062253296,0.878091001162273,0.999998866570966,0.999994427475806,"ya_adult_cogact_freq"
"2513","GATB","Inh PVALB CA8 (Chandelier)",0.0119249873621689,4.96075701666803,0.0321552518175664,0.857913145568044,0.999998866570966,0.999994427475806,"ya_adult_cogact_freq"
"2514","FBXW7","Inh PVALB CA8 (Chandelier)",0.0143288443865935,7.70652749132691,0.178763084570047,0.673003380801361,0.999998866570966,0.999994427475806,"ya_adult_cogact_freq"
"2515","TIGD4","Inh PVALB CA8 (Chandelier)",0.214034037060395,3.85624046519859,3.12302413441886,0.0790907490320665,0.999998866570966,0.999994427475806,"ya_adult_cogact_freq"
"2516","ARFIP1","Inh PVALB CA8 (Chandelier)",0.0144717699177388,6.12500154255688,0.082425960697369,0.959069388314159,0.999998866570966,0.999994427475806,"ya_adult_cogact_freq"
"2517","TRIM2","Inh PVALB CA8 (Chandelier)",0.0130953627770222,8.13561853360102,0.255711649601416,0.613774372193136,0.999998866570966,0.999994427475806,"ya_adult_cogact_freq"
"2518","TMEM131L","Inh PVALB CA8 (Chandelier)",0.0866592795379438,6.65735833613657,4.02602608230421,0.0464798683440043,0.999998866570966,0.999994427475806,"ya_adult_cogact_freq"
"2519","RNF175","Inh PVALB CA8 (Chandelier)",-0.00755340160597895,7.3663428123139,0.0381339709603685,0.845420955558676,0.999998866570966,0.999994427475806,"ya_adult_cogact_freq"
"2520","AC079298.3","Inh PVALB CA8 (Chandelier)",0.221304181675493,5.39170826101095,5.72679156869631,0.017861038742445,0.999998866570966,0.999994427475806,"ya_adult_cogact_freq"
"2521","DCHS2","Inh PVALB CA8 (Chandelier)",-0.0334887341846726,3.877501817936,0.0334228091374475,0.855170339096696,0.999998866570966,0.999994427475806,"ya_adult_cogact_freq"
"2522","PLRG1","Inh PVALB CA8 (Chandelier)",-0.0225286793942461,4.57862072553924,0.101634972264187,0.750290175244177,0.999998866570966,0.999994427475806,"ya_adult_cogact_freq"
"2523","MAP9","Inh PVALB CA8 (Chandelier)",-0.0157300052400872,6.12305522499888,0.0937757607415924,0.759827058119787,0.999998866570966,0.999994427475806,"ya_adult_cogact_freq"
"2524","GUCY1A1","Inh PVALB CA8 (Chandelier)",-0.00404089471872595,7.52286073394067,0.0103531245357631,0.919081668348354,0.999998866570966,0.999994427475806,"ya_adult_cogact_freq"
"2525","GUCY1B1","Inh PVALB CA8 (Chandelier)",0.0280317222067498,6.78589509723691,0.377711361406747,0.539699467055178,0.999998866570966,0.999994427475806,"ya_adult_cogact_freq"
"2526","PDGFC","Inh PVALB CA8 (Chandelier)",4.48157764093949e-05,5.29771786237632,3.69563497556667e-06,0.998468528308075,0.999998866570966,0.999994427475806,"ya_adult_cogact_freq"
"2527","GLRB","Inh PVALB CA8 (Chandelier)",0.0462063328130183,6.59577854708301,0.998152690615896,0.319259308562055,0.999998866570966,0.999994427475806,"ya_adult_cogact_freq"
"2528","GRIA2","Inh PVALB CA8 (Chandelier)",0.0329506196728817,9.21514773857632,1.38974205305511,0.240190479290249,0.999998866570966,0.999994427475806,"ya_adult_cogact_freq"
"2529","ETFDH","Inh PVALB CA8 (Chandelier)",-0.0328659708267906,6.50902066202155,0.337747957814666,0.561945925116355,0.999998866570966,0.999994427475806,"ya_adult_cogact_freq"
"2530","PPID","Inh PVALB CA8 (Chandelier)",-0.0461298635072106,4.87929026767573,0.304011907649639,0.582143703962519,0.999998866570966,0.999994427475806,"ya_adult_cogact_freq"
"2531","FNIP2","Inh PVALB CA8 (Chandelier)",0.0421048935665,5.97015422691178,0.633939754140558,0.427088007371336,0.999998866570966,0.999994427475806,"ya_adult_cogact_freq"
"2532","RAPGEF2","Inh PVALB CA8 (Chandelier)",-0.0118766965911,8.09063631237384,0.116957194447605,0.732805032315026,0.999998866570966,0.999994427475806,"ya_adult_cogact_freq"
"2533","FSTL5","Inh PVALB CA8 (Chandelier)",0.049004115866444,10.5172709026158,1.83160916818606,0.177837469870265,0.999998866570966,0.999994427475806,"ya_adult_cogact_freq"
"2534","NAF1","Inh PVALB CA8 (Chandelier)",0.0975687686351416,5.12379552473635,2.1794739716669,0.14181831357867,0.999998866570966,0.999994427475806,"ya_adult_cogact_freq"
"2535","NPY1R","Inh PVALB CA8 (Chandelier)",0.00451986228115748,4.14844853172965,0.00150046980025936,0.969149012768798,0.999998866570966,0.999994427475806,"ya_adult_cogact_freq"
"2536","MARCH1","Inh PVALB CA8 (Chandelier)",0.0513912929468803,6.78240306135473,0.350688669623634,0.554555495675453,0.999998866570966,0.999994427475806,"ya_adult_cogact_freq"
"2537","TMEM192","Inh PVALB CA8 (Chandelier)",-0.0259265098099065,5.150707906829,0.140877265936526,0.707905183930734,0.999998866570966,0.999994427475806,"ya_adult_cogact_freq"
"2538","KLHL2","Inh PVALB CA8 (Chandelier)",-0.148738793236039,4.8893612123942,4.50997803350111,0.0352278521889849,0.999998866570966,0.999994427475806,"ya_adult_cogact_freq"
"2539","MSMO1","Inh PVALB CA8 (Chandelier)",0.0111544232329447,4.35165689221343,0.00767279588129986,0.930307989020205,0.999998866570966,0.999994427475806,"ya_adult_cogact_freq"
"2540","CPE","Inh PVALB CA8 (Chandelier)",0.0662881271789463,6.17208999134969,1.16856768976348,0.281314675625821,0.999998866570966,0.999994427475806,"ya_adult_cogact_freq"
"2541","SPOCK3","Inh PVALB CA8 (Chandelier)",0.0523100548494907,9.05711260516441,1.83008534677944,0.178016970967309,0.999998866570966,0.999994427475806,"ya_adult_cogact_freq"
"2542","PALLD","Inh PVALB CA8 (Chandelier)",0.0716869630495515,7.09467836896042,3.05236054261146,0.0825294927891325,0.999998866570966,0.999994427475806,"ya_adult_cogact_freq"
"2543","CBR4","Inh PVALB CA8 (Chandelier)",0.00236875516960062,6.59434891953559,0.00302837326330497,0.956182369205998,0.999998866570966,0.999994427475806,"ya_adult_cogact_freq"
"2544","SH3RF1","Inh PVALB CA8 (Chandelier)",-0.127601621226833,5.27370238200548,2.44600888568903,0.119790431142158,0.999998866570966,0.999994427475806,"ya_adult_cogact_freq"
"2545","NEK1","Inh PVALB CA8 (Chandelier)",0.00940410073798907,7.54978550179426,0.0663277425476177,0.797089963075072,0.999998866570966,0.999994427475806,"ya_adult_cogact_freq"
"2546","CLCN3","Inh PVALB CA8 (Chandelier)",-0.0175384554168528,6.77376857672954,0.181505946206044,0.670652087983484,0.999998866570966,0.999994427475806,"ya_adult_cogact_freq"
"2547","HPF1","Inh PVALB CA8 (Chandelier)",-0.0118708458743103,4.50946961903629,0.0251967793628391,0.874076941972657,0.999998866570966,0.999994427475806,"ya_adult_cogact_freq"
"2548","MFAP3L","Inh PVALB CA8 (Chandelier)",0.0336861244630393,5.03753414458,0.206357782068961,0.650249959176273,0.999998866570966,0.999994427475806,"ya_adult_cogact_freq"
"2549","AADAT","Inh PVALB CA8 (Chandelier)",-0.0451369621754514,4.25864261837412,0.232169370327721,0.630575208258855,0.999998866570966,0.999994427475806,"ya_adult_cogact_freq"
"2550","GALNTL6","Inh PVALB CA8 (Chandelier)",-0.00863260923876439,11.4482762249498,0.0157793018667,0.900193091884304,0.999998866570966,0.999994427475806,"ya_adult_cogact_freq"
"2551","AC105285.1","Inh PVALB CA8 (Chandelier)",-0.0692767061946012,4.81299945898931,0.461159533385735,0.498059057573855,0.999998866570966,0.999994427475806,"ya_adult_cogact_freq"
"2552","GALNT7","Inh PVALB CA8 (Chandelier)",-0.0257230336472457,7.95023468745449,0.462630941734194,0.497375275176924,0.999998866570966,0.999994427475806,"ya_adult_cogact_freq"
"2553","SAP30","Inh PVALB CA8 (Chandelier)",0.0128739839174325,4.35937563718764,0.0195718393596971,0.888914600056459,0.999998866570966,0.999994427475806,"ya_adult_cogact_freq"
"2554","SCRG1","Inh PVALB CA8 (Chandelier)",-0.109226468801359,3.46030671411729,0.426910809841893,0.514442062676358,0.999998866570966,0.999994427475806,"ya_adult_cogact_freq"
"2555","FBXO8","Inh PVALB CA8 (Chandelier)",0.205834909248536,4.22269717504515,4.50151873333201,0.0353975722305202,0.999998866570966,0.999994427475806,"ya_adult_cogact_freq"
"2556","CEP44","Inh PVALB CA8 (Chandelier)",0.0364338045072321,4.95436690536975,0.269789207669345,0.644640504777517,0.999998866570966,0.999994427475806,"ya_adult_cogact_freq"
"2557","GPM6A","Inh PVALB CA8 (Chandelier)",0.0782171229281289,9.75817481407332,4.38343792217573,0.0378590561581586,0.999998866570966,0.999994427475806,"ya_adult_cogact_freq"
"2558","WDR17","Inh PVALB CA8 (Chandelier)",0.0595718454564893,6.89964467821059,2.4623756007878,0.118568461037782,0.999998866570966,0.999994427475806,"ya_adult_cogact_freq"
"2559","SPCS3","Inh PVALB CA8 (Chandelier)",0.0215530297089698,5.17731701011038,0.0843026936351193,0.77192324561362,0.999998866570966,0.999994427475806,"ya_adult_cogact_freq"
"2560","AC098864.1","Inh PVALB CA8 (Chandelier)",-0.185616231122712,4.06368554175407,2.14142989888153,0.145320631631834,0.999998866570966,0.999994427475806,"ya_adult_cogact_freq"
"2561","TENM3","Inh PVALB CA8 (Chandelier)",-0.0112440156220893,7.83219479657292,0.0447501331723508,0.83273208500623,0.999998866570966,0.999994427475806,"ya_adult_cogact_freq"
"2562","DCTD","Inh PVALB CA8 (Chandelier)",-0.0353334213123648,4.071596014743,0.103599085788546,0.747970738919485,0.999998866570966,0.999994427475806,"ya_adult_cogact_freq"
"2563","WWC2","Inh PVALB CA8 (Chandelier)",0.0170926074655449,6.44658223461265,0.167589769195573,0.682807705973322,0.999998866570966,0.999994427475806,"ya_adult_cogact_freq"
"2564","AC107214.1","Inh PVALB CA8 (Chandelier)",0.0626676257718415,4.85799198310604,0.923261522759722,0.463103959279001,0.999998866570966,0.999994427475806,"ya_adult_cogact_freq"
"2565","TRAPPC11","Inh PVALB CA8 (Chandelier)",-0.00243826039951184,5.61508836109261,0.00233883406501692,0.961488175149374,0.999998866570966,0.999994427475806,"ya_adult_cogact_freq"
"2566","STOX2","Inh PVALB CA8 (Chandelier)",0.0612348531001519,8.0480438258286,2.75554455222019,0.0988671411940546,0.999998866570966,0.999994427475806,"ya_adult_cogact_freq"
"2567","IRF2","Inh PVALB CA8 (Chandelier)",0.0145003683271287,5.65424924885535,0.0690114037260876,0.89363605896305,0.999998866570966,0.999994427475806,"ya_adult_cogact_freq"
"2568","CASP3","Inh PVALB CA8 (Chandelier)",0.045587456668456,4.72719599002728,0.330660077248277,0.56607455426808,0.999998866570966,0.999994427475806,"ya_adult_cogact_freq"
"2569","PRIMPOL","Inh PVALB CA8 (Chandelier)",-0.0299533257858357,5.62021187508243,0.253484205426403,0.615321514363988,0.999998866570966,0.999994427475806,"ya_adult_cogact_freq"
"2570","ACSL1","Inh PVALB CA8 (Chandelier)",0.036393006763629,5.1367946470855,0.278513859666707,0.598404570831098,0.999998866570966,0.999994427475806,"ya_adult_cogact_freq"
"2571","SLC25A4","Inh PVALB CA8 (Chandelier)",-0.0873735640284461,5.50096103996986,0.97678399906463,0.324479228005422,0.999998866570966,0.999994427475806,"ya_adult_cogact_freq"
"2572","CFAP97","Inh PVALB CA8 (Chandelier)",0.0560860911923301,4.92429166471336,0.57702267404349,0.448594152820144,0.999998866570966,0.999994427475806,"ya_adult_cogact_freq"
"2573","SNX25","Inh PVALB CA8 (Chandelier)",-0.0541704033158534,6.84562244306773,1.15086962505768,0.284974874183477,0.999998866570966,0.999994427475806,"ya_adult_cogact_freq"
"2574","LRP2BP","Inh PVALB CA8 (Chandelier)",-0.0158330482918565,5.4643430343404,0.0468714367388992,0.828873966592695,0.999998866570966,0.999994427475806,"ya_adult_cogact_freq"
"2575","AC112722.1","Inh PVALB CA8 (Chandelier)",0.00774891981969701,4.7900348310497,0.00877236932940199,0.925495134718933,0.999998866570966,0.999994427475806,"ya_adult_cogact_freq"
"2576","UFSP2","Inh PVALB CA8 (Chandelier)",-0.0570742545100335,4.54480485949267,0.51092566161872,0.475775095009818,0.999998866570966,0.999994427475806,"ya_adult_cogact_freq"
"2577","C4orf47","Inh PVALB CA8 (Chandelier)",0.0510227374836449,4.52853784443179,0.309017234364113,0.579056701216746,0.999998866570966,0.999994427475806,"ya_adult_cogact_freq"
"2578","SORBS2","Inh PVALB CA8 (Chandelier)",-0.0189986058079546,8.6886906371669,0.267369093626841,0.605812753027837,0.999998866570966,0.999994427475806,"ya_adult_cogact_freq"
"2579","FAM149A","Inh PVALB CA8 (Chandelier)",-0.0339834170383399,4.35500163459445,0.149812653685459,0.706922044366915,0.999998866570966,0.999994427475806,"ya_adult_cogact_freq"
"2580","CYP4V2","Inh PVALB CA8 (Chandelier)",0.0637277243559895,5.58544852659684,0.880968273459769,0.349344619691752,0.999998866570966,0.999994427475806,"ya_adult_cogact_freq"
"2581","KLKB1","Inh PVALB CA8 (Chandelier)",0.0425229029056709,4.9081626605285,0.170367918622296,0.680334979236017,0.999998866570966,0.999994427475806,"ya_adult_cogact_freq"
"2582","FAT1","Inh PVALB CA8 (Chandelier)",-0.133770116487182,3.92345703224378,1.03782305663224,0.309858949953531,0.999998866570966,0.999994427475806,"ya_adult_cogact_freq"
"2583","FRG1-DT","Inh PVALB CA8 (Chandelier)",0.00868011730552981,4.95945379124324,0.00771328710470457,0.93012481407156,0.999998866570966,0.999994427475806,"ya_adult_cogact_freq"
"2584","FRG1","Inh PVALB CA8 (Chandelier)",-0.0442447717870653,4.07820458997673,0.184427330212096,0.668170748276567,0.999998866570966,0.999994427475806,"ya_adult_cogact_freq"
"2585","SDHA","Inh PVALB CA8 (Chandelier)",0.0123009060184756,6.05621905762938,0.0627591872583152,0.962180829861953,0.999998866570966,0.999994427475806,"ya_adult_cogact_freq"
"2586","PDCD6","Inh PVALB CA8 (Chandelier)",0.110569402164499,5.21028392022811,2.52500628621902,0.114019029603341,0.999998866570966,0.999994427475806,"ya_adult_cogact_freq"
"2587","EXOC3","Inh PVALB CA8 (Chandelier)",0.116788664098294,4.70652529500076,2.3685090683649,0.125771177677567,0.999998866570966,0.999994427475806,"ya_adult_cogact_freq"
"2588","TPPP","Inh PVALB CA8 (Chandelier)",0.0181692088888513,5.75331618077379,0.0782373855008397,0.780059966498559,0.999998866570966,0.999994427475806,"ya_adult_cogact_freq"
"2589","ZDHHC11B","Inh PVALB CA8 (Chandelier)",-0.175978909311201,6.15129530403359,4.02490355445746,0.0465100191808375,0.999998866570966,0.999994427475806,"ya_adult_cogact_freq"
"2590","ZDHHC11","Inh PVALB CA8 (Chandelier)",-0.0664895371296668,4.77091671972179,0.314524360589166,0.575697840679143,0.999998866570966,0.999994427475806,"ya_adult_cogact_freq"
"2591","BRD9","Inh PVALB CA8 (Chandelier)",0.0238985241673298,5.05552726575265,0.124244751629914,0.807797344732675,0.999998866570966,0.999994427475806,"ya_adult_cogact_freq"
"2592","CLPTM1L","Inh PVALB CA8 (Chandelier)",-0.0712028876790063,4.05186420993993,0.456328328437796,0.5003154530008,0.999998866570966,0.999994427475806,"ya_adult_cogact_freq"
"2593","LPCAT1","Inh PVALB CA8 (Chandelier)",0.0797183468207966,5.0572590485814,1.24843520362263,0.265518575610574,0.999998866570966,0.999994427475806,"ya_adult_cogact_freq"
"2594","NDUFS6","Inh PVALB CA8 (Chandelier)",-0.075841220024088,4.1857056644659,0.627180778594087,0.429558298149389,0.999998866570966,0.999994427475806,"ya_adult_cogact_freq"
"2595","ICE1","Inh PVALB CA8 (Chandelier)",0.0275159331895913,6.1902150119297,0.418039881732533,0.57022245123489,0.999998866570966,0.999994427475806,"ya_adult_cogact_freq"
"2596","MED10","Inh PVALB CA8 (Chandelier)",-0.0358663583463605,4.44775529388816,0.140824115782764,0.707957736945545,0.999998866570966,0.999994427475806,"ya_adult_cogact_freq"
"2597","UBE2QL1","Inh PVALB CA8 (Chandelier)",0.00972203092516523,5.61274958304256,0.0282667055556137,0.866694651364575,0.999998866570966,0.999994427475806,"ya_adult_cogact_freq"
"2598","NSUN2","Inh PVALB CA8 (Chandelier)",0.0350075848261281,4.96067868517057,0.219697948029132,0.639905112518396,0.999998866570966,0.999994427475806,"ya_adult_cogact_freq"
"2599","SRD5A1","Inh PVALB CA8 (Chandelier)",-0.0549194550384288,4.71451224484487,0.479005251401086,0.489871643396172,0.999998866570966,0.999994427475806,"ya_adult_cogact_freq"
"2600","TENT4A","Inh PVALB CA8 (Chandelier)",0.014910564206532,6.00668363481297,0.0942639505845913,0.759222167415055,0.999998866570966,0.999994427475806,"ya_adult_cogact_freq"
"2601","LINC02196","Inh PVALB CA8 (Chandelier)",-0.310633937255039,3.543788110167,3.3002139033812,0.0711334624900676,0.999998866570966,0.999994427475806,"ya_adult_cogact_freq"
"2602","ADCY2","Inh PVALB CA8 (Chandelier)",0.0285739877583422,8.44533887689517,0.478941771347422,0.489900365556985,0.999998866570966,0.999994427475806,"ya_adult_cogact_freq"
"2603","MTRR","Inh PVALB CA8 (Chandelier)",0.0457941831285278,4.72476694358436,0.314782774575007,0.575541183449952,0.999998866570966,0.999994427475806,"ya_adult_cogact_freq"
"2604","SEMA5A","Inh PVALB CA8 (Chandelier)",-0.0824341404260919,4.51699306687465,0.414306294685331,0.520709010279021,0.999998866570966,0.999994427475806,"ya_adult_cogact_freq"
"2605","LINC02112","Inh PVALB CA8 (Chandelier)",0.247707856647754,4.32608485771517,2.85118861090236,0.0932451761035288,0.999998866570966,0.999994427475806,"ya_adult_cogact_freq"
"2606","FAM173B","Inh PVALB CA8 (Chandelier)",-0.0454437688539167,4.97071237022867,0.422345675058875,0.516696446719881,0.999998866570966,0.999994427475806,"ya_adult_cogact_freq"
"2607","CCT5","Inh PVALB CA8 (Chandelier)",0.0419973977391619,4.69126445110707,0.215849137812178,0.642849620275067,0.999998866570966,0.999994427475806,"ya_adult_cogact_freq"
"2608","CMBL","Inh PVALB CA8 (Chandelier)",0.0266194325945525,3.98694718575468,0.0596225727930154,0.807404823117511,0.999998866570966,0.999994427475806,"ya_adult_cogact_freq"
"2609","MARCH6","Inh PVALB CA8 (Chandelier)",-0.00977199981939274,7.59175643672279,0.0695569503408422,0.792320709476781,0.999998866570966,0.999994427475806,"ya_adult_cogact_freq"
"2610","CTNND2","Inh PVALB CA8 (Chandelier)",0.0181222885222662,9.78930215601347,0.347420377213275,0.556404446997437,0.999998866570966,0.999994427475806,"ya_adult_cogact_freq"
"2611","TRIO","Inh PVALB CA8 (Chandelier)",-0.046285417486915,9.55567819846018,3.15072011895295,0.0777857483731305,0.999998866570966,0.999994427475806,"ya_adult_cogact_freq"
"2612","OTULIN","Inh PVALB CA8 (Chandelier)",-0.0648916706422175,4.15555632411184,0.347914666127546,0.556124064476422,0.999998866570966,0.999994427475806,"ya_adult_cogact_freq"
"2613","ANKH","Inh PVALB CA8 (Chandelier)",0.0672791134224762,8.18290656034806,6.45368571228881,0.0120199111021006,0.999998866570966,0.999994427475806,"ya_adult_cogact_freq"
"2614","MARCH11","Inh PVALB CA8 (Chandelier)",-0.0428807979875286,7.37604589006444,1.28588504027492,0.258495768920703,0.999998866570966,0.999994427475806,"ya_adult_cogact_freq"
"2615","RETREG1","Inh PVALB CA8 (Chandelier)",-0.0227823294809246,6.61018442555095,0.301314905348744,0.866269642731241,0.999998866570966,0.999994427475806,"ya_adult_cogact_freq"
"2616","BASP1","Inh PVALB CA8 (Chandelier)",-0.0138513079793479,7.63133374858438,0.113734050050285,0.736372266628454,0.999998866570966,0.999994427475806,"ya_adult_cogact_freq"
"2617","BASP1-AS1","Inh PVALB CA8 (Chandelier)",0.139091016473067,5.56016003861254,2.21062878932966,0.139021398967642,0.999998866570966,0.999994427475806,"ya_adult_cogact_freq"
"2618","CDH18","Inh PVALB CA8 (Chandelier)",0.106553200235204,8.40230731973033,2.87248498914653,0.0920417561257776,0.999998866570966,0.999994427475806,"ya_adult_cogact_freq"
"2619","LINC02241","Inh PVALB CA8 (Chandelier)",0.0393598650229714,5.11980109694644,0.358932052912347,0.572810497378409,0.999998866570966,0.999994427475806,"ya_adult_cogact_freq"
"2620","AC091946.1","Inh PVALB CA8 (Chandelier)",0.0165932097372262,4.03853846917397,0.0155343098300426,0.900966872137843,0.999998866570966,0.999994427475806,"ya_adult_cogact_freq"
"2621","CDH12","Inh PVALB CA8 (Chandelier)",0.0944569190756099,10.0033009474312,2.84758469402988,0.0934505294315286,0.999998866570966,0.999994427475806,"ya_adult_cogact_freq"
"2622","C5orf17","Inh PVALB CA8 (Chandelier)",-0.199189943610829,4.37058311537445,0.546755879005184,0.460724593311829,0.999998866570966,0.999994427475806,"ya_adult_cogact_freq"
"2623","CDH10","Inh PVALB CA8 (Chandelier)",0.0393953440392435,6.67164954018161,0.313170317682398,0.576520083472099,0.999998866570966,0.999994427475806,"ya_adult_cogact_freq"
"2624","CDH9","Inh PVALB CA8 (Chandelier)",0.0268007318455917,7.93626559289285,0.283204990982909,0.595342898327277,0.999998866570966,0.999994427475806,"ya_adult_cogact_freq"
"2625","CDH6","Inh PVALB CA8 (Chandelier)",0.0632232703923547,7.11417763576928,1.9761426602169,0.161727064753994,0.999998866570966,0.999994427475806,"ya_adult_cogact_freq"
"2626","DROSHA","Inh PVALB CA8 (Chandelier)",-0.0318615098048832,5.94912897103919,0.485057491175283,0.5221514168732,0.999998866570966,0.999994427475806,"ya_adult_cogact_freq"
"2627","C5orf22","Inh PVALB CA8 (Chandelier)",-0.0262598773668436,4.59106482085618,0.106795407748937,0.744247519427084,0.999998866570966,0.999994427475806,"ya_adult_cogact_freq"
"2628","PDZD2","Inh PVALB CA8 (Chandelier)",-0.0483778885172235,6.63532988208031,0.467446301284252,0.495148596103992,0.999998866570966,0.999994427475806,"ya_adult_cogact_freq"
"2629","AC025178.1","Inh PVALB CA8 (Chandelier)",0.0590250862883268,4.24139876862055,0.328863822195212,0.567130215166028,0.999998866570966,0.999994427475806,"ya_adult_cogact_freq"
"2630","GOLPH3","Inh PVALB CA8 (Chandelier)",-0.00283175712886332,5.96316925304374,0.00362867469148869,0.952040515493293,0.999998866570966,0.999994427475806,"ya_adult_cogact_freq"
"2631","MTMR12","Inh PVALB CA8 (Chandelier)",-0.0615907396289873,5.6466364739981,1.51296845472322,0.250348804116219,0.999998866570966,0.999994427475806,"ya_adult_cogact_freq"
"2632","ZFR","Inh PVALB CA8 (Chandelier)",0.0602496825723909,6.86814272747275,2.98748203687934,0.0858305239284787,0.999998866570966,0.999994427475806,"ya_adult_cogact_freq"
"2633","SUB1","Inh PVALB CA8 (Chandelier)",-0.128122710518006,6.07388476765499,5.76973826107883,0.0174447865737085,0.999998866570966,0.999994427475806,"ya_adult_cogact_freq"
"2634","TARS","Inh PVALB CA8 (Chandelier)",-0.0360820303625606,5.10358882331291,0.190187470900911,0.663345690980379,0.999998866570966,0.999994427475806,"ya_adult_cogact_freq"
"2635","ADAMTS12","Inh PVALB CA8 (Chandelier)",0.0690237029569907,3.56733080874634,0.130914034689821,0.717961336618983,0.999998866570966,0.999994427475806,"ya_adult_cogact_freq"
"2636","C1QTNF3-AMACR","Inh PVALB CA8 (Chandelier)",0.0600553708835119,6.01774780627778,1.07134289622087,0.302196758273329,0.999998866570966,0.999994427475806,"ya_adult_cogact_freq"
"2637","RAI14","Inh PVALB CA8 (Chandelier)",-0.00016569505590825,4.81377830124547,5.32381558874023e-08,0.999816187007123,0.999998866570966,0.999994427475806,"ya_adult_cogact_freq"
"2638","TTC23L","Inh PVALB CA8 (Chandelier)",0.091804714572887,4.64415493425286,0.929486471127256,0.336444364104815,0.999998866570966,0.999994427475806,"ya_adult_cogact_freq"
"2639","RAD1","Inh PVALB CA8 (Chandelier)",0.0917342740578469,4.0453029149488,0.663772910781581,0.41643636857394,0.999998866570966,0.999994427475806,"ya_adult_cogact_freq"
"2640","BRIX1","Inh PVALB CA8 (Chandelier)",0.0466654336169036,4.0257381425987,0.211571732856734,0.646159744043621,0.999998866570966,0.999994427475806,"ya_adult_cogact_freq"
"2641","DNAJC21","Inh PVALB CA8 (Chandelier)",0.0152360752697229,5.51773637545475,0.0633646352367182,0.801576420774634,0.999998866570966,0.999994427475806,"ya_adult_cogact_freq"
"2642","LMBRD2","Inh PVALB CA8 (Chandelier)",-0.0243197455219646,5.45193087029061,0.187265702324244,0.665782129740986,0.999998866570966,0.999994427475806,"ya_adult_cogact_freq"
"2643","NADK2","Inh PVALB CA8 (Chandelier)",0.0493631774336516,4.53111693982063,0.304451400060328,0.581871325507169,0.999998866570966,0.999994427475806,"ya_adult_cogact_freq"
"2644","NIPBL","Inh PVALB CA8 (Chandelier)",-0.00127330406316715,7.432395557437,0.00134383788416598,0.970802862015474,0.999998866570966,0.999994427475806,"ya_adult_cogact_freq"
"2645","CPLANE1","Inh PVALB CA8 (Chandelier)",0.0188974339600253,7.72319167561581,0.305018101692229,0.581520486923499,0.999998866570966,0.999994427475806,"ya_adult_cogact_freq"
"2646","NUP155","Inh PVALB CA8 (Chandelier)",0.036593363623258,4.3893795754862,0.17366274724221,0.677432797125552,0.999998866570966,0.999994427475806,"ya_adult_cogact_freq"
"2647","WDR70","Inh PVALB CA8 (Chandelier)",0.00552264461415244,7.50776487785715,0.029703356778245,0.863381810444702,0.999998866570966,0.999994427475806,"ya_adult_cogact_freq"
"2648","LIFR","Inh PVALB CA8 (Chandelier)",0.0155549697126625,5.95746667972943,0.083997772163084,0.772324586499196,0.999998866570966,0.999994427475806,"ya_adult_cogact_freq"
"2649","LIFR-AS1","Inh PVALB CA8 (Chandelier)",0.208222146164444,4.2215092961232,2.77081880724421,0.0979448404782446,0.999998866570966,0.999994427475806,"ya_adult_cogact_freq"
"2650","RICTOR","Inh PVALB CA8 (Chandelier)",0.0380956793742069,7.50582307522468,1.2783019846974,0.259898894561515,0.999998866570966,0.999994427475806,"ya_adult_cogact_freq"
"2651","TTC33","Inh PVALB CA8 (Chandelier)",0.0357017084349493,5.59736340133202,0.438433031937934,0.508827787674696,0.999998866570966,0.999994427475806,"ya_adult_cogact_freq"
"2652","PRKAA1","Inh PVALB CA8 (Chandelier)",-0.00498013606159264,5.24365235745322,0.00606621842653042,0.93801564356744,0.999998866570966,0.999994427475806,"ya_adult_cogact_freq"
"2653","RPL37","Inh PVALB CA8 (Chandelier)",0.0658384790442147,5.62927280069676,1.17022415484351,0.280975167277522,0.999998866570966,0.999994427475806,"ya_adult_cogact_freq"
"2654","PLCXD3","Inh PVALB CA8 (Chandelier)",0.0271246849531064,9.23371187151225,0.439331365121725,0.508394542191526,0.999998866570966,0.999994427475806,"ya_adult_cogact_freq"
"2655","OXCT1","Inh PVALB CA8 (Chandelier)",0.0137774750299816,7.05255091521461,0.128409419814129,0.744555206916675,0.999998866570966,0.999994427475806,"ya_adult_cogact_freq"
"2656","C5orf51","Inh PVALB CA8 (Chandelier)",0.0125665821309221,4.28336714110519,0.017444560103983,0.895087867874663,0.999998866570966,0.999994427475806,"ya_adult_cogact_freq"
"2657","FBXO4","Inh PVALB CA8 (Chandelier)",0.00083520092830293,4.02053912204957,3.50258830957237e-06,0.998509064003548,0.999998866570966,0.999994427475806,"ya_adult_cogact_freq"
"2658","GHR","Inh PVALB CA8 (Chandelier)",0.079278430132482,8.07512543955773,3.28702671644009,0.0716947364694133,0.999998866570966,0.999994427475806,"ya_adult_cogact_freq"
"2659","ZNF131","Inh PVALB CA8 (Chandelier)",0.0865692687868185,6.83581809185321,4.81939477787355,0.0295744469690244,0.999998866570966,0.999994427475806,"ya_adult_cogact_freq"
"2660","NIM1K","Inh PVALB CA8 (Chandelier)",0.0753437798923759,6.4623174473677,1.45561205904598,0.229401981233638,0.999998866570966,0.999994427475806,"ya_adult_cogact_freq"
"2661","HMGCS1","Inh PVALB CA8 (Chandelier)",0.0234192825946517,5.4277496519949,0.0886490581697764,0.766286090018607,0.999998866570966,0.999994427475806,"ya_adult_cogact_freq"
"2662","TMEM267","Inh PVALB CA8 (Chandelier)",0.077148141457391,5.1707069443046,1.52932128047616,0.218017890027802,0.999998866570966,0.999994427475806,"ya_adult_cogact_freq"
"2663","PAIP1","Inh PVALB CA8 (Chandelier)",-0.0152106172079833,4.95711175878254,0.047889543042696,0.827054753715097,0.999998866570966,0.999994427475806,"ya_adult_cogact_freq"
"2664","NNT-AS1","Inh PVALB CA8 (Chandelier)",0.03588650505816,6.29297469732847,0.483522248336555,0.487835086514065,0.999998866570966,0.999994427475806,"ya_adult_cogact_freq"
"2665","NNT","Inh PVALB CA8 (Chandelier)",-0.0250417935851041,6.94936642146763,0.449087692966537,0.503729978085364,0.999998866570966,0.999994427475806,"ya_adult_cogact_freq"
"2666","MRPS30-DT","Inh PVALB CA8 (Chandelier)",0.0400845172180543,5.63067079102699,0.28777568321855,0.592390999336844,0.999998866570966,0.999994427475806,"ya_adult_cogact_freq"
"2667","MRPS30","Inh PVALB CA8 (Chandelier)",-0.0764933592380949,5.10710037042295,1.17062526039157,0.280893035226537,0.999998866570966,0.999994427475806,"ya_adult_cogact_freq"
"2668","AC093297.2","Inh PVALB CA8 (Chandelier)",0.0235699509430153,4.728624947698,0.0861746412048099,0.769476451286098,0.999998866570966,0.999994427475806,"ya_adult_cogact_freq"
"2669","HCN1","Inh PVALB CA8 (Chandelier)",0.00355570883139394,10.0819463577691,0.00924854744990512,0.923505835378484,0.999998866570966,0.999994427475806,"ya_adult_cogact_freq"
"2670","PARP8","Inh PVALB CA8 (Chandelier)",-0.00841430977415653,7.02751968608884,0.0388788558128862,0.843937925448805,0.999998866570966,0.999994427475806,"ya_adult_cogact_freq"
"2671","ITGA1","Inh PVALB CA8 (Chandelier)",0.0266098327186132,6.03627825227411,0.0405733010444852,0.840618439973505,0.999998866570966,0.999994427475806,"ya_adult_cogact_freq"
"2672","MOCS2","Inh PVALB CA8 (Chandelier)",-0.0745012906712291,4.34088457998511,0.75410309115228,0.525360739305803,0.999998866570966,0.999994427475806,"ya_adult_cogact_freq"
"2673","NDUFS4","Inh PVALB CA8 (Chandelier)",0.0175129178130009,6.2965140580274,0.181148859288617,0.670957003588435,0.999998866570966,0.999994427475806,"ya_adult_cogact_freq"
"2674","ARL15","Inh PVALB CA8 (Chandelier)",0.0158734507316317,8.25692760211819,0.161037182036586,0.688736293913774,0.999998866570966,0.999994427475806,"ya_adult_cogact_freq"
"2675","SNX18","Inh PVALB CA8 (Chandelier)",-0.045297027815391,4.17836989573651,0.213060435286116,0.645003120813906,0.999998866570966,0.999994427475806,"ya_adult_cogact_freq"
"2676","DHX29","Inh PVALB CA8 (Chandelier)",-0.0351243417852935,6.03170193342014,0.541631876986936,0.462829653352032,0.999998866570966,0.999994427475806,"ya_adult_cogact_freq"
"2677","MTREX","Inh PVALB CA8 (Chandelier)",0.00574602594845638,6.2777715805167,0.0153901915790272,0.901424950970698,0.999998866570966,0.999994427475806,"ya_adult_cogact_freq"
"2678","PLPP1","Inh PVALB CA8 (Chandelier)",-0.0204701081908546,7.28160289979258,0.307245527289336,0.580145625253308,0.999998866570966,0.999994427475806,"ya_adult_cogact_freq"
"2679","SLC38A9","Inh PVALB CA8 (Chandelier)",-0.0067661866909306,5.95054764916568,0.0172242796032334,0.895748517204018,0.999998866570966,0.999994427475806,"ya_adult_cogact_freq"
"2680","IL6ST","Inh PVALB CA8 (Chandelier)",0.0580184049231147,5.66478727105377,0.99501373252778,0.320019082631418,0.999998866570966,0.999994427475806,"ya_adult_cogact_freq"
"2681","LINC01948","Inh PVALB CA8 (Chandelier)",0.0382635185127574,4.17001016475096,0.133114461795822,0.71570396835246,0.999998866570966,0.999994427475806,"ya_adult_cogact_freq"
"2682","MAP3K1","Inh PVALB CA8 (Chandelier)",0.0201908716583921,5.22300924698551,0.0891050376864416,0.765703488612655,0.999998866570966,0.999994427475806,"ya_adult_cogact_freq"
"2683","MIER3","Inh PVALB CA8 (Chandelier)",-0.0433503060705369,4.12566028582428,0.183044191248782,0.669342624089551,0.999998866570966,0.999994427475806,"ya_adult_cogact_freq"
"2684","GPBP1","Inh PVALB CA8 (Chandelier)",0.0380753930618598,6.74721790928191,0.909289896796506,0.341734455752879,0.999998866570966,0.999994427475806,"ya_adult_cogact_freq"
"2685","PLK2","Inh PVALB CA8 (Chandelier)",-0.0123959011872664,5.13375424960807,0.0207366870695102,0.885678939315148,0.999998866570966,0.999994427475806,"ya_adult_cogact_freq"
"2686","RAB3C","Inh PVALB CA8 (Chandelier)",0.0158994892919548,8.09403490369001,0.126384747637728,0.722676325498715,0.999998866570966,0.999994427475806,"ya_adult_cogact_freq"
"2687","PDE4D","Inh PVALB CA8 (Chandelier)",0.00922713970159287,11.1112075108327,0.0564735079493661,0.812461707207094,0.999998866570966,0.999994427475806,"ya_adult_cogact_freq"
"2688","ELOVL7","Inh PVALB CA8 (Chandelier)",0.00888581531361533,5.85181433258196,0.0200771636345088,0.88749919309438,0.999998866570966,0.999994427475806,"ya_adult_cogact_freq"
"2689","ERCC8","Inh PVALB CA8 (Chandelier)",-0.0332554417237517,5.80475371386573,0.329316754493776,0.56686366531494,0.999998866570966,0.999994427475806,"ya_adult_cogact_freq"
"2690","NDUFAF2","Inh PVALB CA8 (Chandelier)",-0.0291244269500881,6.49252280312558,0.392725270699801,0.531759233494302,0.999998866570966,0.999994427475806,"ya_adult_cogact_freq"
"2691","SMIM15-AS1","Inh PVALB CA8 (Chandelier)",-0.0484798050087862,3.76565934982361,0.147924390990703,0.701035125772612,0.999998866570966,0.999994427475806,"ya_adult_cogact_freq"
"2692","ZSWIM6","Inh PVALB CA8 (Chandelier)",0.105681956635618,6.58338250604226,2.8010455375873,0.0961474479160062,0.999998866570966,0.999994427475806,"ya_adult_cogact_freq"
"2693","KIF2A","Inh PVALB CA8 (Chandelier)",-0.0420034559805662,6.80341706382103,1.00893262204322,0.316668141190306,0.999998866570966,0.999994427475806,"ya_adult_cogact_freq"
"2694","DIMT1","Inh PVALB CA8 (Chandelier)",-0.106942915088836,3.97895507721322,1.09007688417196,0.298021568253268,0.999998866570966,0.999994427475806,"ya_adult_cogact_freq"
"2695","IPO11","Inh PVALB CA8 (Chandelier)",-0.0600664803550342,5.36483210586886,0.888572075799874,0.347278946057808,0.999998866570966,0.999994427475806,"ya_adult_cogact_freq"
"2696","RNF180","Inh PVALB CA8 (Chandelier)",-0.0488191766746277,7.38302861962906,1.67356720453555,0.197636991406926,0.999998866570966,0.999994427475806,"ya_adult_cogact_freq"
"2697","RGS7BP","Inh PVALB CA8 (Chandelier)",0.0697461925228856,7.54985987014889,3.07614749756597,0.0813540978609242,0.999998866570966,0.999994427475806,"ya_adult_cogact_freq"
"2698","SREK1IP1","Inh PVALB CA8 (Chandelier)",-0.0551429400478623,5.04367210996187,0.696882329902734,0.405072074164366,0.999998866570966,0.999994427475806,"ya_adult_cogact_freq"
"2699","CWC27","Inh PVALB CA8 (Chandelier)",-0.0275980443116308,6.90772092787102,0.390714045598883,0.532810523028413,0.999998866570966,0.999994427475806,"ya_adult_cogact_freq"
"2700","ADAMTS6","Inh PVALB CA8 (Chandelier)",0.123749285598894,5.09175795727201,1.51096321911324,0.220788258075149,0.999998866570966,0.999994427475806,"ya_adult_cogact_freq"
"2701","PPWD1","Inh PVALB CA8 (Chandelier)",0.109781374324593,5.81137114583474,4.86035272984733,0.028901050917993,0.999998866570966,0.999994427475806,"ya_adult_cogact_freq"
"2702","TRIM23","Inh PVALB CA8 (Chandelier)",0.0594885068796885,5.69870980290648,1.3861692263624,0.240793171059316,0.999998866570966,0.999994427475806,"ya_adult_cogact_freq"
"2703","TRAPPC13","Inh PVALB CA8 (Chandelier)",-0.0515831793058374,5.25896135963089,0.696770990921252,0.405109519126736,0.999998866570966,0.999994427475806,"ya_adult_cogact_freq"
"2704","SGTB","Inh PVALB CA8 (Chandelier)",0.00449385898076637,5.42565841819074,0.00484104064892995,0.944616346060297,0.999998866570966,0.999994427475806,"ya_adult_cogact_freq"
"2705","NLN","Inh PVALB CA8 (Chandelier)",0.0345965064670881,5.19539050640093,0.262356997567425,0.609208418033762,0.999998866570966,0.999994427475806,"ya_adult_cogact_freq"
"2706","ERBIN","Inh PVALB CA8 (Chandelier)",0.0552051027836255,7.04544046184897,1.92442306358599,0.167290028964109,0.999998866570966,0.999994427475806,"ya_adult_cogact_freq"
"2707","SREK1","Inh PVALB CA8 (Chandelier)",0.00894545638876522,6.54844818435945,0.0480212009587507,0.869746490319017,0.999998866570966,0.999994427475806,"ya_adult_cogact_freq"
"2708","MAST4","Inh PVALB CA8 (Chandelier)",0.0236563958924476,9.64559528735311,0.575733392256643,0.449100579699987,0.999998866570966,0.999994427475806,"ya_adult_cogact_freq"
"2709","PIK3R1","Inh PVALB CA8 (Chandelier)",-0.0131334780036478,6.28145650131975,0.0588327099960809,0.808659661891232,0.999998866570966,0.999994427475806,"ya_adult_cogact_freq"
"2710","AC093523.1","Inh PVALB CA8 (Chandelier)",0.228762203546848,4.00169712483075,2.09948113204646,0.149296882388839,0.999998866570966,0.999994427475806,"ya_adult_cogact_freq"
"2711","SLC30A5","Inh PVALB CA8 (Chandelier)",-0.0329185038747529,5.43561941263469,0.328319410978448,0.56745092351201,0.999998866570966,0.999994427475806,"ya_adult_cogact_freq"
"2712","MRPS36","Inh PVALB CA8 (Chandelier)",-0.0232504002584219,4.6864475382448,0.0975990616371369,0.755134954084218,0.999998866570966,0.999994427475806,"ya_adult_cogact_freq"
"2713","CDK7","Inh PVALB CA8 (Chandelier)",0.0276481321379579,4.3055716456827,0.0876509097445504,0.767567137582019,0.999998866570966,0.999994427475806,"ya_adult_cogact_freq"
"2714","CCDC125","Inh PVALB CA8 (Chandelier)",0.10864449612571,4.44951478217034,1.45753757721617,0.229095580016024,0.999998866570966,0.999994427475806,"ya_adult_cogact_freq"
"2715","AK6","Inh PVALB CA8 (Chandelier)",0.0827600626593764,4.21146410037018,0.655210959721879,0.419452174959507,0.999998866570966,0.999994427475806,"ya_adult_cogact_freq"
"2716","RAD17","Inh PVALB CA8 (Chandelier)",0.076820655172364,4.81433687623511,1.28156774815773,0.259293456158094,0.999998866570966,0.999994427475806,"ya_adult_cogact_freq"
"2717","GTF2H2C","Inh PVALB CA8 (Chandelier)",-0.0345584021649562,5.04455309061765,0.161726185433024,0.688106373983459,0.999998866570966,0.999994427475806,"ya_adult_cogact_freq"
"2718","NAIP","Inh PVALB CA8 (Chandelier)",-0.0569489456957622,5.47511945784168,0.64178330540927,0.424248181065635,0.999998866570966,0.999994427475806,"ya_adult_cogact_freq"
"2719","GTF2H2","Inh PVALB CA8 (Chandelier)",-0.0754411452860748,5.00799607530754,0.706861755957208,0.401736335781102,0.999998866570966,0.999994427475806,"ya_adult_cogact_freq"
"2720","BDP1","Inh PVALB CA8 (Chandelier)",0.0905893327529245,7.3015242779032,6.91879639631143,0.009358537086916,0.999998866570966,0.999994427475806,"ya_adult_cogact_freq"
"2721","MCCC2","Inh PVALB CA8 (Chandelier)",-0.0413750181096363,4.70903321007796,0.226653754240275,0.634662541586387,0.999998866570966,0.999994427475806,"ya_adult_cogact_freq"
"2722","MAP1B","Inh PVALB CA8 (Chandelier)",-0.0299580053160261,9.0070549850567,0.539246755325863,0.463814764695207,0.999998866570966,0.999994427475806,"ya_adult_cogact_freq"
"2723","MRPS27","Inh PVALB CA8 (Chandelier)",0.0360790469309068,5.08248388318076,0.258018100585682,0.612181253152662,0.999998866570966,0.999994427475806,"ya_adult_cogact_freq"
"2724","PTCD2","Inh PVALB CA8 (Chandelier)",-0.0164119218488057,3.83415319662979,0.0230651359411597,0.955661143167946,0.999998866570966,0.999994427475806,"ya_adult_cogact_freq"
"2725","TNPO1","Inh PVALB CA8 (Chandelier)",-0.00255423911007605,6.22637543017929,0.00366874053588216,0.951776794990106,0.999998866570966,0.999994427475806,"ya_adult_cogact_freq"
"2726","FCHO2","Inh PVALB CA8 (Chandelier)",0.00851658550739469,5.70928528925997,0.0237084502706516,0.877822182560219,0.999998866570966,0.999994427475806,"ya_adult_cogact_freq"
"2727","BTF3","Inh PVALB CA8 (Chandelier)",-0.195427176126352,4.64681068156874,3.04629774520148,0.0828320265082032,0.999998866570966,0.999994427475806,"ya_adult_cogact_freq"
"2728","ANKRA2","Inh PVALB CA8 (Chandelier)",0.0166649944622685,4.1286426111844,0.0268164615299598,0.870127877620747,0.999998866570966,0.999994427475806,"ya_adult_cogact_freq"
"2729","ENC1","Inh PVALB CA8 (Chandelier)",0.0129299030858362,4.17358897593998,0.00837571895232853,0.927194182470062,0.999998866570966,0.999994427475806,"ya_adult_cogact_freq"
"2730","HEXB","Inh PVALB CA8 (Chandelier)",-0.133875482359866,5.02837637856041,3.63216354741624,0.0584577562258483,0.999998866570966,0.999994427475806,"ya_adult_cogact_freq"
"2731","GFM2","Inh PVALB CA8 (Chandelier)",-0.0146697352488664,5.01653107078162,0.0530953533582099,0.818055044129001,0.999998866570966,0.999994427475806,"ya_adult_cogact_freq"
"2732","NSA2","Inh PVALB CA8 (Chandelier)",0.0773462991448131,4.69997534339161,1.07783155122865,0.300742117613116,0.999998866570966,0.999994427475806,"ya_adult_cogact_freq"
"2733","FAM169A","Inh PVALB CA8 (Chandelier)",0.0574938530872199,6.70464012974031,2.27117038754515,0.267995237118804,0.999998866570966,0.999994427475806,"ya_adult_cogact_freq"
"2734","HMGCR","Inh PVALB CA8 (Chandelier)",-0.0793838391156636,5.18228705134865,1.01401368481359,0.315456426684965,0.999998866570966,0.999994427475806,"ya_adult_cogact_freq"
"2735","COL4A3BP","Inh PVALB CA8 (Chandelier)",0.0208844290861547,6.35219047500684,0.242686580302433,0.787040941062524,0.999998866570966,0.999994427475806,"ya_adult_cogact_freq"
"2736","POLK","Inh PVALB CA8 (Chandelier)",-0.00649693730267214,5.94097134051379,0.01638338605385,0.898310844049347,0.999998866570966,0.999994427475806,"ya_adult_cogact_freq"
"2737","CRHBP","Inh PVALB CA8 (Chandelier)",-0.0962877795871982,4.40204926544038,0.930985989282051,0.336056016206901,0.999998866570966,0.999994427475806,"ya_adult_cogact_freq"
"2738","ZBED3","Inh PVALB CA8 (Chandelier)",0.00244080727873868,4.35801927501582,0.000850581212842252,0.97676938779745,0.999998866570966,0.999994427475806,"ya_adult_cogact_freq"
"2739","WDR41","Inh PVALB CA8 (Chandelier)",-0.0165125449457111,5.3350281201904,0.0830303414292034,0.937731619711146,0.999998866570966,0.999994427475806,"ya_adult_cogact_freq"
"2740","TBCA","Inh PVALB CA8 (Chandelier)",-0.0265194707761836,6.4729046668742,0.380469464327142,0.606196651170752,0.999998866570966,0.999994427475806,"ya_adult_cogact_freq"
"2741","AP3B1","Inh PVALB CA8 (Chandelier)",0.0924708049232642,6.00817479103119,3.72663242698239,0.0553112682492668,0.999998866570966,0.999994427475806,"ya_adult_cogact_freq"
"2742","SCAMP1","Inh PVALB CA8 (Chandelier)",-0.0273546637566837,6.27473513830678,0.349994435059,0.554947264219757,0.999998866570966,0.999994427475806,"ya_adult_cogact_freq"
"2743","LHFPL2","Inh PVALB CA8 (Chandelier)",0.0324977876511246,5.55017483591572,0.130566569199565,0.718319752194303,0.999998866570966,0.999994427475806,"ya_adult_cogact_freq"
"2744","ARSB","Inh PVALB CA8 (Chandelier)",0.0047205515311138,6.15693660837203,0.0078755003734913,0.929395805206034,0.999998866570966,0.999994427475806,"ya_adult_cogact_freq"
"2745","DMGDH","Inh PVALB CA8 (Chandelier)",0.073870516706273,3.97090186276585,0.353758721116928,0.552829274529034,0.999998866570966,0.999994427475806,"ya_adult_cogact_freq"
"2746","JMY","Inh PVALB CA8 (Chandelier)",0.0236405565648531,5.95005806020017,0.259538034888751,0.611136293946776,0.999998866570966,0.999994427475806,"ya_adult_cogact_freq"
"2747","HOMER1","Inh PVALB CA8 (Chandelier)",-0.0521274832402078,7.04583176397071,0.662664017069382,0.416825129494138,0.999998866570966,0.999994427475806,"ya_adult_cogact_freq"
"2748","TENT2","Inh PVALB CA8 (Chandelier)",0.00689255596438895,6.68184079183306,0.0263465886140465,0.871260596050669,0.999998866570966,0.999994427475806,"ya_adult_cogact_freq"
"2749","MTX3","Inh PVALB CA8 (Chandelier)",-0.00635630697086623,4.57562547385821,0.00659556628141989,0.935373505579751,0.999998866570966,0.999994427475806,"ya_adult_cogact_freq"
"2750","THBS4","Inh PVALB CA8 (Chandelier)",0.252836569341251,4.195251391182,5.03063208774399,0.0262696091775516,0.999998866570966,0.999994427475806,"ya_adult_cogact_freq"
"2751","AC012636.1","Inh PVALB CA8 (Chandelier)",0.199291010550347,3.57146264931212,1.46194006653782,0.228396889014337,0.999998866570966,0.999994427475806,"ya_adult_cogact_freq"
"2752","SERINC5","Inh PVALB CA8 (Chandelier)",0.0496618475146323,6.95312390860663,1.24734429568034,0.265726701523679,0.999998866570966,0.999994427475806,"ya_adult_cogact_freq"
"2753","ZFYVE16","Inh PVALB CA8 (Chandelier)",0.0738274489206521,6.33414346825993,2.97005891673501,0.154186374189394,0.999998866570966,0.999994427475806,"ya_adult_cogact_freq"
"2754","FAM151B","Inh PVALB CA8 (Chandelier)",0.0541819840082231,5.07349558521074,0.554478597045842,0.457580606359367,0.999998866570966,0.999994427475806,"ya_adult_cogact_freq"
"2755","ANKRD34B","Inh PVALB CA8 (Chandelier)",-0.0299300448821058,4.63637946338656,0.0875353704554747,0.76771593509454,0.999998866570966,0.999994427475806,"ya_adult_cogact_freq"
"2756","DHFR","Inh PVALB CA8 (Chandelier)",0.133378742620621,7.82067373180991,1.35824165219582,0.245568693843832,0.999998866570966,0.999994427475806,"ya_adult_cogact_freq"
"2757","MSH3","Inh PVALB CA8 (Chandelier)",0.0348071912519763,6.70760186309001,0.606847712719314,0.437122348402377,0.999998866570966,0.999994427475806,"ya_adult_cogact_freq"
"2758","RASGRF2-AS1","Inh PVALB CA8 (Chandelier)",-0.242044289642466,3.86202574074291,2.03153471331397,0.156003582070882,0.999998866570966,0.999994427475806,"ya_adult_cogact_freq"
"2759","RASGRF2","Inh PVALB CA8 (Chandelier)",0.00781219669204872,8.92825795499234,0.0245259665964464,0.875750542432282,0.999998866570966,0.999994427475806,"ya_adult_cogact_freq"
"2760","CKMT2-AS1","Inh PVALB CA8 (Chandelier)",0.00321619623865314,6.19110103585878,0.00297724540483218,0.956553456665081,0.999998866570966,0.999994427475806,"ya_adult_cogact_freq"
"2761","CKMT2","Inh PVALB CA8 (Chandelier)",-0.133522427616819,4.43023375244206,1.11443014733683,0.292704808024157,0.999998866570966,0.999994427475806,"ya_adult_cogact_freq"
"2762","ZCCHC9","Inh PVALB CA8 (Chandelier)",0.0385969999709394,4.54263097709821,0.216974399518435,0.641985459578239,0.999998866570966,0.999994427475806,"ya_adult_cogact_freq"
"2763","SSBP2","Inh PVALB CA8 (Chandelier)",0.00573148708545082,8.66145798714255,0.0238634082730315,0.877426731765064,0.999998866570966,0.999994427475806,"ya_adult_cogact_freq"
"2764","ATG10","Inh PVALB CA8 (Chandelier)",0.0117304818636007,6.24237171572231,0.0402394637600803,0.841266653241742,0.999998866570966,0.999994427475806,"ya_adult_cogact_freq"
"2765","RPS23","Inh PVALB CA8 (Chandelier)",-0.0353101166506174,4.80517313763155,0.101064406916647,0.750968584292062,0.999998866570966,0.999994427475806,"ya_adult_cogact_freq"
"2766","ATP6AP1L","Inh PVALB CA8 (Chandelier)",0.0301699958895615,5.89447558250077,0.180397244526824,0.671599968218603,0.999998866570966,0.999994427475806,"ya_adult_cogact_freq"
"2767","TMEM167A","Inh PVALB CA8 (Chandelier)",-0.08509341251093,4.92299650284955,1.27138299034988,0.261187436428182,0.999998866570966,0.999994427475806,"ya_adult_cogact_freq"
"2768","XRCC4","Inh PVALB CA8 (Chandelier)",-0.0050239029192409,4.12013596731779,0.00177185913829939,0.966476429227389,0.999998866570966,0.999994427475806,"ya_adult_cogact_freq"
"2769","HAPLN1","Inh PVALB CA8 (Chandelier)",0.154802729980354,4.02225128360386,1.78921523291696,0.182911039312181,0.999998866570966,0.999994427475806,"ya_adult_cogact_freq"
"2770","EDIL3","Inh PVALB CA8 (Chandelier)",0.0743856237111991,9.7736265506985,5.61124036025415,0.0190332620245176,0.999998866570966,0.999994427475806,"ya_adult_cogact_freq"
"2771","AC113383.1","Inh PVALB CA8 (Chandelier)",0.0536681549648228,6.5841191077121,0.617565849866803,0.433109992332138,0.999998866570966,0.999994427475806,"ya_adult_cogact_freq"
"2772","COX7C","Inh PVALB CA8 (Chandelier)",-0.199271738960456,5.68943571955529,4.29298646880513,0.0398668854333534,0.999998866570966,0.999994427475806,"ya_adult_cogact_freq"
"2773","RASA1","Inh PVALB CA8 (Chandelier)",-0.0126562747697083,7.96353647271097,0.11093502159865,0.739516090306303,0.999998866570966,0.999994427475806,"ya_adult_cogact_freq"
"2774","CCNH","Inh PVALB CA8 (Chandelier)",0.0554850850217162,8.74231491876764,1.17230519948869,0.280549375273399,0.999998866570966,0.999994427475806,"ya_adult_cogact_freq"
"2775","TMEM161B","Inh PVALB CA8 (Chandelier)",-0.00398919090934366,5.53294572183579,0.00621212198476586,0.93727618799463,0.999998866570966,0.999994427475806,"ya_adult_cogact_freq"
"2776","TMEM161B-AS1","Inh PVALB CA8 (Chandelier)",0.0414776175996862,9.42791450901516,1.06660766326717,0.30326408402504,0.999998866570966,0.999994427475806,"ya_adult_cogact_freq"
"2777","AC091826.2","Inh PVALB CA8 (Chandelier)",0.0228958589866791,3.86615070553995,0.0228774525684879,0.879965817022907,0.999998866570966,0.999994427475806,"ya_adult_cogact_freq"
"2778","LINC00461","Inh PVALB CA8 (Chandelier)",0.039615792011022,8.02069090190457,1.12449386239016,0.290543392482075,0.999998866570966,0.999994427475806,"ya_adult_cogact_freq"
"2779","MEF2C-AS2","Inh PVALB CA8 (Chandelier)",-0.138489882092784,3.88940770192706,1.1510213795651,0.284943232060508,0.999998866570966,0.999994427475806,"ya_adult_cogact_freq"
"2780","MEF2C","Inh PVALB CA8 (Chandelier)",0.0200469898498557,10.8840446798668,0.278346775403829,0.598514225763168,0.999998866570966,0.999994427475806,"ya_adult_cogact_freq"
"2781","MEF2C-AS1","Inh PVALB CA8 (Chandelier)",-0.029796060124588,8.67921252232621,0.383399453012835,0.536665967178448,0.999998866570966,0.999994427475806,"ya_adult_cogact_freq"
"2782","MBLAC2","Inh PVALB CA8 (Chandelier)",-0.137583164114407,4.53952606145723,3.54341242936613,0.108275797682861,0.999998866570966,0.999994427475806,"ya_adult_cogact_freq"
"2783","POLR3G","Inh PVALB CA8 (Chandelier)",-0.0948522616932407,4.2785806786494,1.0240809629073,0.313073584623391,0.999998866570966,0.999994427475806,"ya_adult_cogact_freq"
"2784","LYSMD3","Inh PVALB CA8 (Chandelier)",-0.137716947208375,4.08607712642487,2.3765319462569,0.125136785779997,0.999998866570966,0.999994427475806,"ya_adult_cogact_freq"
"2785","ADGRV1","Inh PVALB CA8 (Chandelier)",0.178056496923666,4.24191183736988,2.39427239490356,0.123746688111546,0.999998866570966,0.999994427475806,"ya_adult_cogact_freq"
"2786","ARRDC3","Inh PVALB CA8 (Chandelier)",-0.0543915261733631,4.17392384649378,0.271564792269394,0.603001101259242,0.999998866570966,0.999994427475806,"ya_adult_cogact_freq"
"2787","NR2F1-AS1","Inh PVALB CA8 (Chandelier)",0.219044405269094,4.0946536271079,2.62304720030157,0.107282018125005,0.999998866570966,0.999994427475806,"ya_adult_cogact_freq"
"2788","FAM172A","Inh PVALB CA8 (Chandelier)",0.0751614356549511,8.04012622193425,5.34140738665466,0.0220946193539852,0.999998866570966,0.999994427475806,"ya_adult_cogact_freq"
"2789","KIAA0825","Inh PVALB CA8 (Chandelier)",0.0667203144933409,7.47339625246601,2.10724646106762,0.148551570765047,0.999998866570966,0.999994427475806,"ya_adult_cogact_freq"
"2790","SLF1","Inh PVALB CA8 (Chandelier)",-0.0166485683805853,6.03113213240772,0.118125394227235,0.764872704206188,0.999998866570966,0.999994427475806,"ya_adult_cogact_freq"
"2791","MCTP1","Inh PVALB CA8 (Chandelier)",0.0562178786259954,9.26314651525901,2.68560358478851,0.103214414382709,0.999998866570966,0.999994427475806,"ya_adult_cogact_freq"
"2792","TTC37","Inh PVALB CA8 (Chandelier)",0.0272312845519837,7.62559261614615,0.651994285745357,0.420593643820607,0.999998866570966,0.999994427475806,"ya_adult_cogact_freq"
"2793","ARSK","Inh PVALB CA8 (Chandelier)",-0.0209146576823382,4.49426918453477,0.0587474945387939,0.80879557390412,0.999998866570966,0.999994427475806,"ya_adult_cogact_freq"
"2794","RHOBTB3","Inh PVALB CA8 (Chandelier)",-0.00896372130243228,7.80660554504727,0.0364831542221532,0.848762180179258,0.999998866570966,0.999994427475806,"ya_adult_cogact_freq"
"2795","GLRX","Inh PVALB CA8 (Chandelier)",-0.0683980162594103,4.41691892011514,0.546178270325696,0.460961123720445,0.999998866570966,0.999994427475806,"ya_adult_cogact_freq"
"2796","ELL2","Inh PVALB CA8 (Chandelier)",-0.0223022020814876,5.76600729237833,0.108648002606042,0.742117719602924,0.999998866570966,0.999994427475806,"ya_adult_cogact_freq"
"2797","AC104123.1","Inh PVALB CA8 (Chandelier)",0.132630517092584,5.13258605367418,2.41560625180311,0.122097864727436,0.999998866570966,0.999994427475806,"ya_adult_cogact_freq"
"2798","PCSK1","Inh PVALB CA8 (Chandelier)",-0.242726345732533,4.18548059012648,2.71298802374485,0.101487675715674,0.999998866570966,0.999994427475806,"ya_adult_cogact_freq"
"2799","CAST","Inh PVALB CA8 (Chandelier)",-0.0180140825036404,5.5410346761957,0.0753942087719409,0.783991416907412,0.999998866570966,0.999994427475806,"ya_adult_cogact_freq"
"2800","ERAP1","Inh PVALB CA8 (Chandelier)",0.068168727674714,4.51505645189856,0.663742575682654,0.416446996393996,0.999998866570966,0.999994427475806,"ya_adult_cogact_freq"
"2801","AC009126.1","Inh PVALB CA8 (Chandelier)",0.0981302843281342,6.0332615462999,3.44905681776667,0.0651173726246636,0.999998866570966,0.999994427475806,"ya_adult_cogact_freq"
"2802","LNPEP","Inh PVALB CA8 (Chandelier)",-0.0181644154290684,6.46367824041303,0.186147356927364,0.666720685639023,0.999998866570966,0.999994427475806,"ya_adult_cogact_freq"
"2803","LIX1-AS1","Inh PVALB CA8 (Chandelier)",0.0957966252980146,4.07856198935203,0.538883817217469,0.463964960907521,0.999998866570966,0.999994427475806,"ya_adult_cogact_freq"
"2804","RIOK2","Inh PVALB CA8 (Chandelier)",0.101207174539483,3.81047141157445,0.723486982606793,0.396267550954031,0.999998866570966,0.999994427475806,"ya_adult_cogact_freq"
"2805","RGMB","Inh PVALB CA8 (Chandelier)",-0.0940836764781527,4.51357204122591,1.12983094326487,0.289405444021074,0.999998866570966,0.999994427475806,"ya_adult_cogact_freq"
"2806","CHD1","Inh PVALB CA8 (Chandelier)",0.0815804893894662,6.10680872948426,3.20491485597491,0.0752993000219248,0.999998866570966,0.999994427475806,"ya_adult_cogact_freq"
"2807","LINC02062","Inh PVALB CA8 (Chandelier)",0.0472638980538038,6.33277788330739,0.795988260289862,0.373628979268973,0.999998866570966,0.999994427475806,"ya_adult_cogact_freq"
"2808","FAM174A","Inh PVALB CA8 (Chandelier)",0.0122239166506308,4.7872491807073,0.0293425694258672,0.864205868859218,0.999998866570966,0.999994427475806,"ya_adult_cogact_freq"
"2809","ST8SIA4","Inh PVALB CA8 (Chandelier)",0.0598211781890695,6.42245021455806,0.917404545408662,0.339595564265003,0.999998866570966,0.999994427475806,"ya_adult_cogact_freq"
"2810","PAM","Inh PVALB CA8 (Chandelier)",0.00363482999312383,8.96820230744397,0.0111893914186386,0.915888841060721,0.999998866570966,0.999994427475806,"ya_adult_cogact_freq"
"2811","GIN1","Inh PVALB CA8 (Chandelier)",0.00376379200144256,4.18174336423876,0.00144918824416581,0.969680532328869,0.999998866570966,0.999994427475806,"ya_adult_cogact_freq"
"2812","PPIP5K2","Inh PVALB CA8 (Chandelier)",0.0666870612835953,6.78317297284654,3.90473753014005,0.049861356356771,0.999998866570966,0.999994427475806,"ya_adult_cogact_freq"
"2813","C5orf30","Inh PVALB CA8 (Chandelier)",-0.0725998979647688,5.34137019774093,1.49325167855651,0.223501335348786,0.999998866570966,0.999994427475806,"ya_adult_cogact_freq"
"2814","LINC01950","Inh PVALB CA8 (Chandelier)",0.157994034262564,3.18443194809529,0.549536929767931,0.459588456298766,0.999998866570966,0.999994427475806,"ya_adult_cogact_freq"
"2815","EFNA5","Inh PVALB CA8 (Chandelier)",0.0850625261150924,8.33576913586259,2.76214453574011,0.0984674484004071,0.999998866570966,0.999994427475806,"ya_adult_cogact_freq"
"2816","FBXL17","Inh PVALB CA8 (Chandelier)",0.0323168770221132,9.43995069042683,1.35720465920775,0.245748246115244,0.999998866570966,0.999994427475806,"ya_adult_cogact_freq"
"2817","FER","Inh PVALB CA8 (Chandelier)",0.00846623292955322,8.66480513337764,0.0686926980984577,0.793585329472965,0.999998866570966,0.999994427475806,"ya_adult_cogact_freq"
"2818","PJA2","Inh PVALB CA8 (Chandelier)",0.00800905870449007,7.20251513567061,0.0363188671470017,0.849098946790473,0.999998866570966,0.999994427475806,"ya_adult_cogact_freq"
"2819","MAN2A1","Inh PVALB CA8 (Chandelier)",0.059758871910825,6.60634309438237,1.35398447640549,0.24630684194047,0.999998866570966,0.999994427475806,"ya_adult_cogact_freq"
"2820","TMEM232","Inh PVALB CA8 (Chandelier)",-0.0868937412732491,7.32043573958847,2.6992991404572,0.102346815206123,0.999998866570966,0.999994427475806,"ya_adult_cogact_freq"
"2821","SLC25A46","Inh PVALB CA8 (Chandelier)",-0.0345040010134906,6.06112241023549,0.540490381731376,0.463300699533254,0.999998866570966,0.999994427475806,"ya_adult_cogact_freq"
"2822","WDR36","Inh PVALB CA8 (Chandelier)",-0.0469509076762108,4.71752983756976,0.377445031636927,0.539842273447355,0.999998866570966,0.999994427475806,"ya_adult_cogact_freq"
"2823","CAMK4","Inh PVALB CA8 (Chandelier)",0.0105741421100892,8.25702764423783,0.0766292581324182,0.782273991043276,0.999998866570966,0.999994427475806,"ya_adult_cogact_freq"
"2824","STARD4","Inh PVALB CA8 (Chandelier)",0.130269546792198,4.62602351205524,1.87133341433661,0.173231490151688,0.999998866570966,0.999994427475806,"ya_adult_cogact_freq"
"2825","STARD4-AS1","Inh PVALB CA8 (Chandelier)",-0.0982196336365303,4.21884379983634,0.503252814816627,0.479101919486136,0.999998866570966,0.999994427475806,"ya_adult_cogact_freq"
"2826","NREP","Inh PVALB CA8 (Chandelier)",0.101465517462969,5.15062176316292,2.14633996205521,0.144863140389771,0.999998866570966,0.999994427475806,"ya_adult_cogact_freq"
"2827","EPB41L4A-AS1","Inh PVALB CA8 (Chandelier)",-0.195633754303917,3.89067746542122,2.96452070647356,0.0870331068599873,0.999998866570966,0.999994427475806,"ya_adult_cogact_freq"
"2828","APC","Inh PVALB CA8 (Chandelier)",0.00243652723709917,7.97367429009541,0.00725661119704617,0.932219716362421,0.999998866570966,0.999994427475806,"ya_adult_cogact_freq"
"2829","AC008575.1","Inh PVALB CA8 (Chandelier)",0.0342089496430477,4.26978211673117,0.137402318589787,0.711365198800388,0.999998866570966,0.999994427475806,"ya_adult_cogact_freq"
"2830","SRP19","Inh PVALB CA8 (Chandelier)",-0.0449842862473794,4.80805734932389,0.347101832091742,0.556585282460793,0.999998866570966,0.999994427475806,"ya_adult_cogact_freq"
"2831","REEP5","Inh PVALB CA8 (Chandelier)",-0.01268760025896,6.92587139702525,0.0585670727244433,0.809083677553582,0.999998866570966,0.999994427475806,"ya_adult_cogact_freq"
"2832","DCP2","Inh PVALB CA8 (Chandelier)",-0.0374930757559696,5.62893051648696,0.504613002967423,0.608241109289989,0.999998866570966,0.999994427475806,"ya_adult_cogact_freq"
"2833","MCC","Inh PVALB CA8 (Chandelier)",0.0488779047484942,7.95527320756125,1.19292971196174,0.276373458144122,0.999998866570966,0.999994427475806,"ya_adult_cogact_freq"
"2834","AC079465.1","Inh PVALB CA8 (Chandelier)",0.0634938618895949,4.25364099232435,0.266469728384561,0.606419081462045,0.999998866570966,0.999994427475806,"ya_adult_cogact_freq"
"2835","YTHDC2","Inh PVALB CA8 (Chandelier)",-0.0303619076635105,7.3103604844788,0.814991637558952,0.367999214528927,0.999998866570966,0.999994427475806,"ya_adult_cogact_freq"
"2836","KCNN2","Inh PVALB CA8 (Chandelier)",-0.0381793258094975,6.49083340102569,0.590786723309444,0.44324271538264,0.999998866570966,0.999994427475806,"ya_adult_cogact_freq"
"2837","PGGT1B","Inh PVALB CA8 (Chandelier)",-0.0635925748934811,4.86506880019243,0.72305908919013,0.396406943624669,0.999998866570966,0.999994427475806,"ya_adult_cogact_freq"
"2838","CCDC112","Inh PVALB CA8 (Chandelier)",-0.0140401452495919,4.67656844819511,0.0316886067665664,0.858936923092233,0.999998866570966,0.999994427475806,"ya_adult_cogact_freq"
"2839","FEM1C","Inh PVALB CA8 (Chandelier)",0.116435652473265,4.44286853466463,1.37263872576466,0.243092467221415,0.999998866570966,0.999994427475806,"ya_adult_cogact_freq"
"2840","CDO1","Inh PVALB CA8 (Chandelier)",-0.0634828353126736,4.09726408436902,0.365317940248317,0.546419570781184,0.999998866570966,0.999994427475806,"ya_adult_cogact_freq"
"2841","ATG12","Inh PVALB CA8 (Chandelier)",0.0723149788130642,5.36295676408187,1.83605492806655,0.196303764797797,0.999998866570966,0.999994427475806,"ya_adult_cogact_freq"
"2842","AP3S1","Inh PVALB CA8 (Chandelier)",0.052221233799725,5.58655583258629,0.919830560600158,0.338959624097521,0.999998866570966,0.999994427475806,"ya_adult_cogact_freq"
"2843","COMMD10","Inh PVALB CA8 (Chandelier)",0.0318666053392041,6.51283607975216,0.305430111603249,0.581265683430977,0.999998866570966,0.999994427475806,"ya_adult_cogact_freq"
"2844","DTWD2","Inh PVALB CA8 (Chandelier)",0.0468666855380405,5.40919226194505,0.422877265590488,0.516433042484877,0.999998866570966,0.999994427475806,"ya_adult_cogact_freq"
"2845","AC008629.1","Inh PVALB CA8 (Chandelier)",-0.103661109899394,4.14614306856653,0.81599216829155,0.367706110057467,0.999998866570966,0.999994427475806,"ya_adult_cogact_freq"
"2846","DMXL1","Inh PVALB CA8 (Chandelier)",-0.0192156461518589,7.39519821197545,0.315003807299489,0.575407254843655,0.999998866570966,0.999994427475806,"ya_adult_cogact_freq"
"2847","HSD17B4","Inh PVALB CA8 (Chandelier)",0.0406393435478309,6.85772183000103,1.21955185364345,0.271098748442062,0.999998866570966,0.999994427475806,"ya_adult_cogact_freq"
"2848","PRR16","Inh PVALB CA8 (Chandelier)",0.0470000960380141,7.54604688854554,0.657578260532583,0.418615075519186,0.999998866570966,0.999994427475806,"ya_adult_cogact_freq"
"2849","SRFBP1","Inh PVALB CA8 (Chandelier)",-0.00726137295314021,5.35322412613055,0.0151503808992943,0.923445839838874,0.999998866570966,0.999994427475806,"ya_adult_cogact_freq"
"2850","SNCAIP","Inh PVALB CA8 (Chandelier)",0.310526630256615,3.71603206630207,3.41106962763299,0.0665987105557861,0.999998866570966,0.999994427475806,"ya_adult_cogact_freq"
"2851","SNX2","Inh PVALB CA8 (Chandelier)",-0.0387000710729682,5.23047528461161,0.451756735282706,0.502466690571948,0.999998866570966,0.999994427475806,"ya_adult_cogact_freq"
"2852","SNX24","Inh PVALB CA8 (Chandelier)",-0.046090090022775,6.36075977550136,1.01455665242062,0.315327303106453,0.999998866570966,0.999994427475806,"ya_adult_cogact_freq"
"2853","CEP120","Inh PVALB CA8 (Chandelier)",0.0930006858511643,5.26930681328844,1.8311385519721,0.17789288440355,0.999998866570966,0.999994427475806,"ya_adult_cogact_freq"
"2854","CSNK1G3","Inh PVALB CA8 (Chandelier)",0.0127644187677882,6.30023645881227,0.0885804195954593,0.766373930193072,0.999998866570966,0.999994427475806,"ya_adult_cogact_freq"
"2855","LINC01170","Inh PVALB CA8 (Chandelier)",0.141993386026077,3.96488933591965,0.542423380119286,0.462503483396335,0.999998866570966,0.999994427475806,"ya_adult_cogact_freq"
"2856","ZNF608","Inh PVALB CA8 (Chandelier)",-0.00430834720719415,7.52034406557698,0.012355854098592,0.911630590935156,0.999998866570966,0.999994427475806,"ya_adult_cogact_freq"
"2857","LINC02240","Inh PVALB CA8 (Chandelier)",0.108153632901285,4.01236702979836,0.268186609856173,0.605262726441776,0.999998866570966,0.999994427475806,"ya_adult_cogact_freq"
"2858","ALDH7A1","Inh PVALB CA8 (Chandelier)",0.0557265554990008,5.55977920836552,1.0134728588056,0.475513270317484,0.999998866570966,0.999994427475806,"ya_adult_cogact_freq"
"2859","PHAX","Inh PVALB CA8 (Chandelier)",0.0449822208479436,4.86625418502388,0.347744949397155,0.556220304998758,0.999998866570966,0.999994427475806,"ya_adult_cogact_freq"
"2860","PRRC1","Inh PVALB CA8 (Chandelier)",0.0479713828896428,4.19439742894323,0.246975148464571,0.619891997697111,0.999998866570966,0.999994427475806,"ya_adult_cogact_freq"
"2861","LINC01184","Inh PVALB CA8 (Chandelier)",0.0721219692575276,6.82940689068706,1.55631516655716,0.21401973974848,0.999998866570966,0.999994427475806,"ya_adult_cogact_freq"
"2862","SLC12A2","Inh PVALB CA8 (Chandelier)",0.0809526777811575,5.747542985322,2.04542914085495,0.154604573562521,0.999998866570966,0.999994427475806,"ya_adult_cogact_freq"
"2863","SLC27A6","Inh PVALB CA8 (Chandelier)",0.189216988132769,5.33963756029449,1.08624303619669,0.298869896460516,0.999998866570966,0.999994427475806,"ya_adult_cogact_freq"
"2864","AC008591.1","Inh PVALB CA8 (Chandelier)",-0.0839303646864743,3.7581559339771,0.233381151213184,0.629685256022384,0.999998866570966,0.999994427475806,"ya_adult_cogact_freq"
"2865","CHSY3","Inh PVALB CA8 (Chandelier)",0.101226285958755,6.49220308826823,1.09082252493809,0.297856939786468,0.999998866570966,0.999994427475806,"ya_adult_cogact_freq"
"2866","HINT1","Inh PVALB CA8 (Chandelier)",-0.0786459882201899,5.42207024084858,0.699552959823303,0.40417542088114,0.999998866570966,0.999994427475806,"ya_adult_cogact_freq"
"2867","LYRM7","Inh PVALB CA8 (Chandelier)",0.0530833874269285,5.3442286280045,0.797575965849786,0.373154005389334,0.999998866570966,0.999994427475806,"ya_adult_cogact_freq"
"2868","CDC42SE2","Inh PVALB CA8 (Chandelier)",-0.0399580585854742,6.79449243305126,1.11327090634703,0.29295510763932,0.999998866570966,0.999994427475806,"ya_adult_cogact_freq"
"2869","P4HA2","Inh PVALB CA8 (Chandelier)",-0.106127489270483,4.84276880215561,1.73780697587878,0.189292058044504,0.999998866570966,0.999994427475806,"ya_adult_cogact_freq"
"2870","SLC22A4","Inh PVALB CA8 (Chandelier)",0.103481648706633,4.02271110677816,0.896860164172496,0.345046312214239,0.999998866570966,0.999994427475806,"ya_adult_cogact_freq"
"2871","SLC22A5","Inh PVALB CA8 (Chandelier)",0.109305819007648,4.14602316454475,1.22733116411353,0.269581425400718,0.999998866570966,0.999994427475806,"ya_adult_cogact_freq"
"2872","AC116366.3","Inh PVALB CA8 (Chandelier)",0.0205560731415718,6.32459359752468,0.102729068948849,0.748995128723323,0.999998866570966,0.999994427475806,"ya_adult_cogact_freq"
"2873","AC004039.1","Inh PVALB CA8 (Chandelier)",-0.0879077823515029,3.53725256010801,0.287258499451006,0.59272349197332,0.999998866570966,0.999994427475806,"ya_adult_cogact_freq"
"2874","KIF3A","Inh PVALB CA8 (Chandelier)",-0.0477590951081771,7.23980512111582,1.63082404088353,0.203430465083358,0.999998866570966,0.999994427475806,"ya_adult_cogact_freq"
"2875","SEPT8","Inh PVALB CA8 (Chandelier)",0.11864569559943,5.15719761704944,2.67298265129471,0.104021133425358,0.999998866570966,0.999994427475806,"ya_adult_cogact_freq"
"2876","UQCRQ","Inh PVALB CA8 (Chandelier)",-0.21907917488937,3.72604030533854,2.18994646247053,0.140871098207624,0.999998866570966,0.999994427475806,"ya_adult_cogact_freq"
"2877","AFF4","Inh PVALB CA8 (Chandelier)",0.0071527070937137,7.09003474938988,0.0383997558136352,0.84489007851895,0.999998866570966,0.999994427475806,"ya_adult_cogact_freq"
"2878","ZCCHC10","Inh PVALB CA8 (Chandelier)",-0.0119669161026382,4.50427207573242,0.0232096525573655,0.879104173027598,0.999998866570966,0.999994427475806,"ya_adult_cogact_freq"
"2879","HSPA4","Inh PVALB CA8 (Chandelier)",-0.0718831428574292,5.49556495952484,1.02649023795218,0.312506840080382,0.999998866570966,0.999994427475806,"ya_adult_cogact_freq"
"2880","FSTL4","Inh PVALB CA8 (Chandelier)",-0.0360050405187931,7.56830304228058,0.316883106310063,0.574271037906834,0.999998866570966,0.999994427475806,"ya_adult_cogact_freq"
"2881","C5orf15","Inh PVALB CA8 (Chandelier)",-0.00751328925084908,4.03444133906856,0.00653907243902215,0.935650268466006,0.999998866570966,0.999994427475806,"ya_adult_cogact_freq"
"2882","VDAC1","Inh PVALB CA8 (Chandelier)",-0.0421352713123678,5.53936718582614,0.291234126545754,0.590177443719737,0.999998866570966,0.999994427475806,"ya_adult_cogact_freq"
"2883","SKP1","Inh PVALB CA8 (Chandelier)",-0.053028870555334,6.17108512007338,0.661988080815159,0.417062367879641,0.999998866570966,0.999994427475806,"ya_adult_cogact_freq"
"2884","CDKL3","Inh PVALB CA8 (Chandelier)",0.0457694031107556,5.8732661912461,0.767492898053069,0.382300873504934,0.999998866570966,0.999994427475806,"ya_adult_cogact_freq"
"2885","UBE2B","Inh PVALB CA8 (Chandelier)",-0.0224594765126434,6.89934196048239,0.336894710767748,0.562439849999482,0.999998866570966,0.999994427475806,"ya_adult_cogact_freq"
"2886","JADE2","Inh PVALB CA8 (Chandelier)",0.0430023199505954,5.42209507782508,0.538919628299834,0.523657764772288,0.999998866570966,0.999994427475806,"ya_adult_cogact_freq"
"2887","SAR1B","Inh PVALB CA8 (Chandelier)",0.0143546179080237,5.08471385547621,0.0449674625089874,0.83233248140658,0.999998866570966,0.999994427475806,"ya_adult_cogact_freq"
"2888","SEC24A","Inh PVALB CA8 (Chandelier)",0.0782800231266776,5.20412499510897,1.51092610756942,0.221394900321683,0.999998866570966,0.999994427475806,"ya_adult_cogact_freq"
"2889","CAMLG","Inh PVALB CA8 (Chandelier)",0.00477702573063301,5.74556549556549,0.0069120600124673,0.933844603800401,0.999998866570966,0.999994427475806,"ya_adult_cogact_freq"
"2890","DDX46","Inh PVALB CA8 (Chandelier)",0.0570513280353559,6.47951578654138,1.48206254464609,0.225236044040704,0.999998866570966,0.999994427475806,"ya_adult_cogact_freq"
"2891","C5orf24","Inh PVALB CA8 (Chandelier)",0.0903448442796302,5.18422199822027,1.45854104511695,0.228936098273629,0.999998866570966,0.999994427475806,"ya_adult_cogact_freq"
"2892","TXNDC15","Inh PVALB CA8 (Chandelier)",-0.112616138818938,5.11386892710321,1.91309365886447,0.168537902838928,0.999998866570966,0.999994427475806,"ya_adult_cogact_freq"
"2893","PCBD2","Inh PVALB CA8 (Chandelier)",-0.0341501019762178,4.37844062097416,0.0836271893572025,0.772813416472474,0.999998866570966,0.999994427475806,"ya_adult_cogact_freq"
"2894","H2AFY","Inh PVALB CA8 (Chandelier)",-0.00221623574375927,5.81482693076217,0.00182356273837281,0.965991125068884,0.999998866570966,0.999994427475806,"ya_adult_cogact_freq"
"2895","SMAD5","Inh PVALB CA8 (Chandelier)",-0.113310031724994,5.50606793860395,4.65242251238441,0.0324954417009282,0.999998866570966,0.999994427475806,"ya_adult_cogact_freq"
"2896","SPOCK1","Inh PVALB CA8 (Chandelier)",0.0328293700491922,9.60267711793294,0.988587831507081,0.32158193133647,0.999998866570966,0.999994427475806,"ya_adult_cogact_freq"
"2897","KLHL3","Inh PVALB CA8 (Chandelier)",0.0466760121791709,6.55754780593985,1.31088692953018,0.253935791917536,0.999998866570966,0.999994427475806,"ya_adult_cogact_freq"
"2898","HNRNPA0","Inh PVALB CA8 (Chandelier)",-0.0688924487715717,4.83528408319426,0.736055561437974,0.392204600696723,0.999998866570966,0.999994427475806,"ya_adult_cogact_freq"
"2899","AC106791.1","Inh PVALB CA8 (Chandelier)",0.141858216502518,5.55330146356319,4.41381841274896,0.0372089276582609,0.999998866570966,0.999994427475806,"ya_adult_cogact_freq"
"2900","FAM13B","Inh PVALB CA8 (Chandelier)",0.030882230068947,7.42961931782928,1.08958331361006,0.298509845124999,0.999998866570966,0.999994427475806,"ya_adult_cogact_freq"
"2901","NME5","Inh PVALB CA8 (Chandelier)",0.00803783058438841,5.88967190730422,0.0168785193582479,0.896794223931634,0.999998866570966,0.999994427475806,"ya_adult_cogact_freq"
"2902","BRD8","Inh PVALB CA8 (Chandelier)",-0.0749905361632016,5.12701983441298,1.33866800990695,0.248985257379131,0.999998866570966,0.999994427475806,"ya_adult_cogact_freq"
"2903","CDC23","Inh PVALB CA8 (Chandelier)",0.0216752415916177,4.25444025498763,0.0462873696641431,0.829926962418265,0.999998866570966,0.999994427475806,"ya_adult_cogact_freq"
"2904","FAM53C","Inh PVALB CA8 (Chandelier)",0.0413443357642057,5.18632846203346,0.491864117584015,0.563911355529145,0.999998866570966,0.999994427475806,"ya_adult_cogact_freq"
"2905","KDM3B","Inh PVALB CA8 (Chandelier)",0.0556534730987435,5.97654240233117,1.1112940580307,0.29338257802017,0.999998866570966,0.999994427475806,"ya_adult_cogact_freq"
"2906","REEP2","Inh PVALB CA8 (Chandelier)",-0.00158919776983254,6.12587863445235,0.000880920767843332,0.976358829403761,0.999998866570966,0.999994427475806,"ya_adult_cogact_freq"
"2907","EGR1","Inh PVALB CA8 (Chandelier)",-0.179979229235256,3.7671136521004,0.255431866374585,0.613968238532444,0.999998866570966,0.999994427475806,"ya_adult_cogact_freq"
"2908","ETF1","Inh PVALB CA8 (Chandelier)",-0.0245906438880536,4.69287486686947,0.098856637887547,0.772230872627563,0.999998866570966,0.999994427475806,"ya_adult_cogact_freq"
"2909","HSPA9","Inh PVALB CA8 (Chandelier)",-0.0545396715891687,6.43174297478804,0.976621512908205,0.324519352351429,0.999998866570966,0.999994427475806,"ya_adult_cogact_freq"
"2910","CTNNA1","Inh PVALB CA8 (Chandelier)",-0.0362077766413429,5.35204575974549,0.370446419371866,0.543620056657544,0.999998866570966,0.999994427475806,"ya_adult_cogact_freq"
"2911","LRRTM2","Inh PVALB CA8 (Chandelier)",0.0806827470656224,4.72502809887838,1.0184588336752,0.314401365804101,0.999998866570966,0.999994427475806,"ya_adult_cogact_freq"
"2912","SIL1","Inh PVALB CA8 (Chandelier)",-0.0291320216696937,6.57927665628971,0.524507633418272,0.542243929480704,0.999998866570966,0.999994427475806,"ya_adult_cogact_freq"
"2913","PAIP2","Inh PVALB CA8 (Chandelier)",0.0254311664487143,5.96267181669061,0.304879572336088,0.732795274083354,0.999998866570966,0.999994427475806,"ya_adult_cogact_freq"
"2914","DNAJC18","Inh PVALB CA8 (Chandelier)",-0.0528733893094189,6.08153361227702,1.23270903820977,0.268538733768312,0.999998866570966,0.999994427475806,"ya_adult_cogact_freq"
"2915","UBE2D2","Inh PVALB CA8 (Chandelier)",-0.046038692499329,6.43649901629527,1.13037728919369,0.289289277333633,0.999998866570966,0.999994427475806,"ya_adult_cogact_freq"
"2916","CXXC5","Inh PVALB CA8 (Chandelier)",0.0163430250584719,5.2057579199747,0.0431010146905629,0.835797937248489,0.999998866570966,0.999994427475806,"ya_adult_cogact_freq"
"2917","NRG2","Inh PVALB CA8 (Chandelier)",0.0420032822185591,7.49875206324983,1.36718289350852,0.244027217298161,0.999998866570966,0.999994427475806,"ya_adult_cogact_freq"
"2918","PURA","Inh PVALB CA8 (Chandelier)",-0.0591602323011905,6.89554503785368,1.58641039902339,0.209665262555511,0.999998866570966,0.999994427475806,"ya_adult_cogact_freq"
"2919","IGIP","Inh PVALB CA8 (Chandelier)",0.111332094393744,4.75213662430512,1.84874306018875,0.175833579261682,0.999998866570966,0.999994427475806,"ya_adult_cogact_freq"
"2920","CYSTM1","Inh PVALB CA8 (Chandelier)",-0.221364274791388,4.27209196071477,2.97899905048499,0.0862726866477129,0.999998866570966,0.999994427475806,"ya_adult_cogact_freq"
"2921","PFDN1","Inh PVALB CA8 (Chandelier)",0.0166973457620955,4.96405488450111,0.0453833666744635,0.831570562507465,0.999998866570966,0.999994427475806,"ya_adult_cogact_freq"
"2922","AC008438.1","Inh PVALB CA8 (Chandelier)",-0.0139441182463149,4.22644962801892,0.0228337796369184,0.880079568512223,0.999998866570966,0.999994427475806,"ya_adult_cogact_freq"
"2923","SRA1","Inh PVALB CA8 (Chandelier)",-0.0439717011000201,4.79468712477714,0.309462021107081,0.578783969474356,0.999998866570966,0.999994427475806,"ya_adult_cogact_freq"
"2924","APBB3","Inh PVALB CA8 (Chandelier)",0.0390042201690915,4.37275122275357,0.188475010526141,0.664770974355836,0.999998866570966,0.999994427475806,"ya_adult_cogact_freq"
"2925","IK","Inh PVALB CA8 (Chandelier)",0.0527693754477904,4.23619109398656,0.306293568385418,0.580732414711398,0.999998866570966,0.999994427475806,"ya_adult_cogact_freq"
"2926","HARS","Inh PVALB CA8 (Chandelier)",-0.00891010164887284,5.65785712122655,0.0261444839466754,0.909198590011795,0.999998866570966,0.999994427475806,"ya_adult_cogact_freq"
"2927","ZMAT2","Inh PVALB CA8 (Chandelier)",-0.0660338070378187,4.06219291435829,0.4198942385438,0.517914200604946,0.999998866570966,0.999994427475806,"ya_adult_cogact_freq"
"2928","AC005609.5","Inh PVALB CA8 (Chandelier)",0.0980950553438138,4.03325883164581,0.753190403096858,0.386761633328365,0.999998866570966,0.999994427475806,"ya_adult_cogact_freq"
"2929","AC244517.10","Inh PVALB CA8 (Chandelier)",-0.051609236901138,4.47681631895995,0.284886945805824,0.594253098827277,0.999998866570966,0.999994427475806,"ya_adult_cogact_freq"
"2930","TAF7","Inh PVALB CA8 (Chandelier)",-0.000617155597675592,4.87705002639542,7.21846088055391e-05,0.993231666423571,0.999998866570966,0.999994427475806,"ya_adult_cogact_freq"
"2931","PCDHGA1","Inh PVALB CA8 (Chandelier)",0.0550340709751887,3.8300657560872,0.177840113380848,0.673799372801192,0.999998866570966,0.999994427475806,"ya_adult_cogact_freq"
"2932","DIAPH1","Inh PVALB CA8 (Chandelier)",-0.0541997064726448,5.5582630610545,0.978966360253467,0.323940954214361,0.999998866570966,0.999994427475806,"ya_adult_cogact_freq"
"2933","HDAC3","Inh PVALB CA8 (Chandelier)",-0.104759861668601,5.53181446683814,3.58086096680722,0.0602464851987292,0.999998866570966,0.999994427475806,"ya_adult_cogact_freq"
"2934","RELL2","Inh PVALB CA8 (Chandelier)",0.0993685522852041,4.34323594526272,1.12389686362542,0.290671038632971,0.999998866570966,0.999994427475806,"ya_adult_cogact_freq"
"2935","ARAP3","Inh PVALB CA8 (Chandelier)",-0.0412363914879448,3.98697380098137,0.045866208372412,0.830690581876871,0.999998866570966,0.999994427475806,"ya_adult_cogact_freq"
"2936","PCDH1","Inh PVALB CA8 (Chandelier)",0.0509221956423531,4.67151398410852,0.385620156573073,0.535490101026049,0.999998866570966,0.999994427475806,"ya_adult_cogact_freq"
"2937","DELE1","Inh PVALB CA8 (Chandelier)",-0.0641548774035393,5.8539220752048,1.29563033951098,0.256706368050759,0.999998866570966,0.999994427475806,"ya_adult_cogact_freq"
"2938","RNF14","Inh PVALB CA8 (Chandelier)",0.0298182636186642,5.1773640351776,0.236328288253607,0.627532672157651,0.999998866570966,0.999994427475806,"ya_adult_cogact_freq"
"2939","GNPDA1","Inh PVALB CA8 (Chandelier)",-0.0619807999012401,4.4160887551791,0.533130585861878,0.466356303749615,0.999998866570966,0.999994427475806,"ya_adult_cogact_freq"
"2940","NDFIP1","Inh PVALB CA8 (Chandelier)",-0.051837268154645,7.5756674418104,1.72100906757467,0.191433425001415,0.999998866570966,0.999994427475806,"ya_adult_cogact_freq"
"2941","SPRY4","Inh PVALB CA8 (Chandelier)",-0.0796403842841255,3.7057934916786,0.285794968212371,0.593666476974747,0.999998866570966,0.999994427475806,"ya_adult_cogact_freq"
"2942","SPRY4-AS1","Inh PVALB CA8 (Chandelier)",-0.137377424926063,5.58604310423936,0.478715177164188,0.490002913261992,0.999998866570966,0.999994427475806,"ya_adult_cogact_freq"
"2943","ARHGAP26","Inh PVALB CA8 (Chandelier)",-0.019691522160068,9.15858823263827,0.269692790402945,0.604252145453713,0.999998866570966,0.999994427475806,"ya_adult_cogact_freq"
"2944","NR3C1","Inh PVALB CA8 (Chandelier)",-0.00589325923872859,7.68047255540491,0.0206043344103058,0.886041830292781,0.999998866570966,0.999994427475806,"ya_adult_cogact_freq"
"2945","YIPF5","Inh PVALB CA8 (Chandelier)",0.0448130745381216,4.29985246850465,0.257550978531676,0.780751558459615,0.999998866570966,0.999994427475806,"ya_adult_cogact_freq"
"2946","KCTD16","Inh PVALB CA8 (Chandelier)",0.0254605419807941,9.8858098615702,0.512600614036817,0.475053885747136,0.999998866570966,0.999994427475806,"ya_adult_cogact_freq"
"2947","AC137770.1","Inh PVALB CA8 (Chandelier)",-0.0112218624383547,4.49749912110516,0.00689230515152822,0.933938989782541,0.999998866570966,0.999994427475806,"ya_adult_cogact_freq"
"2948","PRELID2","Inh PVALB CA8 (Chandelier)",0.168526769144978,6.39426747834587,3.85112807606092,0.0514387332552869,0.999998866570966,0.999994427475806,"ya_adult_cogact_freq"
"2949","PLAC8L1","Inh PVALB CA8 (Chandelier)",-0.0447443146032579,4.10040580984187,0.183644691081687,0.668833203685667,0.999998866570966,0.999994427475806,"ya_adult_cogact_freq"
"2950","LARS","Inh PVALB CA8 (Chandelier)",0.0301040157462084,6.28991619357999,0.54437958190364,0.461698927333666,0.999998866570966,0.999994427475806,"ya_adult_cogact_freq"
"2951","TCERG1","Inh PVALB CA8 (Chandelier)",0.0378486388315386,6.82549292369778,1.08800459411516,0.460997959943421,0.999998866570966,0.999994427475806,"ya_adult_cogact_freq"
"2952","PPP2R2B","Inh PVALB CA8 (Chandelier)",-0.0280733802728488,9.73478827551296,1.00599829593226,0.317370705318233,0.999998866570966,0.999994427475806,"ya_adult_cogact_freq"
"2953","JAKMIP2-AS1","Inh PVALB CA8 (Chandelier)",-0.21212750229402,4.19919551074161,3.49561642532503,0.063349993543006,0.999998866570966,0.999994427475806,"ya_adult_cogact_freq"
"2954","JAKMIP2","Inh PVALB CA8 (Chandelier)",0.0379924839195953,8.37696844156161,1.29751650013624,0.256361817808182,0.999998866570966,0.999994427475806,"ya_adult_cogact_freq"
"2955","AC091948.1","Inh PVALB CA8 (Chandelier)",0.0036628310188076,5.62881064293245,0.00181488872083303,0.966072055998325,0.999998866570966,0.999994427475806,"ya_adult_cogact_freq"
"2956","FBXO38","Inh PVALB CA8 (Chandelier)",0.0311631614726215,5.2370942650046,0.297081407221978,0.586473273550148,0.999998866570966,0.999994427475806,"ya_adult_cogact_freq"
"2957","ABLIM3","Inh PVALB CA8 (Chandelier)",-0.000643787394555282,6.76638319358413,0.000159809868904724,0.989929411118284,0.999998866570966,0.999994427475806,"ya_adult_cogact_freq"
"2958","CSNK1A1","Inh PVALB CA8 (Chandelier)",0.0309687221868089,7.40236889946903,0.784392239403758,0.377124009426167,0.999998866570966,0.999994427475806,"ya_adult_cogact_freq"
"2959","ARHGEF37","Inh PVALB CA8 (Chandelier)",-0.0647616344915574,4.63890889393237,0.655196053890608,0.419457453734112,0.999998866570966,0.999994427475806,"ya_adult_cogact_freq"
"2960","PPARGC1B","Inh PVALB CA8 (Chandelier)",0.0431785549948674,5.9964620827294,0.634797035223356,0.426776224840127,0.999998866570966,0.999994427475806,"ya_adult_cogact_freq"
"2961","HMGXB3","Inh PVALB CA8 (Chandelier)",0.0180057613023752,4.78209350099817,0.0609857339447819,0.830703397198674,0.999998866570966,0.999994427475806,"ya_adult_cogact_freq"
"2962","CAMK2A","Inh PVALB CA8 (Chandelier)",-0.112062555012555,7.12153116824308,2.32128178218283,0.129579518675475,0.999998866570966,0.999994427475806,"ya_adult_cogact_freq"
"2963","TCOF1","Inh PVALB CA8 (Chandelier)",0.0317924177148204,4.65404165231598,0.184599941210373,0.668024868119176,0.999998866570966,0.999994427475806,"ya_adult_cogact_freq"
"2964","RPS14","Inh PVALB CA8 (Chandelier)",-0.132054567517795,4.66457419898153,1.56957034611112,0.212088655948387,0.999998866570966,0.999994427475806,"ya_adult_cogact_freq"
"2965","NDST1","Inh PVALB CA8 (Chandelier)",0.0337548655484011,4.95898906179439,0.211479482842364,0.64623157839065,0.999998866570966,0.999994427475806,"ya_adult_cogact_freq"
"2966","SYNPO","Inh PVALB CA8 (Chandelier)",0.0067772611511771,4.6210868102606,0.00711395941863877,0.932887637726061,0.999998866570966,0.999994427475806,"ya_adult_cogact_freq"
"2967","RBM22","Inh PVALB CA8 (Chandelier)",0.0284439007779878,3.99725216039316,0.0709764207566521,0.790261775785943,0.999998866570966,0.999994427475806,"ya_adult_cogact_freq"
"2968","DCTN4","Inh PVALB CA8 (Chandelier)",-0.0412414800826652,5.60431060259836,0.688152802751135,0.408023452178743,0.999998866570966,0.999994427475806,"ya_adult_cogact_freq"
"2969","TNIP1","Inh PVALB CA8 (Chandelier)",0.0122117501633669,4.29820742033244,0.0153709580444092,0.901486249081676,0.999998866570966,0.999994427475806,"ya_adult_cogact_freq"
"2970","ANXA6","Inh PVALB CA8 (Chandelier)",0.0342394597461509,6.1868909462355,0.433995146875898,0.510977498344273,0.999998866570966,0.999994427475806,"ya_adult_cogact_freq"
"2971","SLC36A1","Inh PVALB CA8 (Chandelier)",0.0883708808536673,4.20802907823105,0.906242634192866,0.342542380058711,0.999998866570966,0.999994427475806,"ya_adult_cogact_freq"
"2972","ATOX1","Inh PVALB CA8 (Chandelier)",-0.194197167330972,3.83496824191229,2.53303154819274,0.113450262534414,0.999998866570966,0.999994427475806,"ya_adult_cogact_freq"
"2973","G3BP1","Inh PVALB CA8 (Chandelier)",0.0288446473041551,5.63419532047572,0.285595515468441,0.593795229218857,0.999998866570966,0.999994427475806,"ya_adult_cogact_freq"
"2974","LINC01470","Inh PVALB CA8 (Chandelier)",0.0852377852145291,3.98726405056787,0.291440236733592,0.590046061300729,0.999998866570966,0.999994427475806,"ya_adult_cogact_freq"
"2975","GRIA1","Inh PVALB CA8 (Chandelier)",-0.0127338289698196,10.6891022783213,0.195277433543959,0.659153932337373,0.999998866570966,0.999994427475806,"ya_adult_cogact_freq"
"2976","FAM114A2","Inh PVALB CA8 (Chandelier)",0.157656685216498,4.20920718821903,3.1425653962941,0.0781675412109131,0.999998866570966,0.999994427475806,"ya_adult_cogact_freq"
"2977","MFAP3","Inh PVALB CA8 (Chandelier)",0.0506540923242126,5.08353925439576,0.563651051992167,0.453890388485188,0.999998866570966,0.999994427475806,"ya_adult_cogact_freq"
"2978","LARP1","Inh PVALB CA8 (Chandelier)",-0.00517024879910405,7.38396198505098,0.0207521668836478,0.885636573319381,0.999998866570966,0.999994427475806,"ya_adult_cogact_freq"
"2979","CNOT8","Inh PVALB CA8 (Chandelier)",0.00157725693103646,4.03134644562047,0.000274241602947185,0.986807976859194,0.999998866570966,0.999994427475806,"ya_adult_cogact_freq"
"2980","GEMIN5","Inh PVALB CA8 (Chandelier)",0.0615715742270172,5.05481960220237,0.888000831490912,0.347433551777318,0.999998866570966,0.999994427475806,"ya_adult_cogact_freq"
"2981","MRPL22","Inh PVALB CA8 (Chandelier)",-0.127871753339997,4.16985413042229,1.63117667161741,0.203381851995828,0.999998866570966,0.999994427475806,"ya_adult_cogact_freq"
"2982","SGCD","Inh PVALB CA8 (Chandelier)",0.00603945099142066,10.1245946047423,0.0199696343093102,0.88779884588747,0.999998866570966,0.999994427475806,"ya_adult_cogact_freq"
"2983","HAVCR2","Inh PVALB CA8 (Chandelier)",0.0267330450160736,5.17484257186689,0.126810596341486,0.722228996654166,0.999998866570966,0.999994427475806,"ya_adult_cogact_freq"
"2984","CYFIP2","Inh PVALB CA8 (Chandelier)",-0.0437029741881453,7.70538066442804,2.059933480215,0.1531594434243,0.999998866570966,0.999994427475806,"ya_adult_cogact_freq"
"2985","ADAM19","Inh PVALB CA8 (Chandelier)",0.0159661524370545,5.35592661825151,0.0638865121602981,0.800778263279009,0.999998866570966,0.999994427475806,"ya_adult_cogact_freq"
"2986","LSM11","Inh PVALB CA8 (Chandelier)",-0.0105785164551099,5.19380287230152,0.0312178420426399,0.859977651359717,0.999998866570966,0.999994427475806,"ya_adult_cogact_freq"
"2987","CLINT1","Inh PVALB CA8 (Chandelier)",-0.0171709747753964,5.3698577882142,0.0889275525966401,0.765930066431386,0.999998866570966,0.999994427475806,"ya_adult_cogact_freq"
"2988","RNF145","Inh PVALB CA8 (Chandelier)",0.0151681441106935,6.09430132321104,0.121238189043997,0.728150953058701,0.999998866570966,0.999994427475806,"ya_adult_cogact_freq"
"2989","UBLCP1","Inh PVALB CA8 (Chandelier)",0.093944246162101,4.68782087192756,1.60378739321326,0.207199154630938,0.999998866570966,0.999994427475806,"ya_adult_cogact_freq"
"2990","TTC1","Inh PVALB CA8 (Chandelier)",0.0263011986716678,5.88393616428412,0.265964472063237,0.780390963476292,0.999998866570966,0.999994427475806,"ya_adult_cogact_freq"
"2991","PWWP2A","Inh PVALB CA8 (Chandelier)",-0.0258260024166947,6.4598102390962,0.277076669081994,0.599349157433733,0.999998866570966,0.999994427475806,"ya_adult_cogact_freq"
"2992","CCNJL","Inh PVALB CA8 (Chandelier)",-0.0323390358909523,6.51134183616861,0.301573463024623,0.5836596322256,0.999998866570966,0.999994427475806,"ya_adult_cogact_freq"
"2993","C1QTNF2","Inh PVALB CA8 (Chandelier)",-0.0491769739021835,4.74733339031432,0.470402555813801,0.493789919911651,0.999998866570966,0.999994427475806,"ya_adult_cogact_freq"
"2994","SLU7","Inh PVALB CA8 (Chandelier)",0.141488218620006,4.49300217199704,2.79002332172438,0.0967986319910574,0.999998866570966,0.999994427475806,"ya_adult_cogact_freq"
"2995","GABRB2","Inh PVALB CA8 (Chandelier)",0.051520760966815,9.78630680804755,2.2947961172004,0.131771897857528,0.999998866570966,0.999994427475806,"ya_adult_cogact_freq"
"2996","GABRA6","Inh PVALB CA8 (Chandelier)",0.265855075499839,4.17812278217291,5.07770897731263,0.025587411998076,0.999998866570966,0.999994427475806,"ya_adult_cogact_freq"
"2997","GABRA1","Inh PVALB CA8 (Chandelier)",0.00881516948878562,8.18829723743401,0.0336871229330569,0.854605212070361,0.999998866570966,0.999994427475806,"ya_adult_cogact_freq"
"2998","GABRG2","Inh PVALB CA8 (Chandelier)",0.0136448431004619,7.6406899244202,0.120881416325121,0.728535266109533,0.999998866570966,0.999994427475806,"ya_adult_cogact_freq"
"2999","AC113414.1","Inh PVALB CA8 (Chandelier)",0.0426714577223306,3.80160311099084,0.0877472816702818,0.767443106406045,0.999998866570966,0.999994427475806,"ya_adult_cogact_freq"
"3000","NUDCD2","Inh PVALB CA8 (Chandelier)",-0.214902890871996,3.97688384368363,3.54651684872241,0.0614767334114614,0.999998866570966,0.999994427475806,"ya_adult_cogact_freq"
"3001","MAT2B","Inh PVALB CA8 (Chandelier)",-0.149647968506963,3.97394926469656,1.77348173711824,0.184836827442108,0.999998866570966,0.999994427475806,"ya_adult_cogact_freq"
"3002","TENM2","Inh PVALB CA8 (Chandelier)",0.102885936282627,11.0403921833398,7.31986347927337,0.00755528700913337,0.999998866570966,0.999994427475806,"ya_adult_cogact_freq"
"3003","RARS","Inh PVALB CA8 (Chandelier)",-0.0887631505861202,5.3661220756027,1.821848886347,0.17899085765846,0.999998866570966,0.999994427475806,"ya_adult_cogact_freq"
"3004","FBLL1","Inh PVALB CA8 (Chandelier)",0.0908098204757596,4.45060764164471,0.667110132527168,0.415269645328302,0.999998866570966,0.999994427475806,"ya_adult_cogact_freq"
"3005","PANK3","Inh PVALB CA8 (Chandelier)",0.0346159997628592,5.99136884330502,0.477803217109447,0.490415994437941,0.999998866570966,0.999994427475806,"ya_adult_cogact_freq"
"3006","FAM196B","Inh PVALB CA8 (Chandelier)",0.130283496515695,4.37028027791639,1.06836906874062,0.302866490321753,0.999998866570966,0.999994427475806,"ya_adult_cogact_freq"
"3007","KCNIP1","Inh PVALB CA8 (Chandelier)",-0.0945851902685369,7.52370087997351,0.911863236880715,0.341054193949624,0.999998866570966,0.999994427475806,"ya_adult_cogact_freq"
"3008","RANBP17","Inh PVALB CA8 (Chandelier)",0.0331300615694835,7.09616126834675,0.365206952976077,0.546480452486647,0.999998866570966,0.999994427475806,"ya_adult_cogact_freq"
"3009","NPM1","Inh PVALB CA8 (Chandelier)",-0.138781132686492,4.67251884551065,3.00785234197074,0.0847788242096588,0.999998866570966,0.999994427475806,"ya_adult_cogact_freq"
"3010","FBXW11","Inh PVALB CA8 (Chandelier)",-0.0266609290376001,6.71448898877968,0.479888649371926,0.489472233689106,0.999998866570966,0.999994427475806,"ya_adult_cogact_freq"
"3011","STK10","Inh PVALB CA8 (Chandelier)",-0.139749286927642,3.96622842938891,1.21572511188926,0.271849084745692,0.999998866570966,0.999994427475806,"ya_adult_cogact_freq"
"3012","UBTD2","Inh PVALB CA8 (Chandelier)",0.0227163684415963,4.6417041808201,0.0680377815302024,0.794549313491826,0.999998866570966,0.999994427475806,"ya_adult_cogact_freq"
"3013","DUSP1","Inh PVALB CA8 (Chandelier)",0.0140390614086079,4.6735576771933,0.0104109724567805,0.91885670437037,0.999998866570966,0.999994427475806,"ya_adult_cogact_freq"
"3014","ERGIC1","Inh PVALB CA8 (Chandelier)",-0.0292667836975296,6.95063115362776,0.607768041073332,0.572035032112832,0.999998866570966,0.999994427475806,"ya_adult_cogact_freq"
"3015","ATP6V0E1","Inh PVALB CA8 (Chandelier)",0.00181539526210296,5.06261246097505,0.00060951766709627,0.980334116290933,0.999998866570966,0.999994427475806,"ya_adult_cogact_freq"
"3016","CREBRF","Inh PVALB CA8 (Chandelier)",0.0274042337687032,6.27051934685654,0.349849720864849,0.555028995067493,0.999998866570966,0.999994427475806,"ya_adult_cogact_freq"
"3017","CPEB4","Inh PVALB CA8 (Chandelier)",0.0102917922975904,7.96159280482604,0.0711569879031764,0.790001450740233,0.999998866570966,0.999994427475806,"ya_adult_cogact_freq"
"3018","NSG2","Inh PVALB CA8 (Chandelier)",0.0373288748311451,8.1244434534449,0.994756145616971,0.320081536826244,0.999998866570966,0.999994427475806,"ya_adult_cogact_freq"
"3019","LINC01411","Inh PVALB CA8 (Chandelier)",0.242308909233002,3.53097056011373,1.25532868982604,0.26420813068578,0.999998866570966,0.999994427475806,"ya_adult_cogact_freq"
"3020","SFXN1","Inh PVALB CA8 (Chandelier)",0.0516153699468187,6.30054787865496,1.53984755265096,0.216448241685003,0.999998866570966,0.999994427475806,"ya_adult_cogact_freq"
"3021","CPLX2","Inh PVALB CA8 (Chandelier)",0.0541829587709445,6.58554614346922,0.812959952970299,0.368595400960304,0.999998866570966,0.999994427475806,"ya_adult_cogact_freq"
"3022","THOC3","Inh PVALB CA8 (Chandelier)",0.0209053198687994,4.68247538016151,0.0741912698223896,0.917752768930246,0.999998866570966,0.999994427475806,"ya_adult_cogact_freq"
"3023","FAM153B","Inh PVALB CA8 (Chandelier)",-0.377040382436134,3.69671403777159,6.8093670194129,0.0099241170479659,0.999998866570966,0.999994427475806,"ya_adult_cogact_freq"
"3024","AC139491.7","Inh PVALB CA8 (Chandelier)",-0.00888842850262692,4.37359290345114,0.00587278517635415,0.93900991922581,0.999998866570966,0.999994427475806,"ya_adult_cogact_freq"
"3025","SIMC1","Inh PVALB CA8 (Chandelier)",0.0634265936554631,6.71204852813482,1.85665295113032,0.1749173422967,0.999998866570966,0.999994427475806,"ya_adult_cogact_freq"
"3026","KIAA1191","Inh PVALB CA8 (Chandelier)",-0.00437288604938796,4.81826161849598,0.0033412726376477,0.953976741087256,0.999998866570966,0.999994427475806,"ya_adult_cogact_freq"
"3027","ARL10","Inh PVALB CA8 (Chandelier)",0.0306882158922041,5.4893898100195,0.330187042111209,0.587271914680004,0.999998866570966,0.999994427475806,"ya_adult_cogact_freq"
"3028","CLTB","Inh PVALB CA8 (Chandelier)",-0.0086804490746192,5.51777096361338,0.0157366512622573,0.90032735813497,0.999998866570966,0.999994427475806,"ya_adult_cogact_freq"
"3029","FAF2","Inh PVALB CA8 (Chandelier)",0.0727978156723567,5.85122440348922,1.87528470710782,0.172780962333953,0.999998866570966,0.999994427475806,"ya_adult_cogact_freq"
"3030","RNF44","Inh PVALB CA8 (Chandelier)",0.0301713886384767,4.88212064226596,0.148722237189981,0.700269253727542,0.999998866570966,0.999994427475806,"ya_adult_cogact_freq"
"3031","GPRIN1","Inh PVALB CA8 (Chandelier)",-0.086547110443549,4.74920077742321,1.09719763590757,0.296454179441945,0.999998866570966,0.999994427475806,"ya_adult_cogact_freq"
"3032","SNCB","Inh PVALB CA8 (Chandelier)",-0.0120516046834538,6.514054570529,0.0222195976209227,0.881691222040548,0.999998866570966,0.999994427475806,"ya_adult_cogact_freq"
"3033","EIF4E1B","Inh PVALB CA8 (Chandelier)",-0.135887301925242,4.49554130233149,1.84249986040413,0.176560695531887,0.999998866570966,0.999994427475806,"ya_adult_cogact_freq"
"3034","UIMC1","Inh PVALB CA8 (Chandelier)",-0.0320286566962806,5.880071551187,0.432150733031746,0.51187557739826,0.999998866570966,0.999994427475806,"ya_adult_cogact_freq"
"3035","ZNF346","Inh PVALB CA8 (Chandelier)",0.0522082371382831,6.12193491240119,1.13124037705062,0.289105885227048,0.999998866570966,0.999994427475806,"ya_adult_cogact_freq"
"3036","NSD1","Inh PVALB CA8 (Chandelier)",0.0702642372629666,7.21232952029166,3.68238956000429,0.0567616581943646,0.999998866570966,0.999994427475806,"ya_adult_cogact_freq"
"3037","PRELID1","Inh PVALB CA8 (Chandelier)",-0.130469048905477,4.15846341097704,1.12320030636411,0.290820062703801,0.999998866570966,0.999994427475806,"ya_adult_cogact_freq"
"3038","PRR7","Inh PVALB CA8 (Chandelier)",-0.116401689394462,3.78994899909795,0.826158408527076,0.364746322135526,0.999998866570966,0.999994427475806,"ya_adult_cogact_freq"
"3039","DBN1","Inh PVALB CA8 (Chandelier)",-0.0370663155835995,4.72440149816073,0.276647630498969,0.599631747912353,0.999998866570966,0.999994427475806,"ya_adult_cogact_freq"
"3040","FAM193B","Inh PVALB CA8 (Chandelier)",-0.00817557385714852,6.0707610836757,0.0317823746141591,0.881986086160115,0.999998866570966,0.999994427475806,"ya_adult_cogact_freq"
"3041","TMED9","Inh PVALB CA8 (Chandelier)",0.0213608477866766,3.94355483003311,0.0343973692223877,0.85309789973171,0.999998866570966,0.999994427475806,"ya_adult_cogact_freq"
"3042","FAM153A","Inh PVALB CA8 (Chandelier)",0.0423920994599469,5.49985112926639,0.228117921843428,0.633571613255578,0.999998866570966,0.999994427475806,"ya_adult_cogact_freq"
"3043","AC106795.3","Inh PVALB CA8 (Chandelier)",0.0458197689983927,5.12930306821188,0.311561476046638,0.577500095850271,0.999998866570966,0.999994427475806,"ya_adult_cogact_freq"
"3044","FAM153C","Inh PVALB CA8 (Chandelier)",-0.0928582036101521,6.28945551957627,2.45619539869276,0.119028244180021,0.999998866570966,0.999994427475806,"ya_adult_cogact_freq"
"3045","N4BP3","Inh PVALB CA8 (Chandelier)",-0.0369830548528373,4.28579538731491,0.162138961593963,0.855644419932996,0.999998866570966,0.999994427475806,"ya_adult_cogact_freq"
"3046","RMND5B","Inh PVALB CA8 (Chandelier)",0.0952781514488295,5.15396930837761,1.85800141238796,0.174761698019073,0.999998866570966,0.999994427475806,"ya_adult_cogact_freq"
"3047","NHP2","Inh PVALB CA8 (Chandelier)",-0.186706083555199,3.93524994227683,2.00413851827564,0.158804768570436,0.999998866570966,0.999994427475806,"ya_adult_cogact_freq"
"3048","PHYKPL","Inh PVALB CA8 (Chandelier)",-0.00487127097134445,4.94479593093219,0.00504533730666251,0.946636216458156,0.999998866570966,0.999994427475806,"ya_adult_cogact_freq"
"3049","CLK4","Inh PVALB CA8 (Chandelier)",-0.0496711408285297,4.99718825323354,0.554322486250938,0.457643822624184,0.999998866570966,0.999994427475806,"ya_adult_cogact_freq"
"3050","ZNF354A","Inh PVALB CA8 (Chandelier)",-0.0636130278727984,4.14517248769655,0.496284450924385,0.497632415200631,0.999998866570966,0.999994427475806,"ya_adult_cogact_freq"
"3051","ZNF354B","Inh PVALB CA8 (Chandelier)",0.143550392487587,4.17250559538661,2.46794845728564,0.11815556068751,0.999998866570966,0.999994427475806,"ya_adult_cogact_freq"
"3052","ZFP2","Inh PVALB CA8 (Chandelier)",-0.0557077450687016,4.52014486024087,0.484712494658598,0.487300797018772,0.999998866570966,0.999994427475806,"ya_adult_cogact_freq"
"3053","AC104117.3","Inh PVALB CA8 (Chandelier)",-0.137660339559011,4.10123755326668,1.74965303257768,0.187798848054725,0.999998866570966,0.999994427475806,"ya_adult_cogact_freq"
"3054","RUFY1","Inh PVALB CA8 (Chandelier)",-0.056401280297122,5.82373939102822,1.04803949764863,0.307497021107136,0.999998866570966,0.999994427475806,"ya_adult_cogact_freq"
"3055","HNRNPH1","Inh PVALB CA8 (Chandelier)",-0.0193190001021258,6.33176033906064,0.168119442060044,0.682334424828443,0.999998866570966,0.999994427475806,"ya_adult_cogact_freq"
"3056","CANX","Inh PVALB CA8 (Chandelier)",0.0880369635589232,6.59488522491155,3.19538607785782,0.0757301534030617,0.999998866570966,0.999994427475806,"ya_adult_cogact_freq"
"3057","MAML1","Inh PVALB CA8 (Chandelier)",0.0240277382139697,5.43048496935767,0.186248979209429,0.6666352624891,0.999998866570966,0.999994427475806,"ya_adult_cogact_freq"
"3058","MGAT4B","Inh PVALB CA8 (Chandelier)",-0.335141583511496,4.14880242887241,10.8973206478269,0.001186461374808,0.999998866570966,0.999994427475806,"ya_adult_cogact_freq"
"3059","SQSTM1","Inh PVALB CA8 (Chandelier)",-0.00430361060233695,6.23112885932617,0.00554664175964326,0.940724401892705,0.999998866570966,0.999994427475806,"ya_adult_cogact_freq"
"3060","MRNIP","Inh PVALB CA8 (Chandelier)",0.0501350980676405,5.53788420928102,0.628778296434457,0.428972479938407,0.999998866570966,0.999994427475806,"ya_adult_cogact_freq"
"3061","TBC1D9B","Inh PVALB CA8 (Chandelier)",-0.038487873618558,5.32224821813316,0.429081350471077,0.518343752420957,0.999998866570966,0.999994427475806,"ya_adult_cogact_freq"
"3062","RNF130","Inh PVALB CA8 (Chandelier)",0.0110914994255318,7.83355714959168,0.0960644453402443,0.757005972622688,0.999998866570966,0.999994427475806,"ya_adult_cogact_freq"
"3063","RASGEF1C","Inh PVALB CA8 (Chandelier)",0.0051204712179217,5.48279351245595,0.00583870471842239,0.939186795700921,0.999998866570966,0.999994427475806,"ya_adult_cogact_freq"
"3064","MAPK9","Inh PVALB CA8 (Chandelier)",-0.0260982387587966,6.55487486079402,0.470281094775571,0.746147520937017,0.999998866570966,0.999994427475806,"ya_adult_cogact_freq"
"3065","AC008610.1","Inh PVALB CA8 (Chandelier)",-0.0402128084245766,4.0602724431171,0.17468321091027,0.795764586748101,0.999998866570966,0.999994427475806,"ya_adult_cogact_freq"
"3066","GFPT2","Inh PVALB CA8 (Chandelier)",-0.0762147305477583,4.62124120718932,0.774360630219886,0.380184949716829,0.999998866570966,0.999994427475806,"ya_adult_cogact_freq"
"3067","CNOT6","Inh PVALB CA8 (Chandelier)",0.0190885499865296,5.23387112238821,0.102188312047327,0.843266703331276,0.999998866570966,0.999994427475806,"ya_adult_cogact_freq"
"3068","MGAT1","Inh PVALB CA8 (Chandelier)",-0.0642984092852504,4.38876355807138,0.660091401981631,0.46748505180109,0.999998866570966,0.999994427475806,"ya_adult_cogact_freq"
"3069","RACK1","Inh PVALB CA8 (Chandelier)",-0.0596004196033158,5.17495202626559,0.541717550650156,0.462794330407882,0.999998866570966,0.999994427475806,"ya_adult_cogact_freq"
"3070","TRIM52","Inh PVALB CA8 (Chandelier)",0.0108014836704005,4.95072366855351,0.030270938592617,0.935160399004681,0.999998866570966,0.999994427475806,"ya_adult_cogact_freq"
"3071","EXOC2","Inh PVALB CA8 (Chandelier)",0.0114889768282048,6.84303648093297,0.0828560979737132,0.773834327864338,0.999998866570966,0.999994427475806,"ya_adult_cogact_freq"
"3072","GMDS","Inh PVALB CA8 (Chandelier)",0.00376358151828433,7.51966418088433,0.00978914165065948,0.921309097397679,0.999998866570966,0.999994427475806,"ya_adult_cogact_freq"
"3073","GMDS-DT","Inh PVALB CA8 (Chandelier)",-0.0648041482358476,7.03346080163209,0.984118501435642,0.322674890081004,0.999998866570966,0.999994427475806,"ya_adult_cogact_freq"
"3074","WRNIP1","Inh PVALB CA8 (Chandelier)",0.018583398457223,5.12513141419348,0.089021511203723,0.765810088031062,0.999998866570966,0.999994427475806,"ya_adult_cogact_freq"
"3075","SERPINB9","Inh PVALB CA8 (Chandelier)",-0.0725771808051092,5.86594485698129,1.62993966286963,0.203552444664547,0.999998866570966,0.999994427475806,"ya_adult_cogact_freq"
"3076","SERPINB6","Inh PVALB CA8 (Chandelier)",-0.0147627245202648,5.29523413225073,0.0596113296726537,0.807422622827427,0.999998866570966,0.999994427475806,"ya_adult_cogact_freq"
"3077","NQO2","Inh PVALB CA8 (Chandelier)",-0.0210338428965584,7.40849800072008,0.19703462318799,0.657722007574277,0.999998866570966,0.999994427475806,"ya_adult_cogact_freq"
"3078","RIPK1","Inh PVALB CA8 (Chandelier)",-0.0858010427009889,5.83001767326737,1.72207654569169,0.191296500564681,0.999998866570966,0.999994427475806,"ya_adult_cogact_freq"
"3079","BPHL","Inh PVALB CA8 (Chandelier)",-0.0803184095826789,4.6549956557126,0.930791452429691,0.336106363606257,0.999998866570966,0.999994427475806,"ya_adult_cogact_freq"
"3080","TUBB2A","Inh PVALB CA8 (Chandelier)",-0.15547141915548,6.32494567458737,2.32424307702213,0.129336954504116,0.999998866570966,0.999994427475806,"ya_adult_cogact_freq"
"3081","TUBB2B","Inh PVALB CA8 (Chandelier)",-0.131694872384806,5.26558068188358,2.25996435453652,0.134718995055959,0.999998866570966,0.999994427475806,"ya_adult_cogact_freq"
"3082","PSMG4","Inh PVALB CA8 (Chandelier)",0.0245982917043095,5.8730931800094,0.220667703756944,0.698310722233294,0.999998866570966,0.999994427475806,"ya_adult_cogact_freq"
"3083","SLC22A23","Inh PVALB CA8 (Chandelier)",0.0154042328639096,7.01476390855737,0.135662954614217,0.713115810885244,0.999998866570966,0.999994427475806,"ya_adult_cogact_freq"
"3084","PRPF4B","Inh PVALB CA8 (Chandelier)",0.00850593250820701,6.69008783482414,0.030466705443533,0.861655104258331,0.999998866570966,0.999994427475806,"ya_adult_cogact_freq"
"3085","ECI2","Inh PVALB CA8 (Chandelier)",-0.000454931264654578,4.63456275529476,7.45834082573348e-06,0.997824368801158,0.999998866570966,0.999994427475806,"ya_adult_cogact_freq"
"3086","CDYL","Inh PVALB CA8 (Chandelier)",0.0468484728852322,5.43519002315783,0.470252258001462,0.49385884410385,0.999998866570966,0.999994427475806,"ya_adult_cogact_freq"
"3087","LYRM4","Inh PVALB CA8 (Chandelier)",0.0891759088930699,6.81247804694427,2.91077510403482,0.0899206463169205,0.999998866570966,0.999994427475806,"ya_adult_cogact_freq"
"3088","FARS2","Inh PVALB CA8 (Chandelier)",-0.00410359098242317,7.64817980770124,0.0119035373934677,0.913256593408817,0.999998866570966,0.999994427475806,"ya_adult_cogact_freq"
"3089","SSR1","Inh PVALB CA8 (Chandelier)",0.0184419774390869,5.99242665676063,0.154494401208079,0.694797542234018,0.999998866570966,0.999994427475806,"ya_adult_cogact_freq"
"3090","RIOK1","Inh PVALB CA8 (Chandelier)",-0.0192799999257538,3.98027652304153,0.0362565653694692,0.914243940464323,0.999998866570966,0.999994427475806,"ya_adult_cogact_freq"
"3091","SNRNP48","Inh PVALB CA8 (Chandelier)",0.00794912649596786,4.55943162711272,0.00862826646383383,0.926107827218773,0.999998866570966,0.999994427475806,"ya_adult_cogact_freq"
"3092","BLOC1S5-TXNDC5","Inh PVALB CA8 (Chandelier)",-0.0354656927039575,4.3171382695515,0.0978761119997232,0.754798896444903,0.999998866570966,0.999994427475806,"ya_adult_cogact_freq"
"3093","SLC35B3","Inh PVALB CA8 (Chandelier)",-0.0048143483720082,4.21575087607597,0.00341239653593656,0.953490038581453,0.999998866570966,0.999994427475806,"ya_adult_cogact_freq"
"3094","AL024498.2","Inh PVALB CA8 (Chandelier)",0.0237613484178561,4.75714553469016,0.0903857038020287,0.764075828081245,0.999998866570966,0.999994427475806,"ya_adult_cogact_freq"
"3095","MAK","Inh PVALB CA8 (Chandelier)",-0.232887654978243,4.67069749061755,3.64314429148943,0.0580823549980661,0.999998866570966,0.999994427475806,"ya_adult_cogact_freq"
"3096","SYCP2L","Inh PVALB CA8 (Chandelier)",0.0818059688892136,4.85370577424364,0.6008940055427,0.439375834083307,0.999998866570966,0.999994427475806,"ya_adult_cogact_freq"
"3097","SMIM13","Inh PVALB CA8 (Chandelier)",-0.00358654299746917,5.53564240474656,0.00355941778683548,0.952499846464044,0.999998866570966,0.999994427475806,"ya_adult_cogact_freq"
"3098","AL139807.1","Inh PVALB CA8 (Chandelier)",0.0773152959899567,4.58303283897707,0.612743284902734,0.434908318412296,0.999998866570966,0.999994427475806,"ya_adult_cogact_freq"
"3099","TMEM170B","Inh PVALB CA8 (Chandelier)",0.00226023985845701,5.41086655889573,0.0013915141167352,0.970289690307231,0.999998866570966,0.999994427475806,"ya_adult_cogact_freq"
"3100","HIVEP1","Inh PVALB CA8 (Chandelier)",0.0232522946530241,6.27427019151181,0.214503595947694,0.643886554234227,0.999998866570966,0.999994427475806,"ya_adult_cogact_freq"
"3101","PHACTR1","Inh PVALB CA8 (Chandelier)",0.00750705104503671,10.0918477478488,0.05285241125048,0.818464431201138,0.999998866570966,0.999994427475806,"ya_adult_cogact_freq"
"3102","TBC1D7","Inh PVALB CA8 (Chandelier)",-0.073044130416308,3.96854955423271,0.434593636514743,0.510686671307129,0.999998866570966,0.999994427475806,"ya_adult_cogact_freq"
"3103","GFOD1","Inh PVALB CA8 (Chandelier)",-0.0786511496691618,7.02899567589783,4.48878618563876,0.0356546580004731,0.999998866570966,0.999994427475806,"ya_adult_cogact_freq"
"3104","SIRT5","Inh PVALB CA8 (Chandelier)",-0.0124330807832793,5.92817862155695,0.0639328367624224,0.943482495660001,0.999998866570966,0.999994427475806,"ya_adult_cogact_freq"
"3105","NOL7","Inh PVALB CA8 (Chandelier)",-0.033134377727142,5.23638371027922,0.220542529766693,0.639263188362942,0.999998866570966,0.999994427475806,"ya_adult_cogact_freq"
"3106","RANBP9","Inh PVALB CA8 (Chandelier)",0.000864708143115731,6.3237507711306,0.000441232388794419,0.983267290719577,0.999998866570966,0.999994427475806,"ya_adult_cogact_freq"
"3107","MCUR1","Inh PVALB CA8 (Chandelier)",-0.0389434923221592,4.60395385611487,0.284555178391265,0.59446773490344,0.999998866570966,0.999994427475806,"ya_adult_cogact_freq"
"3108","CD83","Inh PVALB CA8 (Chandelier)",-0.0499379473308681,3.8858256826002,0.176621819809469,0.674853794446421,0.999998866570966,0.999994427475806,"ya_adult_cogact_freq"
"3109","JARID2","Inh PVALB CA8 (Chandelier)",0.00863844047169284,7.65767154699602,0.073396161585684,0.786802197198249,0.999998866570966,0.999994427475806,"ya_adult_cogact_freq"
"3110","DTNBP1","Inh PVALB CA8 (Chandelier)",-0.0148579095536937,6.24176057361964,0.0834791742829763,0.773008988956388,0.999998866570966,0.999994427475806,"ya_adult_cogact_freq"
"3111","MYLIP","Inh PVALB CA8 (Chandelier)",-0.0507353842123177,4.53260871634234,0.360826321657401,0.548893588061301,0.999998866570966,0.999994427475806,"ya_adult_cogact_freq"
"3112","GMPR","Inh PVALB CA8 (Chandelier)",-0.00218487718647723,4.21792796899007,0.000390973130112545,0.984248943503634,0.999998866570966,0.999994427475806,"ya_adult_cogact_freq"
"3113","ATXN1","Inh PVALB CA8 (Chandelier)",0.0482709915302886,9.06923837359765,2.60128496909184,0.108738405028096,0.999998866570966,0.999994427475806,"ya_adult_cogact_freq"
"3114","RBM24","Inh PVALB CA8 (Chandelier)",-0.240009352726257,4.29543855233601,6.74206034097858,0.010289468800139,0.999998866570966,0.999994427475806,"ya_adult_cogact_freq"
"3115","CAP2","Inh PVALB CA8 (Chandelier)",-0.00569880008982036,7.67192215746225,0.0200689615566483,0.887522021003448,0.999998866570966,0.999994427475806,"ya_adult_cogact_freq"
"3116","FAM8A1","Inh PVALB CA8 (Chandelier)",0.106490413334786,4.84633905135099,2.07000585776019,0.15216497140129,0.999998866570966,0.999994427475806,"ya_adult_cogact_freq"
"3117","NUP153","Inh PVALB CA8 (Chandelier)",0.0821834508390234,6.03471695801743,3.44253693793386,0.0653690739567634,0.999998866570966,0.999994427475806,"ya_adult_cogact_freq"
"3118","KIF13A","Inh PVALB CA8 (Chandelier)",0.0175139708889398,4.9758079070497,0.037993519763196,0.845702267858961,0.999998866570966,0.999994427475806,"ya_adult_cogact_freq"
"3119","TPMT","Inh PVALB CA8 (Chandelier)",-0.0973873928127093,4.29778216810056,1.13799321800944,0.308452906799886,0.999998866570966,0.999994427475806,"ya_adult_cogact_freq"
"3120","KDM1B","Inh PVALB CA8 (Chandelier)",0.08189986963486,4.05233219276281,0.609533790601921,0.43611147653318,0.999998866570966,0.999994427475806,"ya_adult_cogact_freq"
"3121","DEK","Inh PVALB CA8 (Chandelier)",0.115131558002186,4.75712186831764,2.06146297308018,0.153007955522064,0.999998866570966,0.999994427475806,"ya_adult_cogact_freq"
"3122","E2F3","Inh PVALB CA8 (Chandelier)",0.10501474985058,5.07240083351641,1.57647127821968,0.211091542074965,0.999998866570966,0.999994427475806,"ya_adult_cogact_freq"
"3123","CDKAL1","Inh PVALB CA8 (Chandelier)",-0.0458941252250531,7.38123953614472,1.12135320747099,0.291215713208363,0.999998866570966,0.999994427475806,"ya_adult_cogact_freq"
"3124","SOX4","Inh PVALB CA8 (Chandelier)",0.0507788628641102,4.56278886834172,0.224335480873296,0.636398731998704,0.999998866570966,0.999994427475806,"ya_adult_cogact_freq"
"3125","CASC15","Inh PVALB CA8 (Chandelier)",0.0916149168816287,5.29456796223717,0.96581136411681,0.327203715712927,0.999998866570966,0.999994427475806,"ya_adult_cogact_freq"
"3126","AL035401.1","Inh PVALB CA8 (Chandelier)",0.274603620874903,3.4312749648973,1.59368197251153,0.208629061406395,0.999998866570966,0.999994427475806,"ya_adult_cogact_freq"
"3127","NRSN1","Inh PVALB CA8 (Chandelier)",-0.0515976313657019,6.8023177284419,1.06010068285956,0.30473877360342,0.999998866570966,0.999994427475806,"ya_adult_cogact_freq"
"3128","MRS2","Inh PVALB CA8 (Chandelier)",0.0128814857782166,5.9155605206199,0.0685109386244267,0.947300281723157,0.999998866570966,0.999994427475806,"ya_adult_cogact_freq"
"3129","GPLD1","Inh PVALB CA8 (Chandelier)",-0.0720342074302228,6.39707413773217,1.44724853374047,0.230738625008969,0.999998866570966,0.999994427475806,"ya_adult_cogact_freq"
"3130","ALDH5A1","Inh PVALB CA8 (Chandelier)",0.00224752187627459,6.13781529126709,0.00209694199286563,0.96353256536996,0.999998866570966,0.999994427475806,"ya_adult_cogact_freq"
"3131","KIAA0319","Inh PVALB CA8 (Chandelier)",0.00463033968725873,7.96124669145522,0.0139049286028805,0.906278910694279,0.999998866570966,0.999994427475806,"ya_adult_cogact_freq"
"3132","TDP2","Inh PVALB CA8 (Chandelier)",0.0799059722789435,5.2143901575137,1.89020824408257,0.26748635159906,0.999998866570966,0.999994427475806,"ya_adult_cogact_freq"
"3133","ACOT13","Inh PVALB CA8 (Chandelier)",-0.0286655697830056,4.42156318594078,0.106744324861866,0.769857120673198,0.999998866570966,0.999994427475806,"ya_adult_cogact_freq"
"3134","C6orf62","Inh PVALB CA8 (Chandelier)",0.019680216211076,5.54064222068001,0.124215659918759,0.784823759511111,0.999998866570966,0.999994427475806,"ya_adult_cogact_freq"
"3135","RIPOR2","Inh PVALB CA8 (Chandelier)",0.049209960880137,5.73630848439276,0.509867121039362,0.476231809295492,0.999998866570966,0.999994427475806,"ya_adult_cogact_freq"
"3136","CARMIL1","Inh PVALB CA8 (Chandelier)",0.273999745166165,3.87183482962875,3.99810291367537,0.0472360974035245,0.999998866570966,0.999994427475806,"ya_adult_cogact_freq"
"3137","HIST1H4C","Inh PVALB CA8 (Chandelier)",-0.053182065916582,4.0304260737121,0.145531256679806,0.703346681839371,0.999998866570966,0.999994427475806,"ya_adult_cogact_freq"
"3138","BTN2A1","Inh PVALB CA8 (Chandelier)",0.08724937642506,4.1327843004489,0.776981369963604,0.379381895021892,0.999998866570966,0.999994427475806,"ya_adult_cogact_freq"
"3139","ZNF322","Inh PVALB CA8 (Chandelier)",0.00740164631036626,4.15938819216478,0.00592293428537821,0.976861303131104,0.999998866570966,0.999994427475806,"ya_adult_cogact_freq"
"3140","ZSCAN16-AS1","Inh PVALB CA8 (Chandelier)",0.055385640381299,4.88513349558686,0.610095335776564,0.435900599456935,0.999998866570966,0.999994427475806,"ya_adult_cogact_freq"
"3141","ZKSCAN8","Inh PVALB CA8 (Chandelier)",0.0563676622400141,4.31050087681681,0.412832815779107,0.55690400900362,0.999998866570966,0.999994427475806,"ya_adult_cogact_freq"
"3142","PGBD1","Inh PVALB CA8 (Chandelier)",0.0175213492365806,5.19917378546707,0.0596485493385502,0.807363704772612,0.999998866570966,0.999994427475806,"ya_adult_cogact_freq"
"3143","ZSCAN31","Inh PVALB CA8 (Chandelier)",-0.208716635659833,3.68584054753773,1.73077070856321,0.190185585356136,0.999998866570966,0.999994427475806,"ya_adult_cogact_freq"
"3144","ZSCAN23","Inh PVALB CA8 (Chandelier)",-0.160238887054001,4.32130887896771,2.87809753654413,0.0917274442063448,0.999998866570966,0.999994427475806,"ya_adult_cogact_freq"
"3145","TRIM27","Inh PVALB CA8 (Chandelier)",-0.0382829483549839,4.30103977897367,0.192659368315416,0.661301744791039,0.999998866570966,0.999994427475806,"ya_adult_cogact_freq"
"3146","GABBR1","Inh PVALB CA8 (Chandelier)",-0.059755147703107,6.97186174671392,1.36077325596829,0.245131031547994,0.999998866570966,0.999994427475806,"ya_adult_cogact_freq"
"3147","HLA-A","Inh PVALB CA8 (Chandelier)",-0.271442248693772,4.45409111599737,4.24904729064163,0.0408826836197659,0.999998866570966,0.999994427475806,"ya_adult_cogact_freq"
"3148","PPP1R11","Inh PVALB CA8 (Chandelier)",-0.143531166385119,3.89210548739701,1.53790161966534,0.216737389009551,0.999998866570966,0.999994427475806,"ya_adult_cogact_freq"
"3149","TRIM26","Inh PVALB CA8 (Chandelier)",-0.0415829136897266,5.11167683305968,0.421457587597121,0.517137022923886,0.999998866570966,0.999994427475806,"ya_adult_cogact_freq"
"3150","HCG17","Inh PVALB CA8 (Chandelier)",0.0872435814858119,7.22909719831825,4.19713599801819,0.0421182765730213,0.999998866570966,0.999994427475806,"ya_adult_cogact_freq"
"3151","GNL1","Inh PVALB CA8 (Chandelier)",-0.0714905500981576,5.47213528324606,1.34831217815741,0.247294606421879,0.999998866570966,0.999994427475806,"ya_adult_cogact_freq"
"3152","PRR3","Inh PVALB CA8 (Chandelier)",0.0440814916381341,4.61849744548037,0.249777192704414,0.617915351314921,0.999998866570966,0.999994427475806,"ya_adult_cogact_freq"
"3153","ABCF1","Inh PVALB CA8 (Chandelier)",0.142550318924405,4.45527716337616,2.76147476881096,0.112217500715019,0.999998866570966,0.999994427475806,"ya_adult_cogact_freq"
"3154","PPP1R10","Inh PVALB CA8 (Chandelier)",-0.0314434132057361,5.15873920284557,0.196909438132549,0.657823766680058,0.999998866570966,0.999994427475806,"ya_adult_cogact_freq"
"3155","MRPS18B","Inh PVALB CA8 (Chandelier)",-0.0775033461321419,4.10279570314796,0.502985781447573,0.479218387289669,0.999998866570966,0.999994427475806,"ya_adult_cogact_freq"
"3156","ATAT1","Inh PVALB CA8 (Chandelier)",-0.0861031167695784,4.70749527546307,1.10309442872117,0.295164251828543,0.999998866570966,0.999994427475806,"ya_adult_cogact_freq"
"3157","C6orf136","Inh PVALB CA8 (Chandelier)",-0.0131061371448534,5.13644882530992,0.0320857700374488,0.858065094246365,0.999998866570966,0.999994427475806,"ya_adult_cogact_freq"
"3158","MDC1","Inh PVALB CA8 (Chandelier)",-0.0278211595511535,4.26525279406352,0.091482325111604,0.76269204813634,0.999998866570966,0.999994427475806,"ya_adult_cogact_freq"
"3159","TUBB","Inh PVALB CA8 (Chandelier)",-0.0375708129524927,5.55295047984674,0.239816720707467,0.625006086837985,0.999998866570966,0.999994427475806,"ya_adult_cogact_freq"
"3160","FLOT1","Inh PVALB CA8 (Chandelier)",-0.0761138709110069,6.0537722473386,1.77296857811371,0.18490003657415,0.999998866570966,0.999994427475806,"ya_adult_cogact_freq"
"3161","VARS2","Inh PVALB CA8 (Chandelier)",-0.0288361679980097,4.21555357432892,0.0807869117677138,0.77659959090095,0.999998866570966,0.999994427475806,"ya_adult_cogact_freq"
"3162","PRRC2A","Inh PVALB CA8 (Chandelier)",-0.0727398362776175,5.44794881347596,1.27437222997672,0.260629767563392,0.999998866570966,0.999994427475806,"ya_adult_cogact_freq"
"3163","BAG6","Inh PVALB CA8 (Chandelier)",-0.00522224632951231,4.22701256985321,0.00320475307815218,0.999952150694161,0.999998866570966,0.999994427475806,"ya_adult_cogact_freq"
"3164","HSPA1A","Inh PVALB CA8 (Chandelier)",-0.151531170511146,4.99138317518024,0.733100932697677,0.393154288151559,0.999998866570966,0.999994427475806,"ya_adult_cogact_freq"
"3165","HSPA1B","Inh PVALB CA8 (Chandelier)",0.149187405317685,3.63814025879724,0.603036894108574,0.438562692458615,0.999998866570966,0.999994427475806,"ya_adult_cogact_freq"
"3166","EHMT2","Inh PVALB CA8 (Chandelier)",0.00357504099031087,5.52726066785326,0.00371294798734072,0.951487485386216,0.999998866570966,0.999994427475806,"ya_adult_cogact_freq"
"3167","C2","Inh PVALB CA8 (Chandelier)",0.0682145879743145,3.8641848078938,0.309617755630632,0.57868853780951,0.999998866570966,0.999994427475806,"ya_adult_cogact_freq"
"3168","TNXB","Inh PVALB CA8 (Chandelier)",0.102173118795773,4.08691155275638,0.726185012316955,0.395390262013884,0.999998866570966,0.999994427475806,"ya_adult_cogact_freq"
"3169","ATF6B","Inh PVALB CA8 (Chandelier)",-0.0432929082840465,5.48963563124783,0.55612989641419,0.818315581060126,0.999998866570966,0.999994427475806,"ya_adult_cogact_freq"
"3170","PRRT1","Inh PVALB CA8 (Chandelier)",0.158150385353031,4.93118139740387,3.15434033830363,0.0776169044588566,0.999998866570966,0.999994427475806,"ya_adult_cogact_freq"
"3171","AGPAT1","Inh PVALB CA8 (Chandelier)",0.0150784838030738,4.53696507890092,0.0227378372439323,0.880329853604657,0.999998866570966,0.999994427475806,"ya_adult_cogact_freq"
"3172","BRD2","Inh PVALB CA8 (Chandelier)",-0.00965261233918365,5.41739825045394,0.0211839741796166,0.884461215474399,0.999998866570966,0.999994427475806,"ya_adult_cogact_freq"
"3173","RXRB","Inh PVALB CA8 (Chandelier)",-0.137572561860343,4.35181941299019,2.1942318945377,0.14048555816428,0.999998866570966,0.999994427475806,"ya_adult_cogact_freq"
"3174","RING1","Inh PVALB CA8 (Chandelier)",-0.0644328432276971,5.15880561034814,0.954678603702107,0.329999236094163,0.999998866570966,0.999994427475806,"ya_adult_cogact_freq"
"3175","VPS52","Inh PVALB CA8 (Chandelier)",0.0340895285283696,4.15933107019366,0.134090626690146,0.716946195797776,0.999998866570966,0.999994427475806,"ya_adult_cogact_freq"
"3176","RPS18","Inh PVALB CA8 (Chandelier)",-0.119930276793616,3.98135261625653,0.953087124173642,0.330401473776407,0.999998866570966,0.999994427475806,"ya_adult_cogact_freq"
"3177","RGL2","Inh PVALB CA8 (Chandelier)",-0.0415587388141263,4.47681383378181,0.19896766072368,0.65615559410074,0.999998866570966,0.999994427475806,"ya_adult_cogact_freq"
"3178","TAPBP","Inh PVALB CA8 (Chandelier)",0.042589150286289,5.28122398632959,0.443925565815912,0.669920004214789,0.999998866570966,0.999994427475806,"ya_adult_cogact_freq"
"3179","PHF1","Inh PVALB CA8 (Chandelier)",-0.0315672069470962,5.61793971927247,0.250736298198186,0.617241955581262,0.999998866570966,0.999994427475806,"ya_adult_cogact_freq"
"3180","CUTA","Inh PVALB CA8 (Chandelier)",-0.0623731879162016,4.21135618478049,0.298759213101315,0.585419148435944,0.999998866570966,0.999994427475806,"ya_adult_cogact_freq"
"3181","SYNGAP1","Inh PVALB CA8 (Chandelier)",-0.0386107232261474,5.49884073874638,0.417675180939909,0.519020884940731,0.999998866570966,0.999994427475806,"ya_adult_cogact_freq"
"3182","UQCC2","Inh PVALB CA8 (Chandelier)",-0.098115347446918,4.90484539846753,1.40790418697214,0.237155133695006,0.999998866570966,0.999994427475806,"ya_adult_cogact_freq"
"3183","LEMD2","Inh PVALB CA8 (Chandelier)",0.000191107228749941,5.03957066673133,7.216001451173e-06,0.99786000632944,0.999998866570966,0.999994427475806,"ya_adult_cogact_freq"
"3184","HMGA1","Inh PVALB CA8 (Chandelier)",0.0668903945405749,3.83887891102431,0.264242766077662,0.607926042659018,0.999998866570966,0.999994427475806,"ya_adult_cogact_freq"
"3185","SMIM29","Inh PVALB CA8 (Chandelier)",-0.183978502667294,4.45059479660198,3.34373211444446,0.0693146967467574,0.999998866570966,0.999994427475806,"ya_adult_cogact_freq"
"3186","NUDT3","Inh PVALB CA8 (Chandelier)",-0.022511540630275,6.41140676353659,0.136346429049102,0.71242640301985,0.999998866570966,0.999994427475806,"ya_adult_cogact_freq"
"3187","RPS10-NUDT3","Inh PVALB CA8 (Chandelier)",-0.127672694006277,4.2841044033374,1.64860771645244,0.200995925052305,0.999998866570966,0.999994427475806,"ya_adult_cogact_freq"
"3188","PACSIN1","Inh PVALB CA8 (Chandelier)",-0.0199280876335608,6.7821419300235,0.298052066650831,0.585862961491509,0.999998866570966,0.999994427475806,"ya_adult_cogact_freq"
"3189","C6orf106","Inh PVALB CA8 (Chandelier)",0.00586874209312271,5.69047327702645,0.0139948893214257,0.918724173334255,0.999998866570966,0.999994427475806,"ya_adult_cogact_freq"
"3190","UHRF1BP1","Inh PVALB CA8 (Chandelier)",-0.0315854088337232,6.70024697171527,0.56118269620426,0.454878807755894,0.999998866570966,0.999994427475806,"ya_adult_cogact_freq"
"3191","TAF11","Inh PVALB CA8 (Chandelier)",-0.0170718437554007,4.90293711478279,0.0576971901985381,0.895347199646226,0.999998866570966,0.999994427475806,"ya_adult_cogact_freq"
"3192","ANKS1A","Inh PVALB CA8 (Chandelier)",0.00613583946445121,8.55284739307392,0.0359331528059722,0.849892725622431,0.999998866570966,0.999994427475806,"ya_adult_cogact_freq"
"3193","SCUBE3","Inh PVALB CA8 (Chandelier)",-0.0243860981856105,6.5773949918978,0.147808932985114,0.701146153109902,0.999998866570966,0.999994427475806,"ya_adult_cogact_freq"
"3194","ZNF76","Inh PVALB CA8 (Chandelier)",-0.0285262159149518,5.3391021457922,0.235654058934171,0.794097440168194,0.999998866570966,0.999994427475806,"ya_adult_cogact_freq"
"3195","PPARD","Inh PVALB CA8 (Chandelier)",0.0132035775904998,4.59027684875373,0.0252081790751774,0.874048699630071,0.999998866570966,0.999994427475806,"ya_adult_cogact_freq"
"3196","RPL10A","Inh PVALB CA8 (Chandelier)",-0.194568253067537,4.44274183210087,2.51560492046424,0.114689362081685,0.999998866570966,0.999994427475806,"ya_adult_cogact_freq"
"3197","SRPK1","Inh PVALB CA8 (Chandelier)",-0.0532698979342673,6.46108100284826,1.51311055313761,0.220462030849204,0.999998866570966,0.999994427475806,"ya_adult_cogact_freq"
"3198","MAPK14","Inh PVALB CA8 (Chandelier)",0.00541340296987783,6.62760756421728,0.0171853095864327,0.895865839787832,0.999998866570966,0.999994427475806,"ya_adult_cogact_freq"
"3199","Z84485.1","Inh PVALB CA8 (Chandelier)",0.0386035846915648,4.32220614835659,0.128147455434438,0.720830183400826,0.999998866570966,0.999994427475806,"ya_adult_cogact_freq"
"3200","BRPF3","Inh PVALB CA8 (Chandelier)",-0.137708728415235,4.16322948161476,1.85102971089233,0.175568134899336,0.999998866570966,0.999994427475806,"ya_adult_cogact_freq"
"3201","KCTD20","Inh PVALB CA8 (Chandelier)",-0.0462978795638337,4.92192128772155,0.451395393520085,0.502637399917186,0.999998866570966,0.999994427475806,"ya_adult_cogact_freq"
"3202","STK38","Inh PVALB CA8 (Chandelier)",-0.0341739960280045,5.4878925261243,0.358034234453912,0.606107929841864,0.999998866570966,0.999994427475806,"ya_adult_cogact_freq"
"3203","SRSF3","Inh PVALB CA8 (Chandelier)",0.0298983472408367,5.06021779482081,0.2164131438879,0.857572883642718,0.999998866570966,0.999994427475806,"ya_adult_cogact_freq"
"3204","C6orf89","Inh PVALB CA8 (Chandelier)",-0.0241315916362395,5.64469784892925,0.222760171247511,0.63758478852075,0.999998866570966,0.999994427475806,"ya_adult_cogact_freq"
"3205","MTCH1","Inh PVALB CA8 (Chandelier)",-0.0576562854251299,5.97012726590361,0.634928833222959,0.426728322087404,0.999998866570966,0.999994427475806,"ya_adult_cogact_freq"
"3206","TBC1D22B","Inh PVALB CA8 (Chandelier)",-0.0185772215651304,4.96880664987873,0.0847538054990114,0.771330928832042,0.999998866570966,0.999994427475806,"ya_adult_cogact_freq"
"3207","RNF8","Inh PVALB CA8 (Chandelier)",0.0243699796870731,5.1038490520981,0.149776671655955,0.699260690551375,0.999998866570966,0.999994427475806,"ya_adult_cogact_freq"
"3208","CMTR1","Inh PVALB CA8 (Chandelier)",-0.0333631294489583,4.46840697921585,0.18740919641945,0.702750728182904,0.999998866570966,0.999994427475806,"ya_adult_cogact_freq"
"3209","ZFAND3","Inh PVALB CA8 (Chandelier)",-0.00826788978599959,8.6270406061157,0.0782791583862398,0.780002783233046,0.999998866570966,0.999994427475806,"ya_adult_cogact_freq"
"3210","BTBD9","Inh PVALB CA8 (Chandelier)",0.0108161821468791,8.06246156356491,0.0590256525298159,0.808352318349486,0.999998866570966,0.999994427475806,"ya_adult_cogact_freq"
"3211","GLO1","Inh PVALB CA8 (Chandelier)",-0.119669400399235,5.06580736206167,3.48500156970917,0.0637483327440532,0.999998866570966,0.999994427475806,"ya_adult_cogact_freq"
"3212","KIF6","Inh PVALB CA8 (Chandelier)",-0.0474219407164247,4.47868976379234,0.111177600162443,0.739241896031602,0.999998866570966,0.999994427475806,"ya_adult_cogact_freq"
"3213","TFEB","Inh PVALB CA8 (Chandelier)",0.13757895487184,4.13543405951941,1.87759062072777,0.17251866901226,0.999998866570966,0.999994427475806,"ya_adult_cogact_freq"
"3214","USP49","Inh PVALB CA8 (Chandelier)",0.0203109299677262,6.09262615379639,0.174988081025975,0.676274522872557,0.999998866570966,0.999994427475806,"ya_adult_cogact_freq"
"3215","CCND3","Inh PVALB CA8 (Chandelier)",0.0222193631778539,4.65058090956685,0.0794256802449219,0.959002500755297,0.999998866570966,0.999994427475806,"ya_adult_cogact_freq"
"3216","TAF8","Inh PVALB CA8 (Chandelier)",-0.0253699414118002,4.07955794614443,0.058711902712027,0.808852371000642,0.999998866570966,0.999994427475806,"ya_adult_cogact_freq"
"3217","MRPS10","Inh PVALB CA8 (Chandelier)",0.0674840572585068,3.90061597728213,0.312846859298062,0.576716849343398,0.999998866570966,0.999994427475806,"ya_adult_cogact_freq"
"3218","TRERF1","Inh PVALB CA8 (Chandelier)",0.00310894323444955,8.20655319268007,0.00691436237590179,0.933833612269344,0.999998866570966,0.999994427475806,"ya_adult_cogact_freq"
"3219","UBR2","Inh PVALB CA8 (Chandelier)",-0.0552660899526643,7.43498829584102,2.24685383368709,0.135847465172207,0.999998866570966,0.999994427475806,"ya_adult_cogact_freq"
"3220","BICRAL","Inh PVALB CA8 (Chandelier)",0.0870224801869384,7.43832412467276,4.62639254021333,0.0329775362405881,0.999998866570966,0.999994427475806,"ya_adult_cogact_freq"
"3221","RPL7L1","Inh PVALB CA8 (Chandelier)",-0.00971173280204785,5.36937677737262,0.0177967495289612,0.894040364036195,0.999998866570966,0.999994427475806,"ya_adult_cogact_freq"
"3222","AL035587.1","Inh PVALB CA8 (Chandelier)",-0.0249882821046355,4.79476631607223,0.101969983594115,0.749892820321968,0.999998866570966,0.999994427475806,"ya_adult_cogact_freq"
"3223","PEX6","Inh PVALB CA8 (Chandelier)",-0.0587026971581215,5.15612626818058,0.828348645890273,0.364113011162535,0.999998866570966,0.999994427475806,"ya_adult_cogact_freq"
"3224","PPP2R5D","Inh PVALB CA8 (Chandelier)",-0.0285957907164542,4.53176582215479,0.128523613275398,0.907367528614766,0.999998866570966,0.999994427475806,"ya_adult_cogact_freq"
"3225","KLHDC3","Inh PVALB CA8 (Chandelier)",-0.0378110084563284,5.07900933865192,0.248521238538205,0.618799616847755,0.999998866570966,0.999994427475806,"ya_adult_cogact_freq"
"3226","RRP36","Inh PVALB CA8 (Chandelier)",-0.0643770514840356,4.56944394934022,0.72406733769529,0.396078605180832,0.999998866570966,0.999994427475806,"ya_adult_cogact_freq"
"3227","KLC4","Inh PVALB CA8 (Chandelier)",-0.0782821829282538,5.33715161316084,1.53047110792724,0.217845767475726,0.999998866570966,0.999994427475806,"ya_adult_cogact_freq"
"3228","PTK7","Inh PVALB CA8 (Chandelier)",-0.0252048747111471,4.3892799270065,0.0867159862404049,0.768774259636859,0.999998866570966,0.999994427475806,"ya_adult_cogact_freq"
"3229","CUL9","Inh PVALB CA8 (Chandelier)",0.155373568437496,4.54230371996475,4.56030192944085,0.0356608911034304,0.999998866570966,0.999994427475806,"ya_adult_cogact_freq"
"3230","TTBK1","Inh PVALB CA8 (Chandelier)",0.039039582930499,5.10734980617617,0.421466387424931,0.51713265412957,0.999998866570966,0.999994427475806,"ya_adult_cogact_freq"
"3231","ZNF318","Inh PVALB CA8 (Chandelier)",-0.0326611195216504,5.74975393032139,0.415750630485423,0.519984076813222,0.999998866570966,0.999994427475806,"ya_adult_cogact_freq"
"3232","ABCC10","Inh PVALB CA8 (Chandelier)",-0.0625729457783696,5.01738792170262,0.995003180596756,0.493232296944036,0.999998866570966,0.999994427475806,"ya_adult_cogact_freq"
"3233","TJAP1","Inh PVALB CA8 (Chandelier)",-0.0916750658484843,4.12512247030722,0.864172282784402,0.35396747281057,0.999998866570966,0.999994427475806,"ya_adult_cogact_freq"
"3234","POLR1C","Inh PVALB CA8 (Chandelier)",-0.0246906335286242,4.39041981150013,0.0782174834437467,0.780087216388998,0.999998866570966,0.999994427475806,"ya_adult_cogact_freq"
"3235","YIPF3","Inh PVALB CA8 (Chandelier)",0.00618448601460536,4.38148864627066,0.00357716205000576,0.952381737381129,0.999998866570966,0.999994427475806,"ya_adult_cogact_freq"
"3236","XPO5","Inh PVALB CA8 (Chandelier)",-0.0770760716136373,5.62515353638995,2.11001316587117,0.148287048932717,0.999998866570966,0.999994427475806,"ya_adult_cogact_freq"
"3237","POLH","Inh PVALB CA8 (Chandelier)",0.0644059225115645,4.13877972359658,0.423127452789601,0.516309155797631,0.999998866570966,0.999994427475806,"ya_adult_cogact_freq"
"3238","VEGFA","Inh PVALB CA8 (Chandelier)",0.13911918474466,4.44048177127995,1.24988958606424,0.265241422712167,0.999998866570966,0.999994427475806,"ya_adult_cogact_freq"
"3239","TMEM63B","Inh PVALB CA8 (Chandelier)",-0.0178886544858542,5.95223662949804,0.145723233902637,0.703160448138394,0.999998866570966,0.999994427475806,"ya_adult_cogact_freq"
"3240","SLC29A1","Inh PVALB CA8 (Chandelier)",-0.0593663376031228,5.22444693295203,0.785318382724505,0.37684317773726,0.999998866570966,0.999994427475806,"ya_adult_cogact_freq"
"3241","HSP90AB1","Inh PVALB CA8 (Chandelier)",0.00504797024851042,8.10177337424812,0.00459067550175542,0.94606523872869,0.999998866570966,0.999994427475806,"ya_adult_cogact_freq"
"3242","AARS2","Inh PVALB CA8 (Chandelier)",-0.0940722014780995,3.88256040826044,0.648511778954071,0.421834706489245,0.999998866570966,0.999994427475806,"ya_adult_cogact_freq"
"3243","CDC5L","Inh PVALB CA8 (Chandelier)",-0.00935931920577276,6.66398341774871,0.0633049839253441,0.815689164357608,0.999998866570966,0.999994427475806,"ya_adult_cogact_freq"
"3244","SUPT3H","Inh PVALB CA8 (Chandelier)",0.0241475993528439,9.37848293148841,0.488938969430338,0.485411422854165,0.999998866570966,0.999994427475806,"ya_adult_cogact_freq"
"3245","RUNX2","Inh PVALB CA8 (Chandelier)",0.0429627881918176,7.94716097759777,0.612989236172519,0.434816327377923,0.999998866570966,0.999994427475806,"ya_adult_cogact_freq"
"3246","AL096865.1","Inh PVALB CA8 (Chandelier)",0.0830445992833798,4.12394044887953,0.601327624480998,0.439211105430186,0.999998866570966,0.999994427475806,"ya_adult_cogact_freq"
"3247","CLIC5","Inh PVALB CA8 (Chandelier)",-0.246443302122813,3.54639444815019,2.06257874984344,0.152897551948067,0.999998866570966,0.999994427475806,"ya_adult_cogact_freq"
"3248","ENPP4","Inh PVALB CA8 (Chandelier)",-0.0145946573283653,4.11982704622566,0.0191350668287273,0.890153081106838,0.999998866570966,0.999994427475806,"ya_adult_cogact_freq"
"3249","RCAN2","Inh PVALB CA8 (Chandelier)",0.0593592099484884,8.22853699086904,3.16616347081693,0.0770682508069309,0.999998866570966,0.999994427475806,"ya_adult_cogact_freq"
"3250","CYP39A1","Inh PVALB CA8 (Chandelier)",-0.107503773818677,3.15730007782332,0.14267719848908,0.706132114574954,0.999998866570966,0.999994427475806,"ya_adult_cogact_freq"
"3251","SLC25A27","Inh PVALB CA8 (Chandelier)",-0.0352272930359256,6.54725461041052,0.721163438462402,0.397025336660114,0.999998866570966,0.999994427475806,"ya_adult_cogact_freq"
"3252","TDRD6","Inh PVALB CA8 (Chandelier)",-0.00398804169737572,4.797890687256,0.00210296540537283,0.963480263918827,0.999998866570966,0.999994427475806,"ya_adult_cogact_freq"
"3253","TNFRSF21","Inh PVALB CA8 (Chandelier)",-0.108921300679167,5.0833754643531,2.35492762135217,0.126853338279956,0.999998866570966,0.999994427475806,"ya_adult_cogact_freq"
"3254","CD2AP","Inh PVALB CA8 (Chandelier)",-0.0336841615869581,5.8897168793158,0.462293013415531,0.497532173881329,0.999998866570966,0.999994427475806,"ya_adult_cogact_freq"
"3255","PTCHD4","Inh PVALB CA8 (Chandelier)",0.0209772539935123,8.97878718749886,0.245939500127717,0.620626118038654,0.999998866570966,0.999994427475806,"ya_adult_cogact_freq"
"3256","MUT","Inh PVALB CA8 (Chandelier)",-0.0488865234372193,4.54794720680332,0.501398101319095,0.516990180517793,0.999998866570966,0.999994427475806,"ya_adult_cogact_freq"
"3257","EFHC1","Inh PVALB CA8 (Chandelier)",-0.00852036755330874,5.60979191864812,0.0213522729395253,0.884006431482593,0.999998866570966,0.999994427475806,"ya_adult_cogact_freq"
"3258","TMEM14A","Inh PVALB CA8 (Chandelier)",-0.0789823084390972,5.01114343477206,1.04021194350261,0.309304546037266,0.999998866570966,0.999994427475806,"ya_adult_cogact_freq"
"3259","GSTA4","Inh PVALB CA8 (Chandelier)",-0.0282586202768732,6.74742591965353,0.461419444538122,0.497938157554701,0.999998866570966,0.999994427475806,"ya_adult_cogact_freq"
"3260","ICK","Inh PVALB CA8 (Chandelier)",0.0978769179608983,5.18437813848443,1.95002821332781,0.164508840352699,0.999998866570966,0.999994427475806,"ya_adult_cogact_freq"
"3261","FBXO9","Inh PVALB CA8 (Chandelier)",-0.0244064085703744,5.96721816786882,0.275661012710142,0.600282657325401,0.999998866570966,0.999994427475806,"ya_adult_cogact_freq"
"3262","ELOVL5","Inh PVALB CA8 (Chandelier)",0.00213608828616693,5.65002199091092,0.000782754969942899,0.977714590523723,0.999998866570966,0.999994427475806,"ya_adult_cogact_freq"
"3263","GCLC","Inh PVALB CA8 (Chandelier)",0.0123228591167366,5.56502339387509,0.050306299260791,0.947958001937775,0.999998866570966,0.999994427475806,"ya_adult_cogact_freq"
"3264","HMGCLL1","Inh PVALB CA8 (Chandelier)",0.044064092180353,6.86151915239339,0.652107874427277,0.420553256477354,0.999998866570966,0.999994427475806,"ya_adult_cogact_freq"
"3265","COL21A1","Inh PVALB CA8 (Chandelier)",-0.00358014615910033,8.03483816503803,0.00594023341544089,0.938661380432745,0.999998866570966,0.999994427475806,"ya_adult_cogact_freq"
"3266","DST","Inh PVALB CA8 (Chandelier)",0.0805368075775846,9.58654389142253,8.42855604438152,0.00421302816252679,0.999998866570966,0.999994427475806,"ya_adult_cogact_freq"
"3267","AL512422.1","Inh PVALB CA8 (Chandelier)",-0.273203464049428,3.66133376283116,3.42665417689429,0.0659866306990789,0.999998866570966,0.999994427475806,"ya_adult_cogact_freq"
"3268","BEND6","Inh PVALB CA8 (Chandelier)",0.0418135991331856,7.36926921707053,1.69284081994467,0.195088575449157,0.999998866570966,0.999994427475806,"ya_adult_cogact_freq"
"3269","KIAA1586","Inh PVALB CA8 (Chandelier)",0.0252080798258799,4.84661873007397,0.134413213439106,0.714381522520374,0.999998866570966,0.999994427475806,"ya_adult_cogact_freq"
"3270","ZNF451","Inh PVALB CA8 (Chandelier)",-0.00723316528666844,6.85083932478889,0.030415896701014,0.8617693370684,0.999998866570966,0.999994427475806,"ya_adult_cogact_freq"
"3271","ZNF451-AS1","Inh PVALB CA8 (Chandelier)",-0.283507427979272,3.57864269358742,3.13654400398984,0.0784507612403757,0.999998866570966,0.999994427475806,"ya_adult_cogact_freq"
"3272","BAG2","Inh PVALB CA8 (Chandelier)",-0.0962588449891611,4.77230172460372,1.09998354964644,0.295843854286528,0.999998866570966,0.999994427475806,"ya_adult_cogact_freq"
"3273","RAB23","Inh PVALB CA8 (Chandelier)",-0.113191909216897,4.15443196562777,1.27588929797051,0.260347313320309,0.999998866570966,0.999994427475806,"ya_adult_cogact_freq"
"3274","PRIM2","Inh PVALB CA8 (Chandelier)",-0.0508605646090072,5.44907795085515,0.509360888887934,0.476450479833883,0.999998866570966,0.999994427475806,"ya_adult_cogact_freq"
"3275","AL021368.2","Inh PVALB CA8 (Chandelier)",0.0962701299816521,4.13250221177172,1.07239042233877,0.301961304402118,0.999998866570966,0.999994427475806,"ya_adult_cogact_freq"
"3276","AL445250.1","Inh PVALB CA8 (Chandelier)",-0.0682991998905209,4.64621626994534,0.319997612024523,0.572397762360492,0.999998866570966,0.999994427475806,"ya_adult_cogact_freq"
"3277","KHDRBS2","Inh PVALB CA8 (Chandelier)",0.0777370676898779,9.62114075378555,3.27241272173608,0.0723223421011109,0.999998866570966,0.999994427475806,"ya_adult_cogact_freq"
"3278","PTP4A1","Inh PVALB CA8 (Chandelier)",0.0502148760314099,3.93114014328984,0.169134781138196,0.681429615026206,0.999998866570966,0.999994427475806,"ya_adult_cogact_freq"
"3279","PHF3","Inh PVALB CA8 (Chandelier)",0.0749457036646803,7.11221914203735,3.21148018026708,0.0750039895761041,0.999998866570966,0.999994427475806,"ya_adult_cogact_freq"
"3280","EYS","Inh PVALB CA8 (Chandelier)",0.0815751216661071,6.31843208885071,0.871249630165014,0.352009367293149,0.999998866570966,0.999994427475806,"ya_adult_cogact_freq"
"3281","AL391807.1","Inh PVALB CA8 (Chandelier)",-0.120614315648819,6.99111879988893,2.65585420074708,0.105127135855827,0.999998866570966,0.999994427475806,"ya_adult_cogact_freq"
"3282","ADGRB3","Inh PVALB CA8 (Chandelier)",0.041674380401882,12.4250022614687,1.44575902466843,0.230977666570078,0.999998866570966,0.999994427475806,"ya_adult_cogact_freq"
"3283","LMBRD1","Inh PVALB CA8 (Chandelier)",-0.00558738332715411,7.23623619473157,0.0232131215707717,0.87909520867625,0.999998866570966,0.999994427475806,"ya_adult_cogact_freq"
"3284","COL19A1","Inh PVALB CA8 (Chandelier)",0.179851805497163,6.05269716906021,4.89325384651727,0.0283718068771739,0.999998866570966,0.999994427475806,"ya_adult_cogact_freq"
"3285","COL9A1","Inh PVALB CA8 (Chandelier)",0.114285602780098,3.94750983624676,0.760783431427148,0.384384267798833,0.999998866570966,0.999994427475806,"ya_adult_cogact_freq"
"3286","FAM135A","Inh PVALB CA8 (Chandelier)",0.0300338325761249,8.1965190157037,0.890361514349768,0.346795246471177,0.999998866570966,0.999994427475806,"ya_adult_cogact_freq"
"3287","SDHAF4","Inh PVALB CA8 (Chandelier)",0.00797664983196281,4.14280057163399,0.00703250159380896,0.93327206569067,0.999998866570966,0.999994427475806,"ya_adult_cogact_freq"
"3288","SMAP1","Inh PVALB CA8 (Chandelier)",-0.0401421866878125,7.40428535183435,1.61672946657244,0.205384869463495,0.999998866570966,0.999994427475806,"ya_adult_cogact_freq"
"3289","B3GAT2","Inh PVALB CA8 (Chandelier)",0.0692649822798773,7.20241794475088,1.68807593387508,0.195714975894626,0.999998866570966,0.999994427475806,"ya_adult_cogact_freq"
"3290","OGFRL1","Inh PVALB CA8 (Chandelier)",0.0965401261068524,5.73035368161445,2.55174505356322,0.112136210584159,0.999998866570966,0.999994427475806,"ya_adult_cogact_freq"
"3291","AL136164.2","Inh PVALB CA8 (Chandelier)",0.0995987850438975,4.10010039466635,0.416740374784453,0.519488339289056,0.999998866570966,0.999994427475806,"ya_adult_cogact_freq"
"3292","RIMS1","Inh PVALB CA8 (Chandelier)",0.0401141547170619,9.02349947472128,1.40597227224946,0.237475767612295,0.999998866570966,0.999994427475806,"ya_adult_cogact_freq"
"3293","KCNQ5","Inh PVALB CA8 (Chandelier)",0.0512295858376148,11.3400585273015,1.31411126648998,0.253355011760835,0.999998866570966,0.999994427475806,"ya_adult_cogact_freq"
"3294","KHDC1","Inh PVALB CA8 (Chandelier)",-0.0715198657769479,4.99465233238072,1.1405138000778,0.287144797849852,0.999998866570966,0.999994427475806,"ya_adult_cogact_freq"
"3295","AC019205.1","Inh PVALB CA8 (Chandelier)",-0.0419192291154643,5.86984081441479,0.707829570111905,0.461410183845426,0.999998866570966,0.999994427475806,"ya_adult_cogact_freq"
"3296","OOEP","Inh PVALB CA8 (Chandelier)",-0.315265207671181,3.73997398298981,4.14811341998795,0.0433215508380783,0.999998866570966,0.999994427475806,"ya_adult_cogact_freq"
"3297","MTO1","Inh PVALB CA8 (Chandelier)",0.0189776725052265,4.75658638560651,0.0731453663212149,0.787157896478951,0.999998866570966,0.999994427475806,"ya_adult_cogact_freq"
"3298","EEF1A1","Inh PVALB CA8 (Chandelier)",-0.0955243171446896,5.85437365284726,0.981261184785701,0.323376220909941,0.999998866570966,0.999994427475806,"ya_adult_cogact_freq"
"3299","SLC17A5","Inh PVALB CA8 (Chandelier)",-0.00430292260548446,6.26496708400045,0.00761668664240227,0.930562624026788,0.999998866570966,0.999994427475806,"ya_adult_cogact_freq"
"3300","COL12A1","Inh PVALB CA8 (Chandelier)",0.0151667784356125,7.70168858100716,0.093666856107613,0.759962231126137,0.999998866570966,0.999994427475806,"ya_adult_cogact_freq"
"3301","COX7A2","Inh PVALB CA8 (Chandelier)",-0.0308228211850472,4.74580822369725,0.10316036515101,0.748486708802681,0.999998866570966,0.999994427475806,"ya_adult_cogact_freq"
"3302","TMEM30A","Inh PVALB CA8 (Chandelier)",-0.0417779652614663,5.67670999262228,0.598558655591869,0.440264657055919,0.999998866570966,0.999994427475806,"ya_adult_cogact_freq"
"3303","SENP6","Inh PVALB CA8 (Chandelier)",-0.00303147119340249,7.79223802371302,0.0103438623061886,0.919117747029137,0.999998866570966,0.999994427475806,"ya_adult_cogact_freq"
"3304","MYO6","Inh PVALB CA8 (Chandelier)",0.0287679039821166,7.05570601738305,0.608759609365967,0.436402461566872,0.999998866570966,0.999994427475806,"ya_adult_cogact_freq"
"3305","IRAK1BP1","Inh PVALB CA8 (Chandelier)",-0.00335156737745433,6.91117891329058,0.00358946865075549,0.95229999495352,0.999998866570966,0.999994427475806,"ya_adult_cogact_freq"
"3306","PHIP","Inh PVALB CA8 (Chandelier)",0.0509342409918819,7.54354040991647,2.28416269819255,0.171039428773357,0.999998866570966,0.999994427475806,"ya_adult_cogact_freq"
"3307","HMGN3","Inh PVALB CA8 (Chandelier)",-0.0637224870404672,6.76282893858147,1.6024324390666,0.207390199933862,0.999998866570966,0.999994427475806,"ya_adult_cogact_freq"
"3308","LCA5","Inh PVALB CA8 (Chandelier)",-0.0522255586614007,4.54748005256075,0.36359307256737,0.547367172798002,0.999998866570966,0.999994427475806,"ya_adult_cogact_freq"
"3309","SH3BGRL2","Inh PVALB CA8 (Chandelier)",0.0529022396451225,5.44392920087621,0.865829901467497,0.353507516283565,0.999998866570966,0.999994427475806,"ya_adult_cogact_freq"
"3310","ELOVL4","Inh PVALB CA8 (Chandelier)",0.0317618030997631,5.6033883097551,0.392014489271542,0.646544633513154,0.999998866570966,0.999994427475806,"ya_adult_cogact_freq"
"3311","BCKDHB","Inh PVALB CA8 (Chandelier)",0.0148920586902506,5.99818413978934,0.0617161257970091,0.80412086796629,0.999998866570966,0.999994427475806,"ya_adult_cogact_freq"
"3312","IBTK","Inh PVALB CA8 (Chandelier)",-0.00588916751588558,7.10088793368834,0.0295205406801145,0.863798724586943,0.999998866570966,0.999994427475806,"ya_adult_cogact_freq"
"3313","UBE3D","Inh PVALB CA8 (Chandelier)",0.0305862239113477,6.54255807034892,0.437094046607262,0.50947473729896,0.999998866570966,0.999994427475806,"ya_adult_cogact_freq"
"3314","DOPEY1","Inh PVALB CA8 (Chandelier)",0.0342968320904445,7.35014258570321,0.991065861572483,0.320978052543489,0.999998866570966,0.999994427475806,"ya_adult_cogact_freq"
"3315","PGM3","Inh PVALB CA8 (Chandelier)",0.0604024350735359,4.9899331762241,0.768081661632664,0.382118821870226,0.999998866570966,0.999994427475806,"ya_adult_cogact_freq"
"3316","ME1","Inh PVALB CA8 (Chandelier)",0.0365526392565575,6.30784335811163,0.420306672656892,0.517708970359026,0.999998866570966,0.999994427475806,"ya_adult_cogact_freq"
"3317","SNAP91","Inh PVALB CA8 (Chandelier)",0.032769560695082,8.51578267559604,0.940962879283228,0.333487481791303,0.999998866570966,0.999994427475806,"ya_adult_cogact_freq"
"3318","RIPPLY2","Inh PVALB CA8 (Chandelier)",-0.168208326956867,3.75756381460597,1.85367216109614,0.175261967435821,0.999998866570966,0.999994427475806,"ya_adult_cogact_freq"
"3319","CYB5R4","Inh PVALB CA8 (Chandelier)",-0.051088683574538,6.02521657237183,0.978181027937904,0.324134517595266,0.999998866570966,0.999994427475806,"ya_adult_cogact_freq"
"3320","MRAP2","Inh PVALB CA8 (Chandelier)",0.222230931419692,3.75049619496453,2.17631587135407,0.142105372586463,0.999998866570966,0.999994427475806,"ya_adult_cogact_freq"
"3321","CEP162","Inh PVALB CA8 (Chandelier)",0.0420124154482757,5.28172896900141,0.32860264496433,0.567284028514977,0.999998866570966,0.999994427475806,"ya_adult_cogact_freq"
"3322","SNX14","Inh PVALB CA8 (Chandelier)",0.0569566251395894,6.61494602878972,2.15330308586777,0.1442171596081,0.999998866570966,0.999994427475806,"ya_adult_cogact_freq"
"3323","SYNCRIP","Inh PVALB CA8 (Chandelier)",-0.0278497599411903,4.34690964230075,0.104860847653689,0.746493498130701,0.999998866570966,0.999994427475806,"ya_adult_cogact_freq"
"3324","HTR1E","Inh PVALB CA8 (Chandelier)",0.0114238771481919,7.10704085909597,0.0356931284758695,0.85038891238396,0.999998866570966,0.999994427475806,"ya_adult_cogact_freq"
"3325","ZNF292","Inh PVALB CA8 (Chandelier)",0.02424286041253,8.15995704694621,0.770400148649308,0.381403120778067,0.999998866570966,0.999994427475806,"ya_adult_cogact_freq"
"3326","SMIM8","Inh PVALB CA8 (Chandelier)",0.0111393433223768,5.48552475379107,0.0352781532640482,0.851250857787735,0.999998866570966,0.999994427475806,"ya_adult_cogact_freq"
"3327","SLC35A1","Inh PVALB CA8 (Chandelier)",0.0370457686295453,4.22663184646965,0.145940647798739,0.702949708524778,0.999998866570966,0.999994427475806,"ya_adult_cogact_freq"
"3328","RARS2","Inh PVALB CA8 (Chandelier)",-0.00179613945764481,5.58843236421867,0.00111519889335106,0.973401346208742,0.999998866570966,0.999994427475806,"ya_adult_cogact_freq"
"3329","ORC3","Inh PVALB CA8 (Chandelier)",-0.0105884403150489,6.37070969191585,0.0476826858208949,0.827422726065506,0.999998866570966,0.999994427475806,"ya_adult_cogact_freq"
"3330","AKIRIN2","Inh PVALB CA8 (Chandelier)",-0.142587421094684,4.22818436090383,2.69209363765615,0.102802268188576,0.999998866570966,0.999994427475806,"ya_adult_cogact_freq"
"3331","CNR1","Inh PVALB CA8 (Chandelier)",0.0356209479470208,5.55063440762899,0.251204304227572,0.616913949941074,0.999998866570966,0.999994427475806,"ya_adult_cogact_freq"
"3332","RNGTT","Inh PVALB CA8 (Chandelier)",0.0752936902436134,6.73925423098865,3.81564720226787,0.0525119563190288,0.999998866570966,0.999994427475806,"ya_adult_cogact_freq"
"3333","PNRC1","Inh PVALB CA8 (Chandelier)",-0.0628898086926316,4.71438361684031,0.444571384270974,0.505880051928045,0.999998866570966,0.999994427475806,"ya_adult_cogact_freq"
"3334","SRSF12","Inh PVALB CA8 (Chandelier)",0.0394782272925686,4.63225141233387,0.241675859316874,0.639819009325717,0.999998866570966,0.999994427475806,"ya_adult_cogact_freq"
"3335","PM20D2","Inh PVALB CA8 (Chandelier)",0.0874145504701738,4.70915694485294,1.44120155825279,0.231710935291588,0.999998866570966,0.999994427475806,"ya_adult_cogact_freq"
"3336","UBE2J1","Inh PVALB CA8 (Chandelier)",-0.0760047960670499,5.06120444036351,1.23932430782172,0.267263068342356,0.999998866570966,0.999994427475806,"ya_adult_cogact_freq"
"3337","RRAGD","Inh PVALB CA8 (Chandelier)",0.00188087595161206,4.89789564202818,0.000686629916136703,0.979127423449611,0.999998866570966,0.999994427475806,"ya_adult_cogact_freq"
"3338","ANKRD6","Inh PVALB CA8 (Chandelier)",0.014693957654432,4.80464926228987,0.0313174370818233,0.859756803212207,0.999998866570966,0.999994427475806,"ya_adult_cogact_freq"
"3339","LYRM2","Inh PVALB CA8 (Chandelier)",-0.0346846082674204,5.01850249974983,0.257554781329234,0.612500557168985,0.999998866570966,0.999994427475806,"ya_adult_cogact_freq"
"3340","MDN1","Inh PVALB CA8 (Chandelier)",-0.0152600319623665,6.84205681495756,0.135432751272376,0.713348456895045,0.999998866570966,0.999994427475806,"ya_adult_cogact_freq"
"3341","CASP8AP2","Inh PVALB CA8 (Chandelier)",0.0336896657753992,5.89743357813437,0.283653465643577,0.595051909599176,0.999998866570966,0.999994427475806,"ya_adult_cogact_freq"
"3342","BACH2","Inh PVALB CA8 (Chandelier)",0.0114435842880529,7.3901380993977,0.0407677880757348,0.840242082644092,0.999998866570966,0.999994427475806,"ya_adult_cogact_freq"
"3343","MAP3K7","Inh PVALB CA8 (Chandelier)",-0.0130537507985871,5.87047779294362,0.0766052674262899,0.782307209366114,0.999998866570966,0.999994427475806,"ya_adult_cogact_freq"
"3344","EPHA7","Inh PVALB CA8 (Chandelier)",0.043389615038481,7.05606438395081,0.512679342617251,0.475020030318254,0.999998866570966,0.999994427475806,"ya_adult_cogact_freq"
"3345","MANEA","Inh PVALB CA8 (Chandelier)",-0.0346297211197633,4.14175555651214,0.120890499800999,0.728525473567537,0.999998866570966,0.999994427475806,"ya_adult_cogact_freq"
"3346","FUT9","Inh PVALB CA8 (Chandelier)",0.0685368786831679,9.42482051176138,3.19153911422816,0.0759048549689587,0.999998866570966,0.999994427475806,"ya_adult_cogact_freq"
"3347","UFL1-AS1","Inh PVALB CA8 (Chandelier)",0.188163534457704,4.28664553688944,2.40609748194278,0.122829709914302,0.999998866570966,0.999994427475806,"ya_adult_cogact_freq"
"3348","UFL1","Inh PVALB CA8 (Chandelier)",-0.0162942261463976,5.27824644950554,0.0649645150378144,0.799140483010869,0.999998866570966,0.999994427475806,"ya_adult_cogact_freq"
"3349","GPR63","Inh PVALB CA8 (Chandelier)",0.0964690676221294,4.17883071725882,0.713950604959675,0.399391140840011,0.999998866570966,0.999994427475806,"ya_adult_cogact_freq"
"3350","NDUFAF4","Inh PVALB CA8 (Chandelier)",-0.0201136532176255,4.93384342531908,0.0536349730337074,0.81714923485506,0.999998866570966,0.999994427475806,"ya_adult_cogact_freq"
"3351","KLHL32","Inh PVALB CA8 (Chandelier)",0.0389372268281768,7.00645050107682,1.00756740322789,0.316994759318638,0.999998866570966,0.999994427475806,"ya_adult_cogact_freq"
"3352","FBXL4","Inh PVALB CA8 (Chandelier)",-0.00848756364024415,5.95514468443365,0.0239879110551276,0.877109953873921,0.999998866570966,0.999994427475806,"ya_adult_cogact_freq"
"3353","FAXC","Inh PVALB CA8 (Chandelier)",-0.0244537704234819,6.17812516619382,0.240865942936616,0.624250623497272,0.999998866570966,0.999994427475806,"ya_adult_cogact_freq"
"3354","COQ3","Inh PVALB CA8 (Chandelier)",-0.0455494227816669,4.43187226549487,0.277493571748746,0.599074828195351,0.999998866570966,0.999994427475806,"ya_adult_cogact_freq"
"3355","PNISR","Inh PVALB CA8 (Chandelier)",0.0195184709066146,8.67763413512698,0.276288195341829,0.599868709055424,0.999998866570966,0.999994427475806,"ya_adult_cogact_freq"
"3356","USP45","Inh PVALB CA8 (Chandelier)",-0.0143196717333478,6.02689434824556,0.0624001928260451,0.80306069022514,0.999998866570966,0.999994427475806,"ya_adult_cogact_freq"
"3357","CCNC","Inh PVALB CA8 (Chandelier)",-0.0227559356651051,5.64669831912857,0.180311510637418,0.671673409276445,0.999998866570966,0.999994427475806,"ya_adult_cogact_freq"
"3358","ASCC3","Inh PVALB CA8 (Chandelier)",0.0125056032914015,7.70269100079024,0.138695161668176,0.710072149190376,0.999998866570966,0.999994427475806,"ya_adult_cogact_freq"
"3359","GRIK2","Inh PVALB CA8 (Chandelier)",0.011841835203908,10.830571456033,0.0785570117967742,0.779622845441319,0.999998866570966,0.999994427475806,"ya_adult_cogact_freq"
"3360","HACE1","Inh PVALB CA8 (Chandelier)",-0.0479057407051159,6.73041228300324,1.52549274639644,0.236932443664352,0.999998866570966,0.999994427475806,"ya_adult_cogact_freq"
"3361","LIN28B","Inh PVALB CA8 (Chandelier)",-0.043718406340599,4.29594866116326,0.125458495916087,0.723652239479722,0.999998866570966,0.999994427475806,"ya_adult_cogact_freq"
"3362","PREP","Inh PVALB CA8 (Chandelier)",0.0543262666067942,6.25648040188355,1.56373772427407,0.299602421586673,0.999998866570966,0.999994427475806,"ya_adult_cogact_freq"
"3363","ATG5","Inh PVALB CA8 (Chandelier)",-0.03181391320018,6.29266949602747,0.477423514668303,0.490588156337097,0.999998866570966,0.999994427475806,"ya_adult_cogact_freq"
"3364","RTN4IP1","Inh PVALB CA8 (Chandelier)",0.108034471403821,4.5982238595684,1.42481308654676,0.234371242096049,0.999998866570966,0.999994427475806,"ya_adult_cogact_freq"
"3365","QRSL1","Inh PVALB CA8 (Chandelier)",-0.0085301824576873,4.74463950404608,0.0128551375928541,0.927522286463396,0.999998866570966,0.999994427475806,"ya_adult_cogact_freq"
"3366","C6orf203","Inh PVALB CA8 (Chandelier)",-0.0767219770270975,4.78593876916861,1.27393035061337,0.260712110419549,0.999998866570966,0.999994427475806,"ya_adult_cogact_freq"
"3367","PDSS2","Inh PVALB CA8 (Chandelier)",0.0381304514076309,6.36964862734213,0.767404215149035,0.382328305855173,0.999998866570966,0.999994427475806,"ya_adult_cogact_freq"
"3368","SOBP","Inh PVALB CA8 (Chandelier)",-0.0301944390452941,8.23619310609638,0.863894928571495,0.354044513490194,0.999998866570966,0.999994427475806,"ya_adult_cogact_freq"
"3369","SEC63","Inh PVALB CA8 (Chandelier)",0.0211941220664041,6.06600694115983,0.193339533327255,0.660742081961981,0.999998866570966,0.999994427475806,"ya_adult_cogact_freq"
"3370","OSTM1","Inh PVALB CA8 (Chandelier)",-0.0537361846118861,4.82926334271987,0.460430750967475,0.498398323247673,0.999998866570966,0.999994427475806,"ya_adult_cogact_freq"
"3371","SNX3","Inh PVALB CA8 (Chandelier)",0.0328406670591747,5.50231534373832,0.192576582881434,0.661369943915172,0.999998866570966,0.999994427475806,"ya_adult_cogact_freq"
"3372","AFG1L","Inh PVALB CA8 (Chandelier)",-0.000325765421102858,5.87676309665075,3.41353271871926e-05,0.995345594069519,0.999998866570966,0.999994427475806,"ya_adult_cogact_freq"
"3373","FOXO3","Inh PVALB CA8 (Chandelier)",0.00157219177232913,7.19804077571103,0.00159267686326623,0.968215706829561,0.999998866570966,0.999994427475806,"ya_adult_cogact_freq"
"3374","ARMC2","Inh PVALB CA8 (Chandelier)",0.00184710561404731,6.5974037599885,0.00118270050138552,0.972608490463056,0.999998866570966,0.999994427475806,"ya_adult_cogact_freq"
"3375","SESN1","Inh PVALB CA8 (Chandelier)",0.0662148015957789,7.2085452830641,1.99723682838811,0.159519516118501,0.999998866570966,0.999994427475806,"ya_adult_cogact_freq"
"3376","CEP57L1","Inh PVALB CA8 (Chandelier)",0.0454251338376611,5.27507964646921,0.439845284833513,0.508146977407728,0.999998866570966,0.999994427475806,"ya_adult_cogact_freq"
"3377","CD164","Inh PVALB CA8 (Chandelier)",-0.32640214592573,4.18128137374537,13.8154555010329,0.000278026196106876,0.708518021345499,0.999994427475806,"ya_adult_cogact_freq"
"3378","PPIL6","Inh PVALB CA8 (Chandelier)",0.0981470722748089,4.36199838062484,0.912339467026891,0.340928503873959,0.999998866570966,0.999994427475806,"ya_adult_cogact_freq"
"3379","MICAL1","Inh PVALB CA8 (Chandelier)",0.0587247843675189,4.52798663137888,0.386115852563841,0.535228270418012,0.999998866570966,0.999994427475806,"ya_adult_cogact_freq"
"3380","AK9","Inh PVALB CA8 (Chandelier)",0.0303669838006028,5.71407922013088,0.189729567746675,0.663726053752455,0.999998866570966,0.999994427475806,"ya_adult_cogact_freq"
"3381","FIG4","Inh PVALB CA8 (Chandelier)",-0.0784118342770307,5.05416921733037,1.34656392511064,0.247600027600029,0.999998866570966,0.999994427475806,"ya_adult_cogact_freq"
"3382","WASF1","Inh PVALB CA8 (Chandelier)",-0.0165274284364572,5.76836034437829,0.110714173318071,0.866629054877347,0.999998866570966,0.999994427475806,"ya_adult_cogact_freq"
"3383","CDC40","Inh PVALB CA8 (Chandelier)",0.0158793692983999,5.06271522950595,0.0612605319369212,0.804830420412538,0.999998866570966,0.999994427475806,"ya_adult_cogact_freq"
"3384","METTL24","Inh PVALB CA8 (Chandelier)",0.00218913548351737,5.53643654292438,0.00094609316205029,0.975500187634336,0.999998866570966,0.999994427475806,"ya_adult_cogact_freq"
"3385","CDK19","Inh PVALB CA8 (Chandelier)",0.0050738841760472,6.03113451843344,0.00778990041062785,0.929779550244888,0.999998866570966,0.999994427475806,"ya_adult_cogact_freq"
"3386","AMD1","Inh PVALB CA8 (Chandelier)",0.0321441663206866,5.66587401131411,0.281173191002793,0.596664932620613,0.999998866570966,0.999994427475806,"ya_adult_cogact_freq"
"3387","RPF2","Inh PVALB CA8 (Chandelier)",-0.0509670317575269,4.35992627761456,0.338314932495298,0.561618178485016,0.999998866570966,0.999994427475806,"ya_adult_cogact_freq"
"3388","SLC16A10","Inh PVALB CA8 (Chandelier)",0.0930532580927885,6.11146867087832,2.60002896501612,0.108823126437699,0.999998866570966,0.999994427475806,"ya_adult_cogact_freq"
"3389","MFSD4B","Inh PVALB CA8 (Chandelier)",0.187375610341766,4.08309876875975,3.19701857040086,0.0756561491560212,0.999998866570966,0.999994427475806,"ya_adult_cogact_freq"
"3390","REV3L","Inh PVALB CA8 (Chandelier)",-0.00126260424087216,8.24391741304793,0.00196497865543027,0.964697900729922,0.999998866570966,0.999994427475806,"ya_adult_cogact_freq"
"3391","TRAF3IP2-AS1","Inh PVALB CA8 (Chandelier)",0.0251024226554515,8.52829905432948,0.506639188702155,0.477628958459688,0.999998866570966,0.999994427475806,"ya_adult_cogact_freq"
"3392","TRAF3IP2","Inh PVALB CA8 (Chandelier)",-0.233636440440361,4.11344617017046,3.84798041477448,0.0515329895406357,0.999998866570966,0.999994427475806,"ya_adult_cogact_freq"
"3393","FYN","Inh PVALB CA8 (Chandelier)",0.0122455743651198,7.96836675744055,0.141228261597628,0.707558415522291,0.999998866570966,0.999994427475806,"ya_adult_cogact_freq"
"3394","TUBE1","Inh PVALB CA8 (Chandelier)",-0.0859200757527955,5.91636313111917,2.5549814474746,0.111910672766771,0.999998866570966,0.999994427475806,"ya_adult_cogact_freq"
"3395","FAM229B","Inh PVALB CA8 (Chandelier)",0.0331681656424471,4.19614429786265,0.121927050278912,0.727410707738798,0.999998866570966,0.999994427475806,"ya_adult_cogact_freq"
"3396","LAMA4","Inh PVALB CA8 (Chandelier)",0.10657104656963,4.53135409082622,1.19483420953874,0.27599183246049,0.999998866570966,0.999994427475806,"ya_adult_cogact_freq"
"3397","MARCKS","Inh PVALB CA8 (Chandelier)",-0.040356924896685,6.09299757267678,0.244560145933131,0.621606873911085,0.999998866570966,0.999994427475806,"ya_adult_cogact_freq"
"3398","HDAC2","Inh PVALB CA8 (Chandelier)",0.0415120806602265,5.62545508966919,0.735774358787701,0.470260598962937,0.999998866570966,0.999994427475806,"ya_adult_cogact_freq"
"3399","HDAC2-AS2","Inh PVALB CA8 (Chandelier)",0.0202288698860252,6.5276385849009,0.149927595089976,0.699116667235035,0.999998866570966,0.999994427475806,"ya_adult_cogact_freq"
"3400","HS3ST5","Inh PVALB CA8 (Chandelier)",0.00516958135882197,7.19832334185409,0.00859396472437793,0.926254429221393,0.999998866570966,0.999994427475806,"ya_adult_cogact_freq"
"3401","NT5DC1","Inh PVALB CA8 (Chandelier)",0.0480156560906461,6.16709352063543,0.826624528018588,0.364611414438921,0.999998866570966,0.999994427475806,"ya_adult_cogact_freq"
"3402","TSPYL4","Inh PVALB CA8 (Chandelier)",0.201630850491035,5.52248480959074,4.8077633476208,0.0297686767576267,0.999998866570966,0.999994427475806,"ya_adult_cogact_freq"
"3403","DSE","Inh PVALB CA8 (Chandelier)",-0.0151312576721512,6.1726490147213,0.0571504516457914,0.81136230097824,0.999998866570966,0.999994427475806,"ya_adult_cogact_freq"
"3404","TSPYL1","Inh PVALB CA8 (Chandelier)",0.0393062896202033,6.47754181838916,0.325891345219298,0.568885596793138,0.999998866570966,0.999994427475806,"ya_adult_cogact_freq"
"3405","RWDD1","Inh PVALB CA8 (Chandelier)",-0.0775296413202785,4.88232375746826,1.29231009665308,0.257314285414898,0.999998866570966,0.999994427475806,"ya_adult_cogact_freq"
"3406","ZUP1","Inh PVALB CA8 (Chandelier)",0.0465331442119058,4.64288289039583,0.367465773135878,0.546503889609542,0.999998866570966,0.999994427475806,"ya_adult_cogact_freq"
"3407","KPNA5","Inh PVALB CA8 (Chandelier)",0.0586018920623082,6.32219289909576,2.0934872270907,0.224999669773547,0.999998866570966,0.999994427475806,"ya_adult_cogact_freq"
"3408","FAM162B","Inh PVALB CA8 (Chandelier)",0.134603334695725,4.05057959257277,1.37597649516922,0.242522772631454,0.999998866570966,0.999994427475806,"ya_adult_cogact_freq"
"3409","GOPC","Inh PVALB CA8 (Chandelier)",0.0314328616261566,5.08869533779006,0.207489408453788,0.747682363983313,0.999998866570966,0.999994427475806,"ya_adult_cogact_freq"
"3410","NUS1","Inh PVALB CA8 (Chandelier)",-0.0230303347694639,5.46398941460563,0.178716670505384,0.673043351430613,0.999998866570966,0.999994427475806,"ya_adult_cogact_freq"
"3411","SLC35F1","Inh PVALB CA8 (Chandelier)",0.0318088971075635,9.25768935887145,1.11997350675706,0.291511697668649,0.999998866570966,0.999994427475806,"ya_adult_cogact_freq"
"3412","CEP85L","Inh PVALB CA8 (Chandelier)",0.029722984722729,7.17196913938351,0.630450638889064,0.428360521484693,0.999998866570966,0.999994427475806,"ya_adult_cogact_freq"
"3413","MCM9","Inh PVALB CA8 (Chandelier)",-0.0379208778019599,4.71624390612861,0.239812364026325,0.86872605946668,0.999998866570966,0.999994427475806,"ya_adult_cogact_freq"
"3414","FAM184A","Inh PVALB CA8 (Chandelier)",0.0257335247766604,6.22879027734588,0.249381714536253,0.61819349073051,0.999998866570966,0.999994427475806,"ya_adult_cogact_freq"
"3415","TBC1D32","Inh PVALB CA8 (Chandelier)",-0.0283321346282218,6.6045570918253,0.381504038527108,0.537673328649427,0.999998866570966,0.999994427475806,"ya_adult_cogact_freq"
"3416","HSF2","Inh PVALB CA8 (Chandelier)",0.00704926035433645,4.94349266965363,0.0123375514316413,0.990853660241374,0.999998866570966,0.999994427475806,"ya_adult_cogact_freq"
"3417","SERINC1","Inh PVALB CA8 (Chandelier)",0.0255958022390478,7.16008440232966,0.191099945403721,0.662589356351112,0.999998866570966,0.999994427475806,"ya_adult_cogact_freq"
"3418","PKIB","Inh PVALB CA8 (Chandelier)",-0.001773312805001,4.3709548416902,0.000273878215750438,0.986816719079005,0.999998866570966,0.999994427475806,"ya_adult_cogact_freq"
"3419","CLVS2","Inh PVALB CA8 (Chandelier)",0.0238657996587465,7.27182453360765,0.229169226118061,0.632790954351176,0.999998866570966,0.999994427475806,"ya_adult_cogact_freq"
"3420","NKAIN2","Inh PVALB CA8 (Chandelier)",0.0836418423490713,7.99279747313188,0.846346350308321,0.358966341041427,0.999998866570966,0.999994427475806,"ya_adult_cogact_freq"
"3421","RNF217-AS1","Inh PVALB CA8 (Chandelier)",0.0207202053444639,4.14885740121146,0.0282656917066461,0.86669701945733,0.999998866570966,0.999994427475806,"ya_adult_cogact_freq"
"3422","RNF217","Inh PVALB CA8 (Chandelier)",0.0262876994064533,5.89735933024006,0.192199904682614,0.661680474718493,0.999998866570966,0.999994427475806,"ya_adult_cogact_freq"
"3423","HDDC2","Inh PVALB CA8 (Chandelier)",-0.0481141011711406,4.83912348053928,0.322576460710994,0.570855761702167,0.999998866570966,0.999994427475806,"ya_adult_cogact_freq"
"3424","NCOA7","Inh PVALB CA8 (Chandelier)",0.0073449174900981,6.73978111305352,0.0301760790460861,0.862309848876114,0.999998866570966,0.999994427475806,"ya_adult_cogact_freq"
"3425","HINT3","Inh PVALB CA8 (Chandelier)",-0.134406056516673,5.20124264442462,4.55545021829862,0.0343301507329016,0.999998866570966,0.999994427475806,"ya_adult_cogact_freq"
"3426","TRMT11","Inh PVALB CA8 (Chandelier)",0.0660349880839991,6.2641666321888,1.94508678027977,0.165041392800021,0.999998866570966,0.999994427475806,"ya_adult_cogact_freq"
"3427","AC020559.1","Inh PVALB CA8 (Chandelier)",0.0749622048852803,4.89425775396759,0.996459115887793,0.319668935754475,0.999998866570966,0.999994427475806,"ya_adult_cogact_freq"
"3428","RSPO3","Inh PVALB CA8 (Chandelier)",-0.0749973460994506,4.44061176797593,0.353119379542787,0.553187923430944,0.999998866570966,0.999994427475806,"ya_adult_cogact_freq"
"3429","RNF146","Inh PVALB CA8 (Chandelier)",-0.0244564217061893,5.66486453816111,0.21440786318488,0.744532423231557,0.999998866570966,0.999994427475806,"ya_adult_cogact_freq"
"3430","ECHDC1","Inh PVALB CA8 (Chandelier)",0.0215195693426818,5.11814984990014,0.0825171377702904,0.774284733524035,0.999998866570966,0.999994427475806,"ya_adult_cogact_freq"
"3431","AL096711.2","Inh PVALB CA8 (Chandelier)",0.0652186527769127,4.8165439987711,0.761398172900269,0.384192707889563,0.999998866570966,0.999994427475806,"ya_adult_cogact_freq"
"3432","PTPRK","Inh PVALB CA8 (Chandelier)",-0.0181173782795249,9.52895834618276,0.231971031560192,0.630721144227313,0.999998866570966,0.999994427475806,"ya_adult_cogact_freq"
"3433","LAMA2","Inh PVALB CA8 (Chandelier)",-0.00531822455132438,3.7661752126578,0.00119850259972792,0.972426181298544,0.999998866570966,0.999994427475806,"ya_adult_cogact_freq"
"3434","AL356124.1","Inh PVALB CA8 (Chandelier)",-0.0317271939548604,5.86641199789644,0.153959805466052,0.695299304369859,0.999998866570966,0.999994427475806,"ya_adult_cogact_freq"
"3435","ARHGAP18","Inh PVALB CA8 (Chandelier)",0.0282939711576045,7.41943874789737,0.258922904513069,0.611558732205838,0.999998866570966,0.999994427475806,"ya_adult_cogact_freq"
"3436","L3MBTL3","Inh PVALB CA8 (Chandelier)",0.0307190997348974,5.07028292640346,0.167889337219926,0.682539924310915,0.999998866570966,0.999994427475806,"ya_adult_cogact_freq"
"3437","EPB41L2","Inh PVALB CA8 (Chandelier)",0.0573430831452095,6.65846333293743,1.42625154069126,0.23413625760968,0.999998866570966,0.999994427475806,"ya_adult_cogact_freq"
"3438","AKAP7","Inh PVALB CA8 (Chandelier)",0.070923294560323,6.17148303140301,1.58612761230831,0.209705683600371,0.999998866570966,0.999994427475806,"ya_adult_cogact_freq"
"3439","MED23","Inh PVALB CA8 (Chandelier)",0.0517727419784959,5.83446180807295,1.10902824526317,0.293873521605947,0.999998866570966,0.999994427475806,"ya_adult_cogact_freq"
"3440","ENPP1","Inh PVALB CA8 (Chandelier)",-0.102675701126116,4.35905036739322,1.02366922030241,0.313170575705805,0.999998866570966,0.999994427475806,"ya_adult_cogact_freq"
"3441","AL133346.1","Inh PVALB CA8 (Chandelier)",-0.195826109699084,3.93286243977461,1.21565397764079,0.271863057297376,0.999998866570966,0.999994427475806,"ya_adult_cogact_freq"
"3442","STX7","Inh PVALB CA8 (Chandelier)",0.0241223951918431,6.08733247366425,0.233219319377452,0.629803942822223,0.999998866570966,0.999994427475806,"ya_adult_cogact_freq"
"3443","SLC18B1","Inh PVALB CA8 (Chandelier)",0.0770742013141898,5.4086328600912,1.63668911212917,0.202623705684499,0.999998866570966,0.999994427475806,"ya_adult_cogact_freq"
"3444","RPS12","Inh PVALB CA8 (Chandelier)",-0.087875353844249,3.89657076571567,0.407781042665313,0.524006587677678,0.999998866570966,0.999994427475806,"ya_adult_cogact_freq"
"3445","EYA4","Inh PVALB CA8 (Chandelier)",-0.190155247030312,4.56772357616547,1.20122321031066,0.274716455316433,0.999998866570966,0.999994427475806,"ya_adult_cogact_freq"
"3446","TBPL1","Inh PVALB CA8 (Chandelier)",-0.0584025054812425,4.9919063780767,0.690290131333218,0.407297922426068,0.999998866570966,0.999994427475806,"ya_adult_cogact_freq"
"3447","SGK1","Inh PVALB CA8 (Chandelier)",0.0391523104988689,8.06825640033029,0.989997091140147,0.321238320052771,0.999998866570966,0.999994427475806,"ya_adult_cogact_freq"
"3448","ALDH8A1","Inh PVALB CA8 (Chandelier)",0.0218254238451252,4.58040793064699,0.0607459885315742,0.805635158679056,0.999998866570966,0.999994427475806,"ya_adult_cogact_freq"
"3449","HBS1L","Inh PVALB CA8 (Chandelier)",0.0213398287843429,5.8895296616839,0.167590518087732,0.92859162754768,0.999998866570966,0.999994427475806,"ya_adult_cogact_freq"
"3450","AHI1","Inh PVALB CA8 (Chandelier)",-0.00392982986794404,9.41603479232672,0.0107160139031289,0.917680742720286,0.999998866570966,0.999994427475806,"ya_adult_cogact_freq"
"3451","LINC00271","Inh PVALB CA8 (Chandelier)",0.0629093871813643,4.1163382984563,0.204368641291008,0.65182683527255,0.999998866570966,0.999994427475806,"ya_adult_cogact_freq"
"3452","BCLAF1","Inh PVALB CA8 (Chandelier)",0.0354166464079701,6.87614265711516,0.906795272580696,0.442803950194467,0.999998866570966,0.999994427475806,"ya_adult_cogact_freq"
"3453","AL023284.4","Inh PVALB CA8 (Chandelier)",-0.0219191979097049,4.73610559163448,0.0687081048159686,0.793562711300833,0.999998866570966,0.999994427475806,"ya_adult_cogact_freq"
"3454","MAP7","Inh PVALB CA8 (Chandelier)",0.0159586352178163,9.44455231384284,0.290474779268124,0.59066199943817,0.999998866570966,0.999994427475806,"ya_adult_cogact_freq"
"3455","MAP3K5","Inh PVALB CA8 (Chandelier)",-0.0828457286769295,4.7571614772211,0.565777688626043,0.453041518571998,0.999998866570966,0.999994427475806,"ya_adult_cogact_freq"
"3456","PEX7","Inh PVALB CA8 (Chandelier)",0.116667002363913,3.9893516658666,1.02882978926095,0.311957785249837,0.999998866570966,0.999994427475806,"ya_adult_cogact_freq"
"3457","IFNGR1","Inh PVALB CA8 (Chandelier)",-0.0283943576850691,4.69182825503631,0.145824378921932,0.703062385713628,0.999998866570966,0.999994427475806,"ya_adult_cogact_freq"
"3458","AL357060.1","Inh PVALB CA8 (Chandelier)",-0.278885145103856,3.67688771732508,3.94341357002165,0.0487554617722444,0.999998866570966,0.999994427475806,"ya_adult_cogact_freq"
"3459","ARFGEF3","Inh PVALB CA8 (Chandelier)",-0.0248552477313829,7.90729598756671,0.33032780944865,0.56626954012258,0.999998866570966,0.999994427475806,"ya_adult_cogact_freq"
"3460","CCDC28A","Inh PVALB CA8 (Chandelier)",-0.00765553520837589,4.36037528984888,0.00932019676225595,0.923211025028758,0.999998866570966,0.999994427475806,"ya_adult_cogact_freq"
"3461","REPS1","Inh PVALB CA8 (Chandelier)",0.0598267729577954,7.0377356355799,3.28229820260199,0.071897157466019,0.999998866570966,0.999994427475806,"ya_adult_cogact_freq"
"3462","HECA","Inh PVALB CA8 (Chandelier)",-0.0191414597684406,4.2903906670214,0.0349432247097042,0.851950373864546,0.999998866570966,0.999994427475806,"ya_adult_cogact_freq"
"3463","AL031772.1","Inh PVALB CA8 (Chandelier)",-0.0770850527124192,4.0139007324793,0.556436424686233,0.45678896796501,0.999998866570966,0.999994427475806,"ya_adult_cogact_freq"
"3464","CITED2","Inh PVALB CA8 (Chandelier)",0.00499201129469301,5.16713547680281,0.00285521587248343,0.957452282103738,0.999998866570966,0.999994427475806,"ya_adult_cogact_freq"
"3465","VTA1","Inh PVALB CA8 (Chandelier)",0.0278114623373998,5.39735555591426,0.20602282347541,0.6505148509473,0.999998866570966,0.999994427475806,"ya_adult_cogact_freq"
"3466","HIVEP2","Inh PVALB CA8 (Chandelier)",0.0449440506738794,7.75185847067594,1.3237774871969,0.251623724763186,0.999998866570966,0.999994427475806,"ya_adult_cogact_freq"
"3467","LINC01277","Inh PVALB CA8 (Chandelier)",-0.00770101130699466,4.86367446131606,0.0062385697167014,0.937143086953591,0.999998866570966,0.999994427475806,"ya_adult_cogact_freq"
"3468","AIG1","Inh PVALB CA8 (Chandelier)",0.00488978387964403,8.11108863873098,0.0230805526203958,0.879438271756442,0.999998866570966,0.999994427475806,"ya_adult_cogact_freq"
"3469","PEX3","Inh PVALB CA8 (Chandelier)",-0.0207045000576217,6.11132821898331,0.161295605852385,0.688499847269864,0.999998866570966,0.999994427475806,"ya_adult_cogact_freq"
"3470","PHACTR2","Inh PVALB CA8 (Chandelier)",-0.0321323859069033,6.71254721932589,0.236277925082496,0.627569317537567,0.999998866570966,0.999994427475806,"ya_adult_cogact_freq"
"3471","PLAGL1","Inh PVALB CA8 (Chandelier)",-0.0286517325736224,6.05783678412151,0.207103322413632,0.649661301856388,0.999998866570966,0.999994427475806,"ya_adult_cogact_freq"
"3472","UTRN","Inh PVALB CA8 (Chandelier)",0.0270966400785666,7.19342407389967,0.251401459959381,0.616775886370373,0.999998866570966,0.999994427475806,"ya_adult_cogact_freq"
"3473","EPM2A","Inh PVALB CA8 (Chandelier)",-0.0260963793477921,5.96268327408048,0.132743439777004,0.71608310173154,0.999998866570966,0.999994427475806,"ya_adult_cogact_freq"
"3474","FBXO30","Inh PVALB CA8 (Chandelier)",0.0896956018908029,4.12803706853767,0.94009078659198,0.333710945701217,0.999998866570966,0.999994427475806,"ya_adult_cogact_freq"
"3475","AL356599.1","Inh PVALB CA8 (Chandelier)",-0.0195518169539511,5.31019284796922,0.0518378053527307,0.820184967696774,0.999998866570966,0.999994427475806,"ya_adult_cogact_freq"
"3476","SHPRH","Inh PVALB CA8 (Chandelier)",0.0410374056020023,7.48582453291865,0.998495077502499,0.319176579353105,0.999998866570966,0.999994427475806,"ya_adult_cogact_freq"
"3477","STXBP5-AS1","Inh PVALB CA8 (Chandelier)",0.110998951645037,5.46773906121991,1.81311543267841,0.180030295502788,0.999998866570966,0.999994427475806,"ya_adult_cogact_freq"
"3478","STXBP5","Inh PVALB CA8 (Chandelier)",-0.00585295785015223,8.1539602539747,0.0300185130378973,0.86266618372928,0.999998866570966,0.999994427475806,"ya_adult_cogact_freq"
"3479","SAMD5","Inh PVALB CA8 (Chandelier)",0.032899225886377,7.95829676477627,0.401319061501887,0.527309039830439,0.999998866570966,0.999994427475806,"ya_adult_cogact_freq"
"3480","AL033504.1","Inh PVALB CA8 (Chandelier)",0.0175626444018278,7.55124364328327,0.0985684867484046,0.753961334787183,0.999998866570966,0.999994427475806,"ya_adult_cogact_freq"
"3481","SASH1","Inh PVALB CA8 (Chandelier)",0.030363860625771,6.99690156278802,0.408873098324616,0.523452127945249,0.999998866570966,0.999994427475806,"ya_adult_cogact_freq"
"3482","TAB2","Inh PVALB CA8 (Chandelier)",0.0659393289819996,6.79889373781228,1.69128232207089,0.195293197751368,0.999998866570966,0.999994427475806,"ya_adult_cogact_freq"
"3483","PPIL4","Inh PVALB CA8 (Chandelier)",-0.0626326488219486,5.15772495336463,0.985139880140752,0.364874899384607,0.999998866570966,0.999994427475806,"ya_adult_cogact_freq"
"3484","GINM1","Inh PVALB CA8 (Chandelier)",0.018507611255448,5.50035350717547,0.10162113824859,0.781528993235945,0.999998866570966,0.999994427475806,"ya_adult_cogact_freq"
"3485","KATNA1","Inh PVALB CA8 (Chandelier)",-0.109533139307252,4.3157913329007,1.54512874232792,0.215665835838652,0.999998866570966,0.999994427475806,"ya_adult_cogact_freq"
"3486","LATS1","Inh PVALB CA8 (Chandelier)",0.0459144341028049,6.08028094696364,0.997833040419239,0.31933656961406,0.999998866570966,0.999994427475806,"ya_adult_cogact_freq"
"3487","PCMT1","Inh PVALB CA8 (Chandelier)",0.0591247768562516,5.68725358706084,1.23425064558363,0.411892184845279,0.999998866570966,0.999994427475806,"ya_adult_cogact_freq"
"3488","LRP11","Inh PVALB CA8 (Chandelier)",-0.0402306256627866,5.31398378762455,0.428798717634522,0.513514792161161,0.999998866570966,0.999994427475806,"ya_adult_cogact_freq"
"3489","AL355312.3","Inh PVALB CA8 (Chandelier)",0.0539865368143188,3.64328714866789,0.161793529408643,0.68804488863194,0.999998866570966,0.999994427475806,"ya_adult_cogact_freq"
"3490","PLEKHG1","Inh PVALB CA8 (Chandelier)",0.00338811271148276,5.71144158724134,0.00225518719048456,0.962182590107864,0.999998866570966,0.999994427475806,"ya_adult_cogact_freq"
"3491","MTHFD1L","Inh PVALB CA8 (Chandelier)",0.00445062067868883,6.8055028748757,0.0063040385528968,0.936814824170662,0.999998866570966,0.999994427475806,"ya_adult_cogact_freq"
"3492","AKAP12","Inh PVALB CA8 (Chandelier)",0.0354058236875221,6.93485098030622,0.397729174276396,0.529159835839479,0.999998866570966,0.999994427475806,"ya_adult_cogact_freq"
"3493","RMND1","Inh PVALB CA8 (Chandelier)",-0.0982010424314431,5.03085878098862,1.99131521194118,0.160135711029251,0.999998866570966,0.999994427475806,"ya_adult_cogact_freq"
"3494","SYNE1","Inh PVALB CA8 (Chandelier)",0.0281039713738789,9.62262923538128,1.00024375458383,0.318754497078431,0.999998866570966,0.999994427475806,"ya_adult_cogact_freq"
"3495","MTRF1L","Inh PVALB CA8 (Chandelier)",-0.0404685678639742,4.31525489305559,0.184320547992285,0.668261034533791,0.999998866570966,0.999994427475806,"ya_adult_cogact_freq"
"3496","RGS17","Inh PVALB CA8 (Chandelier)",0.0715117898767114,4.44078679104424,0.407467177097158,0.524166137437706,0.999998866570966,0.999994427475806,"ya_adult_cogact_freq"
"3497","SCAF8","Inh PVALB CA8 (Chandelier)",0.0259460452724939,6.89689155983219,0.473255099900441,0.49248485267357,0.999998866570966,0.999994427475806,"ya_adult_cogact_freq"
"3498","TIAM2","Inh PVALB CA8 (Chandelier)",0.0172731005631798,7.55878365515476,0.198486205978308,0.656544878766607,0.999998866570966,0.999994427475806,"ya_adult_cogact_freq"
"3499","TFB1M","Inh PVALB CA8 (Chandelier)",0.037883513131687,5.54572598127207,0.391516824065246,0.532390450881374,0.999998866570966,0.999994427475806,"ya_adult_cogact_freq"
"3500","ARID1B","Inh PVALB CA8 (Chandelier)",0.0112540637525,9.45656555441953,0.163704274289834,0.686306534873317,0.999998866570966,0.999994427475806,"ya_adult_cogact_freq"
"3501","TMEM242","Inh PVALB CA8 (Chandelier)",-0.106221766068884,5.15157666768431,2.93998882826383,0.0915464257509137,0.999998866570966,0.999994427475806,"ya_adult_cogact_freq"
"3502","ZDHHC14","Inh PVALB CA8 (Chandelier)",-0.0162198920196406,8.5930809823435,0.172912634930426,0.678090659155309,0.999998866570966,0.999994427475806,"ya_adult_cogact_freq"
"3503","SNX9","Inh PVALB CA8 (Chandelier)",0.0418208507149871,7.19095401309167,0.75061463692045,0.387572882907221,0.999998866570966,0.999994427475806,"ya_adult_cogact_freq"
"3504","SYNJ2","Inh PVALB CA8 (Chandelier)",0.0805142697188084,4.20160487976048,0.658163854608171,0.418408389623203,0.999998866570966,0.999994427475806,"ya_adult_cogact_freq"
"3505","SERAC1","Inh PVALB CA8 (Chandelier)",-0.0266173438467053,4.45536183558263,0.0742179192318133,0.785641260999034,0.999998866570966,0.999994427475806,"ya_adult_cogact_freq"
"3506","GTF2H5","Inh PVALB CA8 (Chandelier)",-0.00534490690970297,4.73450254299473,0.00397241865281948,0.949823198705436,0.999998866570966,0.999994427475806,"ya_adult_cogact_freq"
"3507","TULP4","Inh PVALB CA8 (Chandelier)",0.0160476152605784,7.7862186583167,0.275551508435063,0.600354993144833,0.999998866570966,0.999994427475806,"ya_adult_cogact_freq"
"3508","TMEM181","Inh PVALB CA8 (Chandelier)",0.0353910619836888,6.45759653018661,0.649775865960896,0.421383588352444,0.999998866570966,0.999994427475806,"ya_adult_cogact_freq"
"3509","DYNLT1","Inh PVALB CA8 (Chandelier)",-0.152112611247183,4.99254675560569,3.15276089849999,0.0776905191636984,0.999998866570966,0.999994427475806,"ya_adult_cogact_freq"
"3510","SYTL3","Inh PVALB CA8 (Chandelier)",-0.0511271183889399,3.48483102127679,0.0993731952354542,0.75299193626964,0.999998866570966,0.999994427475806,"ya_adult_cogact_freq"
"3511","RSPH3","Inh PVALB CA8 (Chandelier)",0.065451914413009,5.4914788892337,1.42879303585243,0.233721782326879,0.999998866570966,0.999994427475806,"ya_adult_cogact_freq"
"3512","AL035530.2","Inh PVALB CA8 (Chandelier)",0.0943455112174788,5.88003355690529,2.88185400968989,0.0915177328711259,0.999998866570966,0.999994427475806,"ya_adult_cogact_freq"
"3513","WTAP","Inh PVALB CA8 (Chandelier)",-0.0584390756737384,5.46488394911899,1.08383758957288,0.299403753559568,0.999998866570966,0.999994427475806,"ya_adult_cogact_freq"
"3514","ACAT2","Inh PVALB CA8 (Chandelier)",-0.024502096762622,4.50114947286488,0.0505344193897596,0.822421414173156,0.999998866570966,0.999994427475806,"ya_adult_cogact_freq"
"3515","TCP1","Inh PVALB CA8 (Chandelier)",0.025585560409171,4.87660683894173,0.101871769476074,0.750009236845304,0.999998866570966,0.999994427475806,"ya_adult_cogact_freq"
"3516","MRPL18","Inh PVALB CA8 (Chandelier)",-0.00497088408336592,4.13575398816904,0.00258786695542706,0.959491400051452,0.999998866570966,0.999994427475806,"ya_adult_cogact_freq"
"3517","IGF2R","Inh PVALB CA8 (Chandelier)",0.0672110901915739,5.87044791969217,1.33302363687009,0.249981348936679,0.999998866570966,0.999994427475806,"ya_adult_cogact_freq"
"3518","SLC22A3","Inh PVALB CA8 (Chandelier)",0.035351607063621,5.87735766001606,0.12030673663504,0.729155646735957,0.999998866570966,0.999994427475806,"ya_adult_cogact_freq"
"3519","AL139393.1","Inh PVALB CA8 (Chandelier)",-0.0771856523495237,5.52538916562705,1.31961134023653,0.252368109078973,0.999998866570966,0.999994427475806,"ya_adult_cogact_freq"
"3520","MAP3K4","Inh PVALB CA8 (Chandelier)",0.00899422419201805,6.98723819275092,0.050862405179497,0.821855803760502,0.999998866570966,0.999994427475806,"ya_adult_cogact_freq"
"3521","AGPAT4","Inh PVALB CA8 (Chandelier)",-0.125224398182716,6.16463205689201,2.79500126842754,0.0965039401468192,0.999998866570966,0.999994427475806,"ya_adult_cogact_freq"
"3522","PRKN","Inh PVALB CA8 (Chandelier)",0.0106508186093908,8.89042302343294,0.0764569739984723,0.782512665787549,0.999998866570966,0.999994427475806,"ya_adult_cogact_freq"
"3523","PACRG","Inh PVALB CA8 (Chandelier)",0.0887058115119437,8.19016569151409,3.89216905764812,0.0502264733684814,0.999998866570966,0.999994427475806,"ya_adult_cogact_freq"
"3524","QKI","Inh PVALB CA8 (Chandelier)",0.0150993788859335,8.94794013178694,0.158864668003434,0.690732820710664,0.999998866570966,0.999994427475806,"ya_adult_cogact_freq"
"3525","PDE10A","Inh PVALB CA8 (Chandelier)",-0.0245965263273601,8.47910861482701,0.266096159797399,0.606671312933201,0.999998866570966,0.999994427475806,"ya_adult_cogact_freq"
"3526","SFT2D1","Inh PVALB CA8 (Chandelier)",-0.0998395378051265,4.41405889096829,1.36521037141307,0.244366256670372,0.999998866570966,0.999994427475806,"ya_adult_cogact_freq"
"3527","MPC1","Inh PVALB CA8 (Chandelier)",-0.0977220467550469,6.37947692046187,3.8161963714748,0.0524951639709461,0.999998866570966,0.999994427475806,"ya_adult_cogact_freq"
"3528","RPS6KA2","Inh PVALB CA8 (Chandelier)",0.0273568986906418,9.3744513962416,0.742781056212046,0.39005516352837,0.999998866570966,0.999994427475806,"ya_adult_cogact_freq"
"3529","AL159163.1","Inh PVALB CA8 (Chandelier)",-0.00564472447891303,4.98861299184515,0.00515946445954473,0.942826947869685,0.999998866570966,0.999994427475806,"ya_adult_cogact_freq"
"3530","Z94721.1","Inh PVALB CA8 (Chandelier)",0.0291316058139877,5.8312932026443,0.200170668740059,0.655185355232824,0.999998866570966,0.999994427475806,"ya_adult_cogact_freq"
"3531","FGFR1OP","Inh PVALB CA8 (Chandelier)",-0.0129661270294311,6.63188056866113,0.118035388918354,0.731624011236582,0.999998866570966,0.999994427475806,"ya_adult_cogact_freq"
"3532","AFDN","Inh PVALB CA8 (Chandelier)",-0.0208474316565501,7.73560132640308,0.458753392562898,0.499180667516817,0.999998866570966,0.999994427475806,"ya_adult_cogact_freq"
"3533","KIF25","Inh PVALB CA8 (Chandelier)",-0.10147146646083,3.48702249034203,0.29350547685429,0.588732904311747,0.999998866570966,0.999994427475806,"ya_adult_cogact_freq"
"3534","SMOC2","Inh PVALB CA8 (Chandelier)",0.0601571285964421,5.66365243058534,0.483902909931327,0.487664105231595,0.999998866570966,0.999994427475806,"ya_adult_cogact_freq"
"3535","WDR27","Inh PVALB CA8 (Chandelier)",-0.0342954130897221,6.02558188973947,0.403782447259535,0.526045726991818,0.999998866570966,0.999994427475806,"ya_adult_cogact_freq"
"3536","PHF10","Inh PVALB CA8 (Chandelier)",-0.0250039180822361,4.74472708760453,0.115485088440251,0.734427397729433,0.999998866570966,0.999994427475806,"ya_adult_cogact_freq"
"3537","ERMARD","Inh PVALB CA8 (Chandelier)",-0.11591632193519,4.26084455903439,1.28235292916825,0.259148153886346,0.999998866570966,0.999994427475806,"ya_adult_cogact_freq"
"3538","DLL1","Inh PVALB CA8 (Chandelier)",0.094214769591898,3.74376816520529,0.569247537682982,0.451661845150725,0.999998866570966,0.999994427475806,"ya_adult_cogact_freq"
"3539","FAM120B","Inh PVALB CA8 (Chandelier)",0.0256384329417298,7.39501848568328,0.488775391102533,0.485484321130351,0.999998866570966,0.999994427475806,"ya_adult_cogact_freq"
"3540","PSMB1","Inh PVALB CA8 (Chandelier)",-0.0626739824447588,5.00853151989943,0.935499115522997,0.337611932307816,0.999998866570966,0.999994427475806,"ya_adult_cogact_freq"
"3541","PDCD2","Inh PVALB CA8 (Chandelier)",-0.100371757459446,4.00580561886172,0.931803913770832,0.335844443151053,0.999998866570966,0.999994427475806,"ya_adult_cogact_freq"
"3542","FAM20C","Inh PVALB CA8 (Chandelier)",0.044369425905814,6.90719865459925,1.08380970729295,0.29940994889924,0.999998866570966,0.999994427475806,"ya_adult_cogact_freq"
"3543","PRKAR1B","Inh PVALB CA8 (Chandelier)",-0.0200354638471954,6.9730109775405,0.346443143217783,0.983843022398657,0.999998866570966,0.999994427475806,"ya_adult_cogact_freq"
"3544","DNAAF5","Inh PVALB CA8 (Chandelier)",-0.0357132885429974,4.84059475121628,0.274474122935103,0.601067667652926,0.999998866570966,0.999994427475806,"ya_adult_cogact_freq"
"3545","SUN1","Inh PVALB CA8 (Chandelier)",-0.0238190109520787,6.67964149596406,0.337297637812139,0.562206500683775,0.999998866570966,0.999994427475806,"ya_adult_cogact_freq"
"3546","ADAP1","Inh PVALB CA8 (Chandelier)",0.106578977975255,4.17406096687628,1.15472044603446,0.284173329449058,0.999998866570966,0.999994427475806,"ya_adult_cogact_freq"
"3547","COX19","Inh PVALB CA8 (Chandelier)",-0.130850460061031,5.35391329314854,3.29937386312575,0.0711690742091756,0.999998866570966,0.999994427475806,"ya_adult_cogact_freq"
"3548","C7orf50","Inh PVALB CA8 (Chandelier)",-0.0352962898899827,5.53345393301525,0.330543374008172,0.566143024759022,0.999998866570966,0.999994427475806,"ya_adult_cogact_freq"
"3549","INTS1","Inh PVALB CA8 (Chandelier)",0.0239933102461444,4.9640518057858,0.135356810632751,0.713425252607514,0.999998866570966,0.999994427475806,"ya_adult_cogact_freq"
"3550","ELFN1","Inh PVALB CA8 (Chandelier)",0.144811425509205,5.58936084042848,4.56819082054157,0.0340829851245164,0.999998866570966,0.999994427475806,"ya_adult_cogact_freq"
"3551","MAD1L1","Inh PVALB CA8 (Chandelier)",-0.0545853334562563,5.59484001486348,0.885047013918895,0.348234495300995,0.999998866570966,0.999994427475806,"ya_adult_cogact_freq"
"3552","SNX8","Inh PVALB CA8 (Chandelier)",-0.00793311572561481,4.74801056329933,0.00785236250607157,0.929499324211023,0.999998866570966,0.999994427475806,"ya_adult_cogact_freq"
"3553","EIF3B","Inh PVALB CA8 (Chandelier)",-0.0700956679975269,5.3606163640451,1.4135882377191,0.236214829824848,0.999998866570966,0.999994427475806,"ya_adult_cogact_freq"
"3554","CHST12","Inh PVALB CA8 (Chandelier)",0.0164289032729735,5.54604025749495,0.077861645752516,0.780575061763054,0.999998866570966,0.999994427475806,"ya_adult_cogact_freq"
"3555","BRAT1","Inh PVALB CA8 (Chandelier)",-0.165916771941658,4.67654521250023,4.72273027592589,0.0312300641988233,0.999998866570966,0.999994427475806,"ya_adult_cogact_freq"
"3556","IQCE","Inh PVALB CA8 (Chandelier)",-0.0768007652772485,5.07228154002082,1.32984844397,0.284260012881954,0.999998866570966,0.999994427475806,"ya_adult_cogact_freq"
"3557","TTYH3","Inh PVALB CA8 (Chandelier)",0.0744795365491758,5.32873226569026,1.20009048564688,0.274942026368182,0.999998866570966,0.999994427475806,"ya_adult_cogact_freq"
"3558","AMZ1","Inh PVALB CA8 (Chandelier)",-0.051502084066667,5.07179626838161,0.328758580856341,0.567192184463584,0.999998866570966,0.999994427475806,"ya_adult_cogact_freq"
"3559","GNA12","Inh PVALB CA8 (Chandelier)",-0.0143618698672161,5.86565617343148,0.0798090661588004,0.7779197133838,0.999998866570966,0.999994427475806,"ya_adult_cogact_freq"
"3560","SDK1","Inh PVALB CA8 (Chandelier)",0.0171193155962608,10.8117916317995,0.274999920965482,0.60071963748423,0.999998866570966,0.999994427475806,"ya_adult_cogact_freq"
"3561","FOXK1","Inh PVALB CA8 (Chandelier)",-0.0655636087348512,6.53455591875013,2.49443069329274,0.116215243246237,0.999998866570966,0.999994427475806,"ya_adult_cogact_freq"
"3562","AP5Z1","Inh PVALB CA8 (Chandelier)",-0.111491433199491,4.00671534533673,1.34658813881562,0.247595794273268,0.999998866570966,0.999994427475806,"ya_adult_cogact_freq"
"3563","RADIL","Inh PVALB CA8 (Chandelier)",-0.108908098535483,4.36969572073753,1.15370748382331,0.28438389747729,0.999998866570966,0.999994427475806,"ya_adult_cogact_freq"
"3564","MMD2","Inh PVALB CA8 (Chandelier)",-0.0756557966213025,4.98856332781674,0.544760937918248,0.46154234168778,0.999998866570966,0.999994427475806,"ya_adult_cogact_freq"
"3565","RBAK-RBAKDN","Inh PVALB CA8 (Chandelier)",-0.00212175948731568,6.20028845763129,0.00187304386079273,0.965533095487697,0.999998866570966,0.999994427475806,"ya_adult_cogact_freq"
"3566","WIPI2","Inh PVALB CA8 (Chandelier)",-0.0408259518788253,5.21747383096395,0.45035055968363,0.503131571766116,0.999998866570966,0.999994427475806,"ya_adult_cogact_freq"
"3567","SLC29A4","Inh PVALB CA8 (Chandelier)",-0.0730542366892245,4.60282924297708,0.721380548291215,0.396954440831284,0.999998866570966,0.999994427475806,"ya_adult_cogact_freq"
"3568","TNRC18","Inh PVALB CA8 (Chandelier)",0.0196732669476616,7.49648917350617,0.214161208254095,0.6441510440671,0.999998866570966,0.999994427475806,"ya_adult_cogact_freq"
"3569","FBXL18","Inh PVALB CA8 (Chandelier)",-0.0596392199318307,4.77315355348087,0.605044706179384,0.437802907811609,0.999998866570966,0.999994427475806,"ya_adult_cogact_freq"
"3570","ACTB","Inh PVALB CA8 (Chandelier)",-0.0623082710924751,6.93446138610473,0.65952190616576,0.417929650978143,0.999998866570966,0.999994427475806,"ya_adult_cogact_freq"
"3571","FSCN1","Inh PVALB CA8 (Chandelier)",-0.0405862521467522,5.25465626176081,0.404082996411546,0.525891965377391,0.999998866570966,0.999994427475806,"ya_adult_cogact_freq"
"3572","RNF216","Inh PVALB CA8 (Chandelier)",0.00795244912224304,6.92316281764013,0.0467266581899861,0.829674756118585,0.999998866570966,0.999994427475806,"ya_adult_cogact_freq"
"3573","CCZ1","Inh PVALB CA8 (Chandelier)",-0.0862948915530773,4.53958684900259,1.00063961874723,0.318659048843456,0.999998866570966,0.999994427475806,"ya_adult_cogact_freq"
"3574","PMS2","Inh PVALB CA8 (Chandelier)",-0.0707668651471068,4.59310455039748,0.779947096310362,0.378476028009723,0.999998866570966,0.999994427475806,"ya_adult_cogact_freq"
"3575","AIMP2","Inh PVALB CA8 (Chandelier)",-0.0376766731835219,3.87036367684269,0.12807975948396,0.766593270870329,0.999998866570966,0.999994427475806,"ya_adult_cogact_freq"
"3576","EIF2AK1","Inh PVALB CA8 (Chandelier)",0.0105389302092781,4.96679256341078,0.0244090864811928,0.876044534035821,0.999998866570966,0.999994427475806,"ya_adult_cogact_freq"
"3577","USP42","Inh PVALB CA8 (Chandelier)",-0.00413131110136857,5.6663238763885,0.00586031454585406,0.94647933292274,0.999998866570966,0.999994427475806,"ya_adult_cogact_freq"
"3578","CYTH3","Inh PVALB CA8 (Chandelier)",0.0267198694465807,6.76178271286889,0.407955554070269,0.660843489124215,0.999998866570966,0.999994427475806,"ya_adult_cogact_freq"
"3579","RAC1","Inh PVALB CA8 (Chandelier)",-0.0808881044977067,6.08812999582888,1.58982697174207,0.209177637375679,0.999998866570966,0.999994427475806,"ya_adult_cogact_freq"
"3580","DAGLB","Inh PVALB CA8 (Chandelier)",0.0704048016940328,4.43160642491007,0.689952223453884,0.40741250089673,0.999998866570966,0.999994427475806,"ya_adult_cogact_freq"
"3581","C7orf26","Inh PVALB CA8 (Chandelier)",-0.0870245337289026,4.10356594587085,0.684130816939735,0.409393915759775,0.999998866570966,0.999994427475806,"ya_adult_cogact_freq"
"3582","ZNF316","Inh PVALB CA8 (Chandelier)",0.203051605561583,4.00791068054707,3.80224090026652,0.0529236767022948,0.999998866570966,0.999994427475806,"ya_adult_cogact_freq"
"3583","AC073343.2","Inh PVALB CA8 (Chandelier)",0.0249773024671693,4.3628961245016,0.0709533449066584,0.790295069973049,0.999998866570966,0.999994427475806,"ya_adult_cogact_freq"
"3584","ZNF12","Inh PVALB CA8 (Chandelier)",-0.00190798991676955,4.57249209808232,0.000572292085028163,0.980943993234658,0.999998866570966,0.999994427475806,"ya_adult_cogact_freq"
"3585","CCZ1B","Inh PVALB CA8 (Chandelier)",-0.032751260155676,4.67116613897433,0.14842037690665,0.700558738512278,0.999998866570966,0.999994427475806,"ya_adult_cogact_freq"
"3586","C1GALT1","Inh PVALB CA8 (Chandelier)",0.0129893247876355,5.5456086725205,0.0566156954589858,0.812230208821132,0.999998866570966,0.999994427475806,"ya_adult_cogact_freq"
"3587","COL28A1","Inh PVALB CA8 (Chandelier)",-0.0353475652793927,4.55629251099901,0.150751951654776,0.698331468236522,0.999998866570966,0.999994427475806,"ya_adult_cogact_freq"
"3588","MIOS","Inh PVALB CA8 (Chandelier)",0.0369475236056057,5.02847698475904,0.279444650537411,0.597794475800479,0.999998866570966,0.999994427475806,"ya_adult_cogact_freq"
"3589","UMAD1","Inh PVALB CA8 (Chandelier)",0.0348945796246275,7.74374162777736,0.471224875206191,0.493413103979974,0.999998866570966,0.999994427475806,"ya_adult_cogact_freq"
"3590","GLCCI1","Inh PVALB CA8 (Chandelier)",0.0182285411552348,7.47641567616627,0.201627535748994,0.65401505361768,0.999998866570966,0.999994427475806,"ya_adult_cogact_freq"
"3591","ICA1","Inh PVALB CA8 (Chandelier)",-0.0176043237971539,7.11257071691701,0.0947198917938353,0.758658781051971,0.999998866570966,0.999994427475806,"ya_adult_cogact_freq"
"3592","NXPH1","Inh PVALB CA8 (Chandelier)",-0.0288818601263638,9.09081128733822,0.248355408217267,0.618916579713591,0.999998866570966,0.999994427475806,"ya_adult_cogact_freq"
"3593","AC004949.1","Inh PVALB CA8 (Chandelier)",0.225780557419984,3.34215932641154,1.05370863955978,0.306196519500678,0.999998866570966,0.999994427475806,"ya_adult_cogact_freq"
"3594","NDUFA4","Inh PVALB CA8 (Chandelier)",-0.210292973402698,5.9367777198063,4.7081225608728,0.0314886281510817,0.999998866570966,0.999994427475806,"ya_adult_cogact_freq"
"3595","PHF14","Inh PVALB CA8 (Chandelier)",-0.0144690421640214,7.96545478883773,0.212434557874362,0.645488786852223,0.999998866570966,0.999994427475806,"ya_adult_cogact_freq"
"3596","THSD7A","Inh PVALB CA8 (Chandelier)",0.0432432985580403,11.0170737731398,1.5607935786753,0.213364956918126,0.999998866570966,0.999994427475806,"ya_adult_cogact_freq"
"3597","TMEM106B","Inh PVALB CA8 (Chandelier)",0.0287971860215733,6.92444606106071,0.382321172384583,0.537238620440622,0.999998866570966,0.999994427475806,"ya_adult_cogact_freq"
"3598","AC011287.1","Inh PVALB CA8 (Chandelier)",0.204030425153743,4.11341226974548,1.66351801201357,0.198981317103722,0.999998866570966,0.999994427475806,"ya_adult_cogact_freq"
"3599","ETV1","Inh PVALB CA8 (Chandelier)",0.0391390310471214,3.72207889923246,0.0526086274712204,0.818876233885075,0.999998866570966,0.999994427475806,"ya_adult_cogact_freq"
"3600","DGKB","Inh PVALB CA8 (Chandelier)",0.0493519462438926,9.78364242609728,2.35858238953895,0.126561105249499,0.999998866570966,0.999994427475806,"ya_adult_cogact_freq"
"3601","ISPD","Inh PVALB CA8 (Chandelier)",0.0382735909117433,6.44125404704555,0.399966426146321,0.528005035102241,0.999998866570966,0.999994427475806,"ya_adult_cogact_freq"
"3602","ANKMY2","Inh PVALB CA8 (Chandelier)",0.0745831846177912,5.49351472708807,1.75353359437895,0.187312705936361,0.999998866570966,0.999994427475806,"ya_adult_cogact_freq"
"3603","BZW2","Inh PVALB CA8 (Chandelier)",0.0592524340831753,5.56536469380545,0.807589224806665,0.370177938976403,0.999998866570966,0.999994427475806,"ya_adult_cogact_freq"
"3604","TSPAN13","Inh PVALB CA8 (Chandelier)",-0.070008510128137,4.99887028585826,0.817792688688586,0.367179471003375,0.999998866570966,0.999994427475806,"ya_adult_cogact_freq"
"3605","AC073332.1","Inh PVALB CA8 (Chandelier)",-0.0920111192920338,6.21347415129675,1.29412299779435,0.256982132137044,0.999998866570966,0.999994427475806,"ya_adult_cogact_freq"
"3606","SNX13","Inh PVALB CA8 (Chandelier)",0.0132255414939476,6.68970258798771,0.137483425321864,0.711283875994644,0.999998866570966,0.999994427475806,"ya_adult_cogact_freq"
"3607","HDAC9","Inh PVALB CA8 (Chandelier)",-0.0199101959191216,9.11367932465094,0.277537511647302,0.599045930327176,0.999998866570966,0.999994427475806,"ya_adult_cogact_freq"
"3608","TMEM196","Inh PVALB CA8 (Chandelier)",-0.0418273224148114,6.28843187394766,0.466915018747284,0.495393439200455,0.999998866570966,0.999994427475806,"ya_adult_cogact_freq"
"3609","ITGB8","Inh PVALB CA8 (Chandelier)",-0.0174063270358479,3.9664545065811,0.015690653520934,0.900472368662653,0.999998866570966,0.999994427475806,"ya_adult_cogact_freq"
"3610","SP4","Inh PVALB CA8 (Chandelier)",0.0499280620972302,5.41677948178802,0.519784656453551,0.471980655336727,0.999998866570966,0.999994427475806,"ya_adult_cogact_freq"
"3611","RAPGEF5","Inh PVALB CA8 (Chandelier)",0.0382196870002949,6.61122816340695,0.661266074368741,0.417315998496325,0.999998866570966,0.999994427475806,"ya_adult_cogact_freq"
"3612","STEAP1B","Inh PVALB CA8 (Chandelier)",0.0788275841773306,3.93580631968784,0.498982747066998,0.48096992458456,0.999998866570966,0.999994427475806,"ya_adult_cogact_freq"
"3613","TOMM7","Inh PVALB CA8 (Chandelier)",-0.159971299794872,4.30488040705855,2.08304469281256,0.150888545404243,0.999998866570966,0.999994427475806,"ya_adult_cogact_freq"
"3614","KLHL7","Inh PVALB CA8 (Chandelier)",0.00658303248474485,6.74404071735914,0.0251206601127536,0.87426569258657,0.999998866570966,0.999994427475806,"ya_adult_cogact_freq"
"3615","NUPL2","Inh PVALB CA8 (Chandelier)",-0.0428735843751576,5.3375361899182,0.408582415332609,0.523599611783768,0.999998866570966,0.999994427475806,"ya_adult_cogact_freq"
"3616","MALSU1","Inh PVALB CA8 (Chandelier)",-0.0606650102856686,4.84609214473881,0.755622131939441,0.385997979070894,0.999998866570966,0.999994427475806,"ya_adult_cogact_freq"
"3617","TRA2A","Inh PVALB CA8 (Chandelier)",-0.0501008331972642,7.41043551427035,1.80754426722149,0.180697040089839,0.999998866570966,0.999994427475806,"ya_adult_cogact_freq"
"3618","CCDC126","Inh PVALB CA8 (Chandelier)",-0.0160329776985355,4.52259610884291,0.0387557946831889,0.844181910076687,0.999998866570966,0.999994427475806,"ya_adult_cogact_freq"
"3619","FAM221A","Inh PVALB CA8 (Chandelier)",0.0735611091559021,4.27743615148092,0.661480874786227,0.417240518106615,0.999998866570966,0.999994427475806,"ya_adult_cogact_freq"
"3620","MPP6","Inh PVALB CA8 (Chandelier)",0.00444078937505021,6.88257378572156,0.00598334675265691,0.938439634270917,0.999998866570966,0.999994427475806,"ya_adult_cogact_freq"
"3621","GSDME","Inh PVALB CA8 (Chandelier)",-0.0913184845875093,4.49105497051439,1.21710957960599,0.271577320661725,0.999998866570966,0.999994427475806,"ya_adult_cogact_freq"
"3622","OSBPL3","Inh PVALB CA8 (Chandelier)",-0.0226836004404759,8.46609409048122,0.352620362754619,0.553468160616227,0.999998866570966,0.999994427475806,"ya_adult_cogact_freq"
"3623","CYCS","Inh PVALB CA8 (Chandelier)",-0.0744397616760367,6.01301855082496,0.612210249118052,0.4351077875172,0.999998866570966,0.999994427475806,"ya_adult_cogact_freq"
"3624","AC005165.1","Inh PVALB CA8 (Chandelier)",0.157014560788954,3.63605519424854,0.705170008813665,0.402298985068421,0.999998866570966,0.999994427475806,"ya_adult_cogact_freq"
"3625","HNRNPA2B1","Inh PVALB CA8 (Chandelier)",-0.024374732299812,7.33458754968104,0.289782141684137,0.591104700283753,0.999998866570966,0.999994427475806,"ya_adult_cogact_freq"
"3626","CBX3","Inh PVALB CA8 (Chandelier)",0.00411637644969965,5.10814967331325,0.00396764939805856,0.949853288602793,0.999998866570966,0.999994427475806,"ya_adult_cogact_freq"
"3627","SNX10","Inh PVALB CA8 (Chandelier)",-0.0308941409217905,5.58417489834372,0.289642638503193,0.591193946681716,0.999998866570966,0.999994427475806,"ya_adult_cogact_freq"
"3628","AC004540.1","Inh PVALB CA8 (Chandelier)",-0.0546401649856498,3.75906896806139,0.120329483907021,0.729131058968099,0.999998866570966,0.999994427475806,"ya_adult_cogact_freq"
"3629","SKAP2","Inh PVALB CA8 (Chandelier)",0.0234165279851508,5.23562444471909,0.0864063229010404,0.769175638801053,0.999998866570966,0.999994427475806,"ya_adult_cogact_freq"
"3630","HIBADH","Inh PVALB CA8 (Chandelier)",0.0654855906910536,6.3068103574171,1.56693875632033,0.212470375894697,0.999998866570966,0.999994427475806,"ya_adult_cogact_freq"
"3631","TAX1BP1","Inh PVALB CA8 (Chandelier)",-0.0015387417715124,6.84980966385553,0.00193590081572497,0.964959904438596,0.999998866570966,0.999994427475806,"ya_adult_cogact_freq"
"3632","JAZF1","Inh PVALB CA8 (Chandelier)",-0.00885855991288993,8.48576803540235,0.0840685389017063,0.772231372252891,0.999998866570966,0.999994427475806,"ya_adult_cogact_freq"
"3633","JAZF1-AS1","Inh PVALB CA8 (Chandelier)",-0.00350933680596059,4.95030774133844,0.00158312248802381,0.96831113553174,0.999998866570966,0.999994427475806,"ya_adult_cogact_freq"
"3634","CREB5","Inh PVALB CA8 (Chandelier)",-0.0582345739289798,7.2421686920102,0.302101015023811,0.583330989032265,0.999998866570966,0.999994427475806,"ya_adult_cogact_freq"
"3635","WIPF3","Inh PVALB CA8 (Chandelier)",0.108060738573323,5.90875645737445,2.5806208786947,0.110141609808677,0.999998866570966,0.999994427475806,"ya_adult_cogact_freq"
"3636","SCRN1","Inh PVALB CA8 (Chandelier)",-0.0254829991536427,6.31220703071898,0.271466836529343,0.603066428066132,0.999998866570966,0.999994427475806,"ya_adult_cogact_freq"
"3637","AC007285.1","Inh PVALB CA8 (Chandelier)",-0.0870468841860549,4.10155248332514,0.570454331415803,0.451183549858815,0.999998866570966,0.999994427475806,"ya_adult_cogact_freq"
"3638","FKBP14","Inh PVALB CA8 (Chandelier)",-0.0259213973460603,4.26024537985309,0.0636992043007435,0.801064331069154,0.999998866570966,0.999994427475806,"ya_adult_cogact_freq"
"3639","PLEKHA8","Inh PVALB CA8 (Chandelier)",0.0219646068110982,5.45109567589878,0.146357022539699,0.702546617790367,0.999998866570966,0.999994427475806,"ya_adult_cogact_freq"
"3640","MTURN","Inh PVALB CA8 (Chandelier)",0.0385308295773446,5.78014309135506,0.442837012877743,0.506709932139791,0.999998866570966,0.999994427475806,"ya_adult_cogact_freq"
"3641","ZNRF2","Inh PVALB CA8 (Chandelier)",-0.038645112810717,4.80625109208197,0.220584058767258,0.639231663008852,0.999998866570966,0.999994427475806,"ya_adult_cogact_freq"
"3642","AC006978.2","Inh PVALB CA8 (Chandelier)",0.0131993558807112,4.68912606254805,0.0277080806847603,0.86800614023716,0.999998866570966,0.999994427475806,"ya_adult_cogact_freq"
"3643","AC005154.6","Inh PVALB CA8 (Chandelier)",0.062839774634258,5.52315156269753,1.22542701614182,0.269951831971211,0.999998866570966,0.999994427475806,"ya_adult_cogact_freq"
"3644","GARS","Inh PVALB CA8 (Chandelier)",0.0216634715754835,5.42092744186898,0.0981216647096682,0.754501481404256,0.999998866570966,0.999994427475806,"ya_adult_cogact_freq"
"3645","ADCYAP1R1","Inh PVALB CA8 (Chandelier)",-0.00189099204793261,6.87307295306124,0.00248799640618808,0.978898576664874,0.999998866570966,0.999994427475806,"ya_adult_cogact_freq"
"3646","PDE1C","Inh PVALB CA8 (Chandelier)",0.0863392224965446,6.35604777805755,0.729016505950136,0.394472598483156,0.999998866570966,0.999994427475806,"ya_adult_cogact_freq"
"3647","LSM5","Inh PVALB CA8 (Chandelier)",-0.0286968781279589,4.49886356562331,0.0943804789308406,0.759078036828046,0.999998866570966,0.999994427475806,"ya_adult_cogact_freq"
"3648","AVL9","Inh PVALB CA8 (Chandelier)",0.0189288142633473,6.93675692860022,0.207847394843165,0.649075078455892,0.999998866570966,0.999994427475806,"ya_adult_cogact_freq"
"3649","KBTBD2","Inh PVALB CA8 (Chandelier)",0.0297156937158109,4.90628016828549,0.163202819977414,0.686761599343812,0.999998866570966,0.999994427475806,"ya_adult_cogact_freq"
"3650","FKBP9","Inh PVALB CA8 (Chandelier)",-0.0219325717286496,4.85352121305333,0.0867387987941609,0.768744721314492,0.999998866570966,0.999994427475806,"ya_adult_cogact_freq"
"3651","NT5C3A","Inh PVALB CA8 (Chandelier)",0.0311385651109462,5.73855150065184,0.356715431941183,0.551176351314803,0.999998866570966,0.999994427475806,"ya_adult_cogact_freq"
"3652","RP9","Inh PVALB CA8 (Chandelier)",-0.0492606942662643,4.19743442500876,0.296214733314471,0.88699098299623,0.999998866570966,0.999994427475806,"ya_adult_cogact_freq"
"3653","BBS9","Inh PVALB CA8 (Chandelier)",0.0420036275102621,7.29615857746176,0.907167926818224,0.342296782468927,0.999998866570966,0.999994427475806,"ya_adult_cogact_freq"
"3654","BMPER","Inh PVALB CA8 (Chandelier)",0.0564241343241385,5.63632247408302,0.485436900836203,0.486976095487088,0.999998866570966,0.999994427475806,"ya_adult_cogact_freq"
"3655","NPSR1","Inh PVALB CA8 (Chandelier)",-0.227474673823947,4.77316608448643,1.26109532628606,0.263118110541377,0.999998866570966,0.999994427475806,"ya_adult_cogact_freq"
"3656","DPY19L1","Inh PVALB CA8 (Chandelier)",-0.0409802966316414,6.43191474083045,0.616118938189011,0.433648347454032,0.999998866570966,0.999994427475806,"ya_adult_cogact_freq"
"3657","HERPUD2","Inh PVALB CA8 (Chandelier)",0.0445116290444776,6.25789057375902,0.818094658872111,0.36709125016728,0.999998866570966,0.999994427475806,"ya_adult_cogact_freq"
"3658","SEPT7","Inh PVALB CA8 (Chandelier)",-0.0476679264241669,7.70676764574632,2.12987013245954,0.146404202742764,0.999998866570966,0.999994427475806,"ya_adult_cogact_freq"
"3659","EEPD1","Inh PVALB CA8 (Chandelier)",0.0331949211140623,5.76949886829643,0.146177758505312,0.702720081867002,0.999998866570966,0.999994427475806,"ya_adult_cogact_freq"
"3660","KIAA0895","Inh PVALB CA8 (Chandelier)",0.111907894138433,5.09629257173063,2.53071567823415,0.113614068510577,0.999998866570966,0.999994427475806,"ya_adult_cogact_freq"
"3661","AOAH","Inh PVALB CA8 (Chandelier)",0.00638394679450171,4.9503528017614,0.00271381124617929,0.958518265231926,0.999998866570966,0.999994427475806,"ya_adult_cogact_freq"
"3662","ELMO1","Inh PVALB CA8 (Chandelier)",0.019258512110089,8.87911775016305,0.278343873605212,0.598516130542725,0.999998866570966,0.999994427475806,"ya_adult_cogact_freq"
"3663","EPDR1","Inh PVALB CA8 (Chandelier)",0.0403789402754731,5.22884117866672,0.340660289094101,0.560266313517664,0.999998866570966,0.999994427475806,"ya_adult_cogact_freq"
"3664","STARD3NL","Inh PVALB CA8 (Chandelier)",-0.00114461168872418,4.78064695507299,0.000170113193222305,0.989609861965776,0.999998866570966,0.999994427475806,"ya_adult_cogact_freq"
"3665","AMPH","Inh PVALB CA8 (Chandelier)",0.0374600353360973,7.15637901899373,0.911973265281219,0.341025148889855,0.999998866570966,0.999994427475806,"ya_adult_cogact_freq"
"3666","VPS41","Inh PVALB CA8 (Chandelier)",-0.0168090906843358,6.37438396772391,0.153437334339056,0.728558832853443,0.999998866570966,0.999994427475806,"ya_adult_cogact_freq"
"3667","YAE1D1","Inh PVALB CA8 (Chandelier)",0.00529721909841593,4.96422298529135,0.0055179465942959,0.940877645513205,0.999998866570966,0.999994427475806,"ya_adult_cogact_freq"
"3668","RALA","Inh PVALB CA8 (Chandelier)",0.0138919685588249,6.25935975826247,0.101339720567099,0.75064097033615,0.999998866570966,0.999994427475806,"ya_adult_cogact_freq"
"3669","LINC00265","Inh PVALB CA8 (Chandelier)",0.0917338806430168,4.08844059227164,0.662802795240956,0.416776446396475,0.999998866570966,0.999994427475806,"ya_adult_cogact_freq"
"3670","CDK13","Inh PVALB CA8 (Chandelier)",0.0591175477492043,7.72252963382328,3.70529665551557,0.0560056873418581,0.999998866570966,0.999994427475806,"ya_adult_cogact_freq"
"3671","MPLKIP","Inh PVALB CA8 (Chandelier)",-0.103954828200316,4.50894988562122,1.4211099937485,0.23497749900096,0.999998866570966,0.999994427475806,"ya_adult_cogact_freq"
"3672","SUGCT","Inh PVALB CA8 (Chandelier)",-0.0717657884935188,4.80924334977579,0.476759844504539,0.490889316094469,0.999998866570966,0.999994427475806,"ya_adult_cogact_freq"
"3673","GLI3","Inh PVALB CA8 (Chandelier)",0.110090055959098,4.93538289918938,0.741416564707839,0.390489874676187,0.999998866570966,0.999994427475806,"ya_adult_cogact_freq"
"3674","MRPL32","Inh PVALB CA8 (Chandelier)",-0.13678271619284,4.17685648606529,1.75754561775558,0.18681164507118,0.999998866570966,0.999994427475806,"ya_adult_cogact_freq"
"3675","AC005537.1","Inh PVALB CA8 (Chandelier)",0.222025295265718,5.15115313726979,4.97630999363917,0.0270805975156452,0.999998866570966,0.999994427475806,"ya_adult_cogact_freq"
"3676","HECW1","Inh PVALB CA8 (Chandelier)",0.0705726600400559,7.96575833824173,2.1195558927949,0.147378785289925,0.999998866570966,0.999994427475806,"ya_adult_cogact_freq"
"3677","COA1","Inh PVALB CA8 (Chandelier)",-0.0183821712582327,7.07045523577673,0.209507846463524,0.647771437709159,0.999998866570966,0.999994427475806,"ya_adult_cogact_freq"
"3678","BLVRA","Inh PVALB CA8 (Chandelier)",0.0976000299612372,4.55372605606209,1.36381701895242,0.244606096600486,0.999998866570966,0.999994427475806,"ya_adult_cogact_freq"
"3679","URGCP","Inh PVALB CA8 (Chandelier)",-0.00772717049885742,5.2348131210367,0.0128660138361202,0.909832406165334,0.999998866570966,0.999994427475806,"ya_adult_cogact_freq"
"3680","UBE2D4","Inh PVALB CA8 (Chandelier)",-0.0719357926621976,4.42970214137703,0.619709694893503,0.432314202368806,0.999998866570966,0.999994427475806,"ya_adult_cogact_freq"
"3681","DBNL","Inh PVALB CA8 (Chandelier)",0.022256938635343,4.27681977973676,0.0571875812309357,0.811302199471127,0.999998866570966,0.999994427475806,"ya_adult_cogact_freq"
"3682","POLD2","Inh PVALB CA8 (Chandelier)",-0.120978437092995,4.04537502847921,1.43021594671634,0.233490119495056,0.999998866570966,0.999994427475806,"ya_adult_cogact_freq"
"3683","CAMK2B","Inh PVALB CA8 (Chandelier)",0.0311096307275138,8.27133494574724,0.779632618471806,0.378571938336538,0.999998866570966,0.999994427475806,"ya_adult_cogact_freq"
"3684","NUDCD3","Inh PVALB CA8 (Chandelier)",0.0544962330535035,6.72938757049548,2.05155425093507,0.153992408749673,0.999998866570966,0.999994427475806,"ya_adult_cogact_freq"
"3685","DDX56","Inh PVALB CA8 (Chandelier)",-0.088317652051352,4.71334464389898,1.27030512424735,0.263689121397746,0.999998866570966,0.999994427475806,"ya_adult_cogact_freq"
"3686","TMED4","Inh PVALB CA8 (Chandelier)",-0.00541256859035817,5.46591888403758,0.00642953203474971,0.936190356480235,0.999998866570966,0.999994427475806,"ya_adult_cogact_freq"
"3687","OGDH","Inh PVALB CA8 (Chandelier)",-0.0619860675942985,6.70674541821798,2.23622238369827,0.136770391317853,0.999998866570966,0.999994427475806,"ya_adult_cogact_freq"
"3688","ZMIZ2","Inh PVALB CA8 (Chandelier)",-0.102870496764674,4.56911212561905,1.48475899536934,0.224816516355301,0.999998866570966,0.999994427475806,"ya_adult_cogact_freq"
"3689","PPIA","Inh PVALB CA8 (Chandelier)",-0.0682100760966559,6.1824542504699,1.17719015240588,0.279553106248149,0.999998866570966,0.999994427475806,"ya_adult_cogact_freq"
"3690","H2AFV","Inh PVALB CA8 (Chandelier)",-0.02671791877681,5.69669023764203,0.165656698044753,0.684542423789239,0.999998866570966,0.999994427475806,"ya_adult_cogact_freq"
"3691","PURB","Inh PVALB CA8 (Chandelier)",-0.0276367353398474,5.24274774772909,0.159255065322779,0.690372885569525,0.999998866570966,0.999994427475806,"ya_adult_cogact_freq"
"3692","CCM2","Inh PVALB CA8 (Chandelier)",0.0277352853762015,5.48243231912656,0.204888382674835,0.651413924172139,0.999998866570966,0.999994427475806,"ya_adult_cogact_freq"
"3693","ADCY1","Inh PVALB CA8 (Chandelier)",0.0199024494620228,8.4538229715902,0.526382807777655,0.469186392191032,0.999998866570966,0.999994427475806,"ya_adult_cogact_freq"
"3694","HUS1","Inh PVALB CA8 (Chandelier)",-0.0575876554143856,5.78959845149809,0.848464466822617,0.3583672828277,0.999998866570966,0.999994427475806,"ya_adult_cogact_freq"
"3695","UPP1","Inh PVALB CA8 (Chandelier)",-0.0115591308305705,5.97436755577599,0.0408250635736073,0.840131425425365,0.999998866570966,0.999994427475806,"ya_adult_cogact_freq"
"3696","VWC2","Inh PVALB CA8 (Chandelier)",0.0311652093824243,9.40302457514508,0.808690478090288,0.369852668880801,0.999998866570966,0.999994427475806,"ya_adult_cogact_freq"
"3697","ZPBP","Inh PVALB CA8 (Chandelier)",-0.136680882860351,4.16123239088438,1.03345188537056,0.310876768183117,0.999998866570966,0.999994427475806,"ya_adult_cogact_freq"
"3698","FIGNL1","Inh PVALB CA8 (Chandelier)",-0.210388957596517,3.60605769720343,2.42825068680874,0.121132224675583,0.999998866570966,0.999994427475806,"ya_adult_cogact_freq"
"3699","GRB10","Inh PVALB CA8 (Chandelier)",-0.0662120641480324,6.45562730295685,2.19026014404687,0.140842837140017,0.999998866570966,0.999994427475806,"ya_adult_cogact_freq"
"3700","COBL","Inh PVALB CA8 (Chandelier)",-0.115727426840079,5.37387436742928,1.66117564928588,0.199296217917421,0.999998866570966,0.999994427475806,"ya_adult_cogact_freq"
"3701","VSTM2A","Inh PVALB CA8 (Chandelier)",0.0431522975756124,8.19065614987963,1.08185313118708,0.299845107843763,0.999998866570966,0.999994427475806,"ya_adult_cogact_freq"
"3702","EGFR","Inh PVALB CA8 (Chandelier)",-0.0963709479295707,4.365014854872,0.31402317344934,0.576001914803306,0.999998866570966,0.999994427475806,"ya_adult_cogact_freq"
"3703","LANCL2","Inh PVALB CA8 (Chandelier)",-0.0235696326266429,5.64949608529504,0.20133418980994,0.654250288830147,0.999998866570966,0.999994427475806,"ya_adult_cogact_freq"
"3704","VOPP1","Inh PVALB CA8 (Chandelier)",0.00994780655329461,7.15675232352143,0.0677410095315454,0.79498776984973,0.999998866570966,0.999994427475806,"ya_adult_cogact_freq"
"3705","NIPSNAP2","Inh PVALB CA8 (Chandelier)",0.0252541995656983,6.57017020540225,0.273258685542367,0.60187380661311,0.999998866570966,0.999994427475806,"ya_adult_cogact_freq"
"3706","CCT6A","Inh PVALB CA8 (Chandelier)",-0.00448291367844212,4.80194293562761,0.00329520680773464,0.954294748566237,0.999998866570966,0.999994427475806,"ya_adult_cogact_freq"
"3707","SUMF2","Inh PVALB CA8 (Chandelier)",-0.100310418279277,5.06604219587221,2.07116172563412,0.152051322066985,0.999998866570966,0.999994427475806,"ya_adult_cogact_freq"
"3708","CHCHD2","Inh PVALB CA8 (Chandelier)",-0.140632943523182,5.29192026278796,2.12568942956909,0.146798346937995,0.999998866570966,0.999994427475806,"ya_adult_cogact_freq"
"3709","ZNF736","Inh PVALB CA8 (Chandelier)",0.0348285956344943,5.48155413800496,0.309763289145707,0.578599385597373,0.999998866570966,0.999994427475806,"ya_adult_cogact_freq"
"3710","ZNF680","Inh PVALB CA8 (Chandelier)",-0.00689202499281929,4.86752218216526,0.0073306891489324,0.931875478203829,0.999998866570966,0.999994427475806,"ya_adult_cogact_freq"
"3711","ZNF107","Inh PVALB CA8 (Chandelier)",-0.0271968250385917,4.07212478236254,0.0703281846550723,0.791199277288517,0.999998866570966,0.999994427475806,"ya_adult_cogact_freq"
"3712","ZNF138","Inh PVALB CA8 (Chandelier)",0.0839167443264829,5.59377999927871,2.21166640924231,0.167339181257707,0.999998866570966,0.999994427475806,"ya_adult_cogact_freq"
"3713","ZNF273","Inh PVALB CA8 (Chandelier)",0.0646589209803539,5.16552086006985,0.496177857322039,0.482203504110643,0.999998866570966,0.999994427475806,"ya_adult_cogact_freq"
"3714","ZNF92","Inh PVALB CA8 (Chandelier)",0.162609917092783,4.08747586122797,2.340929600252,0.127979637004051,0.999998866570966,0.999994427475806,"ya_adult_cogact_freq"
"3715","VKORC1L1","Inh PVALB CA8 (Chandelier)",0.0538809193858261,5.78844938914937,0.949100156670301,0.331412044044542,0.999998866570966,0.999994427475806,"ya_adult_cogact_freq"
"3716","GUSB","Inh PVALB CA8 (Chandelier)",-0.248002812335144,4.42995348798129,9.02961658172882,0.0030824836559782,0.999998866570966,0.999994427475806,"ya_adult_cogact_freq"
"3717","AC068533.4","Inh PVALB CA8 (Chandelier)",0.103601903341085,4.20105324814513,1.15723565716389,0.307430812657087,0.999998866570966,0.999994427475806,"ya_adult_cogact_freq"
"3718","CRCP","Inh PVALB CA8 (Chandelier)",-0.058887447988412,3.94612112057046,0.297948283546684,0.585928154489856,0.999998866570966,0.999994427475806,"ya_adult_cogact_freq"
"3719","TPST1","Inh PVALB CA8 (Chandelier)",-0.0148302186991892,7.97444862300958,0.121628970765183,0.727730733043093,0.999998866570966,0.999994427475806,"ya_adult_cogact_freq"
"3720","AC027644.4","Inh PVALB CA8 (Chandelier)",0.0132524704485129,6.29285813718514,0.0489626653405241,0.825159044850559,0.999998866570966,0.999994427475806,"ya_adult_cogact_freq"
"3721","TMEM248","Inh PVALB CA8 (Chandelier)",0.0116189476587307,5.15446395787583,0.0338544933917302,0.854248543323737,0.999998866570966,0.999994427475806,"ya_adult_cogact_freq"
"3722","SBDS","Inh PVALB CA8 (Chandelier)",0.0442722717938454,4.99821536679081,0.225555274588053,0.6354838453663,0.999998866570966,0.999994427475806,"ya_adult_cogact_freq"
"3723","TYW1","Inh PVALB CA8 (Chandelier)",0.00274284766668323,6.04652523393775,0.00293799670330552,0.956840498308775,0.999998866570966,0.999994427475806,"ya_adult_cogact_freq"
"3724","AC006480.2","Inh PVALB CA8 (Chandelier)",-0.0435354431867912,4.39935542027876,0.316529543028557,0.574484461245522,0.999998866570966,0.999994427475806,"ya_adult_cogact_freq"
"3725","AUTS2","Inh PVALB CA8 (Chandelier)",0.000326893269540886,11.0157752300428,0.00013137809546762,0.990869036203669,0.999998866570966,0.999994427475806,"ya_adult_cogact_freq"
"3726","GALNT17","Inh PVALB CA8 (Chandelier)",-0.00520018376200202,8.84455631689589,0.0106485411605518,0.91793938392516,0.999998866570966,0.999994427475806,"ya_adult_cogact_freq"
"3727","CALN1","Inh PVALB CA8 (Chandelier)",0.0250421695517204,10.5591764906715,0.694977328549808,0.405713455579882,0.999998866570966,0.999994427475806,"ya_adult_cogact_freq"
"3728","TYW1B","Inh PVALB CA8 (Chandelier)",0.0194059939733514,5.83667779821396,0.0998230041894215,0.752451950473433,0.999998866570966,0.999994427475806,"ya_adult_cogact_freq"
"3729","POM121","Inh PVALB CA8 (Chandelier)",-0.0126423126319829,6.62483505047604,0.0810362056225275,0.776264419792666,0.999998866570966,0.999994427475806,"ya_adult_cogact_freq"
"3730","NSUN5","Inh PVALB CA8 (Chandelier)",-0.116565561754847,4.35614905744364,1.49227796392973,0.223651652884446,0.999998866570966,0.999994427475806,"ya_adult_cogact_freq"
"3731","BAZ1B","Inh PVALB CA8 (Chandelier)",0.108504665934634,6.26560047025261,4.94977434484358,0.0274862765895347,0.999998866570966,0.999994427475806,"ya_adult_cogact_freq"
"3732","BCL7B","Inh PVALB CA8 (Chandelier)",-0.0359315490732068,4.01767207260034,0.102790685277839,0.74892242224659,0.999998866570966,0.999994427475806,"ya_adult_cogact_freq"
"3733","MLXIPL","Inh PVALB CA8 (Chandelier)",0.0368613705961395,6.11644259848652,0.456560529346183,0.500206606664667,0.999998866570966,0.999994427475806,"ya_adult_cogact_freq"
"3734","BUD23","Inh PVALB CA8 (Chandelier)",-0.0297958816134244,4.7198156724958,0.143972851284644,0.704863699818077,0.999998866570966,0.999994427475806,"ya_adult_cogact_freq"
"3735","STX1A","Inh PVALB CA8 (Chandelier)",-0.0671326313032276,5.53673831489537,1.10124174612559,0.295568745920828,0.999998866570966,0.999994427475806,"ya_adult_cogact_freq"
"3736","LIMK1","Inh PVALB CA8 (Chandelier)",-0.0499780574311393,5.48634248735789,0.468595903923852,0.494619497310025,0.999998866570966,0.999994427475806,"ya_adult_cogact_freq"
"3737","EIF4H","Inh PVALB CA8 (Chandelier)",-0.0372301978045851,5.28865585208346,0.253291010629762,0.615456105473311,0.999998866570966,0.999994427475806,"ya_adult_cogact_freq"
"3738","CLIP2","Inh PVALB CA8 (Chandelier)",0.0166278913181158,6.88646558112533,0.1451952785903,0.703672947363069,0.999998866570966,0.999994427475806,"ya_adult_cogact_freq"
"3739","GTF2IRD1","Inh PVALB CA8 (Chandelier)",0.0404494017720869,7.81576951861322,0.751134827797407,0.387408849966472,0.999998866570966,0.999994427475806,"ya_adult_cogact_freq"
"3740","GTF2I","Inh PVALB CA8 (Chandelier)",-0.0030180511208257,8.62722665622649,0.0165085669491752,0.897925232085122,0.999998866570966,0.999994427475806,"ya_adult_cogact_freq"
"3741","GTF2IRD2","Inh PVALB CA8 (Chandelier)",-0.0612631474547569,3.88903340969577,0.264084395323794,0.608033516160469,0.999998866570966,0.999994427475806,"ya_adult_cogact_freq"
"3742","CASTOR2","Inh PVALB CA8 (Chandelier)",-0.0215733125676641,5.9369285125155,0.111116481134516,0.739310949451754,0.999998866570966,0.999994427475806,"ya_adult_cogact_freq"
"3743","RCC1L","Inh PVALB CA8 (Chandelier)",-0.000131504918144709,4.73770553668369,2.79458433430395e-06,0.998668248744081,0.999998866570966,0.999994427475806,"ya_adult_cogact_freq"
"3744","GTF2IRD2B","Inh PVALB CA8 (Chandelier)",-0.104760447733629,4.18381355572481,1.02221881003702,0.313512552488063,0.999998866570966,0.999994427475806,"ya_adult_cogact_freq"
"3745","POM121C","Inh PVALB CA8 (Chandelier)",0.00805314739505525,6.39009591044094,0.0342312233448972,0.973305117897974,0.999998866570966,0.999994427475806,"ya_adult_cogact_freq"
"3746","SPDYE5","Inh PVALB CA8 (Chandelier)",-0.198819445835313,3.72704342821219,1.94588213266008,0.164955541366834,0.999998866570966,0.999994427475806,"ya_adult_cogact_freq"
"3747","HIP1","Inh PVALB CA8 (Chandelier)",-0.143482636918505,4.3943364192665,1.55138889951853,0.21474278419514,0.999998866570966,0.999994427475806,"ya_adult_cogact_freq"
"3748","RHBDD2","Inh PVALB CA8 (Chandelier)",0.0790988446542133,5.30170531257595,1.08712792547314,0.298673817020415,0.999998866570966,0.999994427475806,"ya_adult_cogact_freq"
"3749","POR","Inh PVALB CA8 (Chandelier)",-0.0202322338800048,5.02405066645097,0.0832604193412622,0.773298374548177,0.999998866570966,0.999994427475806,"ya_adult_cogact_freq"
"3750","STYXL1","Inh PVALB CA8 (Chandelier)",-0.095701826666252,4.35528685144631,0.875707136717099,0.350783722456332,0.999998866570966,0.999994427475806,"ya_adult_cogact_freq"
"3751","MDH2","Inh PVALB CA8 (Chandelier)",-0.039088147552458,4.61017750055969,0.172065921418204,0.678835257675081,0.999998866570966,0.999994427475806,"ya_adult_cogact_freq"
"3752","SRRM3","Inh PVALB CA8 (Chandelier)",-0.00953111121899565,8.59203550478792,0.0599191874505278,0.806935874288458,0.999998866570966,0.999994427475806,"ya_adult_cogact_freq"
"3753","HSPB1","Inh PVALB CA8 (Chandelier)",0.00258298998534259,4.60164369020162,0.00018191154742936,0.98925561421424,0.999998866570966,0.999994427475806,"ya_adult_cogact_freq"
"3754","YWHAG","Inh PVALB CA8 (Chandelier)",0.0803442022932429,7.03212031963018,2.04603396599282,0.154544001532193,0.999998866570966,0.999994427475806,"ya_adult_cogact_freq"
"3755","POMZP3","Inh PVALB CA8 (Chandelier)",0.0499056059438203,3.84579488441919,0.161797552307287,0.688041216178385,0.999998866570966,0.999994427475806,"ya_adult_cogact_freq"
"3756","CCDC146","Inh PVALB CA8 (Chandelier)",0.0783115514912164,5.74799134042321,1.23679078145419,0.267750723831407,0.999998866570966,0.999994427475806,"ya_adult_cogact_freq"
"3757","GSAP","Inh PVALB CA8 (Chandelier)",0.0326508927480239,5.99664114998281,0.26907437043657,0.604666643262077,0.999998866570966,0.999994427475806,"ya_adult_cogact_freq"
"3758","PTPN12","Inh PVALB CA8 (Chandelier)",-0.0418657825922559,6.06783218750157,0.64557032305355,0.4228872454383,0.999998866570966,0.999994427475806,"ya_adult_cogact_freq"
"3759","APTR","Inh PVALB CA8 (Chandelier)",-0.0360202444974106,5.15600807983946,0.299081652216401,0.585217008653488,0.999998866570966,0.999994427475806,"ya_adult_cogact_freq"
"3760","RSBN1L","Inh PVALB CA8 (Chandelier)",-0.0534221752899385,6.48609193829359,1.79011429086551,0.182801704362053,0.999998866570966,0.999994427475806,"ya_adult_cogact_freq"
"3761","PHTF2","Inh PVALB CA8 (Chandelier)",0.062239320545139,6.89154657650305,2.14744714781247,0.144760205480308,0.999998866570966,0.999994427475806,"ya_adult_cogact_freq"
"3762","MAGI2","Inh PVALB CA8 (Chandelier)",0.0253863414749513,11.0126727166672,0.43683267363662,0.509601189618276,0.999998866570966,0.999994427475806,"ya_adult_cogact_freq"
"3763","AC006355.2","Inh PVALB CA8 (Chandelier)",0.0910703531292218,3.38366701249899,0.377788541706683,0.539658095848076,0.999998866570966,0.999994427475806,"ya_adult_cogact_freq"
"3764","GNAI1","Inh PVALB CA8 (Chandelier)",0.157496666053754,5.58277765625635,7.3285805926657,0.00752035020119479,0.999998866570966,0.999994427475806,"ya_adult_cogact_freq"
"3765","SEMA3C","Inh PVALB CA8 (Chandelier)",0.030760922898197,3.49779739408077,0.0266548380358701,0.870516343732138,0.999998866570966,0.999994427475806,"ya_adult_cogact_freq"
"3766","CACNA2D1","Inh PVALB CA8 (Chandelier)",0.0761742869226158,4.1820224177042,0.256603557688697,0.613157243107323,0.999998866570966,0.999994427475806,"ya_adult_cogact_freq"
"3767","PCLO","Inh PVALB CA8 (Chandelier)",0.0542315496089286,9.896613848227,2.99380636314653,0.0855024883744413,0.999998866570966,0.999994427475806,"ya_adult_cogact_freq"
"3768","SEMA3A","Inh PVALB CA8 (Chandelier)",0.126469743150012,4.13762737788358,0.956312171633495,0.329587041897775,0.999998866570966,0.999994427475806,"ya_adult_cogact_freq"
"3769","GRM3","Inh PVALB CA8 (Chandelier)",0.0692270935107416,4.00744944989921,0.360042015596555,0.549327739667121,0.999998866570966,0.999994427475806,"ya_adult_cogact_freq"
"3770","KIAA1324L","Inh PVALB CA8 (Chandelier)",0.00195691436985793,7.19645975480904,0.0025477119906583,0.95980663657352,0.999998866570966,0.999994427475806,"ya_adult_cogact_freq"
"3771","DMTF1","Inh PVALB CA8 (Chandelier)",0.0261248574077694,6.51275030840387,0.356417334166624,0.551342577908875,0.999998866570966,0.999994427475806,"ya_adult_cogact_freq"
"3772","TMEM243","Inh PVALB CA8 (Chandelier)",-0.026542974421645,4.00369784026719,0.0570605022773722,0.811507987297154,0.999998866570966,0.999994427475806,"ya_adult_cogact_freq"
"3773","RUNDC3B","Inh PVALB CA8 (Chandelier)",0.00124902347818688,7.26134454511563,0.000914011132191931,0.975919035058082,0.999998866570966,0.999994427475806,"ya_adult_cogact_freq"
"3774","SLC25A40","Inh PVALB CA8 (Chandelier)",-0.056800327905719,5.30602438610405,0.8022906362783,0.371748574139657,0.999998866570966,0.999994427475806,"ya_adult_cogact_freq"
"3775","DBF4","Inh PVALB CA8 (Chandelier)",0.088149379739972,3.99460285959302,0.675145995123377,0.412480104302615,0.999998866570966,0.999994427475806,"ya_adult_cogact_freq"
"3776","ADAM22","Inh PVALB CA8 (Chandelier)",0.0246063950522918,8.5685364376602,0.510970560753251,0.475755738805321,0.999998866570966,0.999994427475806,"ya_adult_cogact_freq"
"3777","SRI","Inh PVALB CA8 (Chandelier)",-0.0964202953052661,4.89040728050116,1.52531941645874,0.218618221483198,0.999998866570966,0.999994427475806,"ya_adult_cogact_freq"
"3778","AC003991.1","Inh PVALB CA8 (Chandelier)",0.00189710908302031,4.9044718492575,0.000183009271905798,0.989223247071577,0.999998866570966,0.999994427475806,"ya_adult_cogact_freq"
"3779","ZNF804B","Inh PVALB CA8 (Chandelier)",0.034427996240057,9.10304579495057,0.195220555050484,0.659200410909261,0.999998866570966,0.999994427475806,"ya_adult_cogact_freq"
"3780","STEAP2","Inh PVALB CA8 (Chandelier)",-0.0535222747383773,5.93065007073977,1.02439194798604,0.313000354382155,0.999998866570966,0.999994427475806,"ya_adult_cogact_freq"
"3781","CFAP69","Inh PVALB CA8 (Chandelier)",-0.0611735299200233,5.47911140031557,0.910284147407767,0.341471408056661,0.999998866570966,0.999994427475806,"ya_adult_cogact_freq"
"3782","AC002064.1","Inh PVALB CA8 (Chandelier)",-0.00470487010054352,3.50573524078791,0.000581783736396613,0.98078664861039,0.999998866570966,0.999994427475806,"ya_adult_cogact_freq"
"3783","GTPBP10","Inh PVALB CA8 (Chandelier)",-0.0152505937294856,4.64098040711927,0.0365552679783218,0.848614604862607,0.999998866570966,0.999994427475806,"ya_adult_cogact_freq"
"3784","CLDN12","Inh PVALB CA8 (Chandelier)",0.0246632498247369,5.83624583621507,0.171639487562531,0.67921107681052,0.999998866570966,0.999994427475806,"ya_adult_cogact_freq"
"3785","CDK14","Inh PVALB CA8 (Chandelier)",-0.0110600315841318,7.73909934010178,0.0711102302863145,0.790068827567165,0.999998866570966,0.999994427475806,"ya_adult_cogact_freq"
"3786","AC079760.1","Inh PVALB CA8 (Chandelier)",-0.0225825414856169,4.53034673561266,0.0302397458767986,0.862166138574211,0.999998866570966,0.999994427475806,"ya_adult_cogact_freq"
"3787","MTERF1","Inh PVALB CA8 (Chandelier)",0.166412797997892,6.174516567509,5.71473850543278,0.0179797130307216,0.999998866570966,0.999994427475806,"ya_adult_cogact_freq"
"3788","AKAP9","Inh PVALB CA8 (Chandelier)",0.0481667941943946,8.05883807724071,1.91966196723426,0.167813133811797,0.999998866570966,0.999994427475806,"ya_adult_cogact_freq"
"3789","KRIT1","Inh PVALB CA8 (Chandelier)",0.00585938429330251,6.8760090681415,0.0289957153862128,0.945965807207563,0.999998866570966,0.999994427475806,"ya_adult_cogact_freq"
"3790","ANKIB1","Inh PVALB CA8 (Chandelier)",0.00573475978068243,7.88594232614683,0.0262689300002861,0.871448802636251,0.999998866570966,0.999994427475806,"ya_adult_cogact_freq"
"3791","GATAD1","Inh PVALB CA8 (Chandelier)",0.00351863673004189,5.0535318403716,0.00208133378008223,0.963668443207496,0.999998866570966,0.999994427475806,"ya_adult_cogact_freq"
"3792","AC007566.1","Inh PVALB CA8 (Chandelier)",0.0791251473440825,5.61542671902679,2.65744281395752,0.105024012372991,0.999998866570966,0.999994427475806,"ya_adult_cogact_freq"
"3793","PEX1","Inh PVALB CA8 (Chandelier)",-0.0641674596529752,5.61276034271448,1.21921353098633,0.271164980539776,0.999998866570966,0.999994427475806,"ya_adult_cogact_freq"
"3794","RBM48","Inh PVALB CA8 (Chandelier)",-0.0746564415848619,4.86766964994655,1.01161228845408,0.316028340631637,0.999998866570966,0.999994427475806,"ya_adult_cogact_freq"
"3795","FAM133B","Inh PVALB CA8 (Chandelier)",-0.095854901293919,5.3084563074174,2.6869764136529,0.103127081929817,0.999998866570966,0.999994427475806,"ya_adult_cogact_freq"
"3796","CDK6","Inh PVALB CA8 (Chandelier)",-0.0616630817404815,6.61015490293751,1.43671832140676,0.232435023282959,0.999998866570966,0.999994427475806,"ya_adult_cogact_freq"
"3797","VPS50","Inh PVALB CA8 (Chandelier)",0.0478055352675502,6.5128989666679,0.987425760974529,0.321865638602092,0.999998866570966,0.999994427475806,"ya_adult_cogact_freq"
"3798","BET1","Inh PVALB CA8 (Chandelier)",0.073257534044323,4.89695180590178,0.8861893112973,0.347924456562693,0.999998866570966,0.999994427475806,"ya_adult_cogact_freq"
"3799","CASD1","Inh PVALB CA8 (Chandelier)",0.0354823527598915,6.56862289026055,0.880287863714575,0.349530279818713,0.999998866570966,0.999994427475806,"ya_adult_cogact_freq"
"3800","SGCE","Inh PVALB CA8 (Chandelier)",0.000113313329869255,6.12272704794095,1.00420853812714e-05,0.997475496763208,0.999998866570966,0.999994427475806,"ya_adult_cogact_freq"
"3801","PEG10","Inh PVALB CA8 (Chandelier)",-0.105365079647641,4.26718677227215,1.06804243562792,0.302940168469139,0.999998866570966,0.999994427475806,"ya_adult_cogact_freq"
"3802","PPP1R9A","Inh PVALB CA8 (Chandelier)",0.0245159568590483,6.77429734954914,0.285005937066464,0.594176156900299,0.999998866570966,0.999994427475806,"ya_adult_cogact_freq"
"3803","DYNC1I1","Inh PVALB CA8 (Chandelier)",0.0320414186362961,8.10859849267982,0.709974352773493,0.400704132234327,0.999998866570966,0.999994427475806,"ya_adult_cogact_freq"
"3804","SLC25A13","Inh PVALB CA8 (Chandelier)",-0.0947104255034345,6.59463351628105,4.93744698549917,0.0276769060188837,0.999998866570966,0.999994427475806,"ya_adult_cogact_freq"
"3805","SEM1","Inh PVALB CA8 (Chandelier)",0.072451874191911,7.78174920640267,0.908825884580175,0.341857312932873,0.999998866570966,0.999994427475806,"ya_adult_cogact_freq"
"3806","DLX6-AS1","Inh PVALB CA8 (Chandelier)",0.04190045993892,8.20229310121064,0.643412642218782,0.423661841008209,0.999998866570966,0.999994427475806,"ya_adult_cogact_freq"
"3807","DLX6","Inh PVALB CA8 (Chandelier)",0.0311629299850304,4.41634434451458,0.133219447842377,0.71559679584139,0.999998866570966,0.999994427475806,"ya_adult_cogact_freq"
"3808","DLX5","Inh PVALB CA8 (Chandelier)",-0.1588451564498,4.63760350577777,2.88816014394168,0.0911668630018787,0.999998866570966,0.999994427475806,"ya_adult_cogact_freq"
"3809","TAC1","Inh PVALB CA8 (Chandelier)",-0.0540142778255102,4.4375725968128,0.158768463184827,0.69082159754967,0.999998866570966,0.999994427475806,"ya_adult_cogact_freq"
"3810","ASNS","Inh PVALB CA8 (Chandelier)",-0.00330767839874135,5.74770642477596,0.00298649841691358,0.956486062553272,0.999998866570966,0.999994427475806,"ya_adult_cogact_freq"
"3811","LMTK2","Inh PVALB CA8 (Chandelier)",0.00591340544766877,6.54579509744084,0.0212325461177863,0.884329773509797,0.999998866570966,0.999994427475806,"ya_adult_cogact_freq"
"3812","TECPR1","Inh PVALB CA8 (Chandelier)",-0.0274496383074705,4.93188364827857,0.139928631763855,0.708844867593701,0.999998866570966,0.999994427475806,"ya_adult_cogact_freq"
"3813","BRI3","Inh PVALB CA8 (Chandelier)",-0.0841354988947981,5.5026316661942,1.99590082548195,0.159658300463669,0.999998866570966,0.999994427475806,"ya_adult_cogact_freq"
"3814","BAIAP2L1","Inh PVALB CA8 (Chandelier)",-0.381150662063738,4.2735427436753,7.56208628455709,0.0066440481773442,0.999998866570966,0.999994427475806,"ya_adult_cogact_freq"
"3815","TMEM130","Inh PVALB CA8 (Chandelier)",-0.0518733023936718,6.34257106429796,1.00505352478529,0.31759734899524,0.999998866570966,0.999994427475806,"ya_adult_cogact_freq"
"3816","TRRAP","Inh PVALB CA8 (Chandelier)",-0.0046452558770828,6.85188067058595,0.0147170203388196,0.903594045040799,0.999998866570966,0.999994427475806,"ya_adult_cogact_freq"
"3817","SMURF1","Inh PVALB CA8 (Chandelier)",-0.0328080809470131,6.70304160065843,0.600493211083221,0.439528177677753,0.999998866570966,0.999994427475806,"ya_adult_cogact_freq"
"3818","PDAP1","Inh PVALB CA8 (Chandelier)",-0.0964158268131129,4.5344524138083,1.0807870364328,0.300082561146864,0.999998866570966,0.999994427475806,"ya_adult_cogact_freq"
"3819","CPSF4","Inh PVALB CA8 (Chandelier)",-0.312241567288569,4.31833989126897,9.82016045263282,0.00205196573903758,0.999998866570966,0.999994427475806,"ya_adult_cogact_freq"
"3820","ZNF789","Inh PVALB CA8 (Chandelier)",-0.0534519891375571,5.361366391289,0.860147113146818,0.35508781007327,0.999998866570966,0.999994427475806,"ya_adult_cogact_freq"
"3821","ZKSCAN5","Inh PVALB CA8 (Chandelier)",0.152561733588929,4.35680399433791,3.25794350765246,0.0729495935175448,0.999998866570966,0.999994427475806,"ya_adult_cogact_freq"
"3822","FAM200A","Inh PVALB CA8 (Chandelier)",0.0349961103359925,4.36501531397597,0.184758532222286,0.767421823127245,0.999998866570966,0.999994427475806,"ya_adult_cogact_freq"
"3823","ZSCAN25","Inh PVALB CA8 (Chandelier)",-0.00650646082671733,4.05025586201509,0.00408440198627294,0.9491218216049,0.999998866570966,0.999994427475806,"ya_adult_cogact_freq"
"3824","TRIM4","Inh PVALB CA8 (Chandelier)",-0.00119751386870974,5.02350867561298,0.000350570972029521,0.985084866240977,0.999998866570966,0.999994427475806,"ya_adult_cogact_freq"
"3825","ZKSCAN1","Inh PVALB CA8 (Chandelier)",-0.0223187495311302,6.89001540202981,0.225370702993447,0.635622085220729,0.999998866570966,0.999994427475806,"ya_adult_cogact_freq"
"3826","ZNF3","Inh PVALB CA8 (Chandelier)",0.0647971769855222,4.08022964567163,0.354705251301842,0.552299108862829,0.999998866570966,0.999994427475806,"ya_adult_cogact_freq"
"3827","COPS6","Inh PVALB CA8 (Chandelier)",-0.119239244511496,4.91210212722114,2.10582877569922,0.148687322464541,0.999998866570966,0.999994427475806,"ya_adult_cogact_freq"
"3828","TAF6","Inh PVALB CA8 (Chandelier)",-0.235079296076058,4.08536222970845,5.578959674243,0.0193748911121307,0.999998866570966,0.999994427475806,"ya_adult_cogact_freq"
"3829","LAMTOR4","Inh PVALB CA8 (Chandelier)",0.0223734987615069,4.43345580282997,0.0519321507751647,0.820024236624754,0.999998866570966,0.999994427475806,"ya_adult_cogact_freq"
"3830","STAG3","Inh PVALB CA8 (Chandelier)",-0.00991594850044005,3.83591325896684,0.00851719415406915,0.92658361156876,0.999998866570966,0.999994427475806,"ya_adult_cogact_freq"
"3831","CASTOR3","Inh PVALB CA8 (Chandelier)",0.0365317062498267,6.66823434729327,0.702832092320667,0.403078438780468,0.999998866570966,0.999994427475806,"ya_adult_cogact_freq"
"3832","SPDYE3","Inh PVALB CA8 (Chandelier)",-0.0896140636388227,4.28306835110897,0.502512685420397,0.479424844496952,0.999998866570966,0.999994427475806,"ya_adult_cogact_freq"
"3833","PILRB","Inh PVALB CA8 (Chandelier)",-0.0698679604222275,5.30268845693372,0.840220033049439,0.360706843660226,0.999998866570966,0.999994427475806,"ya_adult_cogact_freq"
"3834","PILRA","Inh PVALB CA8 (Chandelier)",0.0656870402507258,5.20798214515597,1.03483995940454,0.31055308408172,0.999998866570966,0.999994427475806,"ya_adult_cogact_freq"
"3835","PPP1R35","Inh PVALB CA8 (Chandelier)",-0.157235650870507,3.96706503926994,2.05604672608668,0.153545177061585,0.999998866570966,0.999994427475806,"ya_adult_cogact_freq"
"3836","NYAP1","Inh PVALB CA8 (Chandelier)",-0.00046707464633167,4.26883577606149,3.55401149338408e-05,0.995250788246216,0.999998866570966,0.999994427475806,"ya_adult_cogact_freq"
"3837","AGFG2","Inh PVALB CA8 (Chandelier)",-0.00770258538280486,4.27008346017606,0.0094071256809002,0.92285487626628,0.999998866570966,0.999994427475806,"ya_adult_cogact_freq"
"3838","LRCH4","Inh PVALB CA8 (Chandelier)",-0.138465211443045,4.2258575026514,1.99466888994994,0.159786397136616,0.999998866570966,0.999994427475806,"ya_adult_cogact_freq"
"3839","ACTL6B","Inh PVALB CA8 (Chandelier)",-0.102225828399292,5.33205544228579,2.67334412565162,0.103997931632663,0.999998866570966,0.999994427475806,"ya_adult_cogact_freq"
"3840","GNB2","Inh PVALB CA8 (Chandelier)",-0.0291413712735029,4.77225961328335,0.13336329473933,0.71545003088004,0.999998866570966,0.999994427475806,"ya_adult_cogact_freq"
"3841","GIGYF1","Inh PVALB CA8 (Chandelier)",-0.0356884061515575,5.30705377639796,0.315353642383049,0.664800856054891,0.999998866570966,0.999994427475806,"ya_adult_cogact_freq"
"3842","SRRT","Inh PVALB CA8 (Chandelier)",-0.0940941307058249,4.39864970310214,1.36923873479358,0.2436744717347,0.999998866570966,0.999994427475806,"ya_adult_cogact_freq"
"3843","ACHE","Inh PVALB CA8 (Chandelier)",-0.00370485691244477,4.16566454499023,0.00119005370351337,0.972523505685746,0.999998866570966,0.999994427475806,"ya_adult_cogact_freq"
"3844","AP1S1","Inh PVALB CA8 (Chandelier)",-0.150342125825732,4.2798039234171,1.50230424803924,0.222109660183629,0.999998866570966,0.999994427475806,"ya_adult_cogact_freq"
"3845","VGF","Inh PVALB CA8 (Chandelier)",-0.168474317594383,4.89485198180704,0.335473102733705,0.563264648055858,0.999998866570966,0.999994427475806,"ya_adult_cogact_freq"
"3846","NAT16","Inh PVALB CA8 (Chandelier)",-0.25041145984279,3.60768913928713,2.17304654235392,0.142403236139586,0.999998866570966,0.999994427475806,"ya_adult_cogact_freq"
"3847","PLOD3","Inh PVALB CA8 (Chandelier)",-0.0520912435546818,4.47672369696897,0.376286148273761,0.54781749428419,0.999998866570966,0.999994427475806,"ya_adult_cogact_freq"
"3848","FIS1","Inh PVALB CA8 (Chandelier)",-0.179014088606072,4.43195157735285,2.85727543376986,0.0928994687063442,0.999998866570966,0.999994427475806,"ya_adult_cogact_freq"
"3849","COL26A1","Inh PVALB CA8 (Chandelier)",-0.00838124930643973,5.33740453790875,0.0124397550407878,0.911332313092105,0.999998866570966,0.999994427475806,"ya_adult_cogact_freq"
"3850","CUX1","Inh PVALB CA8 (Chandelier)",0.026104817890594,8.13405069830519,0.444846931857546,0.505748420558672,0.999998866570966,0.999994427475806,"ya_adult_cogact_freq"
"3851","PRKRIP1","Inh PVALB CA8 (Chandelier)",0.0188668591947973,6.7225911298691,0.135177575114686,0.713606603374898,0.999998866570966,0.999994427475806,"ya_adult_cogact_freq"
"3852","ORAI2","Inh PVALB CA8 (Chandelier)",0.0449682443992869,5.36988541740969,0.450945023334697,0.502850308150926,0.999998866570966,0.999994427475806,"ya_adult_cogact_freq"
"3853","ALKBH4","Inh PVALB CA8 (Chandelier)",-0.0714265022883361,3.96082648968647,0.363247781697032,0.547557236049087,0.999998866570966,0.999994427475806,"ya_adult_cogact_freq"
"3854","AC093668.2","Inh PVALB CA8 (Chandelier)",-0.0389580706674777,4.18096145591879,0.0903950461764714,0.764064000761802,0.999998866570966,0.999994427475806,"ya_adult_cogact_freq"
"3855","SPDYE2","Inh PVALB CA8 (Chandelier)",-0.145144500660032,3.76480543571035,0.733113257946603,0.393150319632975,0.999998866570966,0.999994427475806,"ya_adult_cogact_freq"
"3856","AC105052.1","Inh PVALB CA8 (Chandelier)",-0.0081731748990334,4.57318725449775,0.00598663997594736,0.938422729224248,0.999998866570966,0.999994427475806,"ya_adult_cogact_freq"
"3857","AC105052.3","Inh PVALB CA8 (Chandelier)",-0.0406350812862174,5.14790305334624,0.248984452967234,0.618473162214331,0.999998866570966,0.999994427475806,"ya_adult_cogact_freq"
"3858","FAM185A","Inh PVALB CA8 (Chandelier)",0.0527452151676549,6.4033724386358,1.31064766185948,0.301334019759808,0.999998866570966,0.999994427475806,"ya_adult_cogact_freq"
"3859","FBXL13","Inh PVALB CA8 (Chandelier)",-0.145771247255711,5.55832177358715,4.31496207293668,0.0393689160889755,0.999998866570966,0.999994427475806,"ya_adult_cogact_freq"
"3860","ARMC10","Inh PVALB CA8 (Chandelier)",-0.0415174143235134,4.86682031218591,0.315352478416683,0.575196113005481,0.999998866570966,0.999994427475806,"ya_adult_cogact_freq"
"3861","NAPEPLD","Inh PVALB CA8 (Chandelier)",0.0283630127362375,7.21612464670327,0.53219294683541,0.466747911758354,0.999998866570966,0.999994427475806,"ya_adult_cogact_freq"
"3862","PMPCB","Inh PVALB CA8 (Chandelier)",0.0368277916086878,5.56029777819733,0.42504745900293,0.557141807109735,0.999998866570966,0.999994427475806,"ya_adult_cogact_freq"
"3863","DNAJC2","Inh PVALB CA8 (Chandelier)",-0.0540893449344237,4.57432633273315,0.55947745266866,0.455563635324187,0.999998866570966,0.999994427475806,"ya_adult_cogact_freq"
"3864","PSMC2","Inh PVALB CA8 (Chandelier)",-0.0333942954968111,5.06490729199658,0.273725528669515,0.642442860856624,0.999998866570966,0.999994427475806,"ya_adult_cogact_freq"
"3865","ORC5","Inh PVALB CA8 (Chandelier)",0.0600066747081653,5.76542550923797,1.25001341540456,0.265217842044389,0.999998866570966,0.999994427475806,"ya_adult_cogact_freq"
"3866","LHFPL3","Inh PVALB CA8 (Chandelier)",-0.00860055839144456,10.3163357049542,0.053806879111984,0.816861681530832,0.999998866570966,0.999994427475806,"ya_adult_cogact_freq"
"3867","LINC01004","Inh PVALB CA8 (Chandelier)",0.0206818679681353,6.03653545474643,0.145081334906576,0.703783695348487,0.999998866570966,0.999994427475806,"ya_adult_cogact_freq"
"3868","KMT2E","Inh PVALB CA8 (Chandelier)",0.0784796967835665,7.84993377293156,8.00475881038967,0.0052603374303441,0.999998866570966,0.999994427475806,"ya_adult_cogact_freq"
"3869","SRPK2","Inh PVALB CA8 (Chandelier)",0.0101590726168074,8.27258522718352,0.159801481448429,0.689869964017768,0.999998866570966,0.999994427475806,"ya_adult_cogact_freq"
"3870","PUS7","Inh PVALB CA8 (Chandelier)",0.0244357608960252,5.41050216921163,0.129466308726589,0.719458258152688,0.999998866570966,0.999994427475806,"ya_adult_cogact_freq"
"3871","RINT1","Inh PVALB CA8 (Chandelier)",0.0407213068859063,4.62520840275368,0.233832282740308,0.629354665996241,0.999998866570966,0.999994427475806,"ya_adult_cogact_freq"
"3872","ATXN7L1","Inh PVALB CA8 (Chandelier)",0.0199263348743962,7.2951129220223,0.250850403276384,0.617161948846988,0.999998866570966,0.999994427475806,"ya_adult_cogact_freq"
"3873","CDHR3","Inh PVALB CA8 (Chandelier)",0.0998718527120853,6.30719757104437,2.14475154694903,0.145010960389809,0.999998866570966,0.999994427475806,"ya_adult_cogact_freq"
"3874","NAMPT","Inh PVALB CA8 (Chandelier)",-0.0983562158659877,4.69368662762377,1.54316308729968,0.215956649772271,0.999998866570966,0.999994427475806,"ya_adult_cogact_freq"
"3875","PRKAR2B","Inh PVALB CA8 (Chandelier)",-0.0179735319864954,4.81930243762939,0.0498541778547586,0.823600668837355,0.999998866570966,0.999994427475806,"ya_adult_cogact_freq"
"3876","HBP1","Inh PVALB CA8 (Chandelier)",0.0341855176352305,4.92810484181743,0.256196663887603,0.622616945575747,0.999998866570966,0.999994427475806,"ya_adult_cogact_freq"
"3877","COG5","Inh PVALB CA8 (Chandelier)",-0.0480570607769798,7.22072313247304,2.36328817655792,0.311018999829799,0.999998866570966,0.999994427475806,"ya_adult_cogact_freq"
"3878","GPR22","Inh PVALB CA8 (Chandelier)",-0.0728394297775685,3.83401990538202,0.343077480643649,0.558879562442752,0.999998866570966,0.999994427475806,"ya_adult_cogact_freq"
"3879","BCAP29","Inh PVALB CA8 (Chandelier)",-0.088186148765066,5.5843564701984,2.40152976729453,0.12318300950651,0.999998866570966,0.999994427475806,"ya_adult_cogact_freq"
"3880","CBLL1","Inh PVALB CA8 (Chandelier)",-0.0856048655927285,4.05877935917437,0.730127606212613,0.39411334206258,0.999998866570966,0.999994427475806,"ya_adult_cogact_freq"
"3881","SLC26A3","Inh PVALB CA8 (Chandelier)",0.20261040072061,6.77292036584283,2.21555628493813,0.13858477924969,0.999998866570966,0.999994427475806,"ya_adult_cogact_freq"
"3882","DLD","Inh PVALB CA8 (Chandelier)",-0.0685788084108888,5.59940403581419,1.4974121191612,0.44045673299916,0.999998866570966,0.999994427475806,"ya_adult_cogact_freq"
"3883","LAMB1","Inh PVALB CA8 (Chandelier)",-0.0170054584076868,5.63034160462589,0.0600429526055128,0.806740565061286,0.999998866570966,0.999994427475806,"ya_adult_cogact_freq"
"3884","NRCAM","Inh PVALB CA8 (Chandelier)",0.0186888523568199,8.48030460982004,0.323407449495862,0.57036061732394,0.999998866570966,0.999994427475806,"ya_adult_cogact_freq"
"3885","PNPLA8","Inh PVALB CA8 (Chandelier)",0.0161944311327331,5.56057711913475,0.0721520506336874,0.788573171086733,0.999998866570966,0.999994427475806,"ya_adult_cogact_freq"
"3886","DNAJB9","Inh PVALB CA8 (Chandelier)",-0.0138289433909607,3.74732704186972,0.0131828407997091,0.908733805301561,0.999998866570966,0.999994427475806,"ya_adult_cogact_freq"
"3887","IMMP2L","Inh PVALB CA8 (Chandelier)",-0.00489024840163904,8.69263928937979,0.0112862305187898,0.915527022985223,0.999998866570966,0.999994427475806,"ya_adult_cogact_freq"
"3888","LRRN3","Inh PVALB CA8 (Chandelier)",0.0740872723427342,4.88191710159956,0.971933952060654,0.325679746747446,0.999998866570966,0.999994427475806,"ya_adult_cogact_freq"
"3889","DOCK4","Inh PVALB CA8 (Chandelier)",0.0310620987910602,6.79929647656566,0.382892270885225,0.536935182411018,0.999998866570966,0.999994427475806,"ya_adult_cogact_freq"
"3890","ZNF277","Inh PVALB CA8 (Chandelier)",0.0656842254109919,5.43716011964279,1.29132577410362,0.257494853061194,0.999998866570966,0.999994427475806,"ya_adult_cogact_freq"
"3891","IFRD1","Inh PVALB CA8 (Chandelier)",0.0342352580855576,4.87281711761169,0.197061782156573,0.657699935991311,0.999998866570966,0.999994427475806,"ya_adult_cogact_freq"
"3892","TMEM168","Inh PVALB CA8 (Chandelier)",0.0187317092499001,5.42788612527928,0.102963564496034,0.74871855527,0.999998866570966,0.999994427475806,"ya_adult_cogact_freq"
"3893","BMT2","Inh PVALB CA8 (Chandelier)",0.0457435322427135,6.08391897369333,0.742460865398943,0.390157110055845,0.999998866570966,0.999994427475806,"ya_adult_cogact_freq"
"3894","GPR85","Inh PVALB CA8 (Chandelier)",0.0307082961036059,4.11662809915626,0.0739300344870202,0.786047180078101,0.999998866570966,0.999994427475806,"ya_adult_cogact_freq"
"3895","CAPZA2","Inh PVALB CA8 (Chandelier)",-0.0688769402318833,5.72724375510115,1.92412191081718,0.16732306097926,0.999998866570966,0.999994427475806,"ya_adult_cogact_freq"
"3896","ST7","Inh PVALB CA8 (Chandelier)",0.0163610380717759,7.93888863775678,0.259452361892645,0.611195091675054,0.999998866570966,0.999994427475806,"ya_adult_cogact_freq"
"3897","CFTR","Inh PVALB CA8 (Chandelier)",-0.0683746997977037,3.56096655356006,0.182630780348724,0.66969390712552,0.999998866570966,0.999994427475806,"ya_adult_cogact_freq"
"3898","CTTNBP2","Inh PVALB CA8 (Chandelier)",-0.000732466573235166,8.53613464925643,0.000490568397696478,0.982356742846373,0.999998866570966,0.999994427475806,"ya_adult_cogact_freq"
"3899","LSM8","Inh PVALB CA8 (Chandelier)",0.15439419124882,4.19430530336258,1.87603110859284,0.17269601000391,0.999998866570966,0.999994427475806,"ya_adult_cogact_freq"
"3900","ANKRD7","Inh PVALB CA8 (Chandelier)",0.0317211000105186,5.18291801701681,0.135802305207996,0.712975090624658,0.999998866570966,0.999994427475806,"ya_adult_cogact_freq"
"3901","KCND2","Inh PVALB CA8 (Chandelier)",0.0799918531364339,9.93332404880869,2.71562727382465,0.101322948222824,0.999998866570966,0.999994427475806,"ya_adult_cogact_freq"
"3902","ING3","Inh PVALB CA8 (Chandelier)",-0.0544321073014137,5.14603149164835,0.578110354889304,0.448167608358404,0.999998866570966,0.999994427475806,"ya_adult_cogact_freq"
"3903","CPED1","Inh PVALB CA8 (Chandelier)",-0.0740404301756003,6.77083415921923,0.802906073554553,0.37156566323938,0.999998866570966,0.999994427475806,"ya_adult_cogact_freq"
"3904","WNT16","Inh PVALB CA8 (Chandelier)",-0.0386870442446786,4.76980274036064,0.177039338314833,0.67449195496161,0.999998866570966,0.999994427475806,"ya_adult_cogact_freq"
"3905","FAM3C","Inh PVALB CA8 (Chandelier)",-0.075073155853974,6.08170689518382,1.9260539502349,0.16711127550346,0.999998866570966,0.999994427475806,"ya_adult_cogact_freq"
"3906","PTPRZ1","Inh PVALB CA8 (Chandelier)",0.155209841170812,4.0438275054757,1.48663414106344,0.224525328087422,0.999998866570966,0.999994427475806,"ya_adult_cogact_freq"
"3907","CADPS2","Inh PVALB CA8 (Chandelier)",0.350699913022617,3.97073565142587,7.25662782777956,0.00781380046912231,0.999998866570966,0.999994427475806,"ya_adult_cogact_freq"
"3908","IQUB","Inh PVALB CA8 (Chandelier)",0.11877351451931,4.64814571939276,1.32610633472906,0.251208802454506,0.999998866570966,0.999994427475806,"ya_adult_cogact_freq"
"3909","NDUFA5","Inh PVALB CA8 (Chandelier)",-0.0591514795273929,5.57259108891046,0.942416012047349,0.333115579139604,0.999998866570966,0.999994427475806,"ya_adult_cogact_freq"
"3910","WASL","Inh PVALB CA8 (Chandelier)",0.0678158266370157,6.12878807942212,1.89237102581608,0.170848340644648,0.999998866570966,0.999994427475806,"ya_adult_cogact_freq"
"3911","AC006148.1","Inh PVALB CA8 (Chandelier)",0.0851343469150807,9.2464966233625,3.98929347954648,0.0474773895965451,0.999998866570966,0.999994427475806,"ya_adult_cogact_freq"
"3912","POT1","Inh PVALB CA8 (Chandelier)",0.00124429860616352,5.30027434025943,0.000350564005647715,0.985085014417557,0.999998866570966,0.999994427475806,"ya_adult_cogact_freq"
"3913","POT1-AS1","Inh PVALB CA8 (Chandelier)",0.0181742776862207,6.55263696349149,0.0985110070329132,0.754030744375575,0.999998866570966,0.999994427475806,"ya_adult_cogact_freq"
"3914","AC010099.4","Inh PVALB CA8 (Chandelier)",0.0404893655617759,6.52238266756162,0.312599509557132,0.576867407101304,0.999998866570966,0.999994427475806,"ya_adult_cogact_freq"
"3915","ZNF800","Inh PVALB CA8 (Chandelier)",0.0603749607418153,5.35829343500564,0.839460027578402,0.360923577880182,0.999998866570966,0.999994427475806,"ya_adult_cogact_freq"
"3916","ARF5","Inh PVALB CA8 (Chandelier)",-0.240624378135728,3.75780851753005,2.67569936991548,0.10384689656375,0.999998866570966,0.999994427475806,"ya_adult_cogact_freq"
"3917","SND1","Inh PVALB CA8 (Chandelier)",0.0574121987487607,6.85840578824244,1.19124542150802,0.276711515149694,0.999998866570966,0.999994427475806,"ya_adult_cogact_freq"
"3918","LRRC4","Inh PVALB CA8 (Chandelier)",0.0648157691246768,5.49224712622309,0.878443704775531,0.350034165881913,0.999998866570966,0.999994427475806,"ya_adult_cogact_freq"
"3919","RBM28","Inh PVALB CA8 (Chandelier)",-0.0480208113141556,5.61701789055193,0.807916673956921,0.370081180538499,0.999998866570966,0.999994427475806,"ya_adult_cogact_freq"
"3920","PRRT4","Inh PVALB CA8 (Chandelier)",-0.154663689599253,3.93955254421045,2.25878651207661,0.13481994257512,0.999998866570966,0.999994427475806,"ya_adult_cogact_freq"
"3921","IMPDH1","Inh PVALB CA8 (Chandelier)",0.0354189739108402,4.31678652231968,0.155713751705018,0.730920625011213,0.999998866570966,0.999994427475806,"ya_adult_cogact_freq"
"3922","METTL2B","Inh PVALB CA8 (Chandelier)",-0.0395938761243327,5.03206920836216,0.354374484498286,0.689267849254574,0.999998866570966,0.999994427475806,"ya_adult_cogact_freq"
"3923","AC090114.2","Inh PVALB CA8 (Chandelier)",0.0347045499327963,3.81316569303131,0.0796218742023074,0.778173423228144,0.999998866570966,0.999994427475806,"ya_adult_cogact_freq"
"3924","CALU","Inh PVALB CA8 (Chandelier)",0.0364796480991709,5.68167257665599,0.438540394567501,0.508775975525646,0.999998866570966,0.999994427475806,"ya_adult_cogact_freq"
"3925","CCDC136","Inh PVALB CA8 (Chandelier)",0.0267486490275928,7.08104284678278,0.442198169483019,0.507016204305777,0.999998866570966,0.999994427475806,"ya_adult_cogact_freq"
"3926","KCP","Inh PVALB CA8 (Chandelier)",-0.0898627924017411,4.94041741677666,0.885951593336995,0.347988946147842,0.999998866570966,0.999994427475806,"ya_adult_cogact_freq"
"3927","ATP6V1F","Inh PVALB CA8 (Chandelier)",-0.218906877501545,5.49522262645623,4.07060888261494,0.0452990471371229,0.999998866570966,0.999994427475806,"ya_adult_cogact_freq"
"3928","TNPO3","Inh PVALB CA8 (Chandelier)",0.0081396823352683,6.12185594445957,0.0335706368871199,0.854853986367955,0.999998866570966,0.999994427475806,"ya_adult_cogact_freq"
"3929","AHCYL2","Inh PVALB CA8 (Chandelier)",0.000363649809575401,7.34736813143476,9.25719551914469e-05,0.992335255464476,0.999998866570966,0.999994427475806,"ya_adult_cogact_freq"
"3930","NRF1","Inh PVALB CA8 (Chandelier)",0.0453074094954458,6.88030362743125,1.48373717537553,0.224975385155668,0.999998866570966,0.999994427475806,"ya_adult_cogact_freq"
"3931","UBE2H","Inh PVALB CA8 (Chandelier)",0.0168076802364251,7.69687583711647,0.198369342656883,0.656639455080777,0.999998866570966,0.999994427475806,"ya_adult_cogact_freq"
"3932","ZC3HC1","Inh PVALB CA8 (Chandelier)",-0.141109457232244,4.49146281777596,3.46728161132174,0.0644193232953906,0.999998866570966,0.999994427475806,"ya_adult_cogact_freq"
"3933","KLHDC10","Inh PVALB CA8 (Chandelier)",-0.0196322998659429,6.71532839540565,0.186617260910929,0.666325918468493,0.999998866570966,0.999994427475806,"ya_adult_cogact_freq"
"3934","TMEM209","Inh PVALB CA8 (Chandelier)",0.0937628795281725,4.12959414756108,0.825395646414334,0.364967236355047,0.999998866570966,0.999994427475806,"ya_adult_cogact_freq"
"3935","MEST","Inh PVALB CA8 (Chandelier)",-0.0729698740433922,4.87031156877579,0.96343521079733,0.327797723387207,0.999998866570966,0.999994427475806,"ya_adult_cogact_freq"
"3936","COPG2","Inh PVALB CA8 (Chandelier)",-0.0352023569680287,6.30622980646394,0.513583284057916,0.474631592757304,0.999998866570966,0.999994427475806,"ya_adult_cogact_freq"
"3937","AC016831.7","Inh PVALB CA8 (Chandelier)",0.0248646031132022,9.63953324271999,0.327337061972614,0.568030513175426,0.999998866570966,0.999994427475806,"ya_adult_cogact_freq"
"3938","LINC00513","Inh PVALB CA8 (Chandelier)",-0.14309999749561,5.69667220635937,1.86260897751534,0.174231088201763,0.999998866570966,0.999994427475806,"ya_adult_cogact_freq"
"3939","AC058791.1","Inh PVALB CA8 (Chandelier)",-0.236788445515189,3.93056974926463,2.65953562508471,0.104888330008819,0.999998866570966,0.999994427475806,"ya_adult_cogact_freq"
"3940","MKLN1","Inh PVALB CA8 (Chandelier)",0.0132616644832409,8.16520865041915,0.125370655283304,0.723745000181157,0.999998866570966,0.999994427475806,"ya_adult_cogact_freq"
"3941","PLXNA4","Inh PVALB CA8 (Chandelier)",-0.00232340836292901,9.39304828226624,0.0048346596920887,0.944652799397439,0.999998866570966,0.999994427475806,"ya_adult_cogact_freq"
"3942","CHCHD3","Inh PVALB CA8 (Chandelier)",-0.0034568461761423,7.97372924956929,0.0136309287511595,0.907202647029173,0.999998866570966,0.999994427475806,"ya_adult_cogact_freq"
"3943","EXOC4","Inh PVALB CA8 (Chandelier)",0.0209342653313537,8.24424020054787,0.388280545964348,0.534087588125029,0.999998866570966,0.999994427475806,"ya_adult_cogact_freq"
"3944","LRGUK","Inh PVALB CA8 (Chandelier)",0.165406774366045,3.88597139927151,1.57346496149572,0.211525233785983,0.999998866570966,0.999994427475806,"ya_adult_cogact_freq"
"3945","SLC35B4","Inh PVALB CA8 (Chandelier)",-0.069070002021048,5.66269408055744,1.39969341737877,0.238521514045822,0.999998866570966,0.999994427475806,"ya_adult_cogact_freq"
"3946","AKR1B1","Inh PVALB CA8 (Chandelier)",-0.125338512368,4.37249460413616,1.6063086889333,0.206844215434292,0.999998866570966,0.999994427475806,"ya_adult_cogact_freq"
"3947","CALD1","Inh PVALB CA8 (Chandelier)",-0.0564702073536388,5.37110912633733,0.608513032242651,0.436495203015196,0.999998866570966,0.999994427475806,"ya_adult_cogact_freq"
"3948","AGBL3","Inh PVALB CA8 (Chandelier)",-0.0378147773884804,5.52381387070946,0.253766205051144,0.615125171945696,0.999998866570966,0.999994427475806,"ya_adult_cogact_freq"
"3949","CYREN","Inh PVALB CA8 (Chandelier)",0.0686688196818937,5.09291022257355,0.602846138548826,0.438634982631951,0.999998866570966,0.999994427475806,"ya_adult_cogact_freq"
"3950","WDR91","Inh PVALB CA8 (Chandelier)",0.0387906201713474,3.89256620918986,0.121216506631244,0.728174291082209,0.999998866570966,0.999994427475806,"ya_adult_cogact_freq"
"3951","CNOT4","Inh PVALB CA8 (Chandelier)",-0.00766283428876739,6.92683131422551,0.0473660499878842,0.999909451679401,0.999998866570966,0.999994427475806,"ya_adult_cogact_freq"
"3952","NUP205","Inh PVALB CA8 (Chandelier)",-0.0476148936159401,5.20663996645114,0.701360051360608,0.526490001827849,0.999998866570966,0.999994427475806,"ya_adult_cogact_freq"
"3953","STMP1","Inh PVALB CA8 (Chandelier)",-0.0717676504305381,5.0430920497397,1.32452677730676,0.263665944736737,0.999998866570966,0.999994427475806,"ya_adult_cogact_freq"
"3954","MTPN","Inh PVALB CA8 (Chandelier)",0.0222700151892631,5.28857551813361,0.116781611443963,0.732997935926747,0.999998866570966,0.999994427475806,"ya_adult_cogact_freq"
"3955","PTN","Inh PVALB CA8 (Chandelier)",0.347811293124743,3.57693085157301,5.70845219952773,0.0180419340542985,0.999998866570966,0.999994427475806,"ya_adult_cogact_freq"
"3956","DGKI","Inh PVALB CA8 (Chandelier)",-0.0177487001716361,8.60324902264394,0.242692909269478,0.622940030398437,0.999998866570966,0.999994427475806,"ya_adult_cogact_freq"
"3957","CREB3L2","Inh PVALB CA8 (Chandelier)",0.0300900211158072,3.88146074023104,0.0784666013660304,0.787953106032185,0.999998866570966,0.999994427475806,"ya_adult_cogact_freq"
"3958","TRIM24","Inh PVALB CA8 (Chandelier)",-0.0199173325255809,5.55676809384012,0.121927523321599,0.727410200218023,0.999998866570966,0.999994427475806,"ya_adult_cogact_freq"
"3959","KIAA1549","Inh PVALB CA8 (Chandelier)",-0.0423592524020355,6.45919893784393,0.845521885659243,0.359199895533553,0.999998866570966,0.999994427475806,"ya_adult_cogact_freq"
"3960","TTC26","Inh PVALB CA8 (Chandelier)",0.0807430613656568,5.12085729047978,1.44491347430921,0.245523465632237,0.999998866570966,0.999994427475806,"ya_adult_cogact_freq"
"3961","UBN2","Inh PVALB CA8 (Chandelier)",0.0606999780407418,6.98904435322003,2.60495236464176,0.108491445811608,0.999998866570966,0.999994427475806,"ya_adult_cogact_freq"
"3962","LUC7L2","Inh PVALB CA8 (Chandelier)",-0.134449229173129,4.91318247864783,2.64193647872694,0.106035396791984,0.999998866570966,0.999994427475806,"ya_adult_cogact_freq"
"3963","CLEC2L","Inh PVALB CA8 (Chandelier)",0.0651776803515668,6.95859117680989,1.56435943956399,0.212845311072824,0.999998866570966,0.999994427475806,"ya_adult_cogact_freq"
"3964","HIPK2","Inh PVALB CA8 (Chandelier)",-0.0521556669590066,6.59151790523684,0.841127815435055,0.360448203614222,0.999998866570966,0.999994427475806,"ya_adult_cogact_freq"
"3965","KDM7A","Inh PVALB CA8 (Chandelier)",0.0537143430128225,4.86061064894591,0.360517895075229,0.549064240459987,0.999998866570966,0.999994427475806,"ya_adult_cogact_freq"
"3966","SLC37A3","Inh PVALB CA8 (Chandelier)",-0.0515533377724719,5.78126402415208,0.973134469180726,0.325382036288692,0.999998866570966,0.999994427475806,"ya_adult_cogact_freq"
"3967","MKRN1","Inh PVALB CA8 (Chandelier)",-0.0850841530835186,4.95423506477633,1.88456565123704,0.171728077201458,0.999998866570966,0.999994427475806,"ya_adult_cogact_freq"
"3968","DENND2A","Inh PVALB CA8 (Chandelier)",-0.0714606547762581,7.2791995779629,1.55638382715617,0.214009682827265,0.999998866570966,0.999994427475806,"ya_adult_cogact_freq"
"3969","NDUFB2","Inh PVALB CA8 (Chandelier)",-0.201889495075586,4.99431797292863,5.99070493069761,0.0154573630774361,0.999998866570966,0.999994427475806,"ya_adult_cogact_freq"
"3970","BRAF","Inh PVALB CA8 (Chandelier)",0.0184309753932206,8.18552261504565,0.339444800145762,0.560966140393908,0.999998866570966,0.999994427475806,"ya_adult_cogact_freq"
"3971","MRPS33","Inh PVALB CA8 (Chandelier)",-0.0636663543322875,3.96482289254682,0.320973338387083,0.57181337203506,0.999998866570966,0.999994427475806,"ya_adult_cogact_freq"
"3972","TMEM178B","Inh PVALB CA8 (Chandelier)",-0.00894002555319167,9.39467299517222,0.079384894519431,0.778495075121982,0.999998866570966,0.999994427475806,"ya_adult_cogact_freq"
"3973","AGK","Inh PVALB CA8 (Chandelier)",-0.0750496061762484,5.43132273865892,1.62444780143033,0.204311867871717,0.999998866570966,0.999994427475806,"ya_adult_cogact_freq"
"3974","KIAA1147","Inh PVALB CA8 (Chandelier)",-0.116740600287701,4.31625818244437,1.59515003424294,0.208420603767647,0.999998866570966,0.999994427475806,"ya_adult_cogact_freq"
"3975","SSBP1","Inh PVALB CA8 (Chandelier)",0.0141711918213681,5.24881455193493,0.0470932330585729,0.828475897904168,0.999998866570966,0.999994427475806,"ya_adult_cogact_freq"
"3976","GSTK1","Inh PVALB CA8 (Chandelier)",0.00774277010817921,4.68113808282214,0.00755211803438873,0.930856821749247,0.999998866570966,0.999994427475806,"ya_adult_cogact_freq"
"3977","FAM131B","Inh PVALB CA8 (Chandelier)",0.0127404287997763,3.94028422812188,0.0131721937787621,0.908770505371366,0.999998866570966,0.999994427475806,"ya_adult_cogact_freq"
"3978","ZYX","Inh PVALB CA8 (Chandelier)",-0.0759770721707597,4.82163658113926,0.929418297468572,0.336462034208634,0.999998866570966,0.999994427475806,"ya_adult_cogact_freq"
"3979","TCAF2","Inh PVALB CA8 (Chandelier)",0.184243133257419,4.48426711823727,3.26764895294629,0.0725282078658811,0.999998866570966,0.999994427475806,"ya_adult_cogact_freq"
"3980","TCAF1","Inh PVALB CA8 (Chandelier)",-0.000828388087059051,6.68347730386311,0.000355199056569962,0.984986749160114,0.999998866570966,0.999994427475806,"ya_adult_cogact_freq"
"3981","TPK1","Inh PVALB CA8 (Chandelier)",0.139942083154584,6.11935210602448,4.15560447776782,0.0431353418646368,0.999998866570966,0.999994427475806,"ya_adult_cogact_freq"
"3982","CNTNAP2","Inh PVALB CA8 (Chandelier)",0.0411209127674136,12.8867254290138,1.56581448007842,0.212633705965475,0.999998866570966,0.999994427475806,"ya_adult_cogact_freq"
"3983","CUL1","Inh PVALB CA8 (Chandelier)",-0.00361874662374184,7.18682935379896,0.0104161521026325,0.993892157374233,0.999998866570966,0.999994427475806,"ya_adult_cogact_freq"
"3984","EZH2","Inh PVALB CA8 (Chandelier)",-0.0647759824563911,4.70110228998741,0.439551909969905,0.508288276047202,0.999998866570966,0.999994427475806,"ya_adult_cogact_freq"
"3985","ZNF786","Inh PVALB CA8 (Chandelier)",0.0375549918491245,4.61931060555596,0.202275661898905,0.653496047531657,0.999998866570966,0.999994427475806,"ya_adult_cogact_freq"
"3986","ZNF425","Inh PVALB CA8 (Chandelier)",0.0390591144510064,4.14643309501919,0.144755645867996,0.70410052505801,0.999998866570966,0.999994427475806,"ya_adult_cogact_freq"
"3987","ZNF398","Inh PVALB CA8 (Chandelier)",0.0254735190510543,5.68498748710558,0.248554397491329,0.618776235140865,0.999998866570966,0.999994427475806,"ya_adult_cogact_freq"
"3988","ZNF282","Inh PVALB CA8 (Chandelier)",0.139882984453881,4.13767380770168,1.787486040884,0.183121542202082,0.999998866570966,0.999994427475806,"ya_adult_cogact_freq"
"3989","ZNF783","Inh PVALB CA8 (Chandelier)",-0.00470069208679335,5.06483558392013,0.00536082472119632,0.941723935742297,0.999998866570966,0.999994427475806,"ya_adult_cogact_freq"
"3990","ZNF777","Inh PVALB CA8 (Chandelier)",-0.0345275034316568,3.9671814127963,0.103738743316416,0.747806743896487,0.999998866570966,0.999994427475806,"ya_adult_cogact_freq"
"3991","ZNF746","Inh PVALB CA8 (Chandelier)",-0.0307846131106891,4.39803727248179,0.130786866624255,0.718092449769593,0.999998866570966,0.999994427475806,"ya_adult_cogact_freq"
"3992","SSPO","Inh PVALB CA8 (Chandelier)",-0.118499007529377,3.85640811977726,0.925916141820736,0.337371452310664,0.999998866570966,0.999994427475806,"ya_adult_cogact_freq"
"3993","ZNF862","Inh PVALB CA8 (Chandelier)",-0.0937178486465452,5.56747203993787,2.67340059258808,0.103994307731151,0.999998866570966,0.999994427475806,"ya_adult_cogact_freq"
"3994","ATP6V0E2","Inh PVALB CA8 (Chandelier)",-0.164646354754466,5.8512358836035,3.87478950571723,0.0507360616013808,0.999998866570966,0.999994427475806,"ya_adult_cogact_freq"
"3995","ACTR3C","Inh PVALB CA8 (Chandelier)",0.0296091173630366,4.43374471106353,0.0893782297707368,0.765355211048054,0.999998866570966,0.999994427475806,"ya_adult_cogact_freq"
"3996","KCNH2","Inh PVALB CA8 (Chandelier)",0.0204826961854417,5.35307033287106,0.110073410495762,0.740492699513421,0.999998866570966,0.999994427475806,"ya_adult_cogact_freq"
"3997","ABCB8","Inh PVALB CA8 (Chandelier)",-0.174665112277359,4.96700851922416,5.20452421598379,0.0238405953433246,0.999998866570966,0.999994427475806,"ya_adult_cogact_freq"
"3998","FASTK","Inh PVALB CA8 (Chandelier)",-0.109459432650194,4.94218574212666,1.81748189652333,0.179509731194147,0.999998866570966,0.999994427475806,"ya_adult_cogact_freq"
"3999","AGAP3","Inh PVALB CA8 (Chandelier)",-0.0356402809464911,6.48916568735414,0.498325035341577,0.481258716144116,0.999998866570966,0.999994427475806,"ya_adult_cogact_freq"
"4000","SMARCD3","Inh PVALB CA8 (Chandelier)",0.0390427965732828,5.43845302956025,0.446113962556194,0.50514390745213,0.999998866570966,0.999994427475806,"ya_adult_cogact_freq"
"4001","NUB1","Inh PVALB CA8 (Chandelier)",-0.117653824028207,4.95530622989916,3.6361377408613,0.114572100285626,0.999998866570966,0.999994427475806,"ya_adult_cogact_freq"
"4002","RHEB","Inh PVALB CA8 (Chandelier)",0.0322867748037751,5.93617592220642,0.40274977583374,0.54654684126975,0.999998866570966,0.999994427475806,"ya_adult_cogact_freq"
"4003","PRKAG2","Inh PVALB CA8 (Chandelier)",-0.0101804284574057,6.00657768142889,0.0332286867312529,0.855586863109637,0.999998866570966,0.999994427475806,"ya_adult_cogact_freq"
"4004","PRKAG2-AS1","Inh PVALB CA8 (Chandelier)",-0.185393229192373,3.91478233011245,2.38148278643174,0.124747098442382,0.999998866570966,0.999994427475806,"ya_adult_cogact_freq"
"4005","GALNT11","Inh PVALB CA8 (Chandelier)",0.0116191474200429,6.88212159570955,0.0832486291267849,0.97026598584957,0.999998866570966,0.999994427475806,"ya_adult_cogact_freq"
"4006","KMT2C","Inh PVALB CA8 (Chandelier)",0.0254751847290287,7.8653338411583,0.685737881432912,0.408845506457181,0.999998866570966,0.999994427475806,"ya_adult_cogact_freq"
"4007","ACTR3B","Inh PVALB CA8 (Chandelier)",-0.056745591530877,6.23463348256811,1.67705054464355,0.197173516842863,0.999998866570966,0.999994427475806,"ya_adult_cogact_freq"
"4008","DPP6","Inh PVALB CA8 (Chandelier)",-0.00245771632683314,10.3756844501676,0.00465135940863774,0.945710480791445,0.999998866570966,0.999994427475806,"ya_adult_cogact_freq"
"4009","PAXIP1","Inh PVALB CA8 (Chandelier)",0.0536761373310394,5.40014983179087,0.901746888702561,0.388252024293727,0.999998866570966,0.999994427475806,"ya_adult_cogact_freq"
"4010","HTR5A","Inh PVALB CA8 (Chandelier)",-0.122117700460452,4.10683470355627,1.2086926837714,0.273234821550095,0.999998866570966,0.999994427475806,"ya_adult_cogact_freq"
"4011","INSIG1","Inh PVALB CA8 (Chandelier)",-0.00103485170532198,4.18691962454094,5.3072032241598e-05,0.99419645037833,0.999998866570966,0.999994427475806,"ya_adult_cogact_freq"
"4012","AC009403.1","Inh PVALB CA8 (Chandelier)",-0.0676289119913726,4.92913792893904,0.789754633052397,0.375502077807145,0.999998866570966,0.999994427475806,"ya_adult_cogact_freq"
"4013","RBM33","Inh PVALB CA8 (Chandelier)",0.0775095390927164,7.12755231781166,4.3888744136062,0.0377418404027971,0.999998866570966,0.999994427475806,"ya_adult_cogact_freq"
"4014","SHH","Inh PVALB CA8 (Chandelier)",-0.0412447653596397,4.34529581571752,0.191471730739092,0.662281806940732,0.999998866570966,0.999994427475806,"ya_adult_cogact_freq"
"4015","LINC01006","Inh PVALB CA8 (Chandelier)",0.0216589757892104,4.09929860394718,0.0343554036778607,0.853186510625572,0.999998866570966,0.999994427475806,"ya_adult_cogact_freq"
"4016","LMBR1","Inh PVALB CA8 (Chandelier)",-0.0205712709716845,7.3439849165367,0.405035340970116,0.525405274083369,0.999998866570966,0.999994427475806,"ya_adult_cogact_freq"
"4017","NOM1","Inh PVALB CA8 (Chandelier)",0.0379585754850497,4.6697164787913,0.217758338535172,0.641385034264011,0.999998866570966,0.999994427475806,"ya_adult_cogact_freq"
"4018","UBE3C","Inh PVALB CA8 (Chandelier)",-0.00382996200687684,7.29224447894917,0.0132662854964939,0.908446691605254,0.999998866570966,0.999994427475806,"ya_adult_cogact_freq"
"4019","DNAJB6","Inh PVALB CA8 (Chandelier)",0.0133551013613335,6.42447652715688,0.0470798370986707,0.828499912394883,0.999998866570966,0.999994427475806,"ya_adult_cogact_freq"
"4020","PTPRN2","Inh PVALB CA8 (Chandelier)",0.0403214767527945,9.87379537897241,1.52168623338259,0.219164967625587,0.999998866570966,0.999994427475806,"ya_adult_cogact_freq"
"4021","ESYT2","Inh PVALB CA8 (Chandelier)",0.04693095113783,7.31038665908079,1.50276218486473,0.222039538474851,0.999998866570966,0.999994427475806,"ya_adult_cogact_freq"
"4022","WDR60","Inh PVALB CA8 (Chandelier)",0.00799566525944281,7.633048370786,0.0391028824670969,0.843494791507739,0.999998866570966,0.999994427475806,"ya_adult_cogact_freq"
"4023","PLCXD1","Inh PVALB CA8 (Chandelier)",-0.230765037680285,3.94827848346335,3.47820540787855,0.0640047847969729,0.999998866570966,0.999994427475806,"ya_adult_cogact_freq"
"4024","GTPBP6","Inh PVALB CA8 (Chandelier)",-0.00207793183428202,4.42827766104817,0.000444130114126506,0.983212444054887,0.999998866570966,0.999994427475806,"ya_adult_cogact_freq"
"4025","IL3RA","Inh PVALB CA8 (Chandelier)",-0.0807588164933118,4.35607608013075,0.654069516063692,0.419856695701389,0.999998866570966,0.999994427475806,"ya_adult_cogact_freq"
"4026","SLC25A6","Inh PVALB CA8 (Chandelier)",-0.236255625067381,5.23496128602358,6.49674776619735,0.0117434450233838,0.999998866570966,0.999994427475806,"ya_adult_cogact_freq"
"4027","LINC00106","Inh PVALB CA8 (Chandelier)",0.0561023083574308,3.99923180339021,0.303405556863766,0.582519916228135,0.999998866570966,0.999994427475806,"ya_adult_cogact_freq"
"4028","ASMTL","Inh PVALB CA8 (Chandelier)",-0.171333853787523,3.49641506227935,1.49300003343781,0.223540171463706,0.999998866570966,0.999994427475806,"ya_adult_cogact_freq"
"4029","AKAP17A","Inh PVALB CA8 (Chandelier)",-0.19220195207695,4.01086567112355,2.94554237958702,0.0880409868011712,0.999998866570966,0.999994427475806,"ya_adult_cogact_freq"
"4030","DHRSX","Inh PVALB CA8 (Chandelier)",0.0652941730238461,6.1189665967498,1.37430932136467,0.242807122862914,0.999998866570966,0.999994427475806,"ya_adult_cogact_freq"
"4031","PRKX","Inh PVALB CA8 (Chandelier)",-0.0123585311176159,6.03474071884213,0.0582985462058885,0.80951334126806,0.999998866570966,0.999994427475806,"ya_adult_cogact_freq"
"4032","NLGN4X","Inh PVALB CA8 (Chandelier)",0.0299371404881121,8.47278910251756,0.67399591539393,0.412877629717291,0.999998866570966,0.999994427475806,"ya_adult_cogact_freq"
"4033","PUDP","Inh PVALB CA8 (Chandelier)",-0.000850533075006871,4.77686690703041,7.89119701736736e-05,0.992923306204394,0.999998866570966,0.999994427475806,"ya_adult_cogact_freq"
"4034","STS","Inh PVALB CA8 (Chandelier)",0.0713478085694999,4.87280959191505,1.04512599579781,0.308168184687093,0.999998866570966,0.999994427475806,"ya_adult_cogact_freq"
"4035","ANOS1","Inh PVALB CA8 (Chandelier)",-0.261963353082337,3.14576804170306,1.80205223420216,0.181357134874045,0.999998866570966,0.999994427475806,"ya_adult_cogact_freq"
"4036","SHROOM2","Inh PVALB CA8 (Chandelier)",0.0574330221817545,5.19100108724257,0.657982494413076,0.418472384534381,0.999998866570966,0.999994427475806,"ya_adult_cogact_freq"
"4037","WWC3","Inh PVALB CA8 (Chandelier)",-0.0435086845943856,5.1090544569109,0.318816557360494,0.57310670665782,0.999998866570966,0.999994427475806,"ya_adult_cogact_freq"
"4038","CLCN4","Inh PVALB CA8 (Chandelier)",-0.0388423272786757,6.04419888973744,0.570929929132922,0.450995271985058,0.999998866570966,0.999994427475806,"ya_adult_cogact_freq"
"4039","MID1","Inh PVALB CA8 (Chandelier)",-0.113233530498771,6.27388789860722,3.43236466074656,0.0657638734434336,0.999998866570966,0.999994427475806,"ya_adult_cogact_freq"
"4040","AC073529.1","Inh PVALB CA8 (Chandelier)",0.04009577036004,4.3846103648835,0.11665549702,0.733136591084287,0.999998866570966,0.999994427475806,"ya_adult_cogact_freq"
"4041","ARHGAP6","Inh PVALB CA8 (Chandelier)",0.00819582268238889,6.96151941902961,0.0217708696248173,0.882883160237546,0.999998866570966,0.999994427475806,"ya_adult_cogact_freq"
"4042","FRMPD4","Inh PVALB CA8 (Chandelier)",-0.00432685287898022,11.1871619577161,0.0169996603590408,0.896426619638584,0.999998866570966,0.999994427475806,"ya_adult_cogact_freq"
"4043","PRPS2","Inh PVALB CA8 (Chandelier)",-0.171704482935196,4.86253930888345,5.12089326699308,0.0249779647872597,0.999998866570966,0.999994427475806,"ya_adult_cogact_freq"
"4044","TMSB4X","Inh PVALB CA8 (Chandelier)",-0.0624912079017661,6.70833601473593,0.564825079285418,0.453421453342157,0.999998866570966,0.999994427475806,"ya_adult_cogact_freq"
"4045","RAB9A","Inh PVALB CA8 (Chandelier)",-0.0750907097225958,4.25421334670566,0.688706897192891,0.407835178629481,0.999998866570966,0.999994427475806,"ya_adult_cogact_freq"
"4046","TRAPPC2","Inh PVALB CA8 (Chandelier)",0.040993193486967,4.62924119639395,0.346817781126857,0.55674663027625,0.999998866570966,0.999994427475806,"ya_adult_cogact_freq"
"4047","OFD1","Inh PVALB CA8 (Chandelier)",-0.046203748875422,5.80011257884518,0.937791432811003,0.334301094543954,0.999998866570966,0.999994427475806,"ya_adult_cogact_freq"
"4048","GPM6B","Inh PVALB CA8 (Chandelier)",-0.0263582743700714,7.39213431278916,0.418704399004757,0.518507077329159,0.999998866570966,0.999994427475806,"ya_adult_cogact_freq"
"4049","GEMIN8","Inh PVALB CA8 (Chandelier)",0.193507089195807,4.45779893809849,6.03600229945934,0.0150799356222513,0.999998866570966,0.999994427475806,"ya_adult_cogact_freq"
"4050","GLRA2","Inh PVALB CA8 (Chandelier)",-0.0399513125665944,5.86488592896986,0.370005258840504,0.543859828090743,0.999998866570966,0.999994427475806,"ya_adult_cogact_freq"
"4051","MOSPD2","Inh PVALB CA8 (Chandelier)",-0.211823839354019,4.17188047682452,4.68202770343318,0.0319561515139783,0.999998866570966,0.999994427475806,"ya_adult_cogact_freq"
"4052","VEGFD","Inh PVALB CA8 (Chandelier)",0.0289345729870216,4.22109015384399,0.0880186203384646,0.767094289741611,0.999998866570966,0.999994427475806,"ya_adult_cogact_freq"
"4053","PIR","Inh PVALB CA8 (Chandelier)",-0.130957404669615,5.45901838689363,2.87721207958719,0.0917769529860845,0.999998866570966,0.999994427475806,"ya_adult_cogact_freq"
"4054","CA5B","Inh PVALB CA8 (Chandelier)",-0.0541736790110885,5.47354235171491,0.792798662315658,0.374585748716701,0.999998866570966,0.999994427475806,"ya_adult_cogact_freq"
"4055","ZRSR2","Inh PVALB CA8 (Chandelier)",0.128934391196007,4.75835454876608,2.98100602011606,0.0861678522082943,0.999998866570966,0.999994427475806,"ya_adult_cogact_freq"
"4056","AP1S2","Inh PVALB CA8 (Chandelier)",0.0577966253648754,4.2850711565179,0.291638565991367,0.589919695427012,0.999998866570966,0.999994427475806,"ya_adult_cogact_freq"
"4057","CTPS2","Inh PVALB CA8 (Chandelier)",-0.0948429737338689,4.81049313598479,1.56180308996355,0.213217688932864,0.999998866570966,0.999994427475806,"ya_adult_cogact_freq"
"4058","SYAP1","Inh PVALB CA8 (Chandelier)",0.0513115389453374,4.50217829589058,0.37811268935919,0.638014994453858,0.999998866570966,0.999994427475806,"ya_adult_cogact_freq"
"4059","TXLNG","Inh PVALB CA8 (Chandelier)",0.0444824194336127,5.8614577121746,0.746145867551351,0.388986143281728,0.999998866570966,0.999994427475806,"ya_adult_cogact_freq"
"4060","RBBP7","Inh PVALB CA8 (Chandelier)",-0.0300711150792989,4.47463352796639,0.1269692203628,0.722062588003186,0.999998866570966,0.999994427475806,"ya_adult_cogact_freq"
"4061","REPS2","Inh PVALB CA8 (Chandelier)",-0.0103340449923129,7.1208085024083,0.0854468787203125,0.770424236795095,0.999998866570966,0.999994427475806,"ya_adult_cogact_freq"
"4062","NHS","Inh PVALB CA8 (Chandelier)",0.0155856439826135,8.66215350984401,0.23075571819433,0.631617045261322,0.999998866570966,0.999994427475806,"ya_adult_cogact_freq"
"4063","SCML1","Inh PVALB CA8 (Chandelier)",-0.0785641372380001,5.06801108863917,1.20729353282826,0.273511585662512,0.999998866570966,0.999994427475806,"ya_adult_cogact_freq"
"4064","RAI2","Inh PVALB CA8 (Chandelier)",-0.0638788355562434,4.50096525456461,0.403398006126088,0.526242525192433,0.999998866570966,0.999994427475806,"ya_adult_cogact_freq"
"4065","SCML2","Inh PVALB CA8 (Chandelier)",-0.166700528151612,4.78019312308887,4.01047301277427,0.0468994802157441,0.999998866570966,0.999994427475806,"ya_adult_cogact_freq"
"4066","CDKL5","Inh PVALB CA8 (Chandelier)",0.0349965785442417,7.59432756154489,1.01238393413428,0.31584441750359,0.999998866570966,0.999994427475806,"ya_adult_cogact_freq"
"4067","PHKA2","Inh PVALB CA8 (Chandelier)",0.00827481025605013,5.48331618637322,0.0237220162751717,0.877787509543704,0.999998866570966,0.999994427475806,"ya_adult_cogact_freq"
"4068","PDHA1","Inh PVALB CA8 (Chandelier)",-0.0532722586689614,5.29814568011082,0.733851845359225,0.406006100740869,0.999998866570966,0.999994427475806,"ya_adult_cogact_freq"
"4069","SH3KBP1","Inh PVALB CA8 (Chandelier)",-0.00967877385478702,7.87091038522992,0.0618357603364707,0.803935007795713,0.999998866570966,0.999994427475806,"ya_adult_cogact_freq"
"4070","BCLAF3","Inh PVALB CA8 (Chandelier)",0.087084626988101,5.80604779375089,2.66310757197714,0.104657198892041,0.999998866570966,0.999994427475806,"ya_adult_cogact_freq"
"4071","MAP7D2","Inh PVALB CA8 (Chandelier)",0.104840635723324,6.31724271295401,5.83275477261769,0.0168522336692413,0.999998866570966,0.999994427475806,"ya_adult_cogact_freq"
"4072","EIF1AX","Inh PVALB CA8 (Chandelier)",-0.0629332165310245,5.93249362977871,0.69085893180837,0.407105159536563,0.999998866570966,0.999994427475806,"ya_adult_cogact_freq"
"4073","RPS6KA3","Inh PVALB CA8 (Chandelier)",-0.0285266534865016,6.65328275357497,0.182688275359905,0.669645024375045,0.999998866570966,0.999994427475806,"ya_adult_cogact_freq"
"4074","CNKSR2","Inh PVALB CA8 (Chandelier)",0.0796225361589798,7.95894473203834,3.66803250635456,0.057241033650865,0.999998866570966,0.999994427475806,"ya_adult_cogact_freq"
"4075","MBTPS2","Inh PVALB CA8 (Chandelier)",-0.016609279009479,5.09277919207751,0.0640314128610286,0.843096165971419,0.999998866570966,0.999994427475806,"ya_adult_cogact_freq"
"4076","SMS","Inh PVALB CA8 (Chandelier)",-0.024387567268431,5.69783585418615,0.212798015410692,0.645206646865505,0.999998866570966,0.999994427475806,"ya_adult_cogact_freq"
"4077","PTCHD1-AS","Inh PVALB CA8 (Chandelier)",0.0952123860571843,6.48854205572566,0.677076193838667,0.411814204685441,0.999998866570966,0.999994427475806,"ya_adult_cogact_freq"
"4078","PTCHD1","Inh PVALB CA8 (Chandelier)",0.052442042686549,4.73379654631392,0.193228396521052,0.660833448660646,0.999998866570966,0.999994427475806,"ya_adult_cogact_freq"
"4079","ACOT9","Inh PVALB CA8 (Chandelier)",0.0543407607986907,4.70261048805322,0.500193325670638,0.567504298430578,0.999998866570966,0.999994427475806,"ya_adult_cogact_freq"
"4080","SAT1","Inh PVALB CA8 (Chandelier)",-0.00764820245170207,6.14236790608323,0.0134177702763475,0.907927796622617,0.999998866570966,0.999994427475806,"ya_adult_cogact_freq"
"4081","APOO","Inh PVALB CA8 (Chandelier)",-0.0522253647664594,6.3267522057276,0.795394369952944,0.373806864782187,0.999998866570966,0.999994427475806,"ya_adult_cogact_freq"
"4082","EIF2S3","Inh PVALB CA8 (Chandelier)",0.126471137788391,4.80821236682436,2.71507225647548,0.10135756485127,0.999998866570966,0.999994427475806,"ya_adult_cogact_freq"
"4083","ZFX","Inh PVALB CA8 (Chandelier)",0.115226771265806,5.62823154164722,3.23759928906478,0.0738415178189949,0.999998866570966,0.999994427475806,"ya_adult_cogact_freq"
"4084","PDK3","Inh PVALB CA8 (Chandelier)",-0.0114695695922372,5.51836807811844,0.0329320029876991,0.856225887332745,0.999998866570966,0.999994427475806,"ya_adult_cogact_freq"
"4085","POLA1","Inh PVALB CA8 (Chandelier)",0.0178708561090511,5.87529846253942,0.107322169437382,0.743639869089165,0.999998866570966,0.999994427475806,"ya_adult_cogact_freq"
"4086","ARX","Inh PVALB CA8 (Chandelier)",0.0241193808623823,6.20653874822056,0.15415624041457,0.695114817233467,0.999998866570966,0.999994427475806,"ya_adult_cogact_freq"
"4087","AC112493.1","Inh PVALB CA8 (Chandelier)",-0.295772518204631,3.97985639531774,2.82407256050446,0.0948025107278776,0.999998866570966,0.999994427475806,"ya_adult_cogact_freq"
"4088","IL1RAPL1","Inh PVALB CA8 (Chandelier)",0.0559801252692101,10.9878383602911,3.38808251185552,0.0675127301211449,0.999998866570966,0.999994427475806,"ya_adult_cogact_freq"
"4089","GK","Inh PVALB CA8 (Chandelier)",-0.0175144917560533,5.70570777339078,0.125223904276301,0.723900052571376,0.999998866570966,0.999994427475806,"ya_adult_cogact_freq"
"4090","TAB3","Inh PVALB CA8 (Chandelier)",-0.0324278675402168,5.09589020414742,0.244083975677359,0.621946243051989,0.999998866570966,0.999994427475806,"ya_adult_cogact_freq"
"4091","DMD","Inh PVALB CA8 (Chandelier)",0.0139634950034618,8.93061665780345,0.0793932763783095,0.778483689609422,0.999998866570966,0.999994427475806,"ya_adult_cogact_freq"
"4092","TMEM47","Inh PVALB CA8 (Chandelier)",0.0985404857685784,5.6681634363179,1.81357023612406,0.179975992396995,0.999998866570966,0.999994427475806,"ya_adult_cogact_freq"
"4093","AF241726.2","Inh PVALB CA8 (Chandelier)",-0.0457486201913872,6.56073568722378,0.856057010178945,0.356231228294702,0.999998866570966,0.999994427475806,"ya_adult_cogact_freq"
"4094","DYNLT3","Inh PVALB CA8 (Chandelier)",-0.0781559241949139,4.81842417636177,0.693918947629718,0.40607043907768,0.999998866570966,0.999994427475806,"ya_adult_cogact_freq"
"4095","RPGR","Inh PVALB CA8 (Chandelier)",0.14378708177785,4.89029403080181,2.61068379805793,0.108106739927237,0.999998866570966,0.999994427475806,"ya_adult_cogact_freq"
"4096","TSPAN7","Inh PVALB CA8 (Chandelier)",-0.00455962155371271,7.15515779362039,0.00383377255653095,0.950705469957103,0.999998866570966,0.999994427475806,"ya_adult_cogact_freq"
"4097","BCOR","Inh PVALB CA8 (Chandelier)",0.234456577900475,5.05670541840109,5.76955908288906,0.0174465020446373,0.999998866570966,0.999994427475806,"ya_adult_cogact_freq"
"4098","ATP6AP2","Inh PVALB CA8 (Chandelier)",0.0196197431765461,5.64797631667712,0.0667514801413292,0.796457177757758,0.999998866570966,0.999994427475806,"ya_adult_cogact_freq"
"4099","CXorf38","Inh PVALB CA8 (Chandelier)",-0.0282991391227983,4.56386290091064,0.100914440993431,0.751147245525509,0.999998866570966,0.999994427475806,"ya_adult_cogact_freq"
"4100","MED14","Inh PVALB CA8 (Chandelier)",0.0881597889854712,5.21387604528739,2.39107535938091,0.123995917010386,0.999998866570966,0.999994427475806,"ya_adult_cogact_freq"
"4101","USP9X","Inh PVALB CA8 (Chandelier)",-0.0157459472974483,6.63992165362977,0.146225691698019,0.957658045790617,0.999998866570966,0.999994427475806,"ya_adult_cogact_freq"
"4102","DDX3X","Inh PVALB CA8 (Chandelier)",0.00385839559853803,5.98057440412066,0.00447732778910847,0.946734236219391,0.999998866570966,0.999994427475806,"ya_adult_cogact_freq"
"4103","CASK","Inh PVALB CA8 (Chandelier)",0.0169863368333674,7.98288061931747,0.274061052464874,0.601341380894886,0.999998866570966,0.999994427475806,"ya_adult_cogact_freq"
"4104","KDM6A","Inh PVALB CA8 (Chandelier)",0.0372659115608803,6.29596044199893,0.51287111800858,0.474937578158252,0.999998866570966,0.999994427475806,"ya_adult_cogact_freq"
"4105","KRBOX4","Inh PVALB CA8 (Chandelier)",0.0531874243122439,5.31445766448196,0.781933679160468,0.377870949358871,0.999998866570966,0.999994427475806,"ya_adult_cogact_freq"
"4106","ZNF674","Inh PVALB CA8 (Chandelier)",-0.0394205247938718,4.0658095500396,0.154433984971376,0.69485419753718,0.999998866570966,0.999994427475806,"ya_adult_cogact_freq"
"4107","SLC9A7","Inh PVALB CA8 (Chandelier)",0.0273208545545532,6.34269760739487,0.427928512607552,0.513941841436394,0.999998866570966,0.999994427475806,"ya_adult_cogact_freq"
"4108","JADE3","Inh PVALB CA8 (Chandelier)",-0.0165323430735509,4.18420522672433,0.0255748984912798,0.873143635349307,0.999998866570966,0.999994427475806,"ya_adult_cogact_freq"
"4109","NDUFB11","Inh PVALB CA8 (Chandelier)",-0.0558076104307702,4.08648622238909,0.179261506167512,0.672574537931295,0.999998866570966,0.999994427475806,"ya_adult_cogact_freq"
"4110","RBM10","Inh PVALB CA8 (Chandelier)",-0.0631421210348455,5.17310125150879,1.24207528370723,0.387572379775711,0.999998866570966,0.999994427475806,"ya_adult_cogact_freq"
"4111","UBA1","Inh PVALB CA8 (Chandelier)",-0.0281965738856807,5.64345928368746,0.190251302304356,0.663292711982202,0.999998866570966,0.999994427475806,"ya_adult_cogact_freq"
"4112","CDK16","Inh PVALB CA8 (Chandelier)",-0.0956421735105812,4.90583926018806,1.57591620932842,0.211171536371991,0.999998866570966,0.999994427475806,"ya_adult_cogact_freq"
"4113","USP11","Inh PVALB CA8 (Chandelier)",-0.0292019842107405,6.68001235652932,0.255683022213015,0.613794202451831,0.999998866570966,0.999994427475806,"ya_adult_cogact_freq"
"4114","ZNF41","Inh PVALB CA8 (Chandelier)",0.0245468036026182,5.0665618714955,0.12514467402455,0.723983807230122,0.999998866570966,0.999994427475806,"ya_adult_cogact_freq"
"4115","SYN1","Inh PVALB CA8 (Chandelier)",0.089471933515359,6.09162058791845,1.90472778155101,0.169466266331581,0.999998866570966,0.999994427475806,"ya_adult_cogact_freq"
"4116","ELK1","Inh PVALB CA8 (Chandelier)",-0.0731074220175777,4.10764252835191,0.544767637982168,0.526873395568557,0.999998866570966,0.999994427475806,"ya_adult_cogact_freq"
"4117","ZNF81","Inh PVALB CA8 (Chandelier)",-0.035429873462825,4.79951704892991,0.239558096690712,0.625192616870959,0.999998866570966,0.999994427475806,"ya_adult_cogact_freq"
"4118","ZNF630","Inh PVALB CA8 (Chandelier)",0.230678614090329,4.39803539379137,6.25659130279984,0.0133742842609502,0.999998866570966,0.999994427475806,"ya_adult_cogact_freq"
"4119","EBP","Inh PVALB CA8 (Chandelier)",0.0136843831137707,4.22524321119786,0.0211791802807035,0.88447419672731,0.999998866570966,0.999994427475806,"ya_adult_cogact_freq"
"4120","TBC1D25","Inh PVALB CA8 (Chandelier)",-0.0438372888022806,4.34566173590878,0.219345240899409,0.640173633401224,0.999998866570966,0.999994427475806,"ya_adult_cogact_freq"
"4121","RBM3","Inh PVALB CA8 (Chandelier)",-0.195850193702446,3.97336631405244,2.32653314338856,0.129149721599359,0.999998866570966,0.999994427475806,"ya_adult_cogact_freq"
"4122","WDR13","Inh PVALB CA8 (Chandelier)",-0.0810437581835151,4.45559935977058,1.02203360783996,0.357202455380761,0.999998866570966,0.999994427475806,"ya_adult_cogact_freq"
"4123","AC231533.1","Inh PVALB CA8 (Chandelier)",0.196277530825802,3.96856868900207,3.5798973466632,0.060280640228833,0.999998866570966,0.999994427475806,"ya_adult_cogact_freq"
"4124","HDAC6","Inh PVALB CA8 (Chandelier)",0.0965432870632188,4.84586551089472,1.64434732447511,0.201576000378478,0.999998866570966,0.999994427475806,"ya_adult_cogact_freq"
"4125","PCSK1N","Inh PVALB CA8 (Chandelier)",-0.106033610840234,7.0460253593415,1.41528681450277,0.235934720233599,0.999998866570966,0.999994427475806,"ya_adult_cogact_freq"
"4126","OTUD5","Inh PVALB CA8 (Chandelier)",-0.0208545589791956,4.97434481705846,0.081675816877771,0.775407016302375,0.999998866570966,0.999994427475806,"ya_adult_cogact_freq"
"4127","GRIPAP1","Inh PVALB CA8 (Chandelier)",-0.0156289862364767,6.01469659958389,0.0890039078159591,0.7658325610411,0.999998866570966,0.999994427475806,"ya_adult_cogact_freq"
"4128","CCDC120","Inh PVALB CA8 (Chandelier)",0.0628172308149425,3.78465351784048,0.27910006524075,0.598020185386667,0.999998866570966,0.999994427475806,"ya_adult_cogact_freq"
"4129","WDR45","Inh PVALB CA8 (Chandelier)",-0.14753058745487,4.33032197447254,2.19649205570665,0.140282703638364,0.999998866570966,0.999994427475806,"ya_adult_cogact_freq"
"4130","SYP","Inh PVALB CA8 (Chandelier)",-0.054298015393619,7.73274911349156,1.34773034883195,0.247396200892454,0.999998866570966,0.999994427475806,"ya_adult_cogact_freq"
"4131","PPP1R3F","Inh PVALB CA8 (Chandelier)",-0.195154095615302,4.35804087659895,4.93792039944696,0.0276695595805125,0.999998866570966,0.999994427475806,"ya_adult_cogact_freq"
"4132","CLCN5","Inh PVALB CA8 (Chandelier)",-0.0931479853350665,4.3178827500883,0.892725350195762,0.346157689949139,0.999998866570966,0.999994427475806,"ya_adult_cogact_freq"
"4133","MAGED1","Inh PVALB CA8 (Chandelier)",-0.0044451453096359,7.54321240012168,0.015942849723856,0.899679936053975,0.999998866570966,0.999994427475806,"ya_adult_cogact_freq"
"4134","FAM156A","Inh PVALB CA8 (Chandelier)",0.0194542120990407,5.0527257543421,0.0629719407084395,0.802179315002618,0.999998866570966,0.999994427475806,"ya_adult_cogact_freq"
"4135","GPR173","Inh PVALB CA8 (Chandelier)",-0.0195679181564794,4.50566701940889,0.0680150112959123,0.794582918421907,0.999998866570966,0.999994427475806,"ya_adult_cogact_freq"
"4136","TSPYL2","Inh PVALB CA8 (Chandelier)",-0.0190151312633668,6.86381370864642,0.17061722536766,0.680114237982641,0.999998866570966,0.999994427475806,"ya_adult_cogact_freq"
"4137","KANTR","Inh PVALB CA8 (Chandelier)",0.055675527853004,7.34114819387269,1.96425079590436,0.162987046209464,0.999998866570966,0.999994427475806,"ya_adult_cogact_freq"
"4138","KDM5C","Inh PVALB CA8 (Chandelier)",0.0450332507039327,5.23928937031934,0.373082479863201,0.542191422450994,0.999998866570966,0.999994427475806,"ya_adult_cogact_freq"
"4139","IQSEC2","Inh PVALB CA8 (Chandelier)",-0.0136723824108487,5.96793226083301,0.0657659523981125,0.797932241498634,0.999998866570966,0.999994427475806,"ya_adult_cogact_freq"
"4140","SMC1A","Inh PVALB CA8 (Chandelier)",0.00757782235923177,5.23556627996089,0.0131316979391866,0.908910231198129,0.999998866570966,0.999994427475806,"ya_adult_cogact_freq"
"4141","HUWE1","Inh PVALB CA8 (Chandelier)",0.0335990927519768,6.81855702272224,0.763966914861096,0.383393733205909,0.999998866570966,0.999994427475806,"ya_adult_cogact_freq"
"4142","PHF8","Inh PVALB CA8 (Chandelier)",-0.0371941543968219,5.16833124385342,0.257724451127858,0.612383584534126,0.999998866570966,0.999994427475806,"ya_adult_cogact_freq"
"4143","FAM120C","Inh PVALB CA8 (Chandelier)",0.0362453925869057,5.03913683494007,0.279066846876472,0.598041953441036,0.999998866570966,0.999994427475806,"ya_adult_cogact_freq"
"4144","WNK3","Inh PVALB CA8 (Chandelier)",0.0237564516692878,5.42144626885357,0.152593394093314,0.726094229930633,0.999998866570966,0.999994427475806,"ya_adult_cogact_freq"
"4145","FGD1","Inh PVALB CA8 (Chandelier)",0.0217135663534149,5.1254373062007,0.111429853710128,0.738957118320166,0.999998866570966,0.999994427475806,"ya_adult_cogact_freq"
"4146","MAGED2","Inh PVALB CA8 (Chandelier)",-0.135092401722489,4.59838035669883,2.02540774839565,0.156625097905754,0.999998866570966,0.999994427475806,"ya_adult_cogact_freq"
"4147","TRO","Inh PVALB CA8 (Chandelier)",-0.0811244789518321,4.52649936724027,0.957494509441798,0.329289134930439,0.999998866570966,0.999994427475806,"ya_adult_cogact_freq"
"4148","MAGEH1","Inh PVALB CA8 (Chandelier)",0.0613374692900921,4.19380641727107,0.262007848249476,0.609446487935004,0.999998866570966,0.999994427475806,"ya_adult_cogact_freq"
"4149","RRAGB","Inh PVALB CA8 (Chandelier)",-0.0299203234408199,5.12913957754741,0.195504727508773,0.658968278623177,0.999998866570966,0.999994427475806,"ya_adult_cogact_freq"
"4150","AL445472.1","Inh PVALB CA8 (Chandelier)",0.273350161558026,3.25961023078933,2.05716512220863,0.153434070259572,0.999998866570966,0.999994427475806,"ya_adult_cogact_freq"
"4151","UBQLN2","Inh PVALB CA8 (Chandelier)",0.0611669471312505,5.14753076205955,0.542473719467206,0.462482751518802,0.999998866570966,0.999994427475806,"ya_adult_cogact_freq"
"4152","NBDY","Inh PVALB CA8 (Chandelier)",0.0729889428054726,5.32267633328749,1.25039323377885,0.265145530078004,0.999998866570966,0.999994427475806,"ya_adult_cogact_freq"
"4153","SPIN3","Inh PVALB CA8 (Chandelier)",0.133870185761095,5.87428553575857,4.13549746326319,0.0436370849293134,0.999998866570966,0.999994427475806,"ya_adult_cogact_freq"
"4154","FAAH2","Inh PVALB CA8 (Chandelier)",-0.00497627101594212,6.08868872767033,0.00495747960140075,0.943955340697822,0.999998866570966,0.999994427475806,"ya_adult_cogact_freq"
"4155","ARHGEF9","Inh PVALB CA8 (Chandelier)",-0.0263290498122872,6.84861763362546,0.507346126838779,0.614778727260519,0.999998866570966,0.999994427475806,"ya_adult_cogact_freq"
"4156","MTMR8","Inh PVALB CA8 (Chandelier)",-0.154559696597781,4.42458162301501,2.38467892700606,0.124496248184168,0.999998866570966,0.999994427475806,"ya_adult_cogact_freq"
"4157","ZC4H2","Inh PVALB CA8 (Chandelier)",-0.063815256411537,5.61345772431311,0.748446367310043,0.388257682100999,0.999998866570966,0.999994427475806,"ya_adult_cogact_freq"
"4158","ZC3H12B","Inh PVALB CA8 (Chandelier)",0.0834694079619742,5.57335829089939,1.59560199407252,0.208356477657675,0.999998866570966,0.999994427475806,"ya_adult_cogact_freq"
"4159","LAS1L","Inh PVALB CA8 (Chandelier)",0.026777808430334,4.83393036291465,0.128160996024825,0.720816057519074,0.999998866570966,0.999994427475806,"ya_adult_cogact_freq"
"4160","AR","Inh PVALB CA8 (Chandelier)",-0.0327892943270362,4.32904027655581,0.0815664988174185,0.775553299939478,0.999998866570966,0.999994427475806,"ya_adult_cogact_freq"
"4161","OPHN1","Inh PVALB CA8 (Chandelier)",0.0300805971782954,6.32548916137734,0.353790779256617,0.552811302567502,0.999998866570966,0.999994427475806,"ya_adult_cogact_freq"
"4162","YIPF6","Inh PVALB CA8 (Chandelier)",-0.0513760528496711,4.50452469194475,0.417304391417619,0.519206211144212,0.999998866570966,0.999994427475806,"ya_adult_cogact_freq"
"4163","PJA1","Inh PVALB CA8 (Chandelier)",0.0268891794879862,4.15686131285678,0.0613419873521453,0.804703354706657,0.999998866570966,0.999994427475806,"ya_adult_cogact_freq"
"4164","IGBP1","Inh PVALB CA8 (Chandelier)",0.0998753847374345,4.7436141418238,1.6942397152874,0.253319818469953,0.999998866570966,0.999994427475806,"ya_adult_cogact_freq"
"4165","DLG3","Inh PVALB CA8 (Chandelier)",-0.0186366546260758,5.50205263560611,0.100339935432492,0.758023753992144,0.999998866570966,0.999994427475806,"ya_adult_cogact_freq"
"4166","SNX12","Inh PVALB CA8 (Chandelier)",-0.00910946869173767,4.0392537610543,0.00608426586930317,0.93792369577493,0.999998866570966,0.999994427475806,"ya_adult_cogact_freq"
"4167","NLGN3","Inh PVALB CA8 (Chandelier)",-0.0101104673114288,4.52770536569563,0.0147476144601808,0.903494385612882,0.999998866570966,0.999994427475806,"ya_adult_cogact_freq"
"4168","ZMYM3","Inh PVALB CA8 (Chandelier)",-0.025087638099733,4.8357993268969,0.0918000586270606,0.762292807405773,0.999998866570966,0.999994427475806,"ya_adult_cogact_freq"
"4169","NONO","Inh PVALB CA8 (Chandelier)",-0.00104485412871828,5.0422587172017,0.000183650608111462,0.989204381764376,0.999998866570966,0.999994427475806,"ya_adult_cogact_freq"
"4170","TAF1","Inh PVALB CA8 (Chandelier)",0.00268904720268577,6.15053056528024,0.00282337105372999,0.957689993328191,0.999998866570966,0.999994427475806,"ya_adult_cogact_freq"
"4171","OGT","Inh PVALB CA8 (Chandelier)",0.0157615224347385,6.92464586142269,0.103188910128132,0.748453100876048,0.999998866570966,0.999994427475806,"ya_adult_cogact_freq"
"4172","GCNA","Inh PVALB CA8 (Chandelier)",-0.0312153179889013,5.09363907045802,0.116464122515783,0.733347155783382,0.999998866570966,0.999994427475806,"ya_adult_cogact_freq"
"4173","PIN4","Inh PVALB CA8 (Chandelier)",-0.0208100605600698,5.2542958166047,0.0935268847743853,0.760136090618256,0.999998866570966,0.999994427475806,"ya_adult_cogact_freq"
"4174","RPS4X","Inh PVALB CA8 (Chandelier)",-0.236759422482163,4.5425688178174,3.80394170320041,0.0528712528217771,0.999998866570966,0.999994427475806,"ya_adult_cogact_freq"
"4175","HDAC8","Inh PVALB CA8 (Chandelier)",-0.0104893712823632,7.76369765588123,0.10135840262749,0.750618757089778,0.999998866570966,0.999994427475806,"ya_adult_cogact_freq"
"4176","PHKA1","Inh PVALB CA8 (Chandelier)",-0.0162226050367436,4.06308409841574,0.0197681761509938,0.888362474419934,0.999998866570966,0.999994427475806,"ya_adult_cogact_freq"
"4177","NAP1L2","Inh PVALB CA8 (Chandelier)",0.0438319382856352,5.7772136638125,0.433383790896917,0.511274874949257,0.999998866570966,0.999994427475806,"ya_adult_cogact_freq"
"4178","CHIC1","Inh PVALB CA8 (Chandelier)",0.0193412932268681,6.29850757684922,0.174398230832412,0.676789383040815,0.999998866570966,0.999994427475806,"ya_adult_cogact_freq"
"4179","XIST","Inh PVALB CA8 (Chandelier)",0.161536983441148,8.70927822914809,0.334680214312314,0.563725686800729,0.999998866570966,0.999994427475806,"ya_adult_cogact_freq"
"4180","JPX","Inh PVALB CA8 (Chandelier)",0.0338755763261225,7.37304648254911,0.406022726927767,0.524901524044085,0.999998866570966,0.999994427475806,"ya_adult_cogact_freq"
"4181","FTX","Inh PVALB CA8 (Chandelier)",0.03548224319006,10.3059070578812,0.929959768892319,0.33632172332543,0.999998866570966,0.999994427475806,"ya_adult_cogact_freq"
"4182","SLC16A2","Inh PVALB CA8 (Chandelier)",-0.0343934440176201,4.80472666873002,0.145881808027123,0.703006724228835,0.999998866570966,0.999994427475806,"ya_adult_cogact_freq"
"4183","RLIM","Inh PVALB CA8 (Chandelier)",0.0686492740522024,4.55043042771163,0.566509018899238,0.452750177826928,0.999998866570966,0.999994427475806,"ya_adult_cogact_freq"
"4184","NEXMIF","Inh PVALB CA8 (Chandelier)",0.0436263667835127,7.03080193355107,0.8773040957912,0.350346042423441,0.999998866570966,0.999994427475806,"ya_adult_cogact_freq"
"4185","ABCB7","Inh PVALB CA8 (Chandelier)",-0.0445434180160502,5.75360142024151,0.800087226402035,0.37240447671701,0.999998866570966,0.999994427475806,"ya_adult_cogact_freq"
"4186","UPRT","Inh PVALB CA8 (Chandelier)",0.0547788778001781,3.9888836508853,0.291727694191881,0.749472670910362,0.999998866570966,0.999994427475806,"ya_adult_cogact_freq"
"4187","ZDHHC15","Inh PVALB CA8 (Chandelier)",-0.0439506949627303,4.62831476510652,0.317000702141277,0.574200087673955,0.999998866570966,0.999994427475806,"ya_adult_cogact_freq"
"4188","MAGEE1","Inh PVALB CA8 (Chandelier)",0.0167058649955864,4.53899785223753,0.0319698816167447,0.858318907263859,0.999998866570966,0.999994427475806,"ya_adult_cogact_freq"
"4189","AC233296.1","Inh PVALB CA8 (Chandelier)",-0.0052999185923692,6.72836971587502,0.00426710969815375,0.947997895598126,0.999998866570966,0.999994427475806,"ya_adult_cogact_freq"
"4190","ATRX","Inh PVALB CA8 (Chandelier)",0.00527910638999148,8.4568578562845,0.042077551861227,0.929894449937366,0.999998866570966,0.999994427475806,"ya_adult_cogact_freq"
"4191","MAGT1","Inh PVALB CA8 (Chandelier)",0.0844074665064216,3.74355618045817,0.490579813436869,0.48468118880067,0.999998866570966,0.999994427475806,"ya_adult_cogact_freq"
"4192","COX7B","Inh PVALB CA8 (Chandelier)",-0.099589672472882,4.56773817259824,0.917424209948881,0.339590403045196,0.999998866570966,0.999994427475806,"ya_adult_cogact_freq"
"4193","PGK1","Inh PVALB CA8 (Chandelier)",-0.0657107004214045,5.79008391823503,1.01589596961267,0.31500909636681,0.999998866570966,0.999994427475806,"ya_adult_cogact_freq"
"4194","BRWD3","Inh PVALB CA8 (Chandelier)",0.00457210268845963,5.95774659565893,0.00752498974719473,0.969918048312547,0.999998866570966,0.999994427475806,"ya_adult_cogact_freq"
"4195","HMGN5","Inh PVALB CA8 (Chandelier)",0.201677853754105,4.56804163814473,4.09852245970937,0.0445760062421797,0.999998866570966,0.999994427475806,"ya_adult_cogact_freq"
"4196","SH3BGRL","Inh PVALB CA8 (Chandelier)",0.037473065426493,6.41681502300282,0.529987355539623,0.467671174071408,0.999998866570966,0.999994427475806,"ya_adult_cogact_freq"
"4197","RPS6KA6","Inh PVALB CA8 (Chandelier)",0.0577303410646337,5.81870692184793,0.848801609555451,0.358272057679919,0.999998866570966,0.999994427475806,"ya_adult_cogact_freq"
"4198","HDX","Inh PVALB CA8 (Chandelier)",0.0664022873551098,6.20997985087679,1.33805143907903,0.249093828148495,0.999998866570966,0.999994427475806,"ya_adult_cogact_freq"
"4199","APOOL","Inh PVALB CA8 (Chandelier)",0.0292385127617652,4.76376996688801,0.171843072262898,0.679031587977222,0.999998866570966,0.999994427475806,"ya_adult_cogact_freq"
"4200","ZNF711","Inh PVALB CA8 (Chandelier)",0.0852176096599733,4.46551555970317,0.973421482332658,0.325310914944524,0.999998866570966,0.999994427475806,"ya_adult_cogact_freq"
"4201","CHM","Inh PVALB CA8 (Chandelier)",0.00807248901380648,6.32362925377688,0.0308266139510075,0.860848720876828,0.999998866570966,0.999994427475806,"ya_adult_cogact_freq"
"4202","PCDH11X","Inh PVALB CA8 (Chandelier)",0.0478747193201512,3.90068315246078,0.131057538112121,0.717813467859475,0.999998866570966,0.999994427475806,"ya_adult_cogact_freq"
"4203","NAP1L3","Inh PVALB CA8 (Chandelier)",0.0211743303009673,6.37228517272231,0.056253162054262,0.812821066132838,0.999998866570966,0.999994427475806,"ya_adult_cogact_freq"
"4204","FAM133A","Inh PVALB CA8 (Chandelier)",0.0176237271246996,3.94966108069432,0.0217560009958051,0.882922869057033,0.999998866570966,0.999994427475806,"ya_adult_cogact_freq"
"4205","DIAPH2","Inh PVALB CA8 (Chandelier)",0.053064729470414,5.04427187160635,0.351894309163878,0.553876376720049,0.999998866570966,0.999994427475806,"ya_adult_cogact_freq"
"4206","PCDH19","Inh PVALB CA8 (Chandelier)",-0.060679704671602,6.722702840815,1.34715029319424,0.247497536855243,0.999998866570966,0.999994427475806,"ya_adult_cogact_freq"
"4207","CSTF2","Inh PVALB CA8 (Chandelier)",-0.0837618785020029,3.96247988496081,0.576404583207688,0.448836825935538,0.999998866570966,0.999994427475806,"ya_adult_cogact_freq"
"4208","TRMT2B","Inh PVALB CA8 (Chandelier)",-0.129635483967031,3.79847505901295,1.05229072032926,0.306521116189442,0.999998866570966,0.999994427475806,"ya_adult_cogact_freq"
"4209","TMEM35A","Inh PVALB CA8 (Chandelier)",0.0063746797939269,5.7167537460862,0.00876685543425418,0.925518484721489,0.999998866570966,0.999994427475806,"ya_adult_cogact_freq"
"4210","DRP2","Inh PVALB CA8 (Chandelier)",0.00787178439311089,5.54388031637951,0.0204953950157813,0.896543262054901,0.999998866570966,0.999994427475806,"ya_adult_cogact_freq"
"4211","HNRNPH2","Inh PVALB CA8 (Chandelier)",0.0460360073529121,4.47958944638087,0.220407432183768,0.639365768272264,0.999998866570966,0.999994427475806,"ya_adult_cogact_freq"
"4212","ARMCX4","Inh PVALB CA8 (Chandelier)",0.0467541537315479,6.77994391617058,1.24451615067564,0.266267214308719,0.999998866570966,0.999994427475806,"ya_adult_cogact_freq"
"4213","ARMCX1","Inh PVALB CA8 (Chandelier)",-0.0483171886549477,4.48716071638499,0.328880527945731,0.56712037952568,0.999998866570966,0.999994427475806,"ya_adult_cogact_freq"
"4214","ARMCX3","Inh PVALB CA8 (Chandelier)",-0.0909020836765055,5.51804975911844,1.49729499115719,0.222878450349078,0.999998866570966,0.999994427475806,"ya_adult_cogact_freq"
"4215","ARMCX2","Inh PVALB CA8 (Chandelier)",0.114694724279778,4.15572772554182,1.59454387444997,0.20850664540632,0.999998866570966,0.999994427475806,"ya_adult_cogact_freq"
"4216","ZMAT1","Inh PVALB CA8 (Chandelier)",0.137133387503812,5.47893161126183,3.27474736575275,0.0722216817608864,0.999998866570966,0.999994427475806,"ya_adult_cogact_freq"
"4217","TCEAL2","Inh PVALB CA8 (Chandelier)",-0.0611219623793037,5.36305055800522,0.546779668989398,0.460714855475542,0.999998866570966,0.999994427475806,"ya_adult_cogact_freq"
"4218","TCEAL6","Inh PVALB CA8 (Chandelier)",-0.0367826299219891,4.05623958613613,0.105844712916441,0.745348415615469,0.999998866570966,0.999994427475806,"ya_adult_cogact_freq"
"4219","BEX5","Inh PVALB CA8 (Chandelier)",-0.181032652836705,3.96924505017659,1.78473251469052,0.183457326809392,0.999998866570966,0.999994427475806,"ya_adult_cogact_freq"
"4220","GPRASP1","Inh PVALB CA8 (Chandelier)",-0.0500214696518097,6.33807345332431,1.01120222473765,0.316126137479882,0.999998866570966,0.999994427475806,"ya_adult_cogact_freq"
"4221","GPRASP2","Inh PVALB CA8 (Chandelier)",0.00522712307216608,4.73015420757979,0.00404517167069669,0.949366418397836,0.999998866570966,0.999994427475806,"ya_adult_cogact_freq"
"4222","BHLHB9","Inh PVALB CA8 (Chandelier)",0.094368250628518,5.65837524996338,2.03031236888266,0.15612735009458,0.999998866570966,0.999994427475806,"ya_adult_cogact_freq"
"4223","LINC00630","Inh PVALB CA8 (Chandelier)",0.00115255061124375,5.29782105163174,0.000363444377643691,0.984813516733558,0.999998866570966,0.999994427475806,"ya_adult_cogact_freq"
"4224","BEX1","Inh PVALB CA8 (Chandelier)",-0.131378972510555,5.70344145400248,1.90400434615263,0.1695468235326,0.999998866570966,0.999994427475806,"ya_adult_cogact_freq"
"4225","BEX4","Inh PVALB CA8 (Chandelier)",-0.221367281690249,5.78427395531979,6.27762064929853,0.0132225105485759,0.999998866570966,0.999994427475806,"ya_adult_cogact_freq"
"4226","TCEAL8","Inh PVALB CA8 (Chandelier)",0.0128163045190779,3.86609071149051,0.00971807045226255,0.921594340658886,0.999998866570966,0.999994427475806,"ya_adult_cogact_freq"
"4227","TCEAL5","Inh PVALB CA8 (Chandelier)",-0.0319022019688714,4.22659265436556,0.0967153946061101,0.756210341036231,0.999998866570966,0.999994427475806,"ya_adult_cogact_freq"
"4228","BEX2","Inh PVALB CA8 (Chandelier)",-0.090544538470066,5.79443115563514,1.0131195946794,0.315669202785606,0.999998866570966,0.999994427475806,"ya_adult_cogact_freq"
"4229","TCEAL7","Inh PVALB CA8 (Chandelier)",-0.23122292935567,4.88320131799664,4.05683060428769,0.0456605329429789,0.999998866570966,0.999994427475806,"ya_adult_cogact_freq"
"4230","TCEAL9","Inh PVALB CA8 (Chandelier)",-0.177295907080553,3.80990101306951,1.29752352346747,0.25636053591063,0.999998866570966,0.999994427475806,"ya_adult_cogact_freq"
"4231","BEX3","Inh PVALB CA8 (Chandelier)",-0.112842412531441,6.45828386212277,1.81299120951398,0.180045130953086,0.999998866570966,0.999994427475806,"ya_adult_cogact_freq"
"4232","TCEAL4","Inh PVALB CA8 (Chandelier)",-0.0388175794815503,5.01760508259923,0.263911088226821,0.608151172492339,0.999998866570966,0.999994427475806,"ya_adult_cogact_freq"
"4233","TCEAL3","Inh PVALB CA8 (Chandelier)",-0.142197160111233,4.76481579422004,2.47488615962484,0.11764377654623,0.999998866570966,0.999994427475806,"ya_adult_cogact_freq"
"4234","TCEAL1","Inh PVALB CA8 (Chandelier)",-0.0666492690311062,4.54129926599127,0.490605096998388,0.48466995097459,0.999998866570966,0.999994427475806,"ya_adult_cogact_freq"
"4235","MORF4L2","Inh PVALB CA8 (Chandelier)",0.0146095294784868,6.59947962860952,0.102610005424886,0.749135690338451,0.999998866570966,0.999994427475806,"ya_adult_cogact_freq"
"4236","PLP1","Inh PVALB CA8 (Chandelier)",0.0445811227110033,4.97096636516605,0.127726595221342,0.721269655955217,0.999998866570966,0.999994427475806,"ya_adult_cogact_freq"
"4237","RAB9B","Inh PVALB CA8 (Chandelier)",0.0375925847744383,4.94221819198944,0.259007661435267,0.611500488197078,0.999998866570966,0.999994427475806,"ya_adult_cogact_freq"
"4238","TMSB15B-1","Inh PVALB CA8 (Chandelier)",0.149290136009114,4.05643629221546,2.28253437887711,0.132800991015022,0.999998866570966,0.999994427475806,"ya_adult_cogact_freq"
"4239","SLC25A53","Inh PVALB CA8 (Chandelier)",0.0194880404283935,4.87841178796486,0.0584208884978718,0.809317454260298,0.999998866570966,0.999994427475806,"ya_adult_cogact_freq"
"4240","FAM199X","Inh PVALB CA8 (Chandelier)",0.20515036774442,5.02273678445103,6.7484988286516,0.01025392452959,0.999998866570966,0.999994427475806,"ya_adult_cogact_freq"
"4241","IL1RAPL2","Inh PVALB CA8 (Chandelier)",0.00829790369861531,7.3793676788357,0.00492855197859576,0.944118823436326,0.999998866570966,0.999994427475806,"ya_adult_cogact_freq"
"4242","RNF128","Inh PVALB CA8 (Chandelier)",0.0759762636770352,4.6265633942749,0.78664038089038,0.376442824255198,0.999998866570966,0.999994427475806,"ya_adult_cogact_freq"
"4243","MORC4","Inh PVALB CA8 (Chandelier)",0.0679900500648882,4.14613829590623,0.304266075843007,0.581986150153214,0.999998866570966,0.999994427475806,"ya_adult_cogact_freq"
"4244","RBM41","Inh PVALB CA8 (Chandelier)",0.126143896447001,5.87609657445195,4.49848091096784,0.035458731132147,0.999998866570966,0.999994427475806,"ya_adult_cogact_freq"
"4245","FRMPD3","Inh PVALB CA8 (Chandelier)",-0.0401151684421599,4.13083162727103,0.161506851089567,0.68830673045085,0.999998866570966,0.999994427475806,"ya_adult_cogact_freq"
"4246","PRPS1","Inh PVALB CA8 (Chandelier)",-0.160694893560967,4.05398114145416,2.01572184427818,0.157613427395783,0.999998866570966,0.999994427475806,"ya_adult_cogact_freq"
"4247","TSC22D3","Inh PVALB CA8 (Chandelier)",0.0629984611583633,4.70272443730045,0.416485580504645,0.519615879360926,0.999998866570966,0.999994427475806,"ya_adult_cogact_freq"
"4248","MID2","Inh PVALB CA8 (Chandelier)",-0.0284649768210872,4.6105777244221,0.100171649245716,0.752034329994814,0.999998866570966,0.999994427475806,"ya_adult_cogact_freq"
"4249","ACSL4","Inh PVALB CA8 (Chandelier)",-0.0168211082286409,6.46728878974175,0.139573820941627,0.709197264234847,0.999998866570966,0.999994427475806,"ya_adult_cogact_freq"
"4250","TMEM164","Inh PVALB CA8 (Chandelier)",-0.0862287116103332,4.656281058686,1.06961742676752,0.302585114532021,0.999998866570966,0.999994427475806,"ya_adult_cogact_freq"
"4251","AMMECR1","Inh PVALB CA8 (Chandelier)",0.0595221091057755,7.37419916603338,1.54821580121696,0.215210060119767,0.999998866570966,0.999994427475806,"ya_adult_cogact_freq"
"4252","PAK3","Inh PVALB CA8 (Chandelier)",-0.0110395683854139,8.33424430485433,0.129782347980207,0.71913067517202,0.999998866570966,0.999994427475806,"ya_adult_cogact_freq"
"4253","DCX","Inh PVALB CA8 (Chandelier)",0.0331022111491002,7.16663585951309,0.691970027990406,0.406729003118345,0.999998866570966,0.999994427475806,"ya_adult_cogact_freq"
"4254","ALG13","Inh PVALB CA8 (Chandelier)",0.0731922378122661,5.77607761684523,1.73185119311,0.190048054459475,0.999998866570966,0.999994427475806,"ya_adult_cogact_freq"
"4255","TRPC5","Inh PVALB CA8 (Chandelier)",0.0183674149481603,7.23045202368181,0.043988689079962,0.834140211704183,0.999998866570966,0.999994427475806,"ya_adult_cogact_freq"
"4256","LRCH2","Inh PVALB CA8 (Chandelier)",0.0812917379873581,5.15612698037435,1.32211230772029,0.251920923561239,0.999998866570966,0.999994427475806,"ya_adult_cogact_freq"
"4257","DANT2","Inh PVALB CA8 (Chandelier)",-0.0101921866008482,9.01251949149836,0.0960780509725895,0.756989312752006,0.999998866570966,0.999994427475806,"ya_adult_cogact_freq"
"4258","KLHL13","Inh PVALB CA8 (Chandelier)",-0.0263873371711984,5.13271768801856,0.0839464639581319,0.772392196515267,0.999998866570966,0.999994427475806,"ya_adult_cogact_freq"
"4259","WDR44","Inh PVALB CA8 (Chandelier)",0.0537836060555213,5.66951403563029,1.09698934023866,0.296499877176891,0.999998866570966,0.999994427475806,"ya_adult_cogact_freq"
"4260","DOCK11","Inh PVALB CA8 (Chandelier)",0.094867588598173,5.80762499522177,2.31299712001379,0.130260849287117,0.999998866570966,0.999994427475806,"ya_adult_cogact_freq"
"4261","LINC01285","Inh PVALB CA8 (Chandelier)",-0.136118000250961,3.86457835694186,0.928882740835694,0.33660089000831,0.999998866570966,0.999994427475806,"ya_adult_cogact_freq"
"4262","LONRF3","Inh PVALB CA8 (Chandelier)",-0.0366766961716902,5.0549353396821,0.143188963648166,0.705630323962983,0.999998866570966,0.999994427475806,"ya_adult_cogact_freq"
"4263","PGRMC1","Inh PVALB CA8 (Chandelier)",-0.0894496914561967,5.33130420735717,1.44205468997668,0.231573456619236,0.999998866570966,0.999994427475806,"ya_adult_cogact_freq"
"4264","SLC25A5","Inh PVALB CA8 (Chandelier)",-0.197299523058767,4.47953171398594,2.6507002439084,0.105462472335956,0.999998866570966,0.999994427475806,"ya_adult_cogact_freq"
"4265","CXorf56","Inh PVALB CA8 (Chandelier)",0.00541617029362248,4.00750862894788,0.00229378294383007,0.961860602144316,0.999998866570966,0.999994427475806,"ya_adult_cogact_freq"
"4266","NKRF","Inh PVALB CA8 (Chandelier)",-0.108022414353435,4.50578734903784,1.45560484546208,0.229403130041125,0.999998866570966,0.999994427475806,"ya_adult_cogact_freq"
"4267","SEPT6","Inh PVALB CA8 (Chandelier)",0.0532983461907094,6.73376034967206,1.48551146163204,0.22469961233997,0.999998866570966,0.999994427475806,"ya_adult_cogact_freq"
"4268","UPF3B","Inh PVALB CA8 (Chandelier)",0.0483861150795396,5.90316386995115,0.724337497427416,0.395990694035001,0.999998866570966,0.999994427475806,"ya_adult_cogact_freq"
"4269","NDUFA1","Inh PVALB CA8 (Chandelier)",-0.0159431993194153,4.30414594018503,0.0202223572828774,0.887095876867239,0.999998866570966,0.999994427475806,"ya_adult_cogact_freq"
"4270","NKAP","Inh PVALB CA8 (Chandelier)",-0.0254433356184911,4.49995048666976,0.0853367938895682,0.770567984543564,0.999998866570966,0.999994427475806,"ya_adult_cogact_freq"
"4271","RHOXF1-AS1","Inh PVALB CA8 (Chandelier)",0.0384412016567118,5.59615740246244,0.363554848929,0.547388206701479,0.999998866570966,0.999994427475806,"ya_adult_cogact_freq"
"4272","TMEM255A","Inh PVALB CA8 (Chandelier)",-0.159412347676312,5.24041017719057,1.95224001763495,0.164271109591237,0.999998866570966,0.999994427475806,"ya_adult_cogact_freq"
"4273","LAMP2","Inh PVALB CA8 (Chandelier)",0.0158918426161412,5.15061435531809,0.0608584494841761,0.805458963445585,0.999998866570966,0.999994427475806,"ya_adult_cogact_freq"
"4274","CUL4B","Inh PVALB CA8 (Chandelier)",0.0116125252361423,4.87440706790496,0.0278160883527052,0.867751516997137,0.999998866570966,0.999994427475806,"ya_adult_cogact_freq"
"4275","MCTS1","Inh PVALB CA8 (Chandelier)",0.058067203376882,4.88946601545237,0.634261565581497,0.42697092812432,0.999998866570966,0.999994427475806,"ya_adult_cogact_freq"
"4276","GRIA3","Inh PVALB CA8 (Chandelier)",-0.00171505022166613,9.21727132849819,0.00291829499360132,0.956985309825954,0.999998866570966,0.999994427475806,"ya_adult_cogact_freq"
"4277","THOC2","Inh PVALB CA8 (Chandelier)",-0.00774079850119926,6.8102595682227,0.0388961550350883,0.897517133546197,0.999998866570966,0.999994427475806,"ya_adult_cogact_freq"
"4278","XIAP","Inh PVALB CA8 (Chandelier)",0.0321187046895023,6.05227517750874,0.500058041057772,0.4804983933812,0.999998866570966,0.999994427475806,"ya_adult_cogact_freq"
"4279","STAG2","Inh PVALB CA8 (Chandelier)",0.0193047850186643,6.32728639253187,0.178127196224461,0.673551525394921,0.999998866570966,0.999994427475806,"ya_adult_cogact_freq"
"4280","TENM1","Inh PVALB CA8 (Chandelier)",0.0232303795273331,9.70375391913107,0.441573440923527,0.507316018637676,0.999998866570966,0.999994427475806,"ya_adult_cogact_freq"
"4281","AL442647.1","Inh PVALB CA8 (Chandelier)",0.0403571561735518,4.72218115584081,0.125459198448189,0.723651497745307,0.999998866570966,0.999994427475806,"ya_adult_cogact_freq"
"4282","SMARCA1","Inh PVALB CA8 (Chandelier)",0.0975106819324917,5.8667168062657,3.69807732713637,0.0562427658337418,0.999998866570966,0.999994427475806,"ya_adult_cogact_freq"
"4283","OCRL","Inh PVALB CA8 (Chandelier)",0.0450521502806377,4.82178604671003,0.426405621721696,0.545510887018022,0.999998866570966,0.999994427475806,"ya_adult_cogact_freq"
"4284","ZDHHC9","Inh PVALB CA8 (Chandelier)",-0.0350863893769142,4.27638902973503,0.168560799757542,0.749243715381822,0.999998866570966,0.999994427475806,"ya_adult_cogact_freq"
"4285","AIFM1","Inh PVALB CA8 (Chandelier)",-0.0587154696679818,4.36771860155737,0.492532593844779,0.483814503014974,0.999998866570966,0.999994427475806,"ya_adult_cogact_freq"
"4286","ZNF280C","Inh PVALB CA8 (Chandelier)",-0.00586052255248642,3.93617355903164,0.00283266704842173,0.969385681754396,0.999998866570966,0.999994427475806,"ya_adult_cogact_freq"
"4287","ENOX2","Inh PVALB CA8 (Chandelier)",0.0486667365662147,4.12955688403489,0.153804858641632,0.695444922729643,0.999998866570966,0.999994427475806,"ya_adult_cogact_freq"
"4288","RAP2C-AS1","Inh PVALB CA8 (Chandelier)",0.103213355817023,4.2431082010606,0.788339850258007,0.375929040134004,0.999998866570966,0.999994427475806,"ya_adult_cogact_freq"
"4289","HS6ST2","Inh PVALB CA8 (Chandelier)",0.00723522554888291,7.63594442257291,0.0257945041018442,0.872604831998999,0.999998866570966,0.999994427475806,"ya_adult_cogact_freq"
"4290","PHF6","Inh PVALB CA8 (Chandelier)",-0.0116322949742408,4.69635066097942,0.0254004607867564,0.873573312251412,0.999998866570966,0.999994427475806,"ya_adult_cogact_freq"
"4291","HPRT1","Inh PVALB CA8 (Chandelier)",0.0679718825795683,6.81011539996723,2.77155170668638,0.097900824794236,0.999998866570966,0.999994427475806,"ya_adult_cogact_freq"
"4292","FAM122C","Inh PVALB CA8 (Chandelier)",-0.0443037208681721,4.18557085164162,0.196070731016326,0.65850652741542,0.999998866570966,0.999994427475806,"ya_adult_cogact_freq"
"4293","RTL8C","Inh PVALB CA8 (Chandelier)",-0.0413252304550296,5.12368942710871,0.224365302808631,0.636376328224264,0.999998866570966,0.999994427475806,"ya_adult_cogact_freq"
"4294","RTL8A","Inh PVALB CA8 (Chandelier)",-0.0430764613709333,4.00889601857066,0.138252323683488,0.710514282066268,0.999998866570966,0.999994427475806,"ya_adult_cogact_freq"
"4295","ZNF75D","Inh PVALB CA8 (Chandelier)",0.089746193870603,4.98104133839112,1.30886466088237,0.254300892959823,0.999998866570966,0.999994427475806,"ya_adult_cogact_freq"
"4296","INTS6L","Inh PVALB CA8 (Chandelier)",-0.0118670489235454,4.37500143766508,0.016141428347638,0.899060447660761,0.999998866570966,0.999994427475806,"ya_adult_cogact_freq"
"4297","SLC9A6","Inh PVALB CA8 (Chandelier)",0.0298323534928519,5.83802769073682,0.292728085544782,0.589226495124153,0.999998866570966,0.999994427475806,"ya_adult_cogact_freq"
"4298","FHL1","Inh PVALB CA8 (Chandelier)",-0.0498687443895281,6.82542559364865,1.24328022715393,0.266503855743115,0.999998866570966,0.999994427475806,"ya_adult_cogact_freq"
"4299","HTATSF1","Inh PVALB CA8 (Chandelier)",0.038975018984446,4.48356518874137,0.169697005869041,0.680929960052302,0.999998866570966,0.999994427475806,"ya_adult_cogact_freq"
"4300","ARHGEF6","Inh PVALB CA8 (Chandelier)",0.145032801873571,4.54722680509873,3.29865475207971,0.071199574713211,0.999998866570966,0.999994427475806,"ya_adult_cogact_freq"
"4301","AL683813.1","Inh PVALB CA8 (Chandelier)",-0.0177696855073047,5.42184429836578,0.070364771401397,0.791146241366095,0.999998866570966,0.999994427475806,"ya_adult_cogact_freq"
"4302","RBMX","Inh PVALB CA8 (Chandelier)",-0.0317540985213621,6.29282644566174,0.66995897381806,0.414277510076808,0.999998866570966,0.999994427475806,"ya_adult_cogact_freq"
"4303","FGF13","Inh PVALB CA8 (Chandelier)",-0.00197780633580898,9.28811556509802,0.00250444177967275,0.960149130199905,0.999998866570966,0.999994427475806,"ya_adult_cogact_freq"
"4304","MCF2","Inh PVALB CA8 (Chandelier)",0.0300695809027972,5.2259736056709,0.185366852340129,0.667377698107237,0.999998866570966,0.999994427475806,"ya_adult_cogact_freq"
"4305","ATP11C","Inh PVALB CA8 (Chandelier)",-0.0433940223138357,4.69596967237972,0.215484511419953,0.643130228247273,0.999998866570966,0.999994427475806,"ya_adult_cogact_freq"
"4306","LINC00632","Inh PVALB CA8 (Chandelier)",0.0115121482644333,8.45248595966642,0.108084303199679,0.742763620743565,0.999998866570966,0.999994427475806,"ya_adult_cogact_freq"
"4307","AL078639.1","Inh PVALB CA8 (Chandelier)",0.246481813118052,6.13878130894656,6.22923089793051,0.0135744656265645,0.999998866570966,0.999994427475806,"ya_adult_cogact_freq"
"4308","LDOC1","Inh PVALB CA8 (Chandelier)",-0.084970506467621,3.80663129665957,0.420592630309284,0.517566759755885,0.999998866570966,0.999994427475806,"ya_adult_cogact_freq"
"4309","SPANXA2-OT1","Inh PVALB CA8 (Chandelier)",0.0553343468197001,3.99039718652582,0.172287745063716,0.678639978890418,0.999998866570966,0.999994427475806,"ya_adult_cogact_freq"
"4310","SLITRK4","Inh PVALB CA8 (Chandelier)",0.163013510865223,5.76563582326853,6.03982940784506,0.0150484899639542,0.999998866570966,0.999994427475806,"ya_adult_cogact_freq"
"4311","SLITRK2","Inh PVALB CA8 (Chandelier)",-0.00862531570671237,5.97708100634841,0.0240913724616367,0.876847352417268,0.999998866570966,0.999994427475806,"ya_adult_cogact_freq"
"4312","AL589669.1","Inh PVALB CA8 (Chandelier)",0.0858803293233655,3.62654396376386,0.301015849703163,0.584007409774145,0.999998866570966,0.999994427475806,"ya_adult_cogact_freq"
"4313","FMR1","Inh PVALB CA8 (Chandelier)",0.0489319404126397,5.29302871257692,0.815785983134675,0.367766485078889,0.999998866570966,0.999994427475806,"ya_adult_cogact_freq"
"4314","AFF2","Inh PVALB CA8 (Chandelier)",0.0820788882536511,7.26231805785539,2.00192869421356,0.1590332198808,0.999998866570966,0.999994427475806,"ya_adult_cogact_freq"
"4315","IDS","Inh PVALB CA8 (Chandelier)",-0.00699613799370835,7.98833461758102,0.0166196521736422,0.897584283775104,0.999998866570966,0.999994427475806,"ya_adult_cogact_freq"
"4316","TMEM185A","Inh PVALB CA8 (Chandelier)",-0.121500595396076,4.23516316739434,1.74504754236331,0.188377727807714,0.999998866570966,0.999994427475806,"ya_adult_cogact_freq"
"4317","LINC00894","Inh PVALB CA8 (Chandelier)",0.0330530680265468,6.28253991837809,0.37845638051843,0.539300355266495,0.999998866570966,0.999994427475806,"ya_adult_cogact_freq"
"4318","MAMLD1","Inh PVALB CA8 (Chandelier)",0.0368964397559567,6.50174175915577,0.408806132858248,0.523486097660076,0.999998866570966,0.999994427475806,"ya_adult_cogact_freq"
"4319","MTM1","Inh PVALB CA8 (Chandelier)",-0.0450377757402752,5.93083077462775,0.759046489996075,0.384926254759205,0.999998866570966,0.999994427475806,"ya_adult_cogact_freq"
"4320","MTMR1","Inh PVALB CA8 (Chandelier)",-0.0264159651747717,6.50323935162249,0.273406823993269,0.601775431613866,0.999998866570966,0.999994427475806,"ya_adult_cogact_freq"
"4321","CD99L2","Inh PVALB CA8 (Chandelier)",-0.0289913700752408,6.21735378840575,0.457070960400039,0.499967479161846,0.999998866570966,0.999994427475806,"ya_adult_cogact_freq"
"4322","VMA21","Inh PVALB CA8 (Chandelier)",0.0825777852684844,4.49186045573582,0.801932137525289,0.371855180003818,0.999998866570966,0.999994427475806,"ya_adult_cogact_freq"
"4323","PNMA3","Inh PVALB CA8 (Chandelier)",-0.0219361190717511,5.78372451418383,0.0779268680261956,0.780485553666015,0.999998866570966,0.999994427475806,"ya_adult_cogact_freq"
"4324","PNMA6A","Inh PVALB CA8 (Chandelier)",-0.0349138008450223,4.43770321622707,0.111448368536807,0.738936230421027,0.999998866570966,0.999994427475806,"ya_adult_cogact_freq"
"4325","ATP2B3","Inh PVALB CA8 (Chandelier)",-0.0834845476455374,5.6895846823519,2.36391069644412,0.126136409210094,0.999998866570966,0.999994427475806,"ya_adult_cogact_freq"
"4326","PNCK","Inh PVALB CA8 (Chandelier)",-0.0938450491011944,4.59939702366759,1.03803500916228,0.309809708250222,0.999998866570966,0.999994427475806,"ya_adult_cogact_freq"
"4327","SLC6A8","Inh PVALB CA8 (Chandelier)",-0.00112783882612202,4.8580569535784,0.00026094173536468,0.987131809638574,0.999998866570966,0.999994427475806,"ya_adult_cogact_freq"
"4328","BCAP31","Inh PVALB CA8 (Chandelier)",-0.00400553862367463,4.37578093259494,0.00171099381549863,0.967056910449338,0.999998866570966,0.999994427475806,"ya_adult_cogact_freq"
"4329","U52111.1","Inh PVALB CA8 (Chandelier)",0.0195631803986796,3.84534557950335,0.0183908522903846,0.892296980434906,0.999998866570966,0.999994427475806,"ya_adult_cogact_freq"
"4330","SRPK3","Inh PVALB CA8 (Chandelier)",-0.201309363957963,4.31852679104072,3.45296049098091,0.0649671704855743,0.999998866570966,0.999994427475806,"ya_adult_cogact_freq"
"4331","IDH3G","Inh PVALB CA8 (Chandelier)",0.131485669461557,3.98937176006909,1.47262412054194,0.226711997384249,0.999998866570966,0.999994427475806,"ya_adult_cogact_freq"
"4332","PDZD4","Inh PVALB CA8 (Chandelier)",0.0225893201742917,5.1328218583475,0.080287409118886,0.777272849803057,0.999998866570966,0.999994427475806,"ya_adult_cogact_freq"
"4333","L1CAM","Inh PVALB CA8 (Chandelier)",-0.0507084414876809,5.60417269070258,0.616767333625976,0.433406971398672,0.999998866570966,0.999994427475806,"ya_adult_cogact_freq"
"4334","HCFC1","Inh PVALB CA8 (Chandelier)",0.100572878527058,4.04657014323098,0.821946297649113,0.365968582908316,0.999998866570966,0.999994427475806,"ya_adult_cogact_freq"
"4335","MECP2","Inh PVALB CA8 (Chandelier)",0.0684498295610096,6.40002282615235,3.20114710590931,0.0783253774019148,0.999998866570966,0.999994427475806,"ya_adult_cogact_freq"
"4336","RPL10","Inh PVALB CA8 (Chandelier)",-0.216212584687484,5.17656580009345,3.71315277181283,0.055748912931505,0.999998866570966,0.999994427475806,"ya_adult_cogact_freq"
"4337","TAZ","Inh PVALB CA8 (Chandelier)",-0.0728497120311535,5.50122161665828,0.903053635455106,0.343390661231218,0.999998866570966,0.999994427475806,"ya_adult_cogact_freq"
"4338","ATP6AP1","Inh PVALB CA8 (Chandelier)",-0.239128456716377,5.12247451263024,6.28428749653851,0.0131747688946203,0.999998866570966,0.999994427475806,"ya_adult_cogact_freq"
"4339","GDI1","Inh PVALB CA8 (Chandelier)",0.0306505566938399,6.36638105342143,0.276813242055644,0.599522633067294,0.999998866570966,0.999994427475806,"ya_adult_cogact_freq"
"4340","FAM50A","Inh PVALB CA8 (Chandelier)",0.115369142019074,4.22031918263863,1.38733051325565,0.240597073333108,0.999998866570966,0.999994427475806,"ya_adult_cogact_freq"
"4341","LAGE3","Inh PVALB CA8 (Chandelier)",-0.193193704569766,3.67726156155512,1.65172191588816,0.200573161167118,0.999998866570966,0.999994427475806,"ya_adult_cogact_freq"
"4342","FAM3A","Inh PVALB CA8 (Chandelier)",-0.198838471120057,4.0501884880854,3.5248237915898,0.062267702002979,0.999998866570966,0.999994427475806,"ya_adult_cogact_freq"
"4343","MPP1","Inh PVALB CA8 (Chandelier)",0.000143135830050366,4.48333067432566,1.27985563994015e-06,0.999098750351086,0.999998866570966,0.999994427475806,"ya_adult_cogact_freq"
"4344","BRCC3","Inh PVALB CA8 (Chandelier)",0.115591768234953,5.3346483197201,4.33243667458778,0.0389776451371033,0.999998866570966,0.999994427475806,"ya_adult_cogact_freq"
"4345","VBP1","Inh PVALB CA8 (Chandelier)",-0.0510990843785287,4.28104257395043,0.271362883904322,0.603135770611102,0.999998866570966,0.999994427475806,"ya_adult_cogact_freq"
"4346","RAB39B","Inh PVALB CA8 (Chandelier)",0.0714859619028376,4.07928596832046,0.457834748091263,0.499610022271365,0.999998866570966,0.999994427475806,"ya_adult_cogact_freq"
"4347","TMLHE-AS1","Inh PVALB CA8 (Chandelier)",0.16244332672607,4.03549298714487,1.6406576921111,0.202079967822095,0.999998866570966,0.999994427475806,"ya_adult_cogact_freq"
"4348","TMLHE","Inh PVALB CA8 (Chandelier)",0.0249097241550311,5.26486257550641,0.14987213636682,0.69916958072482,0.999998866570966,0.999994427475806,"ya_adult_cogact_freq"
"4349","VAMP7","Inh PVALB CA8 (Chandelier)",-0.120393269484501,4.05975377344711,1.26566449439802,0.262258427471006,0.999998866570966,0.999994427475806,"ya_adult_cogact_freq"
"4350","ZNF596","Inh PVALB CA8 (Chandelier)",-0.0570774076093779,4.2521095180051,0.32765847927784,0.567840748660552,0.999998866570966,0.999994427475806,"ya_adult_cogact_freq"
"4351","FBXO25","Inh PVALB CA8 (Chandelier)",-0.0128023209589205,5.20015098141739,0.0413765753123357,0.942002317602132,0.999998866570966,0.999994427475806,"ya_adult_cogact_freq"
"4352","TDRP","Inh PVALB CA8 (Chandelier)",-0.00621229195114515,6.23597570711269,0.0180427620049739,0.893314904525122,0.999998866570966,0.999994427475806,"ya_adult_cogact_freq"
"4353","ERICH1","Inh PVALB CA8 (Chandelier)",0.0475506114447812,5.55544748694031,0.476017576698287,0.491226509142967,0.999998866570966,0.999994427475806,"ya_adult_cogact_freq"
"4354","DLGAP2","Inh PVALB CA8 (Chandelier)",0.0137314992977453,11.649767557261,0.183904110191997,0.6686134365216,0.999998866570966,0.999994427475806,"ya_adult_cogact_freq"
"4355","KBTBD11","Inh PVALB CA8 (Chandelier)",-0.163706044260749,4.63158241556535,3.15255889446675,0.0776999396589566,0.999998866570966,0.999994427475806,"ya_adult_cogact_freq"
"4356","AC246817.2","Inh PVALB CA8 (Chandelier)",0.215256980867851,3.93481508230806,2.36325657851656,0.126188459919863,0.999998866570966,0.999994427475806,"ya_adult_cogact_freq"
"4357","CSMD1","Inh PVALB CA8 (Chandelier)",0.0400042941362911,11.325941440485,1.33139490892413,0.250269693341278,0.999998866570966,0.999994427475806,"ya_adult_cogact_freq"
"4358","MCPH1","Inh PVALB CA8 (Chandelier)",-0.00676373475352645,7.04231252125914,0.0233462941949964,0.878751591267705,0.999998866570966,0.999994427475806,"ya_adult_cogact_freq"
"4359","ANGPT2","Inh PVALB CA8 (Chandelier)",-0.0725161849574069,4.48448442848925,0.48146040288724,0.488762943259676,0.999998866570966,0.999994427475806,"ya_adult_cogact_freq"
"4360","MCPH1-AS1","Inh PVALB CA8 (Chandelier)",-0.00486569957864939,5.74684004855236,0.00728994995365934,0.932064574119351,0.999998866570966,0.999994427475806,"ya_adult_cogact_freq"
"4361","AGPAT5","Inh PVALB CA8 (Chandelier)",0.0251620320970949,6.38540986652532,0.299678663290767,0.584843111171993,0.999998866570966,0.999994427475806,"ya_adult_cogact_freq"
"4362","FAM66B","Inh PVALB CA8 (Chandelier)",-0.031608335306814,4.08306045514659,0.0915764950984711,0.7625736421641,0.999998866570966,0.999994427475806,"ya_adult_cogact_freq"
"4363","FAM85B","Inh PVALB CA8 (Chandelier)",0.0612142849259368,7.3506698534142,0.952442378467389,0.330564616475095,0.999998866570966,0.999994427475806,"ya_adult_cogact_freq"
"4364","PRAG1","Inh PVALB CA8 (Chandelier)",0.141167256879749,4.09964541698212,0.99406961141221,0.320248071849463,0.999998866570966,0.999994427475806,"ya_adult_cogact_freq"
"4365","MFHAS1","Inh PVALB CA8 (Chandelier)",0.00226828538450379,6.42671088098024,0.00272067006331024,0.958465926130179,0.999998866570966,0.999994427475806,"ya_adult_cogact_freq"
"4366","ERI1","Inh PVALB CA8 (Chandelier)",0.0785835912075056,4.45996080333509,0.661975892436409,0.41706664757483,0.999998866570966,0.999994427475806,"ya_adult_cogact_freq"
"4367","TNKS","Inh PVALB CA8 (Chandelier)",0.0354750949864096,8.45751100124437,1.34880491671919,0.24720860847882,0.999998866570966,0.999994427475806,"ya_adult_cogact_freq"
"4368","LINC00599","Inh PVALB CA8 (Chandelier)",-0.00836948192023896,7.95133607267265,0.0495224735723553,0.824178770362344,0.999998866570966,0.999994427475806,"ya_adult_cogact_freq"
"4369","MSRA","Inh PVALB CA8 (Chandelier)",-0.0141722175258227,8.45317193388582,0.111083065334282,0.739348712174896,0.999998866570966,0.999994427475806,"ya_adult_cogact_freq"
"4370","AC104964.1","Inh PVALB CA8 (Chandelier)",0.0451431038242095,4.68795834625941,0.257661449525867,0.612427013024509,0.999998866570966,0.999994427475806,"ya_adult_cogact_freq"
"4371","PINX1","Inh PVALB CA8 (Chandelier)",0.0579717834548317,4.65234972007509,0.412297107221522,0.521720432078673,0.999998866570966,0.999994427475806,"ya_adult_cogact_freq"
"4372","XKR6","Inh PVALB CA8 (Chandelier)",0.0223344770543283,9.62991915215586,0.546585236065494,0.460794451356143,0.999998866570966,0.999994427475806,"ya_adult_cogact_freq"
"4373","MTMR9","Inh PVALB CA8 (Chandelier)",-0.0229558789022899,5.7255671854607,0.2027192100699,0.653141439651471,0.999998866570966,0.999994427475806,"ya_adult_cogact_freq"
"4374","FDFT1","Inh PVALB CA8 (Chandelier)",-0.0727218888032715,4.90889889877247,0.648261758999158,0.421924017716482,0.999998866570966,0.999994427475806,"ya_adult_cogact_freq"
"4375","CTSB","Inh PVALB CA8 (Chandelier)",-0.0619383894565604,5.81358632273743,0.989362617386792,0.321392959710694,0.999998866570966,0.999994427475806,"ya_adult_cogact_freq"
"4376","FAM66D","Inh PVALB CA8 (Chandelier)",0.0948034517792426,6.91587122491164,1.8735727574885,0.172975992431136,0.999998866570966,0.999994427475806,"ya_adult_cogact_freq"
"4377","FAM66A","Inh PVALB CA8 (Chandelier)",-0.0648786673914139,4.57251654191338,0.273261326725495,0.601872052372649,0.999998866570966,0.999994427475806,"ya_adult_cogact_freq"
"4378","LONRF1","Inh PVALB CA8 (Chandelier)",-0.0650729817634185,5.47846524804156,0.468323857575196,0.494744619038588,0.999998866570966,0.999994427475806,"ya_adult_cogact_freq"
"4379","TRMT9B","Inh PVALB CA8 (Chandelier)",0.0412264892502857,8.3591227675527,1.30992875902943,0.254108699270843,0.999998866570966,0.999994427475806,"ya_adult_cogact_freq"
"4380","DLC1","Inh PVALB CA8 (Chandelier)",0.0572383791558167,7.96267185074156,2.63418733649775,0.106544860790362,0.999998866570966,0.999994427475806,"ya_adult_cogact_freq"
"4381","SGCZ","Inh PVALB CA8 (Chandelier)",0.164095096889139,7.4909917541908,2.14537331695261,0.144953077251866,0.999998866570966,0.999994427475806,"ya_adult_cogact_freq"
"4382","TUSC3","Inh PVALB CA8 (Chandelier)",-0.0496815854444739,7.10818616218212,1.3991097351878,0.238619012273591,0.999998866570966,0.999994427475806,"ya_adult_cogact_freq"
"4383","MICU3","Inh PVALB CA8 (Chandelier)",0.0480815747989591,7.85930692043487,2.36489758757873,0.126057924003008,0.999998866570966,0.999994427475806,"ya_adult_cogact_freq"
"4384","ZDHHC2","Inh PVALB CA8 (Chandelier)",0.0718920810951513,4.88431594957654,0.750646954238596,0.387562689315141,0.999998866570966,0.999994427475806,"ya_adult_cogact_freq"
"4385","CNOT7","Inh PVALB CA8 (Chandelier)",-0.00253210583234217,5.29505163883864,0.0017914946632482,0.966291299946436,0.999998866570966,0.999994427475806,"ya_adult_cogact_freq"
"4386","VPS37A","Inh PVALB CA8 (Chandelier)",0.047915992692128,5.47937628585858,0.621505640085054,0.431649267733824,0.999998866570966,0.999994427475806,"ya_adult_cogact_freq"
"4387","MTMR7","Inh PVALB CA8 (Chandelier)",0.0348156412142848,7.53133470605444,0.982247784422693,0.323133830614072,0.999998866570966,0.999994427475806,"ya_adult_cogact_freq"
"4388","SLC7A2","Inh PVALB CA8 (Chandelier)",0.0553807797409859,7.02535953577761,1.15299464163184,0.284532197826027,0.999998866570966,0.999994427475806,"ya_adult_cogact_freq"
"4389","PDGFRL","Inh PVALB CA8 (Chandelier)",0.0239523554938698,4.60245291110418,0.0552855817661523,0.814407948411009,0.999998866570966,0.999994427475806,"ya_adult_cogact_freq"
"4390","MTUS1","Inh PVALB CA8 (Chandelier)",0.00353985819920718,8.01803361385794,0.0118876800042699,0.913314160464502,0.999998866570966,0.999994427475806,"ya_adult_cogact_freq"
"4391","AC027117.2","Inh PVALB CA8 (Chandelier)",0.0231396727193373,4.58520125064947,0.0562342600728071,0.812851927707124,0.999998866570966,0.999994427475806,"ya_adult_cogact_freq"
"4392","PCM1","Inh PVALB CA8 (Chandelier)",0.0126968847877808,8.2676983411668,0.197964551080525,0.656967307374587,0.999998866570966,0.999994427475806,"ya_adult_cogact_freq"
"4393","ASAH1","Inh PVALB CA8 (Chandelier)",-0.00589813748779186,5.83601343403611,0.0115369087716953,0.914597645894021,0.999998866570966,0.999994427475806,"ya_adult_cogact_freq"
"4394","PSD3","Inh PVALB CA8 (Chandelier)",0.0202623882100217,6.3731319804399,0.12068396514808,0.728748232596385,0.999998866570966,0.999994427475806,"ya_adult_cogact_freq"
"4395","INTS10","Inh PVALB CA8 (Chandelier)",-0.0534230762416764,5.97179990103388,1.54493679771283,0.367579100436966,0.999998866570966,0.999994427475806,"ya_adult_cogact_freq"
"4396","ATP6V1B2","Inh PVALB CA8 (Chandelier)",-0.0434092828705779,6.24663239692912,0.615028024985204,0.434054922133392,0.999998866570966,0.999994427475806,"ya_adult_cogact_freq"
"4397","GFRA2","Inh PVALB CA8 (Chandelier)",-0.0591347381365263,4.62747087778363,0.437141595342497,0.509451739054525,0.999998866570966,0.999994427475806,"ya_adult_cogact_freq"
"4398","XPO7","Inh PVALB CA8 (Chandelier)",0.0426393287302269,6.57212211983458,1.01526378535145,0.315159243551157,0.999998866570966,0.999994427475806,"ya_adult_cogact_freq"
"4399","NPM2","Inh PVALB CA8 (Chandelier)",-0.0496280897731199,5.81496745965313,0.903278524723755,0.343330746729831,0.999998866570966,0.999994427475806,"ya_adult_cogact_freq"
"4400","FGF17","Inh PVALB CA8 (Chandelier)",-0.107754692766615,5.32305382983252,2.42293168941032,0.121537385716954,0.999998866570966,0.999994427475806,"ya_adult_cogact_freq"
"4401","DMTN","Inh PVALB CA8 (Chandelier)",-0.0163325578703727,6.06572530258731,0.0881706010107692,0.766899168196539,0.999998866570966,0.999994427475806,"ya_adult_cogact_freq"
"4402","FAM160B2","Inh PVALB CA8 (Chandelier)",0.0909113827330219,4.56442228792341,1.22229359764325,0.27056275873476,0.999998866570966,0.999994427475806,"ya_adult_cogact_freq"
"4403","LGI3","Inh PVALB CA8 (Chandelier)",-0.0707889985128176,5.4379947533718,0.969063477201283,0.326393054125168,0.999998866570966,0.999994427475806,"ya_adult_cogact_freq"
"4404","BMP1","Inh PVALB CA8 (Chandelier)",0.0618611408449585,4.06622566479287,0.342272319648341,0.55934075501912,0.999998866570966,0.999994427475806,"ya_adult_cogact_freq"
"4405","PHYHIP","Inh PVALB CA8 (Chandelier)",0.0474135041323903,5.75138865596025,0.435232231087226,0.510376672849134,0.999998866570966,0.999994427475806,"ya_adult_cogact_freq"
"4406","SLC39A14","Inh PVALB CA8 (Chandelier)",-0.0284195436219483,5.71666099506325,0.276435196232059,0.644695089882013,0.999998866570966,0.999994427475806,"ya_adult_cogact_freq"
"4407","PPP3CC","Inh PVALB CA8 (Chandelier)",-0.0261957690703822,7.08338560180582,0.600090510236696,0.43968132794678,0.999998866570966,0.999994427475806,"ya_adult_cogact_freq"
"4408","SORBS3","Inh PVALB CA8 (Chandelier)",0.0182402281869999,4.25378056029167,0.0443699467291508,0.833433580108563,0.999998866570966,0.999994427475806,"ya_adult_cogact_freq"
"4409","CCAR2","Inh PVALB CA8 (Chandelier)",0.0167514821623484,4.1852515667507,0.0275786081849288,0.868312039029142,0.999998866570966,0.999994427475806,"ya_adult_cogact_freq"
"4410","BIN3","Inh PVALB CA8 (Chandelier)",-0.0325717763373707,5.06932709577473,0.222680555092103,0.735132027377292,0.999998866570966,0.999994427475806,"ya_adult_cogact_freq"
"4411","EGR3","Inh PVALB CA8 (Chandelier)",-0.201211266010738,2.86858942423198,0.450069510725422,0.503264640683728,0.999998866570966,0.999994427475806,"ya_adult_cogact_freq"
"4412","PEBP4","Inh PVALB CA8 (Chandelier)",-0.0777246375116833,4.38845247759843,0.328726374187478,0.567211151365172,0.999998866570966,0.999994427475806,"ya_adult_cogact_freq"
"4413","RHOBTB2","Inh PVALB CA8 (Chandelier)",0.0197664605714511,5.59308337270689,0.101610731627554,0.750318954905266,0.999998866570966,0.999994427475806,"ya_adult_cogact_freq"
"4414","CHMP7","Inh PVALB CA8 (Chandelier)",-0.100373937074721,4.44911469176142,1.75809347178149,0.186743345644465,0.999998866570966,0.999994427475806,"ya_adult_cogact_freq"
"4415","ENTPD4","Inh PVALB CA8 (Chandelier)",-0.0333836656468302,5.64498659816879,0.42140769934756,0.517161791851538,0.999998866570966,0.999994427475806,"ya_adult_cogact_freq"
"4416","SLC25A37","Inh PVALB CA8 (Chandelier)",-0.125538195666457,5.69923883001807,3.05196452516414,0.0825492172657855,0.999998866570966,0.999994427475806,"ya_adult_cogact_freq"
"4417","AC120193.1","Inh PVALB CA8 (Chandelier)",0.134245517246967,6.93624787423052,1.65264320252245,0.200448295123619,0.999998866570966,0.999994427475806,"ya_adult_cogact_freq"
"4418","NEFM","Inh PVALB CA8 (Chandelier)",-0.0827675737207512,5.01335456008157,1.07526566717584,0.301316254553823,0.999998866570966,0.999994427475806,"ya_adult_cogact_freq"
"4419","NEFL","Inh PVALB CA8 (Chandelier)",0.0105215909214814,5.88635917158497,0.0150706451927739,0.902448458600971,0.999998866570966,0.999994427475806,"ya_adult_cogact_freq"
"4420","KCTD9","Inh PVALB CA8 (Chandelier)",0.083039293265172,4.51876826954431,1.31744857907682,0.298602549816911,0.999998866570966,0.999994427475806,"ya_adult_cogact_freq"
"4421","PPP2R2A","Inh PVALB CA8 (Chandelier)",0.0206801143869483,6.03505494870141,0.240867131070318,0.760283355086182,0.999998866570966,0.999994427475806,"ya_adult_cogact_freq"
"4422","BNIP3L","Inh PVALB CA8 (Chandelier)",0.036772788626239,6.96115102509942,0.390203200972873,0.53307814704759,0.999998866570966,0.999994427475806,"ya_adult_cogact_freq"
"4423","PNMA2","Inh PVALB CA8 (Chandelier)",0.011607143057946,7.21917656886379,0.0413969136493733,0.839031003799338,0.999998866570966,0.999994427475806,"ya_adult_cogact_freq"
"4424","DPYSL2","Inh PVALB CA8 (Chandelier)",0.00858674270012686,7.63094397999264,0.0504322026575242,0.822598080621844,0.999998866570966,0.999994427475806,"ya_adult_cogact_freq"
"4425","ADRA1A","Inh PVALB CA8 (Chandelier)",-0.0358415231252235,5.77366149172409,0.131506302624181,0.717351642468752,0.999998866570966,0.999994427475806,"ya_adult_cogact_freq"
"4426","STMN4","Inh PVALB CA8 (Chandelier)",-0.0544605307272931,6.76980610341315,0.748903682908926,0.388113104895895,0.999998866570966,0.999994427475806,"ya_adult_cogact_freq"
"4427","PTK2B","Inh PVALB CA8 (Chandelier)",0.146285111217513,4.52726820564191,2.27748437088657,0.133227453616442,0.999998866570966,0.999994427475806,"ya_adult_cogact_freq"
"4428","EPHX2","Inh PVALB CA8 (Chandelier)",-0.0853827947233639,4.74363834866203,1.21500143377763,0.271991275535591,0.999998866570966,0.999994427475806,"ya_adult_cogact_freq"
"4429","CLU","Inh PVALB CA8 (Chandelier)",0.0458801350121409,6.77463420138178,0.344758904852354,0.557918791881639,0.999998866570966,0.999994427475806,"ya_adult_cogact_freq"
"4430","CCDC25","Inh PVALB CA8 (Chandelier)",-0.0199235887978645,4.90496126451382,0.0766364481822689,0.782264036553967,0.999998866570966,0.999994427475806,"ya_adult_cogact_freq"
"4431","ELP3","Inh PVALB CA8 (Chandelier)",-0.0338706400437078,5.56442023127493,0.382250992200233,0.695954856905792,0.999998866570966,0.999994427475806,"ya_adult_cogact_freq"
"4432","FBXO16","Inh PVALB CA8 (Chandelier)",0.070118283001236,6.64470977225265,1.84517291135076,0.176248950762475,0.999998866570966,0.999994427475806,"ya_adult_cogact_freq"
"4433","FZD3","Inh PVALB CA8 (Chandelier)",0.0420019364569417,6.48943076770465,0.846845133231338,0.35882514771458,0.999998866570966,0.999994427475806,"ya_adult_cogact_freq"
"4434","EXTL3","Inh PVALB CA8 (Chandelier)",0.0310197484554366,5.93054590476548,0.340434648872697,0.560396100813046,0.999998866570966,0.999994427475806,"ya_adult_cogact_freq"
"4435","INTS9","Inh PVALB CA8 (Chandelier)",0.0758612494980274,5.03954093248268,1.23497930404975,0.346066844369461,0.999998866570966,0.999994427475806,"ya_adult_cogact_freq"
"4436","HMBOX1","Inh PVALB CA8 (Chandelier)",0.029458362818728,6.52549912699857,0.504318592622979,0.478637538405227,0.999998866570966,0.999994427475806,"ya_adult_cogact_freq"
"4437","KIF13B","Inh PVALB CA8 (Chandelier)",-0.0458824760177434,5.58104712777002,0.502069878757346,0.479618216025575,0.999998866570966,0.999994427475806,"ya_adult_cogact_freq"
"4438","SARAF","Inh PVALB CA8 (Chandelier)",-0.109466181607936,6.79331169105446,3.10046320751069,0.0801713889130965,0.999998866570966,0.999994427475806,"ya_adult_cogact_freq"
"4439","LEPROTL1","Inh PVALB CA8 (Chandelier)",-0.0338104037747746,4.87810140600194,0.233223370602875,0.629800971050033,0.999998866570966,0.999994427475806,"ya_adult_cogact_freq"
"4440","DCTN6","Inh PVALB CA8 (Chandelier)",-0.0583970425291657,4.0970000734434,0.392605352701778,0.531821810655229,0.999998866570966,0.999994427475806,"ya_adult_cogact_freq"
"4441","GTF2E2","Inh PVALB CA8 (Chandelier)",0.00326929673602543,5.24503293465781,0.00270596377123927,0.958578230120761,0.999998866570966,0.999994427475806,"ya_adult_cogact_freq"
"4442","GSR","Inh PVALB CA8 (Chandelier)",0.0309300403145236,5.69425109246218,0.290118186925771,0.590889830993064,0.999998866570966,0.999994427475806,"ya_adult_cogact_freq"
"4443","PPP2CB","Inh PVALB CA8 (Chandelier)",0.0114475946756968,6.66843519474119,0.0561402649340089,0.8130054765514,0.999998866570966,0.999994427475806,"ya_adult_cogact_freq"
"4444","TEX15","Inh PVALB CA8 (Chandelier)",-0.0644759951649622,4.75631049200552,0.272915123841535,0.602102088123163,0.999998866570966,0.999994427475806,"ya_adult_cogact_freq"
"4445","PURG","Inh PVALB CA8 (Chandelier)",0.0397153645510948,6.15598204405457,0.691659120762457,0.406834207765395,0.999998866570966,0.999994427475806,"ya_adult_cogact_freq"
"4446","WRN","Inh PVALB CA8 (Chandelier)",-0.0318224379440734,5.91633601079078,0.29521493904089,0.587650481517751,0.999998866570966,0.999994427475806,"ya_adult_cogact_freq"
"4447","NRG1","Inh PVALB CA8 (Chandelier)",0.274467559916221,4.29648439056492,3.95002424994832,0.0485690693948087,0.999998866570966,0.999994427475806,"ya_adult_cogact_freq"
"4448","FUT10","Inh PVALB CA8 (Chandelier)",0.0775194484408953,5.23501908576382,1.25906385892523,0.263501459457123,0.999998866570966,0.999994427475806,"ya_adult_cogact_freq"
"4449","TTI2","Inh PVALB CA8 (Chandelier)",-0.0290495590445896,4.37686574432079,0.118490003219032,0.933806217303051,0.999998866570966,0.999994427475806,"ya_adult_cogact_freq"
"4450","DUSP26","Inh PVALB CA8 (Chandelier)",-0.159967800402394,4.71789426508461,3.73177474492901,0.0551452830457432,0.999998866570966,0.999994427475806,"ya_adult_cogact_freq"
"4451","AF279873.3","Inh PVALB CA8 (Chandelier)",-0.0956235253538846,4.71102364953732,0.861359295769817,0.354749906823676,0.999998866570966,0.999994427475806,"ya_adult_cogact_freq"
"4452","UNC5D","Inh PVALB CA8 (Chandelier)",0.0217546519697532,10.626025502348,0.410855420926241,0.522448323984189,0.999998866570966,0.999994427475806,"ya_adult_cogact_freq"
"4453","PLPBP","Inh PVALB CA8 (Chandelier)",-0.118142505593768,4.55497523089884,1.91458615638087,0.168372898660036,0.999998866570966,0.999994427475806,"ya_adult_cogact_freq"
"4454","ADGRA2","Inh PVALB CA8 (Chandelier)",-0.0129096792925754,4.40682860307268,0.0227293309700882,0.916770305945916,0.999998866570966,0.999994427475806,"ya_adult_cogact_freq"
"4455","RAB11FIP1","Inh PVALB CA8 (Chandelier)",-0.00957548554105038,4.29159525933959,0.0104644286091658,0.918649380260614,0.999998866570966,0.999994427475806,"ya_adult_cogact_freq"
"4456","ASH2L","Inh PVALB CA8 (Chandelier)",-0.108243979468309,5.02713641239258,2.42965272931661,0.226572185799417,0.999998866570966,0.999994427475806,"ya_adult_cogact_freq"
"4457","LSM1","Inh PVALB CA8 (Chandelier)",-0.20947431599117,3.90871723611368,3.12998465231309,0.0787605542814578,0.999998866570966,0.999994427475806,"ya_adult_cogact_freq"
"4458","BAG4","Inh PVALB CA8 (Chandelier)",0.031420082641839,5.65644705760261,0.303969022609796,0.582170296022027,0.999998866570966,0.999994427475806,"ya_adult_cogact_freq"
"4459","DDHD2","Inh PVALB CA8 (Chandelier)",-0.0204985415602836,6.04083182866287,0.179082195691782,0.906183135943358,0.999998866570966,0.999994427475806,"ya_adult_cogact_freq"
"4460","PLPP5","Inh PVALB CA8 (Chandelier)",-0.074373507971166,5.15989150617074,1.22480302142391,0.270073354521933,0.999998866570966,0.999994427475806,"ya_adult_cogact_freq"
"4461","NSD3","Inh PVALB CA8 (Chandelier)",-0.00134324543184452,8.23802445956107,0.00246319566089441,0.960478374978718,0.999998866570966,0.999994427475806,"ya_adult_cogact_freq"
"4462","LETM2","Inh PVALB CA8 (Chandelier)",-0.120596580284774,4.11723070007642,1.20426220899604,0.274112422686447,0.999998866570966,0.999994427475806,"ya_adult_cogact_freq"
"4463","FGFR1","Inh PVALB CA8 (Chandelier)",-0.0537581889195262,4.34630694490053,0.161914894922797,0.687934118928203,0.999998866570966,0.999994427475806,"ya_adult_cogact_freq"
"4464","TACC1","Inh PVALB CA8 (Chandelier)",0.0155755258823877,6.73650800465008,0.172185962277222,0.678729563366345,0.999998866570966,0.999994427475806,"ya_adult_cogact_freq"
"4465","PLEKHA2","Inh PVALB CA8 (Chandelier)",0.152065619131727,4.04776053186854,2.02795804629095,0.156366053187298,0.999998866570966,0.999994427475806,"ya_adult_cogact_freq"
"4466","ADAM9","Inh PVALB CA8 (Chandelier)",-0.0371152821005684,5.57517497238793,0.371122887704289,0.543252775235744,0.999998866570966,0.999994427475806,"ya_adult_cogact_freq"
"4467","ADAM32","Inh PVALB CA8 (Chandelier)",0.0313243748140901,5.30923353465182,0.0814301321692375,0.775735927324006,0.999998866570966,0.999994427475806,"ya_adult_cogact_freq"
"4468","TCIM","Inh PVALB CA8 (Chandelier)",-0.218902563975706,4.24558721442577,3.15375573382203,0.0776441429330476,0.999998866570966,0.999994427475806,"ya_adult_cogact_freq"
"4469","ZMAT4","Inh PVALB CA8 (Chandelier)",-0.124443574378018,3.64618674232973,0.418242956877161,0.518737328081637,0.999998866570966,0.999994427475806,"ya_adult_cogact_freq"
"4470","GOLGA7","Inh PVALB CA8 (Chandelier)",-0.00745467865057637,4.28863945988674,0.00694479873968395,0.969334255104277,0.999998866570966,0.999994427475806,"ya_adult_cogact_freq"
"4471","AC009630.1","Inh PVALB CA8 (Chandelier)",0.239003525494589,4.3429150450029,5.62559309630454,0.0188833917598548,0.999998866570966,0.999994427475806,"ya_adult_cogact_freq"
"4472","GPAT4","Inh PVALB CA8 (Chandelier)",-0.0774206582081351,5.7413919884588,2.540542401886,0.112920809421482,0.999998866570966,0.999994427475806,"ya_adult_cogact_freq"
"4473","ANK1","Inh PVALB CA8 (Chandelier)",0.0078639310962273,9.30719627139906,0.0831789061896838,0.773406311665222,0.999998866570966,0.999994427475806,"ya_adult_cogact_freq"
"4474","KAT6A","Inh PVALB CA8 (Chandelier)",0.0698483175788408,6.88787718631054,3.15667961048205,0.0775080145771231,0.999998866570966,0.999994427475806,"ya_adult_cogact_freq"
"4475","AP3M2","Inh PVALB CA8 (Chandelier)",0.0422722602589087,5.5303342546538,0.460732611840487,0.498257752180461,0.999998866570966,0.999994427475806,"ya_adult_cogact_freq"
"4476","PLAT","Inh PVALB CA8 (Chandelier)",0.0482069952928311,4.01506306974187,0.222174707705216,0.687500681723897,0.999998866570966,0.999994427475806,"ya_adult_cogact_freq"
"4477","IKBKB","Inh PVALB CA8 (Chandelier)",-0.118111857673679,4.97317516091594,2.60067037463422,0.108779852211023,0.999998866570966,0.999994427475806,"ya_adult_cogact_freq"
"4478","POLB","Inh PVALB CA8 (Chandelier)",0.0572260244660672,5.33513190054064,0.742561855315917,0.390124951431004,0.999998866570966,0.999994427475806,"ya_adult_cogact_freq"
"4479","VDAC3","Inh PVALB CA8 (Chandelier)",-0.111571840208566,6.59962467361865,2.99074215570812,0.0856612540279346,0.999998866570966,0.999994427475806,"ya_adult_cogact_freq"
"4480","SLC20A2","Inh PVALB CA8 (Chandelier)",-0.000824320775447282,7.09157573017461,0.000339890969017761,0.985313788895822,0.999998866570966,0.999994427475806,"ya_adult_cogact_freq"
"4481","SMIM19","Inh PVALB CA8 (Chandelier)",-0.195320034109851,4.49781912213815,5.05298734687134,0.0259433063857649,0.999998866570966,0.999994427475806,"ya_adult_cogact_freq"
"4482","RNF170","Inh PVALB CA8 (Chandelier)",-0.0563346828950695,5.92771302382929,1.36146099186267,0.401585210240579,0.999998866570966,0.999994427475806,"ya_adult_cogact_freq"
"4483","HOOK3","Inh PVALB CA8 (Chandelier)",-0.0740091247018547,6.93254319244995,3.11134160825715,0.0796483357995616,0.999998866570966,0.999994427475806,"ya_adult_cogact_freq"
"4484","FNTA","Inh PVALB CA8 (Chandelier)",-0.152950411474427,4.32119231445557,3.39949139041287,0.0670574071966489,0.999998866570966,0.999994427475806,"ya_adult_cogact_freq"
"4485","HGSNAT","Inh PVALB CA8 (Chandelier)",-0.0144109260274572,6.86223371080504,0.0449861014486623,0.832298257012505,0.999998866570966,0.999994427475806,"ya_adult_cogact_freq"
"4486","SPIDR","Inh PVALB CA8 (Chandelier)",-0.00391042212965074,9.13707071142617,0.016434925538807,0.89815189914139,0.999998866570966,0.999994427475806,"ya_adult_cogact_freq"
"4487","PRKDC","Inh PVALB CA8 (Chandelier)",0.0207831747604056,6.75168482628162,0.338287783849008,0.572124055789939,0.999998866570966,0.999994427475806,"ya_adult_cogact_freq"
"4488","UBE2V2","Inh PVALB CA8 (Chandelier)",0.00908821692388306,5.58761134552354,0.0272859061054171,0.88245594895119,0.999998866570966,0.999994427475806,"ya_adult_cogact_freq"
"4489","SNTG1","Inh PVALB CA8 (Chandelier)",0.0545046488994485,10.9499353607765,1.35876738724015,0.245477726027783,0.999998866570966,0.999994427475806,"ya_adult_cogact_freq"
"4490","PXDNL","Inh PVALB CA8 (Chandelier)",0.0636981347933446,5.9068208116765,0.73069561690019,0.393929867692077,0.999998866570966,0.999994427475806,"ya_adult_cogact_freq"
"4491","PCMTD1","Inh PVALB CA8 (Chandelier)",-0.022088250447899,7.51140791847919,0.513290022720245,0.47475755488834,0.999998866570966,0.999994427475806,"ya_adult_cogact_freq"
"4492","AC064807.1","Inh PVALB CA8 (Chandelier)",0.089328741550402,4.32778042948967,0.833644616112488,0.362587981826141,0.999998866570966,0.999994427475806,"ya_adult_cogact_freq"
"4493","ST18","Inh PVALB CA8 (Chandelier)",0.237887391672988,3.5250832743928,1.68755545893083,0.195783542110714,0.999998866570966,0.999994427475806,"ya_adult_cogact_freq"
"4494","RB1CC1","Inh PVALB CA8 (Chandelier)",-0.0138906310407327,7.21251673422458,0.162525230529816,0.738423493123335,0.999998866570966,0.999994427475806,"ya_adult_cogact_freq"
"4495","ATP6V1H","Inh PVALB CA8 (Chandelier)",-0.0135227914276646,6.67317452905889,0.118009402351249,0.731652405017131,0.999998866570966,0.999994427475806,"ya_adult_cogact_freq"
"4496","RGS20","Inh PVALB CA8 (Chandelier)",-0.119575809039824,5.73851108218787,1.94081712329458,0.16550314690221,0.999998866570966,0.999994427475806,"ya_adult_cogact_freq"
"4497","TCEA1","Inh PVALB CA8 (Chandelier)",0.0913036161863121,4.99680946151623,1.76374780401517,0.186040142225779,0.999998866570966,0.999994427475806,"ya_adult_cogact_freq"
"4498","LYPLA1","Inh PVALB CA8 (Chandelier)",-0.0600085832796293,6.0720007273658,1.92678299186546,0.167031440165652,0.999998866570966,0.999994427475806,"ya_adult_cogact_freq"
"4499","MRPL15","Inh PVALB CA8 (Chandelier)",-0.0380382626779195,4.40817083059008,0.191328634116647,0.662400137592737,0.999998866570966,0.999994427475806,"ya_adult_cogact_freq"
"4500","XKR4","Inh PVALB CA8 (Chandelier)",0.048278485854794,9.87301781358473,2.33974232572928,0.128075681940821,0.999998866570966,0.999994427475806,"ya_adult_cogact_freq"
"4501","TMEM68","Inh PVALB CA8 (Chandelier)",0.0932404492216686,4.562480304517,1.31073754901729,0.253962738888172,0.999998866570966,0.999994427475806,"ya_adult_cogact_freq"
"4502","TGS1","Inh PVALB CA8 (Chandelier)",-0.0138899470333427,5.12869690013406,0.0528792504728131,0.818419155213134,0.999998866570966,0.999994427475806,"ya_adult_cogact_freq"
"4503","RPS20","Inh PVALB CA8 (Chandelier)",-0.103074734100409,4.60742227125507,1.60677442732359,0.206778729647301,0.999998866570966,0.999994427475806,"ya_adult_cogact_freq"
"4504","PLAG1","Inh PVALB CA8 (Chandelier)",-0.122250188933113,4.18237940260555,1.5960393379377,0.208294447714415,0.999998866570966,0.999994427475806,"ya_adult_cogact_freq"
"4505","IMPAD1","Inh PVALB CA8 (Chandelier)",-0.00934438449712425,4.88828018811772,0.0170060086909968,0.896407392316981,0.999998866570966,0.999994427475806,"ya_adult_cogact_freq"
"4506","FAM110B","Inh PVALB CA8 (Chandelier)",0.0358980689489457,8.47729713196698,1.17140271543822,0.280733927170632,0.999998866570966,0.999994427475806,"ya_adult_cogact_freq"
"4507","AC027698.1","Inh PVALB CA8 (Chandelier)",-0.354256245100623,3.53902062299152,4.24625534500557,0.0409481492493173,0.999998866570966,0.999994427475806,"ya_adult_cogact_freq"
"4508","UBXN2B","Inh PVALB CA8 (Chandelier)",0.00684437064772294,6.12349916446684,0.020090237755448,0.995701078602393,0.999998866570966,0.999994427475806,"ya_adult_cogact_freq"
"4509","SDCBP","Inh PVALB CA8 (Chandelier)",-0.0267786735466581,5.52564235454486,0.191112449052853,0.662579007250923,0.999998866570966,0.999994427475806,"ya_adult_cogact_freq"
"4510","NSMAF","Inh PVALB CA8 (Chandelier)",-0.0215063829932509,7.35076296311024,0.408349194354701,0.622491249260287,0.999998866570966,0.999994427475806,"ya_adult_cogact_freq"
"4511","TOX","Inh PVALB CA8 (Chandelier)",0.0743610087023033,9.76963936051118,3.61889417630458,0.0589148764995096,0.999998866570966,0.999994427475806,"ya_adult_cogact_freq"
"4512","CA8","Inh PVALB CA8 (Chandelier)",0.0179326406042324,9.26120699635833,0.201995456570394,0.653720307268698,0.999998866570966,0.999994427475806,"ya_adult_cogact_freq"
"4513","RAB2A","Inh PVALB CA8 (Chandelier)",-0.0182633189316938,7.01010776921681,0.309942768575279,0.877275439029429,0.999998866570966,0.999994427475806,"ya_adult_cogact_freq"
"4514","CHD7","Inh PVALB CA8 (Chandelier)",0.0147325054563989,4.23442492436065,0.0136236387528168,0.907227351757894,0.999998866570966,0.999994427475806,"ya_adult_cogact_freq"
"4515","CLVS1","Inh PVALB CA8 (Chandelier)",0.0501129523292668,6.61571035437297,1.03978281717833,0.309404040360432,0.999998866570966,0.999994427475806,"ya_adult_cogact_freq"
"4516","ASPH","Inh PVALB CA8 (Chandelier)",0.0531083114154341,6.84524413757116,1.48198635446665,0.225247911839695,0.999998866570966,0.999994427475806,"ya_adult_cogact_freq"
"4517","NKAIN3","Inh PVALB CA8 (Chandelier)",0.100913119744574,5.14926487900636,1.19836066009898,0.275286956215182,0.999998866570966,0.999994427475806,"ya_adult_cogact_freq"
"4518","YTHDF3","Inh PVALB CA8 (Chandelier)",0.0582347944101707,5.58882003293147,1.18616424936926,0.277734544547116,0.999998866570966,0.999994427475806,"ya_adult_cogact_freq"
"4519","AC022639.1","Inh PVALB CA8 (Chandelier)",0.0844937358465388,7.05540060032443,1.3496007737916,0.247069784888585,0.999998866570966,0.999994427475806,"ya_adult_cogact_freq"
"4520","MIR124-2HG","Inh PVALB CA8 (Chandelier)",-0.00757179487040771,7.64646157144971,0.0414818926477412,0.838868154319622,0.999998866570966,0.999994427475806,"ya_adult_cogact_freq"
"4521","CYP7B1","Inh PVALB CA8 (Chandelier)",-0.0661514172019304,4.95286983373799,0.516055077599583,0.473572063918101,0.999998866570966,0.999994427475806,"ya_adult_cogact_freq"
"4522","ARMC1","Inh PVALB CA8 (Chandelier)",0.051921948567847,5.06568213016653,0.575629198429068,0.449141545848543,0.999998866570966,0.999994427475806,"ya_adult_cogact_freq"
"4523","MTFR1","Inh PVALB CA8 (Chandelier)",0.0437914047587227,4.82202776823865,0.246413672489976,0.620289761637356,0.999998866570966,0.999994427475806,"ya_adult_cogact_freq"
"4524","PDE7A","Inh PVALB CA8 (Chandelier)",0.0566122059645542,6.56602365304515,1.74564334346983,0.188302721783907,0.999998866570966,0.999994427475806,"ya_adult_cogact_freq"
"4525","CRH","Inh PVALB CA8 (Chandelier)",-0.0518667788127249,5.73724026084607,0.162125315914609,0.687742183073295,0.999998866570966,0.999994427475806,"ya_adult_cogact_freq"
"4526","ADHFE1","Inh PVALB CA8 (Chandelier)",-0.186465326117178,4.36768484487086,2.95374425752089,0.0876038534674301,0.999998866570966,0.999994427475806,"ya_adult_cogact_freq"
"4527","VXN","Inh PVALB CA8 (Chandelier)",0.157925291333082,4.42624734429353,3.24201601969197,0.073646881757565,0.999998866570966,0.999994427475806,"ya_adult_cogact_freq"
"4528","VCPIP1","Inh PVALB CA8 (Chandelier)",0.0214500396924384,4.72409187481351,0.0836749430587293,0.772750359489982,0.999998866570966,0.999994427475806,"ya_adult_cogact_freq"
"4529","SGK3","Inh PVALB CA8 (Chandelier)",0.0856867274563108,5.30395123167868,1.52019654340641,0.219389621531217,0.999998866570966,0.999994427475806,"ya_adult_cogact_freq"
"4530","MCMDC2","Inh PVALB CA8 (Chandelier)",-0.0801365783758127,3.50097971667629,0.212639108343116,0.645329965126651,0.999998866570966,0.999994427475806,"ya_adult_cogact_freq"
"4531","CSPP1","Inh PVALB CA8 (Chandelier)",-0.023255704377628,7.15076882152358,0.347020006371486,0.556631752317028,0.999998866570966,0.999994427475806,"ya_adult_cogact_freq"
"4532","ARFGEF1","Inh PVALB CA8 (Chandelier)",-0.00709085877445883,7.62839522432729,0.054604331678912,0.915975542010353,0.999998866570966,0.999994427475806,"ya_adult_cogact_freq"
"4533","PREX2","Inh PVALB CA8 (Chandelier)",-0.0363888430899046,6.8334310585283,0.374803644673968,0.541262362183268,0.999998866570966,0.999994427475806,"ya_adult_cogact_freq"
"4534","C8orf34","Inh PVALB CA8 (Chandelier)",0.0438921604575777,7.36857469524291,0.532969929556687,0.466423364851425,0.999998866570966,0.999994427475806,"ya_adult_cogact_freq"
"4535","SULF1","Inh PVALB CA8 (Chandelier)",0.128210017714284,5.86320532517977,0.746584328693421,0.388847151759997,0.999998866570966,0.999994427475806,"ya_adult_cogact_freq"
"4536","SLCO5A1","Inh PVALB CA8 (Chandelier)",-0.0745850377854391,4.29501111485217,0.367247728244278,0.54536300753403,0.999998866570966,0.999994427475806,"ya_adult_cogact_freq"
"4537","NCOA2","Inh PVALB CA8 (Chandelier)",-0.0149111032561261,8.14239607219767,0.225074782859911,0.635843867510255,0.999998866570966,0.999994427475806,"ya_adult_cogact_freq"
"4538","TRAM1","Inh PVALB CA8 (Chandelier)",0.0161877190101645,4.98485173131425,0.0564797816754907,0.812451486334836,0.999998866570966,0.999994427475806,"ya_adult_cogact_freq"
"4539","EYA1","Inh PVALB CA8 (Chandelier)",0.21585697333151,4.72303431018834,1.50344735392278,0.221934671592714,0.999998866570966,0.999994427475806,"ya_adult_cogact_freq"
"4540","KCNB2","Inh PVALB CA8 (Chandelier)",0.265440968505206,5.61506246273118,5.53570639019994,0.0198427151721208,0.999998866570966,0.999994427475806,"ya_adult_cogact_freq"
"4541","TERF1","Inh PVALB CA8 (Chandelier)",-0.000995681835479361,5.9554234079529,0.000411506510989828,0.983840679535073,0.999998866570966,0.999994427475806,"ya_adult_cogact_freq"
"4542","AC022893.1","Inh PVALB CA8 (Chandelier)",0.0516403918217846,4.56927956279288,0.299819908173377,0.584754722881122,0.999998866570966,0.999994427475806,"ya_adult_cogact_freq"
"4543","RPL7","Inh PVALB CA8 (Chandelier)",-0.0368691280439691,4.35239022474923,0.0873472764297177,0.767958401103353,0.999998866570966,0.999994427475806,"ya_adult_cogact_freq"
"4544","STAU2","Inh PVALB CA8 (Chandelier)",0.0217338517919497,7.74589417813942,0.388960776767762,0.533730053781956,0.999998866570966,0.999994427475806,"ya_adult_cogact_freq"
"4545","AC027018.1","Inh PVALB CA8 (Chandelier)",-0.275907132297336,3.93535841655859,3.37707736774806,0.0679551031500342,0.999998866570966,0.999994427475806,"ya_adult_cogact_freq"
"4546","ELOC","Inh PVALB CA8 (Chandelier)",-0.0537478159293836,4.78768212269124,0.397473344135382,0.52929217694094,0.999998866570966,0.999994427475806,"ya_adult_cogact_freq"
"4547","TMEM70","Inh PVALB CA8 (Chandelier)",0.0440399615298397,3.96011216792805,0.129963995078611,0.71894259720701,0.999998866570966,0.999994427475806,"ya_adult_cogact_freq"
"4548","JPH1","Inh PVALB CA8 (Chandelier)",0.0901905560458725,5.71719310944833,1.30988962272798,0.254115764742381,0.999998866570966,0.999994427475806,"ya_adult_cogact_freq"
"4549","GDAP1","Inh PVALB CA8 (Chandelier)",0.0503816768960251,8.21986621697194,1.09702934734904,0.296491099359655,0.999998866570966,0.999994427475806,"ya_adult_cogact_freq"
"4550","MIR2052HG","Inh PVALB CA8 (Chandelier)",0.0711659907843679,6.33152706076591,0.471221816593693,0.493414504647427,0.999998866570966,0.999994427475806,"ya_adult_cogact_freq"
"4551","PKIA","Inh PVALB CA8 (Chandelier)",0.114478052713249,6.52095959811803,5.32856494124344,0.0222525830920128,0.999998866570966,0.999994427475806,"ya_adult_cogact_freq"
"4552","ZC2HC1A","Inh PVALB CA8 (Chandelier)",0.0260619774195895,6.02424545268624,0.335089690851559,0.563487498528854,0.999998866570966,0.999994427475806,"ya_adult_cogact_freq"
"4553","STMN2","Inh PVALB CA8 (Chandelier)",0.00840425051629257,7.79303685132986,0.0277858795176187,0.86782268170831,0.999998866570966,0.999994427475806,"ya_adult_cogact_freq"
"4554","TPD52","Inh PVALB CA8 (Chandelier)",-0.0756604363987454,7.03674790554376,2.3048960903732,0.130930976353257,0.999998866570966,0.999994427475806,"ya_adult_cogact_freq"
"4555","ZBTB10","Inh PVALB CA8 (Chandelier)",0.0593611826596637,4.34708671938588,0.435038175217234,0.510470840486898,0.999998866570966,0.999994427475806,"ya_adult_cogact_freq"
"4556","ZNF704","Inh PVALB CA8 (Chandelier)",0.0328736964288081,7.64885539082764,0.749182283309966,0.388025065142147,0.999998866570966,0.999994427475806,"ya_adult_cogact_freq"
"4557","PAG1","Inh PVALB CA8 (Chandelier)",0.0333101198395799,5.82064660201286,0.267602526035512,0.605655590513647,0.999998866570966,0.999994427475806,"ya_adult_cogact_freq"
"4558","IMPA1","Inh PVALB CA8 (Chandelier)",0.0385989461624268,3.87259480788888,0.0996305494259401,0.752682824033186,0.999998866570966,0.999994427475806,"ya_adult_cogact_freq"
"4559","ZFAND1","Inh PVALB CA8 (Chandelier)",0.0163615029569485,5.30803420965754,0.0736299124823835,0.872511250788828,0.999998866570966,0.999994427475806,"ya_adult_cogact_freq"
"4560","SNX16","Inh PVALB CA8 (Chandelier)",-0.0595054469485014,4.375412600973,0.478467072820535,0.490115236839426,0.999998866570966,0.999994427475806,"ya_adult_cogact_freq"
"4561","RALYL","Inh PVALB CA8 (Chandelier)",0.134629718576241,7.01739634159778,1.865385876125,0.173912202109017,0.999998866570966,0.999994427475806,"ya_adult_cogact_freq"
"4562","C8orf59","Inh PVALB CA8 (Chandelier)",-0.00385964490798055,4.0108595960633,0.00126158654717583,0.971710103641124,0.999998866570966,0.999994427475806,"ya_adult_cogact_freq"
"4563","WWP1","Inh PVALB CA8 (Chandelier)",-0.00386679319099784,7.2510264916375,0.0117650890022283,0.913760520017996,0.999998866570966,0.999994427475806,"ya_adult_cogact_freq"
"4564","RMDN1","Inh PVALB CA8 (Chandelier)",-0.0327002332187456,4.66126660171135,0.183402787303186,0.669038298451,0.999998866570966,0.999994427475806,"ya_adult_cogact_freq"
"4565","CPNE3","Inh PVALB CA8 (Chandelier)",-0.00244273558073886,5.26700632853098,0.00142986950030823,0.969883203193925,0.999998866570966,0.999994427475806,"ya_adult_cogact_freq"
"4566","CNGB3","Inh PVALB CA8 (Chandelier)",0.0395797659585497,3.69451336207878,0.110626707803659,0.739865068548903,0.999998866570966,0.999994427475806,"ya_adult_cogact_freq"
"4567","MMP16","Inh PVALB CA8 (Chandelier)",0.152882148066984,5.89072966780062,3.44083764889658,0.0654348474777727,0.999998866570966,0.999994427475806,"ya_adult_cogact_freq"
"4568","AC090568.2","Inh PVALB CA8 (Chandelier)",-0.0661236105882657,4.79449980196016,0.363407850312208,0.547469111934547,0.999998866570966,0.999994427475806,"ya_adult_cogact_freq"
"4569","AF117829.1","Inh PVALB CA8 (Chandelier)",0.00135137904174207,6.60665253642433,0.00070867797499558,0.978795034810107,0.999998866570966,0.999994427475806,"ya_adult_cogact_freq"
"4570","RIPK2","Inh PVALB CA8 (Chandelier)",-0.210427297860003,4.03524160301786,3.86139600531569,0.0511325393497515,0.999998866570966,0.999994427475806,"ya_adult_cogact_freq"
"4571","OSGIN2","Inh PVALB CA8 (Chandelier)",0.250845171737724,3.97058581259907,5.68532793702817,0.0182727551061559,0.999998866570966,0.999994427475806,"ya_adult_cogact_freq"
"4572","NBN","Inh PVALB CA8 (Chandelier)",-0.080288371620226,5.53680126646912,1.8132374066729,0.180015730047926,0.999998866570966,0.999994427475806,"ya_adult_cogact_freq"
"4573","DECR1","Inh PVALB CA8 (Chandelier)",-0.0739284745058482,6.21186879900867,1.99162867327929,0.160103024252121,0.999998866570966,0.999994427475806,"ya_adult_cogact_freq"
"4574","CALB1","Inh PVALB CA8 (Chandelier)",0.0234448303345831,5.08688764847146,0.0454077543694486,0.831525998797089,0.999998866570966,0.999994427475806,"ya_adult_cogact_freq"
"4575","LINC00534","Inh PVALB CA8 (Chandelier)",-0.0564405771092443,5.39054047497532,0.392043839266392,0.532115004222791,0.999998866570966,0.999994427475806,"ya_adult_cogact_freq"
"4576","AB015752.1","Inh PVALB CA8 (Chandelier)",0.0937262219609505,3.90740206998919,0.591267589223707,0.443057552652791,0.999998866570966,0.999994427475806,"ya_adult_cogact_freq"
"4577","TMEM64","Inh PVALB CA8 (Chandelier)",0.0824673648904136,4.67451791739033,1.0479979217051,0.307506585238301,0.999998866570966,0.999994427475806,"ya_adult_cogact_freq"
"4578","NECAB1","Inh PVALB CA8 (Chandelier)",-0.0680768294687656,5.7205621309839,0.592686366610162,0.442511934916155,0.999998866570966,0.999994427475806,"ya_adult_cogact_freq"
"4579","PIP4P2","Inh PVALB CA8 (Chandelier)",0.0261957489022261,5.57335728626715,0.149481962482038,0.699542166689993,0.999998866570966,0.999994427475806,"ya_adult_cogact_freq"
"4580","OTUD6B-AS1","Inh PVALB CA8 (Chandelier)",-0.0433193602325962,5.25344068408291,0.313925463778823,0.576061233193556,0.999998866570966,0.999994427475806,"ya_adult_cogact_freq"
"4581","OTUD6B","Inh PVALB CA8 (Chandelier)",-0.0873852065705001,4.17717259158653,0.90380571424276,0.343190349708044,0.999998866570966,0.999994427475806,"ya_adult_cogact_freq"
"4582","LRRC69","Inh PVALB CA8 (Chandelier)",-0.132394648372667,3.67678707596432,0.850568119385756,0.357773682476869,0.999998866570966,0.999994427475806,"ya_adult_cogact_freq"
"4583","RUNX1T1","Inh PVALB CA8 (Chandelier)",0.00219378570976297,6.27406504393748,0.00124396941050688,0.971908238978472,0.999998866570966,0.999994427475806,"ya_adult_cogact_freq"
"4584","TRIQK","Inh PVALB CA8 (Chandelier)",0.0909337138113091,5.33826502265396,2.06631567982882,0.152528453571811,0.999998866570966,0.999994427475806,"ya_adult_cogact_freq"
"4585","LINC00535","Inh PVALB CA8 (Chandelier)",-0.0520386958616466,4.45938644920804,0.285227367171148,0.594033031119739,0.999998866570966,0.999994427475806,"ya_adult_cogact_freq"
"4586","FAM92A","Inh PVALB CA8 (Chandelier)",-0.00674466086480373,5.56754382308255,0.0130630134980705,0.909147718294559,0.999998866570966,0.999994427475806,"ya_adult_cogact_freq"
"4587","RBM12B","Inh PVALB CA8 (Chandelier)",0.0436734088890786,5.23938089376488,0.574367472052635,0.487948219939793,0.999998866570966,0.999994427475806,"ya_adult_cogact_freq"
"4588","TMEM67","Inh PVALB CA8 (Chandelier)",-0.0854661804668275,5.26262278928739,1.67694976905285,0.197186907452885,0.999998866570966,0.999994427475806,"ya_adult_cogact_freq"
"4589","PDP1","Inh PVALB CA8 (Chandelier)",-0.0790284648764878,4.24144770959855,0.576088898508179,0.448960848410198,0.999998866570966,0.999994427475806,"ya_adult_cogact_freq"
"4590","VIRMA","Inh PVALB CA8 (Chandelier)",0.0769845934928036,5.55270460777804,2.29893323138748,0.131426709807451,0.999998866570966,0.999994427475806,"ya_adult_cogact_freq"
"4591","DPY19L4","Inh PVALB CA8 (Chandelier)",-0.0212061998403312,4.75255497912231,0.0775598435904792,0.780989768607883,0.999998866570966,0.999994427475806,"ya_adult_cogact_freq"
"4592","INTS8","Inh PVALB CA8 (Chandelier)",0.0827776487156709,5.77839577900031,2.41549468045282,0.122106423517488,0.999998866570966,0.999994427475806,"ya_adult_cogact_freq"
"4593","NDUFAF6","Inh PVALB CA8 (Chandelier)",0.103040299224342,6.00301604554199,2.93775988276313,0.0884579747848982,0.999998866570966,0.999994427475806,"ya_adult_cogact_freq"
"4594","UQCRB","Inh PVALB CA8 (Chandelier)",0.000503060645548472,5.8207866098066,4.19955993505564e-05,0.994837458667806,0.999998866570966,0.999994427475806,"ya_adult_cogact_freq"
"4595","MTERF3","Inh PVALB CA8 (Chandelier)",0.083829515333127,4.22750948080396,0.806255285820348,0.370572473520865,0.999998866570966,0.999994427475806,"ya_adult_cogact_freq"
"4596","PTDSS1","Inh PVALB CA8 (Chandelier)",-0.0280022975324564,5.3953095028859,0.250726928187351,0.617248526537738,0.999998866570966,0.999994427475806,"ya_adult_cogact_freq"
"4597","SDC2","Inh PVALB CA8 (Chandelier)",-0.0121713330464187,4.99554561575239,0.0117107103727714,0.913959268332203,0.999998866570966,0.999994427475806,"ya_adult_cogact_freq"
"4598","CPQ","Inh PVALB CA8 (Chandelier)",0.129346509234709,5.53687985789496,2.48718420492674,0.116742630285857,0.999998866570966,0.999994427475806,"ya_adult_cogact_freq"
"4599","MTDH","Inh PVALB CA8 (Chandelier)",-0.0364584376995183,7.11235030013798,1.1455790728009,0.354777053996823,0.999998866570966,0.999994427475806,"ya_adult_cogact_freq"
"4600","LAPTM4B","Inh PVALB CA8 (Chandelier)",-0.0747245288654408,6.03013935516648,1.64537779882122,0.201435514022724,0.999998866570966,0.999994427475806,"ya_adult_cogact_freq"
"4601","MATN2","Inh PVALB CA8 (Chandelier)",0.0492382022057163,5.42202620344941,0.303199041019548,0.582648161614366,0.999998866570966,0.999994427475806,"ya_adult_cogact_freq"
"4602","RPL30","Inh PVALB CA8 (Chandelier)",-0.0490608632160538,5.01190305933932,0.300003097926181,0.58464012665072,0.999998866570966,0.999994427475806,"ya_adult_cogact_freq"
"4603","RIDA","Inh PVALB CA8 (Chandelier)",-0.0716344521192635,4.27344809999832,0.676610591503106,0.411974687053807,0.999998866570966,0.999994427475806,"ya_adult_cogact_freq"
"4604","POP1","Inh PVALB CA8 (Chandelier)",0.0345904295624629,4.99349755129784,0.228310134914519,0.633428718090783,0.999998866570966,0.999994427475806,"ya_adult_cogact_freq"
"4605","NIPAL2","Inh PVALB CA8 (Chandelier)",-0.126898655857971,5.00314891183535,2.26946225245966,0.133908081828859,0.999998866570966,0.999994427475806,"ya_adult_cogact_freq"
"4606","STK3","Inh PVALB CA8 (Chandelier)",-0.0155210368750999,6.03519219304595,0.0421795217783611,0.837537770776055,0.999998866570966,0.999994427475806,"ya_adult_cogact_freq"
"4607","AC104986.2","Inh PVALB CA8 (Chandelier)",0.131550779058288,5.17625789649383,4.42959379223504,0.0368760111876239,0.999998866570966,0.999994427475806,"ya_adult_cogact_freq"
"4608","VPS13B","Inh PVALB CA8 (Chandelier)",0.00655634503601423,8.37128795099549,0.0466548754537633,0.829263592438198,0.999998866570966,0.999994427475806,"ya_adult_cogact_freq"
"4609","COX6C","Inh PVALB CA8 (Chandelier)",-0.097430093472002,5.96493024042903,2.48087024868092,0.117204324132815,0.999998866570966,0.999994427475806,"ya_adult_cogact_freq"
"4610","SPAG1","Inh PVALB CA8 (Chandelier)",0.0151563240085598,4.97678535071408,0.0426945880017853,0.836562879830408,0.999998866570966,0.999994427475806,"ya_adult_cogact_freq"
"4611","RNF19A","Inh PVALB CA8 (Chandelier)",0.0616367969660176,6.24417353693543,1.50322843197259,0.221968171667309,0.999998866570966,0.999994427475806,"ya_adult_cogact_freq"
"4612","ANKRD46","Inh PVALB CA8 (Chandelier)",0.0251719448608715,5.68956182964638,0.224307890506636,0.636419460928904,0.999998866570966,0.999994427475806,"ya_adult_cogact_freq"
"4613","SNX31","Inh PVALB CA8 (Chandelier)",-0.0343137299155289,4.97683606939306,0.0657590867832933,0.797942558628268,0.999998866570966,0.999994427475806,"ya_adult_cogact_freq"
"4614","PABPC1","Inh PVALB CA8 (Chandelier)",-0.0314415858054779,5.78970390802452,0.354369356591458,0.552487138600833,0.999998866570966,0.999994427475806,"ya_adult_cogact_freq"
"4615","YWHAZ","Inh PVALB CA8 (Chandelier)",0.0259695212232062,6.74598764268954,0.34103534908563,0.560050708184396,0.999998866570966,0.999994427475806,"ya_adult_cogact_freq"
"4616","AP003469.4","Inh PVALB CA8 (Chandelier)",0.0624433294548229,4.84499165623679,0.479246377437318,0.489762569275724,0.999998866570966,0.999994427475806,"ya_adult_cogact_freq"
"4617","ZNF706","Inh PVALB CA8 (Chandelier)",-0.0254155357735499,6.62849683192027,0.24722931581373,0.619712124574748,0.999998866570966,0.999994427475806,"ya_adult_cogact_freq"
"4618","NCALD","Inh PVALB CA8 (Chandelier)",0.00867224045801419,9.41135787269497,0.0729750014453839,0.787399896050096,0.999998866570966,0.999994427475806,"ya_adult_cogact_freq"
"4619","RRM2B","Inh PVALB CA8 (Chandelier)",0.0219985161109585,4.51546604045964,0.065751798215148,0.797953511968728,0.999998866570966,0.999994427475806,"ya_adult_cogact_freq"
"4620","UBR5","Inh PVALB CA8 (Chandelier)",-0.00348354345920255,7.89810729914435,0.0112648872196851,0.915606632261149,0.999998866570966,0.999994427475806,"ya_adult_cogact_freq"
"4621","AZIN1","Inh PVALB CA8 (Chandelier)",0.0251020463306053,5.35197719627979,0.13654563764912,0.712225834931231,0.999998866570966,0.999994427475806,"ya_adult_cogact_freq"
"4622","AZIN1-AS1","Inh PVALB CA8 (Chandelier)",0.184248431752563,5.63838803673166,4.87562391489022,0.0286541204970864,0.999998866570966,0.999994427475806,"ya_adult_cogact_freq"
"4623","ATP6V1C1","Inh PVALB CA8 (Chandelier)",-0.0119973914641841,5.81434647019777,0.0599000052794924,0.806966164101349,0.999998866570966,0.999994427475806,"ya_adult_cogact_freq"
"4624","BAALC","Inh PVALB CA8 (Chandelier)",-0.0836705125347359,4.9543132029277,0.994688820177351,0.320097863125716,0.999998866570966,0.999994427475806,"ya_adult_cogact_freq"
"4625","BAALC-AS1","Inh PVALB CA8 (Chandelier)",0.064603942081378,4.25880381409979,0.122517905599655,0.726777646896988,0.999998866570966,0.999994427475806,"ya_adult_cogact_freq"
"4626","SLC25A32","Inh PVALB CA8 (Chandelier)",0.0516451425030225,4.72933699562057,0.41856069536614,0.518578763357115,0.999998866570966,0.999994427475806,"ya_adult_cogact_freq"
"4627","AC012213.1","Inh PVALB CA8 (Chandelier)",-0.0296275409072882,4.02366277351016,0.0793719009909297,0.778512726187019,0.999998866570966,0.999994427475806,"ya_adult_cogact_freq"
"4628","RIMS2","Inh PVALB CA8 (Chandelier)",-0.00140257433505905,9.81707589828683,0.00237513593121903,0.961190684385124,0.999998866570966,0.999994427475806,"ya_adult_cogact_freq"
"4629","LRP12","Inh PVALB CA8 (Chandelier)",-0.0814333213107532,5.41844419982086,1.95287896132424,0.210870899193349,0.999998866570966,0.999994427475806,"ya_adult_cogact_freq"
"4630","ZFPM2","Inh PVALB CA8 (Chandelier)",0.0649590645916308,4.44387820072904,0.224503388420292,0.636272614975176,0.999998866570966,0.999994427475806,"ya_adult_cogact_freq"
"4631","AC027031.2","Inh PVALB CA8 (Chandelier)",-0.106251748969029,4.07317092461791,0.889403905420734,0.347053981452761,0.999998866570966,0.999994427475806,"ya_adult_cogact_freq"
"4632","OXR1","Inh PVALB CA8 (Chandelier)",0.0515398163203998,9.06657783173094,2.40587987359784,0.12284651554683,0.999998866570966,0.999994427475806,"ya_adult_cogact_freq"
"4633","AC090579.1","Inh PVALB CA8 (Chandelier)",-0.119327565852902,4.17461145509398,0.712250826852825,0.39995165311998,0.999998866570966,0.999994427475806,"ya_adult_cogact_freq"
"4634","EIF3E","Inh PVALB CA8 (Chandelier)",-0.128066385865868,5.2402132281729,3.5376095059683,0.0618001963173826,0.999998866570966,0.999994427475806,"ya_adult_cogact_freq"
"4635","EMC2","Inh PVALB CA8 (Chandelier)",-0.0172639983125785,5.04530611883051,0.0687138928468262,0.793554214754805,0.999998866570966,0.999994427475806,"ya_adult_cogact_freq"
"4636","NUDCD1","Inh PVALB CA8 (Chandelier)",-0.033930053869442,4.93310466745366,0.265075462912277,0.60736162780863,0.999998866570966,0.999994427475806,"ya_adult_cogact_freq"
"4637","ENY2","Inh PVALB CA8 (Chandelier)",-0.172524338853596,4.96527937597095,4.85744016243447,0.0289483998830789,0.999998866570966,0.999994427475806,"ya_adult_cogact_freq"
"4638","EBAG9","Inh PVALB CA8 (Chandelier)",-0.0149376751974885,4.3574569989206,0.0261244454347632,0.871799724107428,0.999998866570966,0.999994427475806,"ya_adult_cogact_freq"
"4639","SYBU","Inh PVALB CA8 (Chandelier)",-0.00666837078049591,7.7910531660695,0.0512481938998635,0.896045032623848,0.999998866570966,0.999994427475806,"ya_adult_cogact_freq"
"4640","CSMD3","Inh PVALB CA8 (Chandelier)",0.0535886110811924,10.7654848439128,1.85425699369752,0.175194289661314,0.999998866570966,0.999994427475806,"ya_adult_cogact_freq"
"4641","TRPS1","Inh PVALB CA8 (Chandelier)",0.0554904805254617,10.076710946359,2.40359228834647,0.123023338807561,0.999998866570966,0.999994427475806,"ya_adult_cogact_freq"
"4642","EIF3H","Inh PVALB CA8 (Chandelier)",0.0559469634080493,5.65870060410176,0.903095613843137,0.343379476363958,0.999998866570966,0.999994427475806,"ya_adult_cogact_freq"
"4643","UTP23","Inh PVALB CA8 (Chandelier)",0.00461682977748417,6.82223701122593,0.00837219605016319,0.927209452513644,0.999998866570966,0.999994427475806,"ya_adult_cogact_freq"
"4644","RAD21","Inh PVALB CA8 (Chandelier)",0.0130138627766699,5.75478875280076,0.0500734343542661,0.823219651788618,0.999998866570966,0.999994427475806,"ya_adult_cogact_freq"
"4645","EXT1","Inh PVALB CA8 (Chandelier)",0.0139795042078446,8.60655949745238,0.105160756787186,0.746143818463264,0.999998866570966,0.999994427475806,"ya_adult_cogact_freq"
"4646","SAMD12","Inh PVALB CA8 (Chandelier)",0.0150047796721895,9.64548352539762,0.284050259533488,0.594794699815505,0.999998866570966,0.999994427475806,"ya_adult_cogact_freq"
"4647","AC023590.1","Inh PVALB CA8 (Chandelier)",-0.19808574432759,4.39019631059125,2.12139524714107,0.147204446947178,0.999998866570966,0.999994427475806,"ya_adult_cogact_freq"
"4648","SAMD12-AS1","Inh PVALB CA8 (Chandelier)",-0.0915171993948765,4.78768566315993,0.843708516209954,0.359714327642082,0.999998866570966,0.999994427475806,"ya_adult_cogact_freq"
"4649","TAF2","Inh PVALB CA8 (Chandelier)",0.0617351558726181,5.78454740837887,1.49924566010935,0.34614056935861,0.999998866570966,0.999994427475806,"ya_adult_cogact_freq"
"4650","DEPTOR","Inh PVALB CA8 (Chandelier)",0.0202855395886256,5.18935366182616,0.0859758794880618,0.769734871285314,0.999998866570966,0.999994427475806,"ya_adult_cogact_freq"
"4651","COL14A1","Inh PVALB CA8 (Chandelier)",-0.394659293626055,3.35639557451244,5.31646304579402,0.0224025201234575,0.999998866570966,0.999994427475806,"ya_adult_cogact_freq"
"4652","MRPL13","Inh PVALB CA8 (Chandelier)",0.0701317628979569,4.18219734790792,0.515159255342647,0.473955610671903,0.999998866570966,0.999994427475806,"ya_adult_cogact_freq"
"4653","MTBP","Inh PVALB CA8 (Chandelier)",-0.0687339805376876,4.25753036506533,0.503076727307112,0.479178715621955,0.999998866570966,0.999994427475806,"ya_adult_cogact_freq"
"4654","ZHX2","Inh PVALB CA8 (Chandelier)",-0.0379042429962547,4.36902752848854,0.114701969804339,0.735295156065909,0.999998866570966,0.999994427475806,"ya_adult_cogact_freq"
"4655","TBC1D31","Inh PVALB CA8 (Chandelier)",0.0928775419663485,5.04268535700583,1.88020398324591,0.172221961730868,0.999998866570966,0.999994427475806,"ya_adult_cogact_freq"
"4656","ATAD2","Inh PVALB CA8 (Chandelier)",0.0463661666339276,4.77717195905602,0.26895813303997,0.604744619262464,0.999998866570966,0.999994427475806,"ya_adult_cogact_freq"
"4657","FBXO32","Inh PVALB CA8 (Chandelier)",0.0454467928590819,4.3247060553981,0.187020296597943,0.665987797424868,0.999998866570966,0.999994427475806,"ya_adult_cogact_freq"
"4658","FAM91A1","Inh PVALB CA8 (Chandelier)",-0.108116228093112,4.45693208269821,1.85489503086796,0.175120489587018,0.999998866570966,0.999994427475806,"ya_adult_cogact_freq"
"4659","TMEM65","Inh PVALB CA8 (Chandelier)",-0.0408644809742592,6.28970474841031,0.50288121605822,0.479264006627872,0.999998866570966,0.999994427475806,"ya_adult_cogact_freq"
"4660","TATDN1","Inh PVALB CA8 (Chandelier)",-0.000402724115581911,5.55750105713738,5.87905282779429e-05,0.993891787914432,0.999998866570966,0.999994427475806,"ya_adult_cogact_freq"
"4661","NDUFB9","Inh PVALB CA8 (Chandelier)",-0.132120234385457,4.58040111259944,1.897553462438,0.170267115208625,0.999998866570966,0.999994427475806,"ya_adult_cogact_freq"
"4662","MTSS1","Inh PVALB CA8 (Chandelier)",-0.0228993996109042,8.27756319515858,0.673739940517535,0.850274916578946,0.999998866570966,0.999994427475806,"ya_adult_cogact_freq"
"4663","SQLE","Inh PVALB CA8 (Chandelier)",0.0207721993134268,4.56536957873837,0.0469502155107396,0.828732465760788,0.999998866570966,0.999994427475806,"ya_adult_cogact_freq"
"4664","WASHC5","Inh PVALB CA8 (Chandelier)",-0.00138245207165406,5.08432936814079,0.000423591115456724,0.983605156350451,0.999998866570966,0.999994427475806,"ya_adult_cogact_freq"
"4665","NSMCE2","Inh PVALB CA8 (Chandelier)",-0.0518087481580263,7.40604205961389,1.81748778633576,0.17950903020381,0.999998866570966,0.999994427475806,"ya_adult_cogact_freq"
"4666","PVT1","Inh PVALB CA8 (Chandelier)",-0.0598783146929509,3.97753937396186,0.140301958825304,0.708474630485231,0.999998866570966,0.999994427475806,"ya_adult_cogact_freq"
"4667","FAM49B","Inh PVALB CA8 (Chandelier)",0.00443627067764259,8.68110412294432,0.0298584359940223,0.863029185249742,0.999998866570966,0.999994427475806,"ya_adult_cogact_freq"
"4668","ASAP1","Inh PVALB CA8 (Chandelier)",-0.0295582214439499,9.15870270526611,0.9670502827752,0.326894571463907,0.999998866570966,0.999994427475806,"ya_adult_cogact_freq"
"4669","ADCY8","Inh PVALB CA8 (Chandelier)",0.00418077982478166,9.30950087270489,0.0137773117131556,0.906707986757613,0.999998866570966,0.999994427475806,"ya_adult_cogact_freq"
"4670","EFR3A","Inh PVALB CA8 (Chandelier)",0.00293589593084225,7.01421659567571,0.003750596768714,0.951242458312754,0.999998866570966,0.999994427475806,"ya_adult_cogact_freq"
"4671","KCNQ3","Inh PVALB CA8 (Chandelier)",-0.043931274667474,9.65833090200339,1.54089451477791,0.216292864481891,0.999998866570966,0.999994427475806,"ya_adult_cogact_freq"
"4672","LRRC6","Inh PVALB CA8 (Chandelier)",-0.01867439797635,6.28238437452883,0.12986064767808,0.719049585188588,0.999998866570966,0.999994427475806,"ya_adult_cogact_freq"
"4673","PHF20L1","Inh PVALB CA8 (Chandelier)",-0.00921851698633136,7.8201832793224,0.0630510590651401,0.802057686069223,0.999998866570966,0.999994427475806,"ya_adult_cogact_freq"
"4674","ZFAT","Inh PVALB CA8 (Chandelier)",-0.0843223391809158,4.94980931144973,1.31967275967501,0.252357115214592,0.999998866570966,0.999994427475806,"ya_adult_cogact_freq"
"4675","KHDRBS3","Inh PVALB CA8 (Chandelier)",0.0560984398461285,9.31119106252665,3.09621625800968,0.0803766031513606,0.999998866570966,0.999994427475806,"ya_adult_cogact_freq"
"4676","AC046195.1","Inh PVALB CA8 (Chandelier)",0.0302722714224151,5.8205271043001,0.108710755875111,0.742045930372361,0.999998866570966,0.999994427475806,"ya_adult_cogact_freq"
"4677","AC046195.2","Inh PVALB CA8 (Chandelier)",0.127160997991767,6.6818306049631,2.8592663625534,0.0927866972238672,0.999998866570966,0.999994427475806,"ya_adult_cogact_freq"
"4678","AC079015.1","Inh PVALB CA8 (Chandelier)",0.10246343171978,3.67612408154114,0.398613866978169,0.528702642341175,0.999998866570966,0.999994427475806,"ya_adult_cogact_freq"
"4679","FAM135B","Inh PVALB CA8 (Chandelier)",-0.0765249326617882,7.79490094177057,2.22279322546941,0.137946331187209,0.999998866570966,0.999994427475806,"ya_adult_cogact_freq"
"4680","KCNK9","Inh PVALB CA8 (Chandelier)",0.108343168322165,3.63882811155389,0.535705185481144,0.465283725913791,0.999998866570966,0.999994427475806,"ya_adult_cogact_freq"
"4681","TRAPPC9","Inh PVALB CA8 (Chandelier)",-0.032774548918518,7.0865942386651,0.497939397847916,0.481428176870967,0.999998866570966,0.999994427475806,"ya_adult_cogact_freq"
"4682","AGO2","Inh PVALB CA8 (Chandelier)",0.0241738186058528,5.81186073938058,0.157821254681877,0.691697341913607,0.999998866570966,0.999994427475806,"ya_adult_cogact_freq"
"4683","PTK2","Inh PVALB CA8 (Chandelier)",0.0022947300917884,8.6015785744,0.00580869705578671,0.939342964858987,0.999998866570966,0.999994427475806,"ya_adult_cogact_freq"
"4684","DENND3","Inh PVALB CA8 (Chandelier)",-0.156184299426987,4.50856868518338,2.73574459437663,0.100076981746921,0.999998866570966,0.999994427475806,"ya_adult_cogact_freq"
"4685","SLC45A4","Inh PVALB CA8 (Chandelier)",0.0465230524374717,6.31667476922148,0.707191416601056,0.401626829559749,0.999998866570966,0.999994427475806,"ya_adult_cogact_freq"
"4686","TSNARE1","Inh PVALB CA8 (Chandelier)",-0.0197804854435919,5.45968256115552,0.127029387605173,0.721999498658093,0.999998866570966,0.999994427475806,"ya_adult_cogact_freq"
"4687","ADGRB1","Inh PVALB CA8 (Chandelier)",0.0222992370010026,6.38971786799405,0.209048284498895,0.648131617977459,0.999998866570966,0.999994427475806,"ya_adult_cogact_freq"
"4688","JRK","Inh PVALB CA8 (Chandelier)",-0.113862898631277,4.32378207056892,1.76566486175915,0.185802430873505,0.999998866570966,0.999994427475806,"ya_adult_cogact_freq"
"4689","LY6E-DT","Inh PVALB CA8 (Chandelier)",-0.0504418690959293,5.09487425652604,0.561198430616921,0.454872496371989,0.999998866570966,0.999994427475806,"ya_adult_cogact_freq"
"4690","LY6E","Inh PVALB CA8 (Chandelier)",-0.200748742397817,4.2625179279362,2.97469431301697,0.0864980156352438,0.999998866570966,0.999994427475806,"ya_adult_cogact_freq"
"4691","LY6H","Inh PVALB CA8 (Chandelier)",-0.070933910881001,5.44369585353476,0.56368796775072,0.453875631793266,0.999998866570966,0.999994427475806,"ya_adult_cogact_freq"
"4692","TOP1MT","Inh PVALB CA8 (Chandelier)",0.0880068343719438,4.23159415687384,0.812715563849096,0.368667206630727,0.999998866570966,0.999994427475806,"ya_adult_cogact_freq"
"4693","ZC3H3","Inh PVALB CA8 (Chandelier)",0.0672832750443818,4.7471829887886,0.772069145858833,0.3808890926461,0.999998866570966,0.999994427475806,"ya_adult_cogact_freq"
"4694","EEF1D","Inh PVALB CA8 (Chandelier)",-0.0349459398637852,5.1608662135749,0.296855385821147,0.756515538115657,0.999998866570966,0.999994427475806,"ya_adult_cogact_freq"
"4695","ZNF623","Inh PVALB CA8 (Chandelier)",-0.0838865252619387,4.36843582219385,1.0812827900886,0.299972110699322,0.999998866570966,0.999994427475806,"ya_adult_cogact_freq"
"4696","PUF60","Inh PVALB CA8 (Chandelier)",0.0828308909442348,4.00604660060514,0.593690336169189,0.442126468009429,0.999998866570966,0.999994427475806,"ya_adult_cogact_freq"
"4697","NRBP2","Inh PVALB CA8 (Chandelier)",-0.0567449326629146,5.08623575840999,0.550257478946627,0.459294818996222,0.999998866570966,0.999994427475806,"ya_adult_cogact_freq"
"4698","PLEC","Inh PVALB CA8 (Chandelier)",0.0790998834999279,6.26557157648438,2.57152596989322,0.110765560175964,0.999998866570966,0.999994427475806,"ya_adult_cogact_freq"
"4699","GRINA","Inh PVALB CA8 (Chandelier)",0.0167439916422154,5.16514762065717,0.0347140017191035,0.85243112048646,0.999998866570966,0.999994427475806,"ya_adult_cogact_freq"
"4700","GPAA1","Inh PVALB CA8 (Chandelier)",-0.155006784482223,4.01477318392178,1.73862871020481,0.189188028776729,0.999998866570966,0.999994427475806,"ya_adult_cogact_freq"
"4701","CYC1","Inh PVALB CA8 (Chandelier)",-0.0173738823996171,4.64530342909466,0.0299194324396494,0.862890747662852,0.999998866570966,0.999994427475806,"ya_adult_cogact_freq"
"4702","SHARPIN","Inh PVALB CA8 (Chandelier)",-0.0788026811634897,4.12066879436253,0.580773887406195,0.447125749680188,0.999998866570966,0.999994427475806,"ya_adult_cogact_freq"
"4703","MAF1","Inh PVALB CA8 (Chandelier)",0.0182109853410717,3.88894079082126,0.0251388548941286,0.874220548898007,0.999998866570966,0.999994427475806,"ya_adult_cogact_freq"
"4704","MROH1","Inh PVALB CA8 (Chandelier)",0.0450884735313463,7.03872800601049,0.90781032683818,0.342126412681657,0.999998866570966,0.999994427475806,"ya_adult_cogact_freq"
"4705","SCX","Inh PVALB CA8 (Chandelier)",-0.0237290106919102,4.66102984793447,0.0715000712454923,0.789507798221104,0.999998866570966,0.999994427475806,"ya_adult_cogact_freq"
"4706","HSF1","Inh PVALB CA8 (Chandelier)",-0.00706199362715666,4.93745621951942,0.0120857742062338,0.91259778463058,0.999998866570966,0.999994427475806,"ya_adult_cogact_freq"
"4707","DGAT1","Inh PVALB CA8 (Chandelier)",-0.186114217728089,4.05828329708913,3.31891330292075,0.070345709969389,0.999998866570966,0.999994427475806,"ya_adult_cogact_freq"
"4708","SCRT1","Inh PVALB CA8 (Chandelier)",0.0941737501402447,5.15378376408895,1.65578430939747,0.200023258516419,0.999998866570966,0.999994427475806,"ya_adult_cogact_freq"
"4709","ADCK5","Inh PVALB CA8 (Chandelier)",0.0026213340588066,4.13885672145393,0.000990122473940236,0.974936768860831,0.999998866570966,0.999994427475806,"ya_adult_cogact_freq"
"4710","CPSF1","Inh PVALB CA8 (Chandelier)",0.0178029986843836,3.95831758767512,0.0290067250700992,0.86497765641472,0.999998866570966,0.999994427475806,"ya_adult_cogact_freq"
"4711","VPS28","Inh PVALB CA8 (Chandelier)",-0.13730493342617,4.98738640882648,2.96649648911989,0.0869289062014366,0.999998866570966,0.999994427475806,"ya_adult_cogact_freq"
"4712","CYHR1","Inh PVALB CA8 (Chandelier)",-0.0827577464178675,5.43111669775656,1.500553062638,0.222378057332514,0.999998866570966,0.999994427475806,"ya_adult_cogact_freq"
"4713","KIFC2","Inh PVALB CA8 (Chandelier)",0.0367505542107149,6.12364733803711,0.443880521203741,0.506210342489287,0.999998866570966,0.999994427475806,"ya_adult_cogact_freq"
"4714","PPP1R16A","Inh PVALB CA8 (Chandelier)",-0.167319271881336,4.28267284599115,3.33073846375495,0.069852421473535,0.999998866570966,0.999994427475806,"ya_adult_cogact_freq"
"4715","LRRC24","Inh PVALB CA8 (Chandelier)",-0.0402624990327325,3.84651437048732,0.0971606925003786,0.755667760570678,0.999998866570966,0.999994427475806,"ya_adult_cogact_freq"
"4716","ARHGAP39","Inh PVALB CA8 (Chandelier)",-0.014212969792122,5.75653456947921,0.0714805118435531,0.832533349564988,0.999998866570966,0.999994427475806,"ya_adult_cogact_freq"
"4717","ZNF251","Inh PVALB CA8 (Chandelier)",0.0527336886408549,6.30806773641798,1.15013004692927,0.285129146808887,0.999998866570966,0.999994427475806,"ya_adult_cogact_freq"
"4718","RPL8","Inh PVALB CA8 (Chandelier)",-0.226552514780343,5.05946077014501,4.77538129190259,0.0303165212943853,0.999998866570966,0.999994427475806,"ya_adult_cogact_freq"
"4719","ZNF7","Inh PVALB CA8 (Chandelier)",-0.0985940765093177,4.13362709083473,1.00771658994427,0.316959045923653,0.999998866570966,0.999994427475806,"ya_adult_cogact_freq"
"4720","ZNF250","Inh PVALB CA8 (Chandelier)",-0.0452622535515033,4.80733478466693,0.397470877138867,0.529293453409897,0.999998866570966,0.999994427475806,"ya_adult_cogact_freq"
"4721","WASHC1","Inh PVALB CA8 (Chandelier)",-0.0490583549206721,6.40619441284111,1.04823974308319,0.307450962082689,0.999998866570966,0.999994427475806,"ya_adult_cogact_freq"
"4722","CBWD1","Inh PVALB CA8 (Chandelier)",-0.118938933153823,4.41106787569165,1.79558091663769,0.182138545700749,0.999998866570966,0.999994427475806,"ya_adult_cogact_freq"
"4723","KANK1","Inh PVALB CA8 (Chandelier)",0.112333099067696,5.25220712199838,1.2022477821137,0.274512623265601,0.999998866570966,0.999994427475806,"ya_adult_cogact_freq"
"4724","SMARCA2","Inh PVALB CA8 (Chandelier)",0.0126130669947297,8.85980332013906,0.151850192616779,0.697289225894284,0.999998866570966,0.999994427475806,"ya_adult_cogact_freq"
"4725","VLDLR-AS1","Inh PVALB CA8 (Chandelier)",0.0248911089857507,6.7829149207567,0.156266401694145,0.693141511130871,0.999998866570966,0.999994427475806,"ya_adult_cogact_freq"
"4726","VLDLR","Inh PVALB CA8 (Chandelier)",-0.0133047177105802,5.0477275418686,0.0270759906395919,0.869506599735311,0.999998866570966,0.999994427475806,"ya_adult_cogact_freq"
"4727","PUM3","Inh PVALB CA8 (Chandelier)",0.0339637410966988,6.62753227614416,0.658894412647338,0.418150752410028,0.999998866570966,0.999994427475806,"ya_adult_cogact_freq"
"4728","RFX3","Inh PVALB CA8 (Chandelier)",0.0195933675749079,7.82186270668379,0.182220648118951,0.670042869508938,0.999998866570966,0.999994427475806,"ya_adult_cogact_freq"
"4729","RFX3-AS1","Inh PVALB CA8 (Chandelier)",-0.0417023332393407,5.52827474651629,0.172539505009205,0.678418524777004,0.999998866570966,0.999994427475806,"ya_adult_cogact_freq"
"4730","GLIS3","Inh PVALB CA8 (Chandelier)",0.127821376458675,3.89149794973615,0.8572040415622,0.355910055928004,0.999998866570966,0.999994427475806,"ya_adult_cogact_freq"
"4731","SLC1A1","Inh PVALB CA8 (Chandelier)",-0.0283311412506255,5.89487148619102,0.235904979506079,0.627840831659142,0.999998866570966,0.999994427475806,"ya_adult_cogact_freq"
"4732","SPATA6L","Inh PVALB CA8 (Chandelier)",0.0314941436304156,5.07360957693469,0.125037210556434,0.72409745506251,0.999998866570966,0.999994427475806,"ya_adult_cogact_freq"
"4733","CDC37L1","Inh PVALB CA8 (Chandelier)",0.0138222547538949,4.9572700852246,0.0431005007352982,0.835798902190943,0.999998866570966,0.999994427475806,"ya_adult_cogact_freq"
"4734","AK3","Inh PVALB CA8 (Chandelier)",0.0144511732260203,6.37143687657906,0.0815455624672611,0.77558132795435,0.999998866570966,0.999994427475806,"ya_adult_cogact_freq"
"4735","RCL1","Inh PVALB CA8 (Chandelier)",0.0459181812024197,5.29636678223449,0.57980868107552,0.738218103906763,0.999998866570966,0.999994427475806,"ya_adult_cogact_freq"
"4736","JAK2","Inh PVALB CA8 (Chandelier)",0.049394419937784,6.75440735332652,1.55753574929121,0.22820563133825,0.999998866570966,0.999994427475806,"ya_adult_cogact_freq"
"4737","PLGRKT","Inh PVALB CA8 (Chandelier)",-0.103643265604308,4.62100511566882,1.40143505224356,0.238230880824632,0.999998866570966,0.999994427475806,"ya_adult_cogact_freq"
"4738","RIC1","Inh PVALB CA8 (Chandelier)",-0.0548639282707629,6.05550077105099,1.35409287159249,0.246288013538583,0.999998866570966,0.999994427475806,"ya_adult_cogact_freq"
"4739","ERMP1","Inh PVALB CA8 (Chandelier)",0.0792583455914554,5.72863525709136,2.02044984252496,0.157130102109169,0.999998866570966,0.999994427475806,"ya_adult_cogact_freq"
"4740","KIAA2026","Inh PVALB CA8 (Chandelier)",0.0672664490287198,7.41269134714322,3.20463596378155,0.0753118725746994,0.999998866570966,0.999994427475806,"ya_adult_cogact_freq"
"4741","RANBP6","Inh PVALB CA8 (Chandelier)",0.0318921925848954,4.2748843107975,0.0921845026322038,0.761810750855314,0.999998866570966,0.999994427475806,"ya_adult_cogact_freq"
"4742","UHRF2","Inh PVALB CA8 (Chandelier)",-0.101384902316929,6.01211171837948,5.20433848013477,0.0238430602752785,0.999998866570966,0.999994427475806,"ya_adult_cogact_freq"
"4743","KDM4C","Inh PVALB CA8 (Chandelier)",0.0208112918322345,7.85858880474665,0.299823900661083,0.584752224853941,0.999998866570966,0.999994427475806,"ya_adult_cogact_freq"
"4744","DMAC1","Inh PVALB CA8 (Chandelier)",0.00639072769515849,4.44029856234513,0.00433452281058483,0.947589324836172,0.999998866570966,0.999994427475806,"ya_adult_cogact_freq"
"4745","PTPRD","Inh PVALB CA8 (Chandelier)",0.047591869110476,10.6607000074073,1.42076678296816,0.235033784940545,0.999998866570966,0.999994427475806,"ya_adult_cogact_freq"
"4746","LURAP1L-AS1","Inh PVALB CA8 (Chandelier)",-0.0735417465256203,3.63274544332091,0.199443630233992,0.655771299721517,0.999998866570966,0.999994427475806,"ya_adult_cogact_freq"
"4747","LURAP1L","Inh PVALB CA8 (Chandelier)",0.152361995229885,5.19799516252956,4.81290799696346,0.0296826027155291,0.999998866570966,0.999994427475806,"ya_adult_cogact_freq"
"4748","MPDZ","Inh PVALB CA8 (Chandelier)",-0.0121528565885031,8.31651496807583,0.111410044855899,0.738979468241168,0.999998866570966,0.999994427475806,"ya_adult_cogact_freq"
"4749","NFIB","Inh PVALB CA8 (Chandelier)",0.0540880141085282,8.91202707912446,2.30707086455445,0.130750696346426,0.999998866570966,0.999994427475806,"ya_adult_cogact_freq"
"4750","ZDHHC21","Inh PVALB CA8 (Chandelier)",0.000106492968122757,6.8825778750223,8.64355270846809e-06,0.99765787418312,0.999998866570966,0.999994427475806,"ya_adult_cogact_freq"
"4751","FREM1","Inh PVALB CA8 (Chandelier)",0.1288267544045,4.28532858515256,1.52653774921443,0.218435245681449,0.999998866570966,0.999994427475806,"ya_adult_cogact_freq"
"4752","TTC39B","Inh PVALB CA8 (Chandelier)",-0.0479616836264688,7.00568970593631,1.40122638548457,0.238265679004515,0.999998866570966,0.999994427475806,"ya_adult_cogact_freq"
"4753","SNAPC3","Inh PVALB CA8 (Chandelier)",-0.00524871147710836,5.9127136529556,0.0114520589352857,0.914911068486592,0.999998866570966,0.999994427475806,"ya_adult_cogact_freq"
"4754","PSIP1","Inh PVALB CA8 (Chandelier)",-0.0172037644785433,6.8868054743745,0.202178971129718,0.653573411962457,0.999998866570966,0.999994427475806,"ya_adult_cogact_freq"
"4755","CCDC171","Inh PVALB CA8 (Chandelier)",0.0660841334858042,6.6630977690868,1.83605218821997,0.177315298017418,0.999998866570966,0.999994427475806,"ya_adult_cogact_freq"
"4756","CNTLN","Inh PVALB CA8 (Chandelier)",0.0983935118497349,5.93227226813414,2.10077004478914,0.1491728789212,0.999998866570966,0.999994427475806,"ya_adult_cogact_freq"
"4757","SH3GL2","Inh PVALB CA8 (Chandelier)",0.0337692511310299,7.4726061922669,0.555474636013988,0.457177591247446,0.999998866570966,0.999994427475806,"ya_adult_cogact_freq"
"4758","ADAMTSL1","Inh PVALB CA8 (Chandelier)",0.0828111949834453,3.91984041904424,0.338751035371027,0.561366334139974,0.999998866570966,0.999994427475806,"ya_adult_cogact_freq"
"4759","RRAGA","Inh PVALB CA8 (Chandelier)",-0.0324176455654757,4.35495976043071,0.0900356474183362,0.764519476200012,0.999998866570966,0.999994427475806,"ya_adult_cogact_freq"
"4760","HAUS6","Inh PVALB CA8 (Chandelier)",0.0318565963639899,4.25507208765847,0.13115861676233,0.717709369410479,0.999998866570966,0.999994427475806,"ya_adult_cogact_freq"
"4761","DENND4C","Inh PVALB CA8 (Chandelier)",0.0107553585716966,6.96506772766495,0.0964013304647331,0.756593842301992,0.999998866570966,0.999994427475806,"ya_adult_cogact_freq"
"4762","RPS6","Inh PVALB CA8 (Chandelier)",-0.147701827717466,4.42642643191251,2.1485871782821,0.144654303820028,0.999998866570966,0.999994427475806,"ya_adult_cogact_freq"
"4763","ACER2","Inh PVALB CA8 (Chandelier)",-0.0616552463356526,4.36068350790922,0.365969471166518,0.546062430314827,0.999998866570966,0.999994427475806,"ya_adult_cogact_freq"
"4764","SLC24A2","Inh PVALB CA8 (Chandelier)",-0.0028145294791691,8.36982041261986,0.0031559803799245,0.955269675648416,0.999998866570966,0.999994427475806,"ya_adult_cogact_freq"
"4765","MLLT3","Inh PVALB CA8 (Chandelier)",0.0182616188609496,8.61828186399055,0.224912928271766,0.635965247774392,0.999998866570966,0.999994427475806,"ya_adult_cogact_freq"
"4766","FOCAD","Inh PVALB CA8 (Chandelier)",-0.014951203599314,7.73936354224709,0.160878966330191,0.688881163267332,0.999998866570966,0.999994427475806,"ya_adult_cogact_freq"
"4767","KLHL9","Inh PVALB CA8 (Chandelier)",0.064123275902081,4.84827202613951,0.535076926591332,0.46554509266223,0.999998866570966,0.999994427475806,"ya_adult_cogact_freq"
"4768","AL445623.2","Inh PVALB CA8 (Chandelier)",-0.0244780148703666,6.6396230941271,0.23407495850764,0.629176995617788,0.999998866570966,0.999994427475806,"ya_adult_cogact_freq"
"4769","ELAVL2","Inh PVALB CA8 (Chandelier)",0.0298004606867338,7.62228740340483,0.63998475434645,0.424896837087979,0.999998866570966,0.999994427475806,"ya_adult_cogact_freq"
"4770","CAAP1","Inh PVALB CA8 (Chandelier)",-0.0392077735787156,5.44051941537388,0.390037815206546,0.533164842472511,0.999998866570966,0.999994427475806,"ya_adult_cogact_freq"
"4771","PLAA","Inh PVALB CA8 (Chandelier)",-0.0552132703044107,5.08565798818803,0.798087020053136,0.373001300590154,0.999998866570966,0.999994427475806,"ya_adult_cogact_freq"
"4772","IFT74","Inh PVALB CA8 (Chandelier)",-0.0263445312158297,5.09420659445291,0.13412663295271,0.714672705889408,0.999998866570966,0.999994427475806,"ya_adult_cogact_freq"
"4773","MOB3B","Inh PVALB CA8 (Chandelier)",0.0552074364238899,5.97917687389152,0.602912823423848,0.438609709140175,0.999998866570966,0.999994427475806,"ya_adult_cogact_freq"
"4774","C9orf72","Inh PVALB CA8 (Chandelier)",-0.0283028369844005,6.0356924944445,0.308695274715455,0.579254279067572,0.999998866570966,0.999994427475806,"ya_adult_cogact_freq"
"4775","LINGO2","Inh PVALB CA8 (Chandelier)",0.0284875342735376,8.99185855537332,0.091852665438892,0.762226778383515,0.999998866570966,0.999994427475806,"ya_adult_cogact_freq"
"4776","ACO1","Inh PVALB CA8 (Chandelier)",-0.0715695862646407,5.78596084632211,1.86173207912016,0.174331928070041,0.999998866570966,0.999994427475806,"ya_adult_cogact_freq"
"4777","DDX58","Inh PVALB CA8 (Chandelier)",-0.167751835971122,4.12738485941993,2.30026016801308,0.131316209981295,0.999998866570966,0.999994427475806,"ya_adult_cogact_freq"
"4778","TOPORS","Inh PVALB CA8 (Chandelier)",0.0496222534214854,4.61660779211695,0.381948670169168,0.613765177187813,0.999998866570966,0.999994427475806,"ya_adult_cogact_freq"
"4779","NDUFB6","Inh PVALB CA8 (Chandelier)",-0.0309358764005912,5.15793404475211,0.255827223749269,0.613694327894825,0.999998866570966,0.999994427475806,"ya_adult_cogact_freq"
"4780","APTX","Inh PVALB CA8 (Chandelier)",0.0352649134139829,5.28442116873624,0.293892105594726,0.588487736326598,0.999998866570966,0.999994427475806,"ya_adult_cogact_freq"
"4781","DNAJA1","Inh PVALB CA8 (Chandelier)",-0.0915912663157099,5.50133438131584,0.95650639264476,0.329538080398162,0.999998866570966,0.999994427475806,"ya_adult_cogact_freq"
"4782","SMU1","Inh PVALB CA8 (Chandelier)",-0.119591325993755,4.96386927952988,2.86645334055673,0.0923808553792244,0.999998866570966,0.999994427475806,"ya_adult_cogact_freq"
"4783","CHMP5","Inh PVALB CA8 (Chandelier)",-0.0930764975626094,4.57130431999789,1.47588342303706,0.226200998439705,0.999998866570966,0.999994427475806,"ya_adult_cogact_freq"
"4784","NFX1","Inh PVALB CA8 (Chandelier)",0.064419521646861,6.81221828576954,1.85163449918096,0.175498006317836,0.999998866570966,0.999994427475806,"ya_adult_cogact_freq"
"4785","ANKRD18B","Inh PVALB CA8 (Chandelier)",-0.142836641291634,3.56583020052505,0.584040290048492,0.445853222877639,0.999998866570966,0.999994427475806,"ya_adult_cogact_freq"
"4786","UBE2R2","Inh PVALB CA8 (Chandelier)",-0.049226159733865,6.90615039121938,1.98829889859145,0.160450634932245,0.999998866570966,0.999994427475806,"ya_adult_cogact_freq"
"4787","UBAP2","Inh PVALB CA8 (Chandelier)",0.0182870096699654,5.78521980945122,0.0978133991285356,0.754874920363481,0.999998866570966,0.999994427475806,"ya_adult_cogact_freq"
"4788","DCAF12","Inh PVALB CA8 (Chandelier)",-0.0259182996432619,4.31708741494342,0.0939277322455574,0.759638573767585,0.999998866570966,0.999994427475806,"ya_adult_cogact_freq"
"4789","UBAP1","Inh PVALB CA8 (Chandelier)",0.0708522896572069,6.30372475659736,2.5697516154843,0.110887745376841,0.999998866570966,0.999994427475806,"ya_adult_cogact_freq"
"4790","C9orf24","Inh PVALB CA8 (Chandelier)",-0.0226963513618409,5.55231441912677,0.10346730591306,0.748125595444257,0.999998866570966,0.999994427475806,"ya_adult_cogact_freq"
"4791","FAM219A","Inh PVALB CA8 (Chandelier)",-0.016646285252357,6.80103815813467,0.161828326115235,0.688013124912266,0.999998866570966,0.999994427475806,"ya_adult_cogact_freq"
"4792","DNAI1","Inh PVALB CA8 (Chandelier)",0.0507029466081989,5.25396914662603,0.444632060412595,0.505851061367463,0.999998866570966,0.999994427475806,"ya_adult_cogact_freq"
"4793","ENHO","Inh PVALB CA8 (Chandelier)",-0.187019785096474,3.65599586607818,1.83261712209495,0.177718851998979,0.999998866570966,0.999994427475806,"ya_adult_cogact_freq"
"4794","CNTFR","Inh PVALB CA8 (Chandelier)",-0.0482920840791651,4.52487415815159,0.335389799321747,0.647279573447063,0.999998866570966,0.999994427475806,"ya_adult_cogact_freq"
"4795","DCTN3","Inh PVALB CA8 (Chandelier)",-0.276656111864011,4.16399541752298,6.04594286978623,0.014998399859994,0.999998866570966,0.999994427475806,"ya_adult_cogact_freq"
"4796","IL11RA","Inh PVALB CA8 (Chandelier)",-0.00206611618006736,4.46410972532364,0.00042141096332069,0.983647395548943,0.999998866570966,0.999994427475806,"ya_adult_cogact_freq"
"4797","VCP","Inh PVALB CA8 (Chandelier)",0.00902493548559757,5.67142086030758,0.026436080878647,0.871044063240299,0.999998866570966,0.999994427475806,"ya_adult_cogact_freq"
"4798","UNC13B","Inh PVALB CA8 (Chandelier)",0.0132187699597267,5.26845844837789,0.0276455817974101,0.868153711595806,0.999998866570966,0.999994427475806,"ya_adult_cogact_freq"
"4799","RUSC2","Inh PVALB CA8 (Chandelier)",-0.0156456306984307,6.56031256174097,0.157624125462576,0.691879980887763,0.999998866570966,0.999994427475806,"ya_adult_cogact_freq"
"4800","TESK1","Inh PVALB CA8 (Chandelier)",-0.148670438707171,4.30925730181177,2.31205066445149,0.130338941860462,0.999998866570966,0.999994427475806,"ya_adult_cogact_freq"
"4801","CCDC107","Inh PVALB CA8 (Chandelier)",-0.185399469643653,3.99508177242961,2.43877912114171,0.120334691395245,0.999998866570966,0.999994427475806,"ya_adult_cogact_freq"
"4802","TLN1","Inh PVALB CA8 (Chandelier)",-0.103252403597311,4.15257808268845,1.30276819331597,0.273308633082015,0.999998866570966,0.999994427475806,"ya_adult_cogact_freq"
"4803","GBA2","Inh PVALB CA8 (Chandelier)",-0.0252722455042027,5.37809773083085,0.146886341762105,0.702035134397078,0.999998866570966,0.999994427475806,"ya_adult_cogact_freq"
"4804","RGP1","Inh PVALB CA8 (Chandelier)",-0.139240355374607,4.71488212169255,2.94907554748165,0.0878523887559142,0.999998866570966,0.999994427475806,"ya_adult_cogact_freq"
"4805","AL133410.1","Inh PVALB CA8 (Chandelier)",-0.00424971705508833,5.14226190123114,0.00352099481836292,0.95275661359294,0.999998866570966,0.999994427475806,"ya_adult_cogact_freq"
"4806","NPR2","Inh PVALB CA8 (Chandelier)",0.0253852042842504,3.80036076643149,0.0447468540688727,0.832738122052867,0.999998866570966,0.999994427475806,"ya_adult_cogact_freq"
"4807","TMEM8B","Inh PVALB CA8 (Chandelier)",0.00249228340309631,4.93429581672295,0.00155556669705558,0.96858798884716,0.999998866570966,0.999994427475806,"ya_adult_cogact_freq"
"4808","RECK","Inh PVALB CA8 (Chandelier)",-0.0255282033469825,6.76408186980045,0.366434611568515,0.626534647598024,0.999998866570966,0.999994427475806,"ya_adult_cogact_freq"
"4809","CLTA","Inh PVALB CA8 (Chandelier)",-0.0323600413420914,5.84054500865218,0.29904105886521,0.585242449167308,0.999998866570966,0.999994427475806,"ya_adult_cogact_freq"
"4810","GNE","Inh PVALB CA8 (Chandelier)",-0.105008807326582,4.91799885412687,2.23206002215793,0.137133657483864,0.999998866570966,0.999994427475806,"ya_adult_cogact_freq"
"4811","RNF38","Inh PVALB CA8 (Chandelier)",0.0178198615225342,6.35035317278766,0.158144417117923,0.691398219663117,0.999998866570966,0.999994427475806,"ya_adult_cogact_freq"
"4812","EBLN3P","Inh PVALB CA8 (Chandelier)",0.0312607086024876,4.47676587165356,0.127609879679524,0.721391677861593,0.999998866570966,0.999994427475806,"ya_adult_cogact_freq"
"4813","ZCCHC7","Inh PVALB CA8 (Chandelier)",-0.0110571862534076,8.0484531019322,0.11011467345867,0.740445832624458,0.999998866570966,0.999994427475806,"ya_adult_cogact_freq"
"4814","AL138752.2","Inh PVALB CA8 (Chandelier)",0.00479374143482396,5.23619638877086,0.00513306070695694,0.942973175797302,0.999998866570966,0.999994427475806,"ya_adult_cogact_freq"
"4815","FRMPD1","Inh PVALB CA8 (Chandelier)",0.0565251632576942,5.94692385717095,0.690970989816315,0.407067199617648,0.999998866570966,0.999994427475806,"ya_adult_cogact_freq"
"4816","TRMT10B","Inh PVALB CA8 (Chandelier)",-0.150336308807876,4.79546668159149,3.36180220451804,0.0685743116774756,0.999998866570966,0.999994427475806,"ya_adult_cogact_freq"
"4817","DCAF10","Inh PVALB CA8 (Chandelier)",0.0117707064634055,6.8475550882803,0.100130485905341,0.752083595341543,0.999998866570966,0.999994427475806,"ya_adult_cogact_freq"
"4818","FAM95C","Inh PVALB CA8 (Chandelier)",0.0215733336528553,4.39603220647341,0.0414623538908838,0.838905582016497,0.999998866570966,0.999994427475806,"ya_adult_cogact_freq"
"4819","ANKRD18A","Inh PVALB CA8 (Chandelier)",0.149710365350196,5.0640214755936,2.39766507196187,0.123482820978392,0.999998866570966,0.999994427475806,"ya_adult_cogact_freq"
"4820","CNTNAP3","Inh PVALB CA8 (Chandelier)",0.0246947820150078,7.87753633691522,0.409723350897623,0.523021159334325,0.999998866570966,0.999994427475806,"ya_adult_cogact_freq"
"4821","GLIDR","Inh PVALB CA8 (Chandelier)",0.112119439099212,5.66049838649903,2.25170808466571,0.135428403069128,0.999998866570966,0.999994427475806,"ya_adult_cogact_freq"
"4822","FAM95B1","Inh PVALB CA8 (Chandelier)",-0.0219511742581841,4.46554135582984,0.0659618345642645,0.998650755820621,0.999998866570966,0.999994427475806,"ya_adult_cogact_freq"
"4823","BMS1P14","Inh PVALB CA8 (Chandelier)",-0.00772598862663744,4.58688009579538,0.00455575392726142,0.94627045854899,0.999998866570966,0.999994427475806,"ya_adult_cogact_freq"
"4824","CBWD6","Inh PVALB CA8 (Chandelier)",-0.0607737366358675,4.91967797193201,0.551201460892806,0.458910579786127,0.999998866570966,0.999994427475806,"ya_adult_cogact_freq"
"4825","CNTNAP3B","Inh PVALB CA8 (Chandelier)",0.0593720246969656,9.87947514049671,0.689301087267564,0.407633423318961,0.999998866570966,0.999994427475806,"ya_adult_cogact_freq"
"4826","BX088645.1","Inh PVALB CA8 (Chandelier)",-0.0472120157935537,4.38734653908872,0.245154178415933,0.621184080211002,0.999998866570966,0.999994427475806,"ya_adult_cogact_freq"
"4827","AL391987.2","Inh PVALB CA8 (Chandelier)",0.0758902606882462,4.89961134475554,0.765396774216961,0.382950019939062,0.999998866570966,0.999994427475806,"ya_adult_cogact_freq"
"4828","AL512625.3","Inh PVALB CA8 (Chandelier)",-0.0641314312409054,4.1793141849359,0.248528058812529,0.618794807439734,0.999998866570966,0.999994427475806,"ya_adult_cogact_freq"
"4829","ANKRD20A4","Inh PVALB CA8 (Chandelier)",0.018717685987861,3.85965392869366,0.0200178833185308,0.887664288469656,0.999998866570966,0.999994427475806,"ya_adult_cogact_freq"
"4830","CBWD5","Inh PVALB CA8 (Chandelier)",-0.0839019724961475,6.50731391735404,2.58991669740593,0.109507903226986,0.999998866570966,0.999994427475806,"ya_adult_cogact_freq"
"4831","AL136317.2","Inh PVALB CA8 (Chandelier)",-0.107207256803798,4.97678069049646,1.95994854283752,0.163445663785079,0.999998866570966,0.999994427475806,"ya_adult_cogact_freq"
"4832","ZNF658","Inh PVALB CA8 (Chandelier)",0.000366599571955954,4.64017850901002,2.16980786445378e-05,0.996289146855847,0.999998866570966,0.999994427475806,"ya_adult_cogact_freq"
"4833","CBWD3","Inh PVALB CA8 (Chandelier)",-0.0267500454342589,4.54481143888283,0.108871404680372,0.774755338380464,0.999998866570966,0.999994427475806,"ya_adult_cogact_freq"
"4834","AL161457.2","Inh PVALB CA8 (Chandelier)",0.169376630398285,4.28703479822151,3.79535002852012,0.0531366435742585,0.999998866570966,0.999994427475806,"ya_adult_cogact_freq"
"4835","PIP5K1B","Inh PVALB CA8 (Chandelier)",-0.0141890563932646,5.53869772021503,0.0495696668911861,0.82409639703838,0.999998866570966,0.999994427475806,"ya_adult_cogact_freq"
"4836","APBA1","Inh PVALB CA8 (Chandelier)",0.0623480947117615,7.56752630433877,3.52118850002227,0.0624013187465651,0.999998866570966,0.999994427475806,"ya_adult_cogact_freq"
"4837","PTAR1","Inh PVALB CA8 (Chandelier)",0.1313813481579,5.10513879500268,4.16073686018155,0.0430082545988771,0.999998866570966,0.999994427475806,"ya_adult_cogact_freq"
"4838","MAMDC2-AS1","Inh PVALB CA8 (Chandelier)",-0.129804285251993,4.14501392889902,0.926627388653068,0.337186492151609,0.999998866570966,0.999994427475806,"ya_adult_cogact_freq"
"4839","MAMDC2","Inh PVALB CA8 (Chandelier)",0.0390167242074867,5.60962894785696,0.275709656537364,0.600250530299337,0.999998866570966,0.999994427475806,"ya_adult_cogact_freq"
"4840","SMC5-AS1","Inh PVALB CA8 (Chandelier)",-0.0342158108320491,4.14657078437136,0.101405762870872,0.750562455165156,0.999998866570966,0.999994427475806,"ya_adult_cogact_freq"
"4841","SMC5","Inh PVALB CA8 (Chandelier)",-0.106533134126055,6.26304860632066,5.42705118195083,0.0210707506388225,0.999998866570966,0.999994427475806,"ya_adult_cogact_freq"
"4842","KLF9","Inh PVALB CA8 (Chandelier)",-0.0263899038481011,4.40418641434639,0.0506541320927221,0.822214747080564,0.999998866570966,0.999994427475806,"ya_adult_cogact_freq"
"4843","TRPM3","Inh PVALB CA8 (Chandelier)",0.0465904340515974,3.61638871872591,0.0799403421438673,0.777741980707481,0.999998866570966,0.999994427475806,"ya_adult_cogact_freq"
"4844","ABHD17B","Inh PVALB CA8 (Chandelier)",-0.0194385773379218,5.07675950348603,0.0946157243776753,0.854849741441183,0.999998866570966,0.999994427475806,"ya_adult_cogact_freq"
"4845","C9orf85","Inh PVALB CA8 (Chandelier)",-0.00773356625034761,4.93588442686998,0.0124782747018561,0.911195712278873,0.999998866570966,0.999994427475806,"ya_adult_cogact_freq"
"4846","ZFAND5","Inh PVALB CA8 (Chandelier)",-0.022268816687663,5.92542603713312,0.15954668928877,0.690104350437902,0.999998866570966,0.999994427475806,"ya_adult_cogact_freq"
"4847","CARNMT1","Inh PVALB CA8 (Chandelier)",-0.0298297858836468,5.18594390637264,0.169440198819168,0.681158066784164,0.999998866570966,0.999994427475806,"ya_adult_cogact_freq"
"4848","NMRK1","Inh PVALB CA8 (Chandelier)",0.0798188714076085,4.42386843674138,0.684835278648596,0.409153385280431,0.999998866570966,0.999994427475806,"ya_adult_cogact_freq"
"4849","PCSK5","Inh PVALB CA8 (Chandelier)",-0.0253927214762614,3.85526385526012,0.0285361411723749,0.86606685932457,0.999998866570966,0.999994427475806,"ya_adult_cogact_freq"
"4850","RFK","Inh PVALB CA8 (Chandelier)",-0.00058560798839699,4.51078444375984,3.98890013527888e-05,0.994968605333566,0.999998866570966,0.999994427475806,"ya_adult_cogact_freq"
"4851","PRUNE2","Inh PVALB CA8 (Chandelier)",0.0398695776170984,6.53245192133837,0.776399655528131,0.379559937612288,0.999998866570966,0.999994427475806,"ya_adult_cogact_freq"
"4852","VPS13A","Inh PVALB CA8 (Chandelier)",0.0334347605821498,7.20487447328578,0.668540877200983,0.414770934058914,0.999998866570966,0.999994427475806,"ya_adult_cogact_freq"
"4853","GNA14","Inh PVALB CA8 (Chandelier)",-0.0673938723461789,4.84153917683392,0.211417150274831,0.64628012701699,0.999998866570966,0.999994427475806,"ya_adult_cogact_freq"
"4854","GNAQ","Inh PVALB CA8 (Chandelier)",-0.00971716162149427,8.51453236341124,0.101903225172094,0.749971944610694,0.999998866570966,0.999994427475806,"ya_adult_cogact_freq"
"4855","CEP78","Inh PVALB CA8 (Chandelier)",-0.0145361494045211,5.40009945476067,0.0590019675195866,0.808390018183127,0.999998866570966,0.999994427475806,"ya_adult_cogact_freq"
"4856","PSAT1","Inh PVALB CA8 (Chandelier)",-0.0181915892184204,3.75221354514081,0.0164421829067426,0.898129538181585,0.999998866570966,0.999994427475806,"ya_adult_cogact_freq"
"4857","TLE4","Inh PVALB CA8 (Chandelier)",0.208776616161893,3.6957869872261,1.9610468620236,0.163328442557786,0.999998866570966,0.999994427475806,"ya_adult_cogact_freq"
"4858","TLE1","Inh PVALB CA8 (Chandelier)",0.248530551016125,4.24430879571472,5.15765632921724,0.0244711394100408,0.999998866570966,0.999994427475806,"ya_adult_cogact_freq"
"4859","AL591368.1","Inh PVALB CA8 (Chandelier)",-0.106266258810007,3.70281341033236,0.605937706590778,0.437465634154642,0.999998866570966,0.999994427475806,"ya_adult_cogact_freq"
"4860","FRMD3","Inh PVALB CA8 (Chandelier)",-0.0200374883390353,4.46948061115688,0.0381494572737661,0.845389970683028,0.999998866570966,0.999994427475806,"ya_adult_cogact_freq"
"4861","UBQLN1","Inh PVALB CA8 (Chandelier)",0.0169310861955976,6.13967479330958,0.142564017550059,0.755572531064247,0.999998866570966,0.999994427475806,"ya_adult_cogact_freq"
"4862","GKAP1","Inh PVALB CA8 (Chandelier)",0.0395228487775958,5.65123395651087,0.423948787230722,0.515902817236073,0.999998866570966,0.999994427475806,"ya_adult_cogact_freq"
"4863","KIF27","Inh PVALB CA8 (Chandelier)",0.0373646014533277,5.47841619385448,0.396823346492513,0.529628689339854,0.999998866570966,0.999994427475806,"ya_adult_cogact_freq"
"4864","HNRNPK","Inh PVALB CA8 (Chandelier)",-0.0412239298729516,6.06856115150761,0.477939384151697,0.49035427922677,0.999998866570966,0.999994427475806,"ya_adult_cogact_freq"
"4865","RMI1","Inh PVALB CA8 (Chandelier)",0.00231339619725353,4.29474470383396,0.00048737544389886,0.982414244340094,0.999998866570966,0.999994427475806,"ya_adult_cogact_freq"
"4866","NTRK2","Inh PVALB CA8 (Chandelier)",0.0257178530201492,9.64783243643292,0.768066741808591,0.382123433705725,0.999998866570966,0.999994427475806,"ya_adult_cogact_freq"
"4867","AGTPBP1","Inh PVALB CA8 (Chandelier)",0.0188115143658995,7.20368183462014,0.285105100739763,0.594112051635402,0.999998866570966,0.999994427475806,"ya_adult_cogact_freq"
"4868","NAA35","Inh PVALB CA8 (Chandelier)",0.038595615555253,6.25864748350775,0.729967088585627,0.394165213605802,0.999998866570966,0.999994427475806,"ya_adult_cogact_freq"
"4869","GOLM1","Inh PVALB CA8 (Chandelier)",0.0797381616593264,5.7572852007447,1.89401046631363,0.170664224610643,0.999998866570966,0.999994427475806,"ya_adult_cogact_freq"
"4870","C9orf153","Inh PVALB CA8 (Chandelier)",0.10246363084605,4.10057220768361,0.445771327527149,0.505307259399517,0.999998866570966,0.999994427475806,"ya_adult_cogact_freq"
"4871","ISCA1","Inh PVALB CA8 (Chandelier)",-0.000873319528788816,4.88124635862528,0.000123002770001309,0.99116486487902,0.999998866570966,0.999994427475806,"ya_adult_cogact_freq"
"4872","TUT7","Inh PVALB CA8 (Chandelier)",0.0396418337903922,5.4255170507978,0.301000158040774,0.584017202565651,0.999998866570966,0.999994427475806,"ya_adult_cogact_freq"
"4873","GAS1RR","Inh PVALB CA8 (Chandelier)",-0.0300309101399013,3.83056548304121,0.0502766053651638,0.82286736895648,0.999998866570966,0.999994427475806,"ya_adult_cogact_freq"
"4874","DAPK1","Inh PVALB CA8 (Chandelier)",-0.00157112062051025,8.45548484172798,0.00184550481471973,0.965787256308188,0.999998866570966,0.999994427475806,"ya_adult_cogact_freq"
"4875","CTSL","Inh PVALB CA8 (Chandelier)",0.057090548837128,4.97609188983229,0.460931759709318,0.498165049535136,0.999998866570966,0.999994427475806,"ya_adult_cogact_freq"
"4876","SPIN1","Inh PVALB CA8 (Chandelier)",0.0126501410056246,7.71982477248615,0.157356039927036,0.739093814675909,0.999998866570966,0.999994427475806,"ya_adult_cogact_freq"
"4877","SHC3","Inh PVALB CA8 (Chandelier)",0.111270843210786,6.12095684299395,0.918874781535053,0.339209973576965,0.999998866570966,0.999994427475806,"ya_adult_cogact_freq"
"4878","SECISBP2","Inh PVALB CA8 (Chandelier)",-0.00461844115850737,6.17038504047692,0.00697640422156361,0.933538114041028,0.999998866570966,0.999994427475806,"ya_adult_cogact_freq"
"4879","SEMA4D","Inh PVALB CA8 (Chandelier)",-0.132458670151391,4.30706431496357,2.12051374292839,0.147287968690644,0.999998866570966,0.999994427475806,"ya_adult_cogact_freq"
"4880","GADD45G","Inh PVALB CA8 (Chandelier)",-0.224864361003359,4.08636028443585,3.03693574469648,0.0833015675543041,0.999998866570966,0.999994427475806,"ya_adult_cogact_freq"
"4881","AL158071.4","Inh PVALB CA8 (Chandelier)",0.0618853116806568,4.53922080294726,0.393815862090626,0.531190737630686,0.999998866570966,0.999994427475806,"ya_adult_cogact_freq"
"4882","AUH","Inh PVALB CA8 (Chandelier)",-0.0150626371863034,7.0600184357,0.133654939416054,0.71515274518456,0.999998866570966,0.999994427475806,"ya_adult_cogact_freq"
"4883","NFIL3","Inh PVALB CA8 (Chandelier)",0.0724190611061646,3.48722818762768,0.169884724702158,0.680763348144716,0.999998866570966,0.999994427475806,"ya_adult_cogact_freq"
"4884","SPTLC1","Inh PVALB CA8 (Chandelier)",0.0935519563732626,5.19861260892207,2.21297808063383,0.1388130371571,0.999998866570966,0.999994427475806,"ya_adult_cogact_freq"
"4885","IARS","Inh PVALB CA8 (Chandelier)",-0.069603274561335,6.29903177632821,1.32456048992614,0.251484125499482,0.999998866570966,0.999994427475806,"ya_adult_cogact_freq"
"4886","NOL8","Inh PVALB CA8 (Chandelier)",0.125921628714903,4.28801290369491,1.59421832569718,0.208552873055126,0.999998866570966,0.999994427475806,"ya_adult_cogact_freq"
"4887","CENPP","Inh PVALB CA8 (Chandelier)",0.0779230447331589,6.47049360431275,0.95264194906438,0.330514106772201,0.999998866570966,0.999994427475806,"ya_adult_cogact_freq"
"4888","IPPK","Inh PVALB CA8 (Chandelier)",-0.0377491374356074,4.97043736714466,0.338659887814103,0.647203185072299,0.999998866570966,0.999994427475806,"ya_adult_cogact_freq"
"4889","BICD2","Inh PVALB CA8 (Chandelier)",0.0740170206194438,4.59302640873516,0.890536054768313,0.346748115992057,0.999998866570966,0.999994427475806,"ya_adult_cogact_freq"
"4890","ZNF484","Inh PVALB CA8 (Chandelier)",-0.037484995251527,4.44163950130149,0.222016330728755,0.63814661344424,0.999998866570966,0.999994427475806,"ya_adult_cogact_freq"
"4891","CARD19","Inh PVALB CA8 (Chandelier)",0.0749946944028159,4.18863685919676,0.623419522409116,0.525953518115842,0.999998866570966,0.999994427475806,"ya_adult_cogact_freq"
"4892","WNK2","Inh PVALB CA8 (Chandelier)",0.0136034832887332,7.7176020238789,0.14581795179255,0.703068615803159,0.999998866570966,0.999994427475806,"ya_adult_cogact_freq"
"4893","C9orf129","Inh PVALB CA8 (Chandelier)",-0.0168294104998848,4.78933384630641,0.0492051557906901,0.929147728130695,0.999998866570966,0.999994427475806,"ya_adult_cogact_freq"
"4894","FAM120AOS","Inh PVALB CA8 (Chandelier)",-0.119667399232238,4.04311878042003,1.42007460898026,0.235147350209053,0.999998866570966,0.999994427475806,"ya_adult_cogact_freq"
"4895","FAM120A","Inh PVALB CA8 (Chandelier)",-0.0400025088888997,6.29661383182953,0.96152513223017,0.328276262260788,0.999998866570966,0.999994427475806,"ya_adult_cogact_freq"
"4896","PHF2","Inh PVALB CA8 (Chandelier)",-0.00885587295430434,5.03259682982439,0.0197203022970843,0.88849684344641,0.999998866570966,0.999994427475806,"ya_adult_cogact_freq"
"4897","PTPDC1","Inh PVALB CA8 (Chandelier)",-0.0435930302548299,5.05479988848424,0.347914809861921,0.556123982983025,0.999998866570966,0.999994427475806,"ya_adult_cogact_freq"
"4898","AL158152.2","Inh PVALB CA8 (Chandelier)",0.0206368861323982,4.93442709352302,0.0851940039125154,0.770754588430698,0.999998866570966,0.999994427475806,"ya_adult_cogact_freq"
"4899","ZNF169","Inh PVALB CA8 (Chandelier)",0.0640917291268081,4.49150636153268,0.571658044090297,0.450707267287234,0.999998866570966,0.999994427475806,"ya_adult_cogact_freq"
"4900","MFSD14B","Inh PVALB CA8 (Chandelier)",0.100376103561836,5.07696230583923,2.76884770401239,0.0980633269692655,0.999998866570966,0.999994427475806,"ya_adult_cogact_freq"
"4901","C9orf3","Inh PVALB CA8 (Chandelier)",-0.036155715949797,7.6739979542603,1.30505648270342,0.254990191454528,0.999998866570966,0.999994427475806,"ya_adult_cogact_freq"
"4902","FANCC","Inh PVALB CA8 (Chandelier)",-0.0844122320724438,5.51619834018982,1.28149489987047,0.259306942297015,0.999998866570966,0.999994427475806,"ya_adult_cogact_freq"
"4903","PTCH1","Inh PVALB CA8 (Chandelier)",-0.0603382463282266,5.38079062335568,0.826830155871,0.364551922222881,0.999998866570966,0.999994427475806,"ya_adult_cogact_freq"
"4904","LINC00476","Inh PVALB CA8 (Chandelier)",0.0975864945988004,6.16322594397851,2.54021061414296,0.112944139640373,0.999998866570966,0.999994427475806,"ya_adult_cogact_freq"
"4905","ERCC6L2","Inh PVALB CA8 (Chandelier)",0.018833884805172,7.08635647866945,0.154481495379853,0.694809643594497,0.999998866570966,0.999994427475806,"ya_adult_cogact_freq"
"4906","HABP4","Inh PVALB CA8 (Chandelier)",-0.00804328007599802,5.92239626331639,0.0218070729645338,0.882786531901738,0.999998866570966,0.999994427475806,"ya_adult_cogact_freq"
"4907","CDC14B","Inh PVALB CA8 (Chandelier)",-0.0150604456066451,7.04748864470505,0.0572619841005563,0.811181825919805,0.999998866570966,0.999994427475806,"ya_adult_cogact_freq"
"4908","AL589843.1","Inh PVALB CA8 (Chandelier)",-0.0538767914377179,5.17586141003483,0.381462811390773,0.537695278190136,0.999998866570966,0.999994427475806,"ya_adult_cogact_freq"
"4909","ZNF510","Inh PVALB CA8 (Chandelier)",0.108991398005838,4.72620715212803,2.17271344428946,0.142433623919149,0.999998866570966,0.999994427475806,"ya_adult_cogact_freq"
"4910","ZNF782","Inh PVALB CA8 (Chandelier)",0.0637947061297915,6.35143242588627,1.50135659809142,0.222254854162031,0.999998866570966,0.999994427475806,"ya_adult_cogact_freq"
"4911","MFSD14C","Inh PVALB CA8 (Chandelier)",-0.0464572741342602,6.75365250028678,1.20863795634179,0.273245640463169,0.999998866570966,0.999994427475806,"ya_adult_cogact_freq"
"4912","AL590705.1","Inh PVALB CA8 (Chandelier)",-0.10099685439107,4.68363843046515,1.09814866679123,0.296245649425738,0.999998866570966,0.999994427475806,"ya_adult_cogact_freq"
"4913","CCDC180","Inh PVALB CA8 (Chandelier)",0.108692999544378,5.30194027727792,2.25932397408174,0.134773868569924,0.999998866570966,0.999994427475806,"ya_adult_cogact_freq"
"4914","TDRD7","Inh PVALB CA8 (Chandelier)",0.0462670527796573,4.44115077736234,0.240069143996584,0.624824149340947,0.999998866570966,0.999994427475806,"ya_adult_cogact_freq"
"4915","TMOD1","Inh PVALB CA8 (Chandelier)",-0.180327066251629,3.82537989644035,1.72688065530118,0.190681705249521,0.999998866570966,0.999994427475806,"ya_adult_cogact_freq"
"4916","TSTD2","Inh PVALB CA8 (Chandelier)",0.0350491889670391,5.48600273119275,0.401339528428878,0.735317073227826,0.999998866570966,0.999994427475806,"ya_adult_cogact_freq"
"4917","NCBP1","Inh PVALB CA8 (Chandelier)",-0.0323676588558376,4.60817611949839,0.151970550872015,0.697175269038273,0.999998866570966,0.999994427475806,"ya_adult_cogact_freq"
"4918","XPA","Inh PVALB CA8 (Chandelier)",0.0685592512200573,5.88358124745736,1.82974070583965,0.178057597759747,0.999998866570966,0.999994427475806,"ya_adult_cogact_freq"
"4919","TRMO","Inh PVALB CA8 (Chandelier)",0.073932480083504,3.64469632495478,0.311401362453088,0.577597809366676,0.999998866570966,0.999994427475806,"ya_adult_cogact_freq"
"4920","ANP32B","Inh PVALB CA8 (Chandelier)",-0.047365556846545,4.07453061722754,0.218523905301433,0.640799950392041,0.999998866570966,0.999994427475806,"ya_adult_cogact_freq"
"4921","NANS","Inh PVALB CA8 (Chandelier)",-0.161929553443019,3.9790739090522,2.4753914606278,0.117606597926007,0.999998866570966,0.999994427475806,"ya_adult_cogact_freq"
"4922","TRIM14","Inh PVALB CA8 (Chandelier)",0.0128477000785506,5.21296051079554,0.0359748100456888,0.849806785348643,0.999998866570966,0.999994427475806,"ya_adult_cogact_freq"
"4923","CORO2A","Inh PVALB CA8 (Chandelier)",-0.0784734544570779,4.74710196276084,0.84256585981247,0.36003901018668,0.999998866570966,0.999994427475806,"ya_adult_cogact_freq"
"4924","GABBR2","Inh PVALB CA8 (Chandelier)",0.0111702370775359,8.76536465761818,0.169317441618626,0.681267176318239,0.999998866570966,0.999994427475806,"ya_adult_cogact_freq"
"4925","ANKS6","Inh PVALB CA8 (Chandelier)",-0.00499935812132916,5.87325663375796,0.00988231679304589,0.965653984114471,0.999998866570966,0.999994427475806,"ya_adult_cogact_freq"
"4926","COL15A1","Inh PVALB CA8 (Chandelier)",-0.0555474372562252,7.15731972759706,1.57752762935101,0.210939404971103,0.999998866570966,0.999994427475806,"ya_adult_cogact_freq"
"4927","TGFBR1","Inh PVALB CA8 (Chandelier)",0.149774528185333,4.30953588531242,2.85413700940456,0.0930775428265897,0.999998866570966,0.999994427475806,"ya_adult_cogact_freq"
"4928","SEC61B","Inh PVALB CA8 (Chandelier)",-0.218996877178967,4.2042776062012,4.79750554761547,0.0299410829902675,0.999998866570966,0.999994427475806,"ya_adult_cogact_freq"
"4929","AL359710.1","Inh PVALB CA8 (Chandelier)",-0.0421724377733963,5.64694309189181,0.26628667844567,0.606542647761179,0.999998866570966,0.999994427475806,"ya_adult_cogact_freq"
"4930","STX17","Inh PVALB CA8 (Chandelier)",0.058450217495948,4.8100330866091,0.737612371999084,0.427448782085773,0.999998866570966,0.999994427475806,"ya_adult_cogact_freq"
"4931","AL358937.1","Inh PVALB CA8 (Chandelier)",0.00537830161062016,3.81395963012685,0.00108943888571715,0.973710228947406,0.999998866570966,0.999994427475806,"ya_adult_cogact_freq"
"4932","ERP44","Inh PVALB CA8 (Chandelier)",-0.0373052557684727,6.30411480443076,0.688306700739158,0.407971146950115,0.999998866570966,0.999994427475806,"ya_adult_cogact_freq"
"4933","INVS","Inh PVALB CA8 (Chandelier)",0.0503805792749137,7.18721705605592,0.965355017475894,0.327317685001261,0.999998866570966,0.999994427475806,"ya_adult_cogact_freq"
"4934","TEX10","Inh PVALB CA8 (Chandelier)",0.095394398201312,4.82890201032799,2.34196922668385,0.134614056050285,0.999998866570966,0.999994427475806,"ya_adult_cogact_freq"
"4935","MSANTD3-TMEFF1","Inh PVALB CA8 (Chandelier)",-0.0116746483661909,4.15850161667768,0.0133222641092193,0.908254594814495,0.999998866570966,0.999994427475806,"ya_adult_cogact_freq"
"4936","CAVIN4","Inh PVALB CA8 (Chandelier)",-0.173863114356085,4.17467631288804,2.72638237392438,0.100654716741367,0.999998866570966,0.999994427475806,"ya_adult_cogact_freq"
"4937","PLPPR1","Inh PVALB CA8 (Chandelier)",-0.0834540356372494,4.5652373773574,0.378837781794496,0.539096245760946,0.999998866570966,0.999994427475806,"ya_adult_cogact_freq"
"4938","MRPL50","Inh PVALB CA8 (Chandelier)",-0.0620300487750272,3.94072732803678,0.355017705763334,0.557662047585358,0.999998866570966,0.999994427475806,"ya_adult_cogact_freq"
"4939","ZNF189","Inh PVALB CA8 (Chandelier)",0.0632039114574724,4.59167160407657,0.619566338957512,0.432367346091793,0.999998866570966,0.999994427475806,"ya_adult_cogact_freq"
"4940","TMEM246","Inh PVALB CA8 (Chandelier)",-0.00570633980973242,5.53997111206779,0.00599244990011921,0.938392916641825,0.999998866570966,0.999994427475806,"ya_adult_cogact_freq"
"4941","RNF20","Inh PVALB CA8 (Chandelier)",-0.0263077196026179,4.66870347859082,0.109256664711652,0.74142238256114,0.999998866570966,0.999994427475806,"ya_adult_cogact_freq"
"4942","GRIN3A","Inh PVALB CA8 (Chandelier)",0.0475560485930616,7.45182155969143,1.02897233055834,0.311924374041215,0.999998866570966,0.999994427475806,"ya_adult_cogact_freq"
"4943","SMC2","Inh PVALB CA8 (Chandelier)",0.151068759629884,3.95417639862882,1.75811854090329,0.186740221047414,0.999998866570966,0.999994427475806,"ya_adult_cogact_freq"
"4944","NIPSNAP3A","Inh PVALB CA8 (Chandelier)",-0.120021206142901,4.14973179247482,1.42729942257545,0.233965257276073,0.999998866570966,0.999994427475806,"ya_adult_cogact_freq"
"4945","NIPSNAP3B","Inh PVALB CA8 (Chandelier)",-0.23900260368835,4.33865896268864,7.00081374728019,0.00895658476385885,0.999998866570966,0.999994427475806,"ya_adult_cogact_freq"
"4946","ABCA1","Inh PVALB CA8 (Chandelier)",-0.00772171966564571,6.16649694982934,0.0150448430200453,0.90253158158831,0.999998866570966,0.999994427475806,"ya_adult_cogact_freq"
"4947","SLC44A1","Inh PVALB CA8 (Chandelier)",-0.00429613545964889,7.16396437965686,0.0122449566250627,0.912026422346382,0.999998866570966,0.999994427475806,"ya_adult_cogact_freq"
"4948","FSD1L","Inh PVALB CA8 (Chandelier)",-0.00144525820350183,6.29610784936696,0.00103266695616594,0.974404144944568,0.999998866570966,0.999994427475806,"ya_adult_cogact_freq"
"4949","FKTN","Inh PVALB CA8 (Chandelier)",-0.0453171920297058,5.70926503447583,0.600082424312058,0.439684403929727,0.999998866570966,0.999994427475806,"ya_adult_cogact_freq"
"4950","TMEM38B","Inh PVALB CA8 (Chandelier)",-0.0350381688787839,5.20011765817802,0.279663061470185,0.597651504965635,0.999998866570966,0.999994427475806,"ya_adult_cogact_freq"
"4951","LINC01505","Inh PVALB CA8 (Chandelier)",0.00303417636544722,6.53051958359806,0.0015904954208775,0.968237469673867,0.999998866570966,0.999994427475806,"ya_adult_cogact_freq"
"4952","ZNF462","Inh PVALB CA8 (Chandelier)",-0.00400484169682461,6.69152489715106,0.00772443689988178,0.93007445954961,0.999998866570966,0.999994427475806,"ya_adult_cogact_freq"
"4953","RAD23B","Inh PVALB CA8 (Chandelier)",-0.0231249137104436,6.05686370465144,0.243367304289375,0.622457796575805,0.999998866570966,0.999994427475806,"ya_adult_cogact_freq"
"4954","ELP1","Inh PVALB CA8 (Chandelier)",-0.014409848714667,6.05552573774116,0.0868565015483435,0.904666355413583,0.999998866570966,0.999994427475806,"ya_adult_cogact_freq"
"4955","FAM206A","Inh PVALB CA8 (Chandelier)",-0.0443900442863509,4.18606062109349,0.222739125998381,0.637600668269045,0.999998866570966,0.999994427475806,"ya_adult_cogact_freq"
"4956","CTNNAL1","Inh PVALB CA8 (Chandelier)",0.000333622790044466,5.93341056267823,1.55814684405468e-05,0.996855382942807,0.999998866570966,0.999994427475806,"ya_adult_cogact_freq"
"4957","TMEM245","Inh PVALB CA8 (Chandelier)",-0.0485398214635884,6.9195309669782,1.80651607718151,0.180820406103412,0.999998866570966,0.999994427475806,"ya_adult_cogact_freq"
"4958","FRRS1L","Inh PVALB CA8 (Chandelier)",-0.0364959618576901,7.28389440718696,0.92058655005053,0.338761782825224,0.999998866570966,0.999994427475806,"ya_adult_cogact_freq"
"4959","EPB41L4B","Inh PVALB CA8 (Chandelier)",0.00179485045588298,5.00675455257236,0.000647427151793526,0.979731901269172,0.999998866570966,0.999994427475806,"ya_adult_cogact_freq"
"4960","PALM2","Inh PVALB CA8 (Chandelier)",-0.0497650383534077,5.83827443051362,0.404846355759571,0.525501790066542,0.999998866570966,0.999994427475806,"ya_adult_cogact_freq"
"4961","PALM2-AKAP2","Inh PVALB CA8 (Chandelier)",-0.07607690222037,5.68259331813374,1.42893586272103,0.233698516183113,0.999998866570966,0.999994427475806,"ya_adult_cogact_freq"
"4962","TXN","Inh PVALB CA8 (Chandelier)",-0.11403073983363,4.01863402170592,1.12708753426646,0.289989665885674,0.999998866570966,0.999994427475806,"ya_adult_cogact_freq"
"4963","SVEP1","Inh PVALB CA8 (Chandelier)",-0.00643373794889651,4.47381022093149,0.00240042812598889,0.960984761936248,0.999998866570966,0.999994427475806,"ya_adult_cogact_freq"
"4964","LPAR1","Inh PVALB CA8 (Chandelier)",0.0889273013508206,4.42972581365273,0.534359182294629,0.465843975614665,0.999998866570966,0.999994427475806,"ya_adult_cogact_freq"
"4965","ECPAS","Inh PVALB CA8 (Chandelier)",0.00221301688213878,6.90366187401672,0.0036588716040879,0.960876677172474,0.999998866570966,0.999994427475806,"ya_adult_cogact_freq"
"4966","ZNF483","Inh PVALB CA8 (Chandelier)",-0.0252436586910971,7.05634228783208,0.270989184478901,0.603385189895298,0.999998866570966,0.999994427475806,"ya_adult_cogact_freq"
"4967","PTGR1","Inh PVALB CA8 (Chandelier)",-0.0152572935940785,4.46967505234938,0.0193284479626118,0.889602984620431,0.999998866570966,0.999994427475806,"ya_adult_cogact_freq"
"4968","C9orf84","Inh PVALB CA8 (Chandelier)",-0.0116070927562941,3.50745625588665,0.00465950373200593,0.945663046479853,0.999998866570966,0.999994427475806,"ya_adult_cogact_freq"
"4969","UGCG","Inh PVALB CA8 (Chandelier)",-0.0880371156511589,5.3781004168683,2.35694808223335,0.129124350659408,0.999998866570966,0.999994427475806,"ya_adult_cogact_freq"
"4970","PTBP3","Inh PVALB CA8 (Chandelier)",0.097211279032869,5.41624322626134,2.73688531674819,0.153599423005682,0.999998866570966,0.999994427475806,"ya_adult_cogact_freq"
"4971","HSDL2","Inh PVALB CA8 (Chandelier)",0.0495071027602465,4.21759592825506,0.2094493162881,0.647817283965668,0.999998866570966,0.999994427475806,"ya_adult_cogact_freq"
"4972","KIAA1958","Inh PVALB CA8 (Chandelier)",0.117545564654738,5.39382272564095,1.35068385925151,0.246881013481271,0.999998866570966,0.999994427475806,"ya_adult_cogact_freq"
"4973","INIP","Inh PVALB CA8 (Chandelier)",0.0332546214392501,4.94892992568063,0.242727078886773,0.622915576992821,0.999998866570966,0.999994427475806,"ya_adult_cogact_freq"
"4974","SNX30","Inh PVALB CA8 (Chandelier)",-0.0446741209949477,4.77433594803478,0.349687632134323,0.55512056572979,0.999998866570966,0.999994427475806,"ya_adult_cogact_freq"
"4975","ZNF883","Inh PVALB CA8 (Chandelier)",-0.102498081367719,4.69134927573021,1.37818236270899,0.242147171352071,0.999998866570966,0.999994427475806,"ya_adult_cogact_freq"
"4976","FKBP15","Inh PVALB CA8 (Chandelier)",0.107275263125501,5.25005099061704,2.97809479226138,0.109654096355724,0.999998866570966,0.999994427475806,"ya_adult_cogact_freq"
"4977","SLC31A1","Inh PVALB CA8 (Chandelier)",0.101737375415121,4.39254309090801,1.10759799628592,0.2941839646569,0.999998866570966,0.999994427475806,"ya_adult_cogact_freq"
"4978","PRPF4","Inh PVALB CA8 (Chandelier)",-0.127336266661251,3.84876716704303,1.1032076051595,0.295139565288343,0.999998866570966,0.999994427475806,"ya_adult_cogact_freq"
"4979","WDR31","Inh PVALB CA8 (Chandelier)",0.120006377211838,4.17243553972968,1.03461416663199,0.310605706471543,0.999998866570966,0.999994427475806,"ya_adult_cogact_freq"
"4980","HDHD3","Inh PVALB CA8 (Chandelier)",-0.102687728175867,4.0742598673275,0.824691095155768,0.36517145699956,0.999998866570966,0.999994427475806,"ya_adult_cogact_freq"
"4981","ALAD","Inh PVALB CA8 (Chandelier)",-0.0803571919785554,4.17394694938693,0.71148029442528,0.400206118586815,0.999998866570966,0.999994427475806,"ya_adult_cogact_freq"
"4982","RGS3","Inh PVALB CA8 (Chandelier)",-0.0700918567971699,4.0282296279425,0.34866990901623,0.555696175917999,0.999998866570966,0.999994427475806,"ya_adult_cogact_freq"
"4983","ZNF618","Inh PVALB CA8 (Chandelier)",-0.00106754075183153,5.89721543941067,0.000296566605433033,0.986281575663687,0.999998866570966,0.999994427475806,"ya_adult_cogact_freq"
"4984","COL27A1","Inh PVALB CA8 (Chandelier)",-0.506333660226366,3.78586349958114,5.82233205599809,0.0169487725477381,0.999998866570966,0.999994427475806,"ya_adult_cogact_freq"
"4985","AKNA","Inh PVALB CA8 (Chandelier)",-0.143933006188885,3.96890326099427,2.112384904335,0.148060716414542,0.999998866570966,0.999994427475806,"ya_adult_cogact_freq"
"4986","ATP6V1G1","Inh PVALB CA8 (Chandelier)",-0.155933539227737,5.29967676192183,3.4486396782311,0.0651334450716536,0.999998866570966,0.999994427475806,"ya_adult_cogact_freq"
"4987","TMEM268","Inh PVALB CA8 (Chandelier)",0.00385071235971485,4.95260412493871,0.00271880055018481,0.958480185675132,0.999998866570966,0.999994427475806,"ya_adult_cogact_freq"
"4988","PAPPA","Inh PVALB CA8 (Chandelier)",-0.333248353994379,4.18813949840527,5.32110642602118,0.0223448660654811,0.999998866570966,0.999994427475806,"ya_adult_cogact_freq"
"4989","AL137024.1","Inh PVALB CA8 (Chandelier)",-0.0553702911587538,4.32707701935655,0.163745311887671,0.686269329634985,0.999998866570966,0.999994427475806,"ya_adult_cogact_freq"
"4990","ASTN2","Inh PVALB CA8 (Chandelier)",-0.00477550381113102,10.6606325415169,0.0292174650943363,0.864492831001994,0.999998866570966,0.999994427475806,"ya_adult_cogact_freq"
"4991","TRIM32","Inh PVALB CA8 (Chandelier)",-0.144226175772595,3.92038759344808,1.69199667115596,0.195199376190879,0.999998866570966,0.999994427475806,"ya_adult_cogact_freq"
"4992","BRINP1","Inh PVALB CA8 (Chandelier)",0.0328548989197188,8.04555098604479,0.853707664467005,0.356890301258587,0.999998866570966,0.999994427475806,"ya_adult_cogact_freq"
"4993","CDK5RAP2","Inh PVALB CA8 (Chandelier)",0.124992238962402,5.83874900751666,5.64611696010147,0.0186712203075847,0.999998866570966,0.999994427475806,"ya_adult_cogact_freq"
"4994","MEGF9","Inh PVALB CA8 (Chandelier)",0.099953648882315,5.93764351874278,4.39939058220671,0.0375161908973152,0.999998866570966,0.999994427475806,"ya_adult_cogact_freq"
"4995","FBXW2","Inh PVALB CA8 (Chandelier)",0.00979584189107195,4.89959270119909,0.0172010451642184,0.895818450206337,0.999998866570966,0.999994427475806,"ya_adult_cogact_freq"
"4996","PSMD5","Inh PVALB CA8 (Chandelier)",-0.0615090937486047,5.36236388751396,0.992583674684511,0.32060891376288,0.999998866570966,0.999994427475806,"ya_adult_cogact_freq"
"4997","CNTRL","Inh PVALB CA8 (Chandelier)",-0.00722781056786949,6.11299187852335,0.0173340329628571,0.89541881901158,0.999998866570966,0.999994427475806,"ya_adult_cogact_freq"
"4998","RAB14","Inh PVALB CA8 (Chandelier)",0.0572444772547598,5.70196382928368,1.05781753549906,0.305258419514452,0.999998866570966,0.999994427475806,"ya_adult_cogact_freq"
"4999","GSN","Inh PVALB CA8 (Chandelier)",-0.152679971517819,4.05163928892997,1.98014264536288,0.161305774033533,0.999998866570966,0.999994427475806,"ya_adult_cogact_freq"
"5000","DAB2IP","Inh PVALB CA8 (Chandelier)",-0.074851549241973,6.53650148078384,2.06322034192386,0.152834109090984,0.999998866570966,0.999994427475806,"ya_adult_cogact_freq"
"5001","TTLL11","Inh PVALB CA8 (Chandelier)",0.0207690123594635,7.22698661456255,0.23522833607698,0.628334124307389,0.999998866570966,0.999994427475806,"ya_adult_cogact_freq"
"5002","NDUFA8","Inh PVALB CA8 (Chandelier)",-0.190944515481802,5.252378671454,7.15248756129295,0.00825964548558296,0.999998866570966,0.999994427475806,"ya_adult_cogact_freq"
"5003","LHX6","Inh PVALB CA8 (Chandelier)",-0.0239129756800814,7.15219042081254,0.251845965806492,0.61646485788009,0.999998866570966,0.999994427475806,"ya_adult_cogact_freq"
"5004","RBM18","Inh PVALB CA8 (Chandelier)",-0.0311063614493351,4.54283294173034,0.152002232450667,0.748324468331585,0.999998866570966,0.999994427475806,"ya_adult_cogact_freq"
"5005","MRRF","Inh PVALB CA8 (Chandelier)",0.0166378638508352,5.51657266958419,0.0828178792106237,0.773885062452687,0.999998866570966,0.999994427475806,"ya_adult_cogact_freq"
"5006","PDCL","Inh PVALB CA8 (Chandelier)",0.07114599382093,4.43072267515818,0.64014953770998,0.42483734494467,0.999998866570966,0.999994427475806,"ya_adult_cogact_freq"
"5007","RC3H2","Inh PVALB CA8 (Chandelier)",-0.011867411561629,5.96191261021745,0.0617946174164363,0.803998904481704,0.999998866570966,0.999994427475806,"ya_adult_cogact_freq"
"5008","ZBTB26","Inh PVALB CA8 (Chandelier)",-0.0228337180513302,4.4365479002292,0.0679023660922596,0.794749251745033,0.999998866570966,0.999994427475806,"ya_adult_cogact_freq"
"5009","RABGAP1","Inh PVALB CA8 (Chandelier)",0.00967140206992099,7.75613911539972,0.098443837324826,0.754111883313138,0.999998866570966,0.999994427475806,"ya_adult_cogact_freq"
"5010","STRBP","Inh PVALB CA8 (Chandelier)",0.0665746283038242,7.75938543458841,4.68961576877966,0.0318194516481504,0.999998866570966,0.999994427475806,"ya_adult_cogact_freq"
"5011","DENND1A","Inh PVALB CA8 (Chandelier)",-0.0155911308710653,7.93890397262293,0.247409963470729,0.619584351177997,0.999998866570966,0.999994427475806,"ya_adult_cogact_freq"
"5012","LHX2","Inh PVALB CA8 (Chandelier)",0.123770136079603,4.2988963299755,1.77490148336958,0.184662079751159,0.999998866570966,0.999994427475806,"ya_adult_cogact_freq"
"5013","NEK6","Inh PVALB CA8 (Chandelier)",-0.00345387261799595,4.86172696166648,0.00237749450398869,0.961171435181545,0.999998866570966,0.999994427475806,"ya_adult_cogact_freq"
"5014","PSMB7","Inh PVALB CA8 (Chandelier)",-0.040242494471772,5.3483450590613,0.464274667460355,0.4966132948916,0.999998866570966,0.999994427475806,"ya_adult_cogact_freq"
"5015","NR6A1","Inh PVALB CA8 (Chandelier)",0.0888391027176443,7.20402493870167,3.19735109723412,0.0756410846504931,0.999998866570966,0.999994427475806,"ya_adult_cogact_freq"
"5016","RPL35","Inh PVALB CA8 (Chandelier)",-0.0166450911259668,4.22570125439549,0.0206782444698929,0.885839033893467,0.999998866570966,0.999994427475806,"ya_adult_cogact_freq"
"5017","ARPC5L","Inh PVALB CA8 (Chandelier)",-0.0217674513396054,4.36850902747114,0.0451237830214028,0.832045678495153,0.999998866570966,0.999994427475806,"ya_adult_cogact_freq"
"5018","GOLGA1","Inh PVALB CA8 (Chandelier)",-0.153521396823475,5.09768690718473,5.03732806028757,0.0261714235359634,0.999998866570966,0.999994427475806,"ya_adult_cogact_freq"
"5019","SCAI","Inh PVALB CA8 (Chandelier)",0.0151728249578338,7.1138125675653,0.178058857654826,0.673610502807741,0.999998866570966,0.999994427475806,"ya_adult_cogact_freq"
"5020","PPP6C","Inh PVALB CA8 (Chandelier)",-0.109072585793965,5.41033917755671,3.79825464852949,0.0530467629016278,0.999998866570966,0.999994427475806,"ya_adult_cogact_freq"
"5021","RABEPK","Inh PVALB CA8 (Chandelier)",0.0138144905666823,5.35453553249638,0.0299737707256734,0.862767543818426,0.999998866570966,0.999994427475806,"ya_adult_cogact_freq"
"5022","HSPA5","Inh PVALB CA8 (Chandelier)",-0.109892854353424,4.60764135898477,1.04637546714341,0.307880118342129,0.999998866570966,0.999994427475806,"ya_adult_cogact_freq"
"5023","GAPVD1","Inh PVALB CA8 (Chandelier)",0.0766574477946058,6.52762959550674,3.38044094350807,0.0678195666492215,0.999998866570966,0.999994427475806,"ya_adult_cogact_freq"
"5024","MAPKAP1","Inh PVALB CA8 (Chandelier)",0.0162907459949326,6.59675363456146,0.147672359497094,0.701277549950948,0.999998866570966,0.999994427475806,"ya_adult_cogact_freq"
"5025","PBX3","Inh PVALB CA8 (Chandelier)",-0.0281911892516209,5.14163195614463,0.0388184331364063,0.844057671016291,0.999998866570966,0.999994427475806,"ya_adult_cogact_freq"
"5026","MVB12B","Inh PVALB CA8 (Chandelier)",0.0351389389102612,6.59618310875027,0.649397379300145,0.421518583883246,0.999998866570966,0.999994427475806,"ya_adult_cogact_freq"
"5027","ZBTB43","Inh PVALB CA8 (Chandelier)",-0.00690970663846232,5.87507253559222,0.0192695275957484,0.889770292533252,0.999998866570966,0.999994427475806,"ya_adult_cogact_freq"
"5028","ZBTB34","Inh PVALB CA8 (Chandelier)",0.0897625897668217,4.55323803632442,1.37188188766202,0.24322187364315,0.999998866570966,0.999994427475806,"ya_adult_cogact_freq"
"5029","RALGPS1","Inh PVALB CA8 (Chandelier)",-0.0120164669443907,8.30499979738443,0.137752563187696,0.711014216588098,0.999998866570966,0.999994427475806,"ya_adult_cogact_freq"
"5030","GARNL3","Inh PVALB CA8 (Chandelier)",0.0372740581043269,7.82174260408678,1.16662363494642,0.281713794042913,0.999998866570966,0.999994427475806,"ya_adult_cogact_freq"
"5031","LRSAM1","Inh PVALB CA8 (Chandelier)",-0.027173656921252,5.8154075326815,0.227009759918428,0.634396890005149,0.999998866570966,0.999994427475806,"ya_adult_cogact_freq"
"5032","STXBP1","Inh PVALB CA8 (Chandelier)",0.0515736552906833,7.9387070153063,3.65328702884152,0.05773789974648,0.999998866570966,0.999994427475806,"ya_adult_cogact_freq"
"5033","SH2D3C","Inh PVALB CA8 (Chandelier)",-0.0826002679772277,5.2327175640465,1.08179573654387,0.299857885259337,0.999998866570966,0.999994427475806,"ya_adult_cogact_freq"
"5034","CDK9","Inh PVALB CA8 (Chandelier)",0.0672785060220809,4.50058920189973,0.537488554300435,0.464543094806797,0.999998866570966,0.999994427475806,"ya_adult_cogact_freq"
"5035","FPGS","Inh PVALB CA8 (Chandelier)",-0.0484446572565778,4.37832239543132,0.321146235315198,0.670070145204725,0.999998866570966,0.999994427475806,"ya_adult_cogact_freq"
"5036","AK1","Inh PVALB CA8 (Chandelier)",0.0242475920611763,3.82322286264269,0.0404391827278278,0.84087852333369,0.999998866570966,0.999994427475806,"ya_adult_cogact_freq"
"5037","FAM102A","Inh PVALB CA8 (Chandelier)",-0.0343122973225504,4.87807484913731,0.2644861045208,0.701560101430488,0.999998866570966,0.999994427475806,"ya_adult_cogact_freq"
"5038","SLC25A25","Inh PVALB CA8 (Chandelier)",-0.0706251864390752,5.06743320638429,0.703263428752256,0.402934466507002,0.999998866570966,0.999994427475806,"ya_adult_cogact_freq"
"5039","SLC25A25-AS1","Inh PVALB CA8 (Chandelier)",-0.117976060848964,4.14812270714992,1.37956753570651,0.241911677449327,0.999998866570966,0.999994427475806,"ya_adult_cogact_freq"
"5040","PTGES2","Inh PVALB CA8 (Chandelier)",-0.180585082291026,4.53595919694723,3.32699793829254,0.0700080525480997,0.999998866570966,0.999994427475806,"ya_adult_cogact_freq"
"5041","C9orf16","Inh PVALB CA8 (Chandelier)",-0.0256301719346712,4.46395713976011,0.0516872856733855,0.820441718678843,0.999998866570966,0.999994427475806,"ya_adult_cogact_freq"
"5042","CIZ1","Inh PVALB CA8 (Chandelier)",0.0268116749841164,5.19888819360537,0.187568432207082,0.665528640762047,0.999998866570966,0.999994427475806,"ya_adult_cogact_freq"
"5043","DNM1","Inh PVALB CA8 (Chandelier)",0.00562102809715269,8.20731340183627,0.0349253599639265,0.851987782626851,0.999998866570966,0.999994427475806,"ya_adult_cogact_freq"
"5044","GOLGA2","Inh PVALB CA8 (Chandelier)",-0.0713562788977971,5.29238074487622,1.28628011926104,0.258422924576058,0.999998866570966,0.999994427475806,"ya_adult_cogact_freq"
"5045","COQ4","Inh PVALB CA8 (Chandelier)",0.0335734445451131,5.53186922985466,0.240904379668637,0.624222987023942,0.999998866570966,0.999994427475806,"ya_adult_cogact_freq"
"5046","SLC27A4","Inh PVALB CA8 (Chandelier)",-0.0852904912349677,5.6631726068294,2.07819649170316,0.151361723340979,0.999998866570966,0.999994427475806,"ya_adult_cogact_freq"
"5047","URM1","Inh PVALB CA8 (Chandelier)",-0.0702817659829166,4.34123197556807,0.604808662749965,0.437892124904865,0.999998866570966,0.999994427475806,"ya_adult_cogact_freq"
"5048","CERCAM","Inh PVALB CA8 (Chandelier)",-0.0376456603749716,3.82897709735814,0.0933977998362734,0.760296554237656,0.999998866570966,0.999994427475806,"ya_adult_cogact_freq"
"5049","ODF2","Inh PVALB CA8 (Chandelier)",-0.0355287444496786,5.09711883823765,0.279590123113856,0.5976992421375,0.999998866570966,0.999994427475806,"ya_adult_cogact_freq"
"5050","GLE1","Inh PVALB CA8 (Chandelier)",-0.0601437358238193,4.86499846617473,0.639568973516969,0.425047003359605,0.999998866570966,0.999994427475806,"ya_adult_cogact_freq"
"5051","SPTAN1","Inh PVALB CA8 (Chandelier)",-0.0015228390819951,8.21443132948659,0.00232171281515095,0.961629285318722,0.999998866570966,0.999994427475806,"ya_adult_cogact_freq"
"5052","SET","Inh PVALB CA8 (Chandelier)",-0.0900497354758961,5.62923306194329,0.871821650454607,0.351851755343026,0.999998866570966,0.999994427475806,"ya_adult_cogact_freq"
"5053","ZER1","Inh PVALB CA8 (Chandelier)",0.00208122781283954,6.74141355284009,0.00224752798182825,0.962246815182476,0.999998866570966,0.999994427475806,"ya_adult_cogact_freq"
"5054","TBC1D13","Inh PVALB CA8 (Chandelier)",0.000135868384267815,4.14821649597615,1.82125608326355e-05,0.996600235069667,0.999998866570966,0.999994427475806,"ya_adult_cogact_freq"
"5055","ENDOG","Inh PVALB CA8 (Chandelier)",0.0590037984121859,4.00793281777078,0.272401140933515,0.602443949028889,0.999998866570966,0.999994427475806,"ya_adult_cogact_freq"
"5056","SPOUT1","Inh PVALB CA8 (Chandelier)",0.0189301345883496,3.8889463547812,0.0310009067275495,0.860459958096195,0.999998866570966,0.999994427475806,"ya_adult_cogact_freq"
"5057","KYAT1","Inh PVALB CA8 (Chandelier)",0.0065852302851258,5.84177921772764,0.0118393093599029,0.913490000773976,0.999998866570966,0.999994427475806,"ya_adult_cogact_freq"
"5058","LRRC8A","Inh PVALB CA8 (Chandelier)",-0.0397862859955976,4.6899336317654,0.28102038400224,0.596764607240284,0.999998866570966,0.999994427475806,"ya_adult_cogact_freq"
"5059","NUP188","Inh PVALB CA8 (Chandelier)",0.00837589688180025,4.56939686433918,0.0120640439596304,0.912676076963363,0.999998866570966,0.999994427475806,"ya_adult_cogact_freq"
"5060","SH3GLB2","Inh PVALB CA8 (Chandelier)",-0.0554638167525836,4.64874197360689,0.453906968477106,0.501452899495493,0.999998866570966,0.999994427475806,"ya_adult_cogact_freq"
"5061","MIGA2","Inh PVALB CA8 (Chandelier)",-0.0172288010144285,5.16254629370935,0.0823799592973408,0.774467299140486,0.999998866570966,0.999994427475806,"ya_adult_cogact_freq"
"5062","CRAT","Inh PVALB CA8 (Chandelier)",-0.0240019968939869,4.0461903768393,0.0549381399675058,0.98502279948296,0.999998866570966,0.999994427475806,"ya_adult_cogact_freq"
"5063","PTPA","Inh PVALB CA8 (Chandelier)",-0.0528596254450532,5.76083349491692,0.744499209899845,0.389508769145611,0.999998866570966,0.999994427475806,"ya_adult_cogact_freq"
"5064","IER5L","Inh PVALB CA8 (Chandelier)",-0.359344932965771,3.64564531360446,5.1338675560406,0.0247978521916594,0.999998866570966,0.999994427475806,"ya_adult_cogact_freq"
"5065","NTMT1","Inh PVALB CA8 (Chandelier)",0.0392598476554362,3.86455121432855,0.111783863538738,0.738558068308296,0.999998866570966,0.999994427475806,"ya_adult_cogact_freq"
"5066","TOR1B","Inh PVALB CA8 (Chandelier)",-0.126364414718165,4.58710490445595,2.80088665159041,0.0961568004938472,0.999998866570966,0.999994427475806,"ya_adult_cogact_freq"
"5067","C9orf78","Inh PVALB CA8 (Chandelier)",0.162816825305643,4.28448847122763,2.6611533056443,0.104783584391667,0.999998866570966,0.999994427475806,"ya_adult_cogact_freq"
"5068","USP20","Inh PVALB CA8 (Chandelier)",-0.119963150329428,5.09849541269418,3.10893246190541,0.0797638510618821,0.999998866570966,0.999994427475806,"ya_adult_cogact_freq"
"5069","FNBP1","Inh PVALB CA8 (Chandelier)",-0.0264148811099921,7.2703408188392,0.567826358354929,0.452226131251588,0.999998866570966,0.999994427475806,"ya_adult_cogact_freq"
"5070","GPR107","Inh PVALB CA8 (Chandelier)",-0.0610167883358306,5.66627133088454,1.36129522814326,0.245040912601031,0.999998866570966,0.999994427475806,"ya_adult_cogact_freq"
"5071","NCS1","Inh PVALB CA8 (Chandelier)",-0.00232469129666034,6.58674516586701,0.0024315023645339,0.960733246736221,0.999998866570966,0.999994427475806,"ya_adult_cogact_freq"
"5072","HMCN2","Inh PVALB CA8 (Chandelier)",-0.204184818717045,3.76762322811693,2.29535915234131,0.131724859998957,0.999998866570966,0.999994427475806,"ya_adult_cogact_freq"
"5073","ASS1","Inh PVALB CA8 (Chandelier)",0.0475285621294374,4.69521687364292,0.344207227239842,0.558233673899542,0.999998866570966,0.999994427475806,"ya_adult_cogact_freq"
"5074","FUBP3","Inh PVALB CA8 (Chandelier)",-0.00654160629958444,6.14219491548313,0.0181134451228682,0.893107401525302,0.999998866570966,0.999994427475806,"ya_adult_cogact_freq"
"5075","ABL1","Inh PVALB CA8 (Chandelier)",0.0455252702255095,6.4670401785803,0.963032838769795,0.327898453640608,0.999998866570966,0.999994427475806,"ya_adult_cogact_freq"
"5076","NUP214","Inh PVALB CA8 (Chandelier)",-0.0522169605698116,5.86663932335741,1.02983996209771,0.311721105299334,0.999998866570966,0.999994427475806,"ya_adult_cogact_freq"
"5077","AL157938.2","Inh PVALB CA8 (Chandelier)",-0.314905710828486,3.23930366933342,3.11440391586229,0.0795017649160616,0.999998866570966,0.999994427475806,"ya_adult_cogact_freq"
"5078","PLPP7","Inh PVALB CA8 (Chandelier)",0.0480587919907494,5.38184956694675,0.519597789379907,0.472060184512014,0.999998866570966,0.999994427475806,"ya_adult_cogact_freq"
"5079","PRRC2B","Inh PVALB CA8 (Chandelier)",-0.0226334742410381,7.13895838448007,0.476413456122595,0.840617412396785,0.999998866570966,0.999994427475806,"ya_adult_cogact_freq"
"5080","POMT1","Inh PVALB CA8 (Chandelier)",-0.150559832847451,5.2151106943106,4.06900380652338,0.0453410006601395,0.999998866570966,0.999994427475806,"ya_adult_cogact_freq"
"5081","RAPGEF1","Inh PVALB CA8 (Chandelier)",0.0205657213927063,6.73625993164661,0.253185993641369,0.65922240818486,0.999998866570966,0.999994427475806,"ya_adult_cogact_freq"
"5082","MED27","Inh PVALB CA8 (Chandelier)",-0.040357260978158,6.19108905724574,0.653808003778475,0.419949456356683,0.999998866570966,0.999994427475806,"ya_adult_cogact_freq"
"5083","SETX","Inh PVALB CA8 (Chandelier)",-0.0583254391040924,6.35595870870254,2.10031114925185,0.149217014793464,0.999998866570966,0.999994427475806,"ya_adult_cogact_freq"
"5084","TTF1","Inh PVALB CA8 (Chandelier)",-0.0547101427502394,4.36777262181282,0.359594455140389,0.549575774779517,0.999998866570966,0.999994427475806,"ya_adult_cogact_freq"
"5085","DDX31","Inh PVALB CA8 (Chandelier)",0.074028557855698,4.30369277901014,0.651624655642466,0.420725108963844,0.999998866570966,0.999994427475806,"ya_adult_cogact_freq"
"5086","TSC1","Inh PVALB CA8 (Chandelier)",-0.025938223947694,6.38741214445172,0.331386518051021,0.5656487086409,0.999998866570966,0.999994427475806,"ya_adult_cogact_freq"
"5087","GTF3C5","Inh PVALB CA8 (Chandelier)",-0.0506237047489872,4.17373408656097,0.258890723907096,0.611580849504606,0.999998866570966,0.999994427475806,"ya_adult_cogact_freq"
"5088","RALGDS","Inh PVALB CA8 (Chandelier)",-0.0523725493737463,5.09599455024508,0.718920330143443,0.397758886949733,0.999998866570966,0.999994427475806,"ya_adult_cogact_freq"
"5089","RPL7A","Inh PVALB CA8 (Chandelier)",-0.210640728012992,4.4074675992156,2.87444969982137,0.0919315949682872,0.999998866570966,0.999994427475806,"ya_adult_cogact_freq"
"5090","SURF4","Inh PVALB CA8 (Chandelier)",-0.0499071128582066,4.52294432567702,0.424829294796114,0.515467826665609,0.999998866570966,0.999994427475806,"ya_adult_cogact_freq"
"5091","REXO4","Inh PVALB CA8 (Chandelier)",-0.0301769356987745,4.18078926364491,0.10908824773522,0.741614566995737,0.999998866570966,0.999994427475806,"ya_adult_cogact_freq"
"5092","ADAMTS13","Inh PVALB CA8 (Chandelier)",0.105898707627669,3.98253340354851,0.935270484066321,0.334949731184543,0.999998866570966,0.999994427475806,"ya_adult_cogact_freq"
"5093","SLC2A6","Inh PVALB CA8 (Chandelier)",0.106616013774127,4.36995007143391,1.14676066227359,0.285833336197653,0.999998866570966,0.999994427475806,"ya_adult_cogact_freq"
"5094","ADAMTSL2","Inh PVALB CA8 (Chandelier)",0.0583849093897912,4.30920919721119,0.372868365858396,0.542307204093467,0.999998866570966,0.999994427475806,"ya_adult_cogact_freq"
"5095","VAV2","Inh PVALB CA8 (Chandelier)",0.00224363869829261,6.09730572981101,0.00165257044468399,0.9676239134943,0.999998866570966,0.999994427475806,"ya_adult_cogact_freq"
"5096","BRD3OS","Inh PVALB CA8 (Chandelier)",-0.0589120777893038,4.33384813208103,0.472630046417929,0.492770323963331,0.999998866570966,0.999994427475806,"ya_adult_cogact_freq"
"5097","BRD3","Inh PVALB CA8 (Chandelier)",-1.78389551501316e-06,5.12030051564756,3.86339842684239e-06,0.998434153534254,0.999998866570966,0.999994427475806,"ya_adult_cogact_freq"
"5098","WDR5","Inh PVALB CA8 (Chandelier)",-0.05682710091245,5.07503258857515,0.785536443737951,0.376777098764101,0.999998866570966,0.999994427475806,"ya_adult_cogact_freq"
"5099","RXRA","Inh PVALB CA8 (Chandelier)",-0.0369342120841243,5.4011049176501,0.370492529469819,0.543595007054667,0.999998866570966,0.999994427475806,"ya_adult_cogact_freq"
"5100","COL5A1","Inh PVALB CA8 (Chandelier)",-0.0579489589346283,6.37430109472865,0.718819675637461,0.397791849534734,0.999998866570966,0.999994427475806,"ya_adult_cogact_freq"
"5101","OLFM1","Inh PVALB CA8 (Chandelier)",-0.0331864124058168,7.07426258118645,0.37858293398425,0.539232613583789,0.999998866570966,0.999994427475806,"ya_adult_cogact_freq"
"5102","KCNT1","Inh PVALB CA8 (Chandelier)",-0.0247172630796959,7.43648256508626,0.313467675265503,0.576339313018653,0.999998866570966,0.999994427475806,"ya_adult_cogact_freq"
"5103","CAMSAP1","Inh PVALB CA8 (Chandelier)",-0.0332862714888293,6.23022054045329,0.692424819810894,0.421793251884389,0.999998866570966,0.999994427475806,"ya_adult_cogact_freq"
"5104","UBAC1","Inh PVALB CA8 (Chandelier)",-0.0159788702674961,6.02405878090659,0.086966179542254,0.768450533011823,0.999998866570966,0.999994427475806,"ya_adult_cogact_freq"
"5105","NACC2","Inh PVALB CA8 (Chandelier)",-0.0264744308187498,8.03453954584136,0.482757311306015,0.488178974735919,0.999998866570966,0.999994427475806,"ya_adult_cogact_freq"
"5106","QSOX2","Inh PVALB CA8 (Chandelier)",-0.0930135099220879,4.90618048807459,1.62352819497318,0.204439361217304,0.999998866570966,0.999994427475806,"ya_adult_cogact_freq"
"5107","GPSM1","Inh PVALB CA8 (Chandelier)",0.0712446947016841,4.85157348625055,1.06178275655365,0.304356669235231,0.999998866570966,0.999994427475806,"ya_adult_cogact_freq"
"5108","SNAPC4","Inh PVALB CA8 (Chandelier)",0.086060094369533,4.35002371066045,1.24727553069559,0.265739827512149,0.999998866570966,0.999994427475806,"ya_adult_cogact_freq"
"5109","ENTR1","Inh PVALB CA8 (Chandelier)",-0.00771151364413934,4.68493987003126,0.00860112809507501,0.926223789388821,0.999998866570966,0.999994427475806,"ya_adult_cogact_freq"
"5110","PMPCA","Inh PVALB CA8 (Chandelier)",-0.107969718776719,4.38318095578696,2.11017308374097,0.148271775756082,0.999998866570966,0.999994427475806,"ya_adult_cogact_freq"
"5111","INPP5E","Inh PVALB CA8 (Chandelier)",0.130795390574818,4.4405168040496,2.04580427207539,0.154567001721612,0.999998866570966,0.999994427475806,"ya_adult_cogact_freq"
"5112","SEC16A","Inh PVALB CA8 (Chandelier)",-0.101634927631917,4.88051714867979,1.87585061213281,0.172716548924478,0.999998866570966,0.999994427475806,"ya_adult_cogact_freq"
"5113","FAM69B","Inh PVALB CA8 (Chandelier)",0.0151507105059545,4.65569461705523,0.0372696573698411,0.945456520490874,0.999998866570966,0.999994427475806,"ya_adult_cogact_freq"
"5114","SNHG7","Inh PVALB CA8 (Chandelier)",-0.205225105237134,4.41072821187301,3.45220299706134,0.064996287459771,0.999998866570966,0.999994427475806,"ya_adult_cogact_freq"
"5115","RABL6","Inh PVALB CA8 (Chandelier)",0.0278540884560797,6.23154895319526,0.337810883955038,0.629196100465418,0.999998866570966,0.999994427475806,"ya_adult_cogact_freq"
"5116","AJM1","Inh PVALB CA8 (Chandelier)",-0.0758239284087779,4.45727059574766,0.562696619541244,0.454272175743997,0.999998866570966,0.999994427475806,"ya_adult_cogact_freq"
"5117","PHPT1","Inh PVALB CA8 (Chandelier)",-0.059241500168233,4.14647463703927,0.259600157550133,0.611093666561515,0.999998866570966,0.999994427475806,"ya_adult_cogact_freq"
"5118","EDF1","Inh PVALB CA8 (Chandelier)",-0.106146600903913,4.54042346127996,1.0320810981979,0.311196855222162,0.999998866570966,0.999994427475806,"ya_adult_cogact_freq"
"5119","FBXW5","Inh PVALB CA8 (Chandelier)",-0.010496165913706,4.49662449095568,0.0139038909924618,0.90628239129979,0.999998866570966,0.999994427475806,"ya_adult_cogact_freq"
"5120","LCNL1","Inh PVALB CA8 (Chandelier)",0.0843923633344859,4.44911086324267,0.360755787597897,0.548932605785178,0.999998866570966,0.999994427475806,"ya_adult_cogact_freq"
"5121","PAXX","Inh PVALB CA8 (Chandelier)",-0.10671499910598,4.38102372152495,1.21093462222481,0.272792083214423,0.999998866570966,0.999994427475806,"ya_adult_cogact_freq"
"5122","ABCA2","Inh PVALB CA8 (Chandelier)",-0.00562240984526149,5.3042348140567,0.00790694487923766,0.929255367611991,0.999998866570966,0.999994427475806,"ya_adult_cogact_freq"
"5123","MAN1B1","Inh PVALB CA8 (Chandelier)",0.123031019604259,4.30671640087757,1.85185412819105,0.175472547162152,0.999998866570966,0.999994427475806,"ya_adult_cogact_freq"
"5124","DPP7","Inh PVALB CA8 (Chandelier)",-0.0946685934964146,5.62147452033368,2.22543721135707,0.137713906886728,0.999998866570966,0.999994427475806,"ya_adult_cogact_freq"
"5125","GRIN1","Inh PVALB CA8 (Chandelier)",0.0424472202317783,7.82111095839367,0.894177667704188,0.345766773458883,0.999998866570966,0.999994427475806,"ya_adult_cogact_freq"
"5126","ANAPC2","Inh PVALB CA8 (Chandelier)",0.130140932582481,3.37610281174478,0.755892757628153,0.385913125916514,0.999998866570966,0.999994427475806,"ya_adult_cogact_freq"
"5127","SSNA1","Inh PVALB CA8 (Chandelier)",-0.161741566573535,3.9756658633588,1.81691927524177,0.179576707641405,0.999998866570966,0.999994427475806,"ya_adult_cogact_freq"
"5128","TPRN","Inh PVALB CA8 (Chandelier)",-0.134615536030865,4.07949577196854,1.93288392015922,0.166365067295815,0.999998866570966,0.999994427475806,"ya_adult_cogact_freq"
"5129","RNF208","Inh PVALB CA8 (Chandelier)",0.200208147161562,4.96095310509076,4.81949285223955,0.0295728149367627,0.999998866570966,0.999994427475806,"ya_adult_cogact_freq"
"5130","TUBB4B","Inh PVALB CA8 (Chandelier)",-0.0302690483938492,5.11997288132978,0.0936819346393758,0.759943510446304,0.999998866570966,0.999994427475806,"ya_adult_cogact_freq"
"5131","NELFB","Inh PVALB CA8 (Chandelier)",-0.00310636924444659,4.40172467300917,0.00144948008812164,0.969677481031908,0.999998866570966,0.999994427475806,"ya_adult_cogact_freq"
"5132","EXD3","Inh PVALB CA8 (Chandelier)",0.0111080262396268,5.83024538561031,0.040462794515675,0.840832702638574,0.999998866570966,0.999994427475806,"ya_adult_cogact_freq"
"5133","NOXA1","Inh PVALB CA8 (Chandelier)",-0.0942905863999772,4.99690332419742,1.09314799120098,0.297344259487354,0.999998866570966,0.999994427475806,"ya_adult_cogact_freq"
"5134","NSMF","Inh PVALB CA8 (Chandelier)",0.0249592843052439,4.60769976393372,0.107876758717379,0.743001900761448,0.999998866570966,0.999994427475806,"ya_adult_cogact_freq"
"5135","PNPLA7","Inh PVALB CA8 (Chandelier)",-0.0310805706264092,4.97700873327239,0.147692273158699,0.701258386747246,0.999998866570966,0.999994427475806,"ya_adult_cogact_freq"
"5136","MRPL41","Inh PVALB CA8 (Chandelier)",0.0337872690991505,6.37956295072353,0.190595534645864,0.663007187238676,0.999998866570966,0.999994427475806,"ya_adult_cogact_freq"
"5137","DPH7","Inh PVALB CA8 (Chandelier)",-0.150809502703701,4.65445894362283,3.98191368045138,0.047680534542895,0.999998866570966,0.999994427475806,"ya_adult_cogact_freq"
"5138","EHMT1","Inh PVALB CA8 (Chandelier)",-0.0160734008025402,7.16077607938747,0.153539293375329,0.695694696916723,0.999998866570966,0.999994427475806,"ya_adult_cogact_freq"
"5139","CACNA1B","Inh PVALB CA8 (Chandelier)",0.00708015250567891,8.9456130677018,0.0444329383242758,0.83331713573143,0.999998866570966,0.999994427475806,"ya_adult_cogact_freq"
"5140","BET1L","Inh PVALB CA8 (Chandelier)",-0.0749247793290764,4.19075460922431,0.597656921697589,0.440608595399192,0.999998866570966,0.999994427475806,"ya_adult_cogact_freq"
"5141","SIRT3","Inh PVALB CA8 (Chandelier)",0.0650543479307387,4.80816628654511,0.857246837563419,0.355898080639972,0.999998866570966,0.999994427475806,"ya_adult_cogact_freq"
"5142","PSMD13","Inh PVALB CA8 (Chandelier)",0.00198728072340028,4.74242083780128,0.000708389698054081,0.978799347115508,0.999998866570966,0.999994427475806,"ya_adult_cogact_freq"
"5143","B4GALNT4","Inh PVALB CA8 (Chandelier)",0.0245974319487735,5.58239227646662,0.150313033504182,0.698749228955754,0.999998866570966,0.999994427475806,"ya_adult_cogact_freq"
"5144","PTDSS2","Inh PVALB CA8 (Chandelier)",0.0850601227285057,5.03162103376003,1.7472155003535,0.188104969446571,0.999998866570966,0.999994427475806,"ya_adult_cogact_freq"
"5145","RNH1","Inh PVALB CA8 (Chandelier)",-0.176041184545676,4.51845946943139,3.93365205154224,0.0490320899929983,0.999998866570966,0.999994427475806,"ya_adult_cogact_freq"
"5146","HRAS","Inh PVALB CA8 (Chandelier)",-0.074471221779755,4.25388785543828,0.558883055164783,0.455802728979263,0.999998866570966,0.999994427475806,"ya_adult_cogact_freq"
"5147","PHRF1","Inh PVALB CA8 (Chandelier)",0.0802517491545675,4.32366558651178,0.918410969215094,0.339331551119576,0.999998866570966,0.999994427475806,"ya_adult_cogact_freq"
"5148","DEAF1","Inh PVALB CA8 (Chandelier)",0.0538583813380938,5.89571287176144,1.19430874357412,0.27609705935834,0.999998866570966,0.999994427475806,"ya_adult_cogact_freq"
"5149","TALDO1","Inh PVALB CA8 (Chandelier)",-0.0241355121289888,4.19643994538175,0.0678860689493884,0.794773328512405,0.999998866570966,0.999994427475806,"ya_adult_cogact_freq"
"5150","GATD1","Inh PVALB CA8 (Chandelier)",-0.00656687488147456,4.4483393163137,0.00678028932341337,0.93447678088594,0.999998866570966,0.999994427475806,"ya_adult_cogact_freq"
"5151","AP006621.3","Inh PVALB CA8 (Chandelier)",-0.132182718666197,4.36075863846842,1.91777261629529,0.168021241507465,0.999998866570966,0.999994427475806,"ya_adult_cogact_freq"
"5152","CEND1","Inh PVALB CA8 (Chandelier)",-0.0434323971295923,6.50850027153995,0.285493760542805,0.593860937116898,0.999998866570966,0.999994427475806,"ya_adult_cogact_freq"
"5153","SLC25A22","Inh PVALB CA8 (Chandelier)",-0.0902777537552353,4.26234978426278,0.958063329029154,0.329145940932843,0.999998866570966,0.999994427475806,"ya_adult_cogact_freq"
"5154","PIDD1","Inh PVALB CA8 (Chandelier)",-0.172726602440015,4.4288028839143,3.55761166185048,0.0610763773906395,0.999998866570966,0.999994427475806,"ya_adult_cogact_freq"
"5155","RPLP2","Inh PVALB CA8 (Chandelier)",-0.184502054435391,4.66210143868033,3.92852217213475,0.0491781343028649,0.999998866570966,0.999994427475806,"ya_adult_cogact_freq"
"5156","CHID1","Inh PVALB CA8 (Chandelier)",-0.0492183011557912,4.22725996787578,0.271715907112353,0.602900351984694,0.999998866570966,0.999994427475806,"ya_adult_cogact_freq"
"5157","AP2A2","Inh PVALB CA8 (Chandelier)",-0.00185664518420301,6.38460818987101,0.00156802323406016,0.96846253625396,0.999998866570966,0.999994427475806,"ya_adult_cogact_freq"
"5158","TOLLIP","Inh PVALB CA8 (Chandelier)",0.0271746351876741,5.51144592817928,0.187621510830253,0.665484220762977,0.999998866570966,0.999994427475806,"ya_adult_cogact_freq"
"5159","BRSK2","Inh PVALB CA8 (Chandelier)",0.00521772751146821,5.73035969137064,0.0110262056840177,0.916502149456594,0.999998866570966,0.999994427475806,"ya_adult_cogact_freq"
"5160","MOB2","Inh PVALB CA8 (Chandelier)",-0.151423485777762,4.64056972363487,2.90469871118452,0.0902536476995912,0.999998866570966,0.999994427475806,"ya_adult_cogact_freq"
"5161","DUSP8","Inh PVALB CA8 (Chandelier)",-0.013413128864247,6.11456237934311,0.0438125256263955,0.834467797155627,0.999998866570966,0.999994427475806,"ya_adult_cogact_freq"
"5162","KRTAP5-AS1","Inh PVALB CA8 (Chandelier)",-0.0556045649164681,6.00248824399072,0.806747973135645,0.370426684418041,0.999998866570966,0.999994427475806,"ya_adult_cogact_freq"
"5163","MRPL23","Inh PVALB CA8 (Chandelier)",-0.00533279864650714,4.2261715518577,0.00225945990905294,0.962146809400159,0.999998866570966,0.999994427475806,"ya_adult_cogact_freq"
"5164","CD81-AS1","Inh PVALB CA8 (Chandelier)",0.0842986763639688,4.5489084680758,0.627361012841852,0.429492144509142,0.999998866570966,0.999994427475806,"ya_adult_cogact_freq"
"5165","CD81","Inh PVALB CA8 (Chandelier)",-0.167530647109996,5.22379759919724,2.93535061231951,0.0885875015705926,0.999998866570966,0.999994427475806,"ya_adult_cogact_freq"
"5166","KCNQ1OT1","Inh PVALB CA8 (Chandelier)",0.0246975554674206,6.42372246992453,0.0951278591607259,0.758155931435455,0.999998866570966,0.999994427475806,"ya_adult_cogact_freq"
"5167","NAP1L4","Inh PVALB CA8 (Chandelier)",-0.0237824950064695,6.56015679987281,0.39492166601716,0.590436060306929,0.999998866570966,0.999994427475806,"ya_adult_cogact_freq"
"5168","CARS","Inh PVALB CA8 (Chandelier)",0.0224773321434101,5.7747974800514,0.0981905149579843,0.75441816294202,0.999998866570966,0.999994427475806,"ya_adult_cogact_freq"
"5169","OSBPL5","Inh PVALB CA8 (Chandelier)",0.0293294590621295,4.93050510801486,0.18726016015087,0.665786772713962,0.999998866570966,0.999994427475806,"ya_adult_cogact_freq"
"5170","ZNF195","Inh PVALB CA8 (Chandelier)",0.142259294617435,5.05734253711573,4.19721844099204,0.0421162831383764,0.999998866570966,0.999994427475806,"ya_adult_cogact_freq"
"5171","AC127526.1","Inh PVALB CA8 (Chandelier)",0.0397379937476008,4.4680303893453,0.220099480389803,0.639599740398854,0.999998866570966,0.999994427475806,"ya_adult_cogact_freq"
"5172","NUP98","Inh PVALB CA8 (Chandelier)",-0.0736557338351751,5.80626951523714,2.06100818962666,0.153052981440914,0.999998866570966,0.999994427475806,"ya_adult_cogact_freq"
"5173","PGAP2","Inh PVALB CA8 (Chandelier)",-0.0928313414982109,4.33597460413388,0.923522554590149,0.337994912549298,0.999998866570966,0.999994427475806,"ya_adult_cogact_freq"
"5174","STIM1","Inh PVALB CA8 (Chandelier)",-0.0450180685375035,6.67843933364288,1.07113209913076,0.302244168236601,0.999998866570966,0.999994427475806,"ya_adult_cogact_freq"
"5175","RRM1","Inh PVALB CA8 (Chandelier)",-0.0655869008047891,4.13962056264194,0.437983961769854,0.509044603579189,0.999998866570966,0.999994427475806,"ya_adult_cogact_freq"
"5176","MMP26","Inh PVALB CA8 (Chandelier)",-0.056729487074799,3.08417838981561,0.047218643362474,0.828251252327362,0.999998866570966,0.999994427475806,"ya_adult_cogact_freq"
"5177","AC104389.4","Inh PVALB CA8 (Chandelier)",-0.018037382827483,3.00894340787638,0.00905293045791627,0.924316647225793,0.999998866570966,0.999994427475806,"ya_adult_cogact_freq"
"5178","FAM160A2","Inh PVALB CA8 (Chandelier)",-0.0371333138112761,4.13111680002009,0.128118902706647,0.72085997308036,0.999998866570966,0.999994427475806,"ya_adult_cogact_freq"
"5179","APBB1","Inh PVALB CA8 (Chandelier)",0.0041706407188051,6.46864814419782,0.00801836480304562,0.928759995543249,0.999998866570966,0.999994427475806,"ya_adult_cogact_freq"
"5180","TRIM3","Inh PVALB CA8 (Chandelier)",0.058127317940745,4.12654565567542,0.334929838193162,0.56358046001551,0.999998866570966,0.999994427475806,"ya_adult_cogact_freq"
"5181","AC084337.2","Inh PVALB CA8 (Chandelier)",0.0912633072490131,5.11214623773589,1.82929890430234,0.17810969377561,0.999998866570966,0.999994427475806,"ya_adult_cogact_freq"
"5182","DNHD1","Inh PVALB CA8 (Chandelier)",-0.0332627510593067,5.10701110969396,0.187711127540284,0.665409240017842,0.999998866570966,0.999994427475806,"ya_adult_cogact_freq"
"5183","ILK","Inh PVALB CA8 (Chandelier)",-0.0690450009624701,4.54581080747494,0.681004006575104,0.410464054455141,0.999998866570966,0.999994427475806,"ya_adult_cogact_freq"
"5184","TPP1","Inh PVALB CA8 (Chandelier)",0.00530499040746293,4.11130282805294,0.00241043698808955,0.960903572881837,0.999998866570966,0.999994427475806,"ya_adult_cogact_freq"
"5185","DCHS1","Inh PVALB CA8 (Chandelier)",-0.061227345686466,4.26116630164532,0.355552782002162,0.551825207688866,0.999998866570966,0.999994427475806,"ya_adult_cogact_freq"
"5186","EIF3F","Inh PVALB CA8 (Chandelier)",-0.0396428535195183,4.92016242139694,0.354517939259079,0.552403948949573,0.999998866570966,0.999994427475806,"ya_adult_cogact_freq"
"5187","TUB","Inh PVALB CA8 (Chandelier)",-0.106990156254174,5.43331858233344,1.91401220089934,0.168436330635543,0.999998866570966,0.999994427475806,"ya_adult_cogact_freq"
"5188","RIC3","Inh PVALB CA8 (Chandelier)",-0.0820474667314322,6.24292294497965,2.60691342254951,0.108359645002227,0.999998866570966,0.999994427475806,"ya_adult_cogact_freq"
"5189","TRIM66","Inh PVALB CA8 (Chandelier)",-0.0461760012608527,4.49782575733874,0.284494043044028,0.594507303812845,0.999998866570966,0.999994427475806,"ya_adult_cogact_freq"
"5190","RPL27A","Inh PVALB CA8 (Chandelier)",0.159707188724003,4.37003920558372,2.47152201344996,0.117891635269573,0.999998866570966,0.999994427475806,"ya_adult_cogact_freq"
"5191","ST5","Inh PVALB CA8 (Chandelier)",-0.023867661422737,5.14805195510126,0.0974791435118862,0.755280575267403,0.999998866570966,0.999994427475806,"ya_adult_cogact_freq"
"5192","AKIP1","Inh PVALB CA8 (Chandelier)",0.0242281280280542,4.19713044138248,0.0636509230264843,0.80113814165187,0.999998866570966,0.999994427475806,"ya_adult_cogact_freq"
"5193","TMEM9B","Inh PVALB CA8 (Chandelier)",0.032645358167908,4.36569025950974,0.0954780703542635,0.757725212075827,0.999998866570966,0.999994427475806,"ya_adult_cogact_freq"
"5194","NRIP3","Inh PVALB CA8 (Chandelier)",-0.013043467783861,5.59247870826471,0.0517074712255713,0.961092379148122,0.999998866570966,0.999994427475806,"ya_adult_cogact_freq"
"5195","AC079296.1","Inh PVALB CA8 (Chandelier)",-0.148972282587834,5.01877909463207,3.8197347847611,0.0523871048520628,0.999998866570966,0.999994427475806,"ya_adult_cogact_freq"
"5196","SCUBE2","Inh PVALB CA8 (Chandelier)",0.0642496381000415,4.70260593059953,0.50172628727463,0.479768349129767,0.999998866570966,0.999994427475806,"ya_adult_cogact_freq"
"5197","DENND5A","Inh PVALB CA8 (Chandelier)",-0.00601499938019461,7.06760331763777,0.0192830231311751,0.889731948154656,0.999998866570966,0.999994427475806,"ya_adult_cogact_freq"
"5198","TMEM41B","Inh PVALB CA8 (Chandelier)",0.0895688673526472,5.92187723011403,2.23671004638916,0.136727902212861,0.999998866570966,0.999994427475806,"ya_adult_cogact_freq"
"5199","IPO7","Inh PVALB CA8 (Chandelier)",-0.0011666092436202,6.08723934948176,0.000539243488336079,0.981502293251448,0.999998866570966,0.999994427475806,"ya_adult_cogact_freq"
"5200","ZNF143","Inh PVALB CA8 (Chandelier)",0.0342849438444803,4.15199984026337,0.143629190653941,0.738007469262032,0.999998866570966,0.999994427475806,"ya_adult_cogact_freq"
"5201","SBF2-AS1","Inh PVALB CA8 (Chandelier)",0.00631507471503475,4.61146719929108,0.005556928418583,0.940669564127905,0.999998866570966,0.999994427475806,"ya_adult_cogact_freq"
"5202","SBF2","Inh PVALB CA8 (Chandelier)",0.00558561084637945,8.54186015498183,0.0320487427356738,0.858146138077618,0.999998866570966,0.999994427475806,"ya_adult_cogact_freq"
"5203","AC011092.2","Inh PVALB CA8 (Chandelier)",-0.376165979846427,3.67430757119853,6.41031191136869,0.0123052148964295,0.999998866570966,0.999994427475806,"ya_adult_cogact_freq"
"5204","MTRNR2L8","Inh PVALB CA8 (Chandelier)",0.261256507359775,5.09279766001926,1.71488865279782,0.192220713877833,0.999998866570966,0.999994427475806,"ya_adult_cogact_freq"
"5205","RNF141","Inh PVALB CA8 (Chandelier)",-0.0778352020251515,3.91313119324572,0.453986256052715,0.501415583861275,0.999998866570966,0.999994427475806,"ya_adult_cogact_freq"
"5206","CTR9","Inh PVALB CA8 (Chandelier)",0.0711648533432875,4.52044366216489,0.840398708318992,0.36065591621845,0.999998866570966,0.999994427475806,"ya_adult_cogact_freq"
"5207","EIF4G2","Inh PVALB CA8 (Chandelier)",-0.0907916274934764,5.77715269574294,1.7120402655645,0.192588409890687,0.999998866570966,0.999994427475806,"ya_adult_cogact_freq"
"5208","ZBED5","Inh PVALB CA8 (Chandelier)",0.0782107694835373,5.99174762321476,1.57769128135872,0.210915847308608,0.999998866570966,0.999994427475806,"ya_adult_cogact_freq"
"5209","GALNT18","Inh PVALB CA8 (Chandelier)",0.0369659127877392,4.47866540057789,0.0609359758814223,0.805337601582917,0.999998866570966,0.999994427475806,"ya_adult_cogact_freq"
"5210","USP47","Inh PVALB CA8 (Chandelier)",0.0442127586637306,7.57481501803692,1.38145766245671,0.241590789000377,0.999998866570966,0.999994427475806,"ya_adult_cogact_freq"
"5211","DKK3","Inh PVALB CA8 (Chandelier)",-0.064318092211347,6.79354150414252,2.16436926538189,0.143197249798292,0.999998866570966,0.999994427475806,"ya_adult_cogact_freq"
"5212","MICAL2","Inh PVALB CA8 (Chandelier)",-0.0490885137621596,8.09156024332327,2.29761503410571,0.131536585506881,0.999998866570966,0.999994427475806,"ya_adult_cogact_freq"
"5213","PARVA","Inh PVALB CA8 (Chandelier)",0.0186022700111853,6.12042561368525,0.132823066053584,0.716001684078347,0.999998866570966,0.999994427475806,"ya_adult_cogact_freq"
"5214","TEAD1","Inh PVALB CA8 (Chandelier)",-0.000177409985237233,8.4668911633357,2.34721325955645e-05,0.99614042687319,0.999998866570966,0.999994427475806,"ya_adult_cogact_freq"
"5215","ARNTL","Inh PVALB CA8 (Chandelier)",-0.10772274086251,6.27248539371304,4.54568655940538,0.0345208448520592,0.999998866570966,0.999994427475806,"ya_adult_cogact_freq"
"5216","BTBD10","Inh PVALB CA8 (Chandelier)",-0.0201958910251519,6.22596577456952,0.241052178530743,0.624116743364378,0.999998866570966,0.999994427475806,"ya_adult_cogact_freq"
"5217","FAR1","Inh PVALB CA8 (Chandelier)",-0.0560303339257984,6.65004587518663,2.33655193442828,0.128334170874694,0.999998866570966,0.999994427475806,"ya_adult_cogact_freq"
"5218","COPB1","Inh PVALB CA8 (Chandelier)",0.0226216694606007,5.35299517860966,0.162325156538638,0.687560032184445,0.999998866570966,0.999994427475806,"ya_adult_cogact_freq"
"5219","PSMA1","Inh PVALB CA8 (Chandelier)",-0.0635623589292541,4.45449609894388,0.324577101797692,0.569665106369837,0.999998866570966,0.999994427475806,"ya_adult_cogact_freq"
"5220","PDE3B","Inh PVALB CA8 (Chandelier)",0.027335979042362,6.20705501964034,0.131596650254699,0.717258773280647,0.999998866570966,0.999994427475806,"ya_adult_cogact_freq"
"5221","SOX6","Inh PVALB CA8 (Chandelier)",0.0133446128707965,9.45927804518192,0.106393685343956,0.744712045942039,0.999998866570966,0.999994427475806,"ya_adult_cogact_freq"
"5222","C11orf58","Inh PVALB CA8 (Chandelier)",0.00281302803078127,6.64785775081422,0.00413538257589819,0.948805718727088,0.999998866570966,0.999994427475806,"ya_adult_cogact_freq"
"5223","PLEKHA7","Inh PVALB CA8 (Chandelier)",-0.0289520233417849,6.2397210836622,0.384766746893853,0.568243019339907,0.999998866570966,0.999994427475806,"ya_adult_cogact_freq"
"5224","RPS13","Inh PVALB CA8 (Chandelier)",-0.222042286704251,4.28142779145439,2.84510999949985,0.0935918263799068,0.999998866570966,0.999994427475806,"ya_adult_cogact_freq"
"5225","PIK3C2A","Inh PVALB CA8 (Chandelier)",-0.0588733061364848,6.93028078634925,1.6417049189709,0.201936775255756,0.999998866570966,0.999994427475806,"ya_adult_cogact_freq"
"5226","NUCB2","Inh PVALB CA8 (Chandelier)",0.0349691068486724,5.45301995759605,0.396340997049673,0.689114414864863,0.999998866570966,0.999994427475806,"ya_adult_cogact_freq"
"5227","NCR3LG1","Inh PVALB CA8 (Chandelier)",-0.0281557295567305,5.27360339944906,0.176903807417985,0.674609356724736,0.999998866570966,0.999994427475806,"ya_adult_cogact_freq"
"5228","AC124798.1","Inh PVALB CA8 (Chandelier)",-0.110968252672384,4.26614938467503,1.26682553428301,0.262040538645475,0.999998866570966,0.999994427475806,"ya_adult_cogact_freq"
"5229","ABCC8","Inh PVALB CA8 (Chandelier)",0.00381279886929863,5.31979499073842,0.00289582383592049,0.957151077116,0.999998866570966,0.999994427475806,"ya_adult_cogact_freq"
"5230","KCNC1","Inh PVALB CA8 (Chandelier)",-0.0243902390498947,8.21626958793396,0.276487849222903,0.599737060983323,0.999998866570966,0.999994427475806,"ya_adult_cogact_freq"
"5231","SERGEF","Inh PVALB CA8 (Chandelier)",-0.00878330209154899,6.93843878771321,0.0573190326929231,0.938134512558228,0.999998866570966,0.999994427475806,"ya_adult_cogact_freq"
"5232","HPS5","Inh PVALB CA8 (Chandelier)",0.0182322100375509,4.7359707582301,0.0570809168183591,0.811474912280048,0.999998866570966,0.999994427475806,"ya_adult_cogact_freq"
"5233","GTF2H1","Inh PVALB CA8 (Chandelier)",0.0109817488083884,5.06447079488446,0.0308157992597318,0.860872880507849,0.999998866570966,0.999994427475806,"ya_adult_cogact_freq"
"5234","LDHA","Inh PVALB CA8 (Chandelier)",0.0197635158861113,4.52953180350872,0.0308387523401289,0.860821609356113,0.999998866570966,0.999994427475806,"ya_adult_cogact_freq"
"5235","TSG101","Inh PVALB CA8 (Chandelier)",0.00728488580910177,5.66927426243262,0.0187125881690843,0.902630989312157,0.999998866570966,0.999994427475806,"ya_adult_cogact_freq"
"5236","UEVLD","Inh PVALB CA8 (Chandelier)",-0.0814227617130696,4.43444015320089,0.495869234775215,0.482339553923543,0.999998866570966,0.999994427475806,"ya_adult_cogact_freq"
"5237","PTPN5","Inh PVALB CA8 (Chandelier)",0.022666217809262,6.29628938522761,0.208964352904671,0.648197450831923,0.999998866570966,0.999994427475806,"ya_adult_cogact_freq"
"5238","ZDHHC13","Inh PVALB CA8 (Chandelier)",0.0281198310917678,5.44597119631065,0.26343401050732,0.735468403930923,0.999998866570966,0.999994427475806,"ya_adult_cogact_freq"
"5239","NAV2","Inh PVALB CA8 (Chandelier)",-0.017353763895643,8.30898615570825,0.137656426019507,0.711110505596856,0.999998866570966,0.999994427475806,"ya_adult_cogact_freq"
"5240","HTATIP2","Inh PVALB CA8 (Chandelier)",-0.0541248681299045,4.14173468009392,0.297441119373336,0.586246950033336,0.999998866570966,0.999994427475806,"ya_adult_cogact_freq"
"5241","PRMT3","Inh PVALB CA8 (Chandelier)",0.0725824360107431,5.87441028522032,1.98791762527793,0.160490493122972,0.999998866570966,0.999994427475806,"ya_adult_cogact_freq"
"5242","NELL1","Inh PVALB CA8 (Chandelier)",0.225093302323489,3.62479899013689,2.4553133591426,0.119094026619463,0.999998866570966,0.999994427475806,"ya_adult_cogact_freq"
"5243","ANO5","Inh PVALB CA8 (Chandelier)",0.085055132143916,6.83438690777037,3.48507678453086,0.0637455007223642,0.999998866570966,0.999994427475806,"ya_adult_cogact_freq"
"5244","GAS2","Inh PVALB CA8 (Chandelier)",0.0513894517963735,6.16959050572863,0.69227856799123,0.406624639049428,0.999998866570966,0.999994427475806,"ya_adult_cogact_freq"
"5245","SVIP","Inh PVALB CA8 (Chandelier)",0.150380637070133,3.80263316466755,1.57285001814216,0.211614076727653,0.999998866570966,0.999994427475806,"ya_adult_cogact_freq"
"5246","AC006299.1","Inh PVALB CA8 (Chandelier)",0.0606257792932503,4.02985955667315,0.250413982794653,0.617468075737619,0.999998866570966,0.999994427475806,"ya_adult_cogact_freq"
"5247","LUZP2","Inh PVALB CA8 (Chandelier)",0.00181953233567565,8.8954753532825,0.00163841965374669,0.967762751576789,0.999998866570966,0.999994427475806,"ya_adult_cogact_freq"
"5248","BBOX1-AS1","Inh PVALB CA8 (Chandelier)",0.0181801374847904,5.54975095000612,0.0330353285637826,0.856002999121212,0.999998866570966,0.999994427475806,"ya_adult_cogact_freq"
"5249","CCDC34","Inh PVALB CA8 (Chandelier)",0.0250094014329592,5.26336984258284,0.0990869842247066,0.753336226417963,0.999998866570966,0.999994427475806,"ya_adult_cogact_freq"
"5250","LGR4","Inh PVALB CA8 (Chandelier)",0.0055554357577187,6.94777094562433,0.0163541554015026,0.898401102707049,0.999998866570966,0.999994427475806,"ya_adult_cogact_freq"
"5251","LIN7C","Inh PVALB CA8 (Chandelier)",0.0402511496605635,4.84040966558444,0.227769868902842,0.633830551425696,0.999998866570966,0.999994427475806,"ya_adult_cogact_freq"
"5252","BDNF-AS","Inh PVALB CA8 (Chandelier)",-0.00127792764098332,4.9016446686164,0.000161948823200322,0.989862244525345,0.999998866570966,0.999994427475806,"ya_adult_cogact_freq"
"5253","METTL15","Inh PVALB CA8 (Chandelier)",-0.002391655543741,6.74115484387347,0.00391825898422866,0.954394841447898,0.999998866570966,0.999994427475806,"ya_adult_cogact_freq"
"5254","ARL14EP","Inh PVALB CA8 (Chandelier)",-0.0413182281182828,5.01133664881945,0.435965571435992,0.510021083945768,0.999998866570966,0.999994427475806,"ya_adult_cogact_freq"
"5255","MPPED2","Inh PVALB CA8 (Chandelier)",0.0209051302747133,6.80238205626494,0.247101385654521,0.619802645755789,0.999998866570966,0.999994427475806,"ya_adult_cogact_freq"
"5256","DCDC1","Inh PVALB CA8 (Chandelier)",0.176602402333833,3.55314039253184,1.57275389116209,0.211627968546873,0.999998866570966,0.999994427475806,"ya_adult_cogact_freq"
"5257","DNAJC24","Inh PVALB CA8 (Chandelier)",-0.108921776640513,4.89049159698582,2.26867515954213,0.180992063957641,0.999998866570966,0.999994427475806,"ya_adult_cogact_freq"
"5258","IMMP1L","Inh PVALB CA8 (Chandelier)",-0.0880239056698179,5.78612981250305,1.95843363923006,0.163607505149501,0.999998866570966,0.999994427475806,"ya_adult_cogact_freq"
"5259","ELP4","Inh PVALB CA8 (Chandelier)",0.0275743235647674,6.81493229309576,0.247416993835332,0.619579379727723,0.999998866570966,0.999994427475806,"ya_adult_cogact_freq"
"5260","EIF3M","Inh PVALB CA8 (Chandelier)",-0.0753122728712483,5.65258283530559,1.87688822882852,0.172598515847088,0.999998866570966,0.999994427475806,"ya_adult_cogact_freq"
"5261","QSER1","Inh PVALB CA8 (Chandelier)",0.11634599108917,6.30412758625629,6.74487174224845,0.010273932519098,0.999998866570966,0.999994427475806,"ya_adult_cogact_freq"
"5262","TCP11L1","Inh PVALB CA8 (Chandelier)",0.0075764794966051,5.49306009683553,0.0198369248662952,0.888169805194979,0.999998866570966,0.999994427475806,"ya_adult_cogact_freq"
"5263","CSTF3","Inh PVALB CA8 (Chandelier)",0.054128795333901,6.14002989699733,1.13912354153949,0.287437713865061,0.999998866570966,0.999994427475806,"ya_adult_cogact_freq"
"5264","HIPK3","Inh PVALB CA8 (Chandelier)",0.00470862361112036,5.76657376113784,0.00910539884819399,0.92409831077809,0.999998866570966,0.999994427475806,"ya_adult_cogact_freq"
"5265","KIAA1549L","Inh PVALB CA8 (Chandelier)",0.0651518623349832,7.09752108233588,1.56478872694227,0.212782854046717,0.999998866570966,0.999994427475806,"ya_adult_cogact_freq"
"5266","FBXO3","Inh PVALB CA8 (Chandelier)",-0.0488176875846464,5.56783446955658,0.771487993632574,0.381067967675131,0.999998866570966,0.999994427475806,"ya_adult_cogact_freq"
"5267","CAPRIN1","Inh PVALB CA8 (Chandelier)",-0.0553259053830214,5.66439797137706,1.18313883885501,0.278345949572556,0.999998866570966,0.999994427475806,"ya_adult_cogact_freq"
"5268","NAT10","Inh PVALB CA8 (Chandelier)",-0.0535987219014707,5.17435475819048,0.711786512583623,0.400104962928278,0.999998866570966,0.999994427475806,"ya_adult_cogact_freq"
"5269","APIP","Inh PVALB CA8 (Chandelier)",0.109612350701705,5.63477081617624,2.96730045406827,0.0868865449822736,0.999998866570966,0.999994427475806,"ya_adult_cogact_freq"
"5270","PDHX","Inh PVALB CA8 (Chandelier)",-0.0865179865268445,6.61624192630973,4.05127544068657,0.0458071448618029,0.999998866570966,0.999994427475806,"ya_adult_cogact_freq"
"5271","SLC1A2","Inh PVALB CA8 (Chandelier)",-0.0115229515505461,6.26048607850126,0.0217541462083262,0.882927823507289,0.999998866570966,0.999994427475806,"ya_adult_cogact_freq"
"5272","PAMR1","Inh PVALB CA8 (Chandelier)",-0.0151086102649879,6.10091057518675,0.036769742876991,0.848176588009353,0.999998866570966,0.999994427475806,"ya_adult_cogact_freq"
"5273","TRIM44","Inh PVALB CA8 (Chandelier)",-0.0324023551958118,7.78904820981439,1.41084893965389,0.236667418518139,0.999998866570966,0.999994427475806,"ya_adult_cogact_freq"
"5274","LDLRAD3","Inh PVALB CA8 (Chandelier)",-0.0457162764054128,7.0390649341696,0.860160772968853,0.355083999846898,0.999998866570966,0.999994427475806,"ya_adult_cogact_freq"
"5275","PRR5L","Inh PVALB CA8 (Chandelier)",-0.0814375669571623,3.69279443813992,0.328348771215536,0.567433618611233,0.999998866570966,0.999994427475806,"ya_adult_cogact_freq"
"5276","TRAF6","Inh PVALB CA8 (Chandelier)",0.0675311482074844,4.96732695039742,0.704960429766966,0.402368768039494,0.999998866570966,0.999994427475806,"ya_adult_cogact_freq"
"5277","C11orf74","Inh PVALB CA8 (Chandelier)",0.0993961302315552,4.24203102809157,0.771580947392227,0.381039349065575,0.999998866570966,0.999994427475806,"ya_adult_cogact_freq"
"5278","LRRC4C","Inh PVALB CA8 (Chandelier)",0.0499752438998841,11.6577082659989,2.30476151916745,0.130942140948308,0.999998866570966,0.999994427475806,"ya_adult_cogact_freq"
"5279","AC090138.1","Inh PVALB CA8 (Chandelier)",-0.16084619669879,3.29760598387884,0.781625312627588,0.377964782571326,0.999998866570966,0.999994427475806,"ya_adult_cogact_freq"
"5280","AC079917.1","Inh PVALB CA8 (Chandelier)",0.0146108911648836,3.45857984532825,0.00685973451675002,0.934094905650584,0.999998866570966,0.999994427475806,"ya_adult_cogact_freq"
"5281","API5","Inh PVALB CA8 (Chandelier)",0.0366176601248631,5.70723383562821,0.507856341830566,0.617574247605717,0.999998866570966,0.999994427475806,"ya_adult_cogact_freq"
"5282","TTC17","Inh PVALB CA8 (Chandelier)",0.0272383906125006,7.94432266703467,0.820980534056244,0.495889624156241,0.999998866570966,0.999994427475806,"ya_adult_cogact_freq"
"5283","HSD17B12","Inh PVALB CA8 (Chandelier)",0.021373317022995,6.45768137792205,0.0721822257951149,0.78853002417249,0.999998866570966,0.999994427475806,"ya_adult_cogact_freq"
"5284","ALKBH3","Inh PVALB CA8 (Chandelier)",0.0111159445529048,4.77353851631643,0.0210437836033429,0.886427875025891,0.999998866570966,0.999994427475806,"ya_adult_cogact_freq"
"5285","EXT2","Inh PVALB CA8 (Chandelier)",0.0302355957879449,5.90805168120686,0.313193264373507,0.576506129639255,0.999998866570966,0.999994427475806,"ya_adult_cogact_freq"
"5286","PRDM11","Inh PVALB CA8 (Chandelier)",-0.013920477100966,4.6233571743273,0.0369360712718784,0.93017797278969,0.999998866570966,0.999994427475806,"ya_adult_cogact_freq"
"5287","SYT13","Inh PVALB CA8 (Chandelier)",-0.0745710388257476,5.22843598055641,1.22247150474644,0.270528025387915,0.999998866570966,0.999994427475806,"ya_adult_cogact_freq"
"5288","AC103855.3","Inh PVALB CA8 (Chandelier)",-0.114341013939877,3.76851739557907,0.525612956745088,0.469511036353806,0.999998866570966,0.999994427475806,"ya_adult_cogact_freq"
"5289","CRY2","Inh PVALB CA8 (Chandelier)",-0.0648782766601637,5.91830451438947,1.41728570686349,0.23560560486093,0.999998866570966,0.999994427475806,"ya_adult_cogact_freq"
"5290","MAPK8IP1","Inh PVALB CA8 (Chandelier)",0.0326352429892847,5.37590665052581,0.209882799909331,0.64747792318539,0.999998866570966,0.999994427475806,"ya_adult_cogact_freq"
"5291","PHF21A","Inh PVALB CA8 (Chandelier)",-0.0259386989181593,7.22942299073176,0.402726283976806,0.52658670103737,0.999998866570966,0.999994427475806,"ya_adult_cogact_freq"
"5292","DGKZ","Inh PVALB CA8 (Chandelier)",-0.0271252472795591,6.30022518879027,0.426017821596994,0.514881686257178,0.999998866570966,0.999994427475806,"ya_adult_cogact_freq"
"5293","AMBRA1","Inh PVALB CA8 (Chandelier)",0.0151936406389425,6.94905971067371,0.194650070815732,0.659667033830315,0.999998866570966,0.999994427475806,"ya_adult_cogact_freq"
"5294","ATG13","Inh PVALB CA8 (Chandelier)",0.045622047459558,5.43297853786334,0.686734573499433,0.408505930575569,0.999998866570966,0.999994427475806,"ya_adult_cogact_freq"
"5295","ARHGAP1","Inh PVALB CA8 (Chandelier)",0.00756367303557953,4.90930090271164,0.0108420223573139,0.917199912728235,0.999998866570966,0.999994427475806,"ya_adult_cogact_freq"
"5296","CKAP5","Inh PVALB CA8 (Chandelier)",-0.00723618569869393,6.42510434411661,0.0306576975185193,0.887072504695921,0.999998866570966,0.999994427475806,"ya_adult_cogact_freq"
"5297","LRP4","Inh PVALB CA8 (Chandelier)",-0.0169820257122602,4.83493562578571,0.0239132421316782,0.877299835957184,0.999998866570966,0.999994427475806,"ya_adult_cogact_freq"
"5298","C11orf49","Inh PVALB CA8 (Chandelier)",0.0132510825003656,7.2182994571067,0.124623380699633,0.95845551708828,0.999998866570966,0.999994427475806,"ya_adult_cogact_freq"
"5299","ARFGAP2","Inh PVALB CA8 (Chandelier)",0.00646929732001224,4.91636136679011,0.00905872713219643,0.924292494236433,0.999998866570966,0.999994427475806,"ya_adult_cogact_freq"
"5300","NR1H3","Inh PVALB CA8 (Chandelier)",0.0344581285299219,4.42225643625935,0.138964140927284,0.709803990707158,0.999998866570966,0.999994427475806,"ya_adult_cogact_freq"
"5301","MADD","Inh PVALB CA8 (Chandelier)",-0.0499066608296384,5.92864176958234,1.15089475734697,0.284969633574647,0.999998866570966,0.999994427475806,"ya_adult_cogact_freq"
"5302","CELF1","Inh PVALB CA8 (Chandelier)",0.0302884566491331,7.58165518170899,0.909768927062075,0.341607685011158,0.999998866570966,0.999994427475806,"ya_adult_cogact_freq"
"5303","NDUFS3","Inh PVALB CA8 (Chandelier)",-0.0813327356954228,4.48740818279512,0.93583828372797,0.334803489525125,0.999998866570966,0.999994427475806,"ya_adult_cogact_freq"
"5304","C1QTNF4","Inh PVALB CA8 (Chandelier)",-0.0479389613072791,4.76407578887153,0.233437583566159,0.629643880713536,0.999998866570966,0.999994427475806,"ya_adult_cogact_freq"
"5305","MTCH2","Inh PVALB CA8 (Chandelier)",-0.0052684329090306,5.68685431678221,0.010752266504027,0.926684092257641,0.999998866570966,0.999994427475806,"ya_adult_cogact_freq"
"5306","FNBP4","Inh PVALB CA8 (Chandelier)",-0.0323208340023566,7.15584580351177,0.55543582117506,0.457193285886145,0.999998866570966,0.999994427475806,"ya_adult_cogact_freq"
"5307","NUP160","Inh PVALB CA8 (Chandelier)",0.0196953655341364,6.0522238104545,0.194137283849496,0.66008716196805,0.999998866570966,0.999994427475806,"ya_adult_cogact_freq"
"5308","PTPRJ","Inh PVALB CA8 (Chandelier)",-0.0117841898296359,6.66801775059165,0.0717716201078956,0.789117973919415,0.999998866570966,0.999994427475806,"ya_adult_cogact_freq"
"5309","SSRP1","Inh PVALB CA8 (Chandelier)",0.0752926290098504,4.41703570938359,0.69552235539488,0.405529802152653,0.999998866570966,0.999994427475806,"ya_adult_cogact_freq"
"5310","UBE2L6","Inh PVALB CA8 (Chandelier)",-0.168260926647369,3.53946276660138,1.39840689774207,0.238736478860578,0.999998866570966,0.999994427475806,"ya_adult_cogact_freq"
"5311","YPEL4","Inh PVALB CA8 (Chandelier)",-0.135304235248338,4.21802178765809,1.5947128721829,0.208482652686971,0.999998866570966,0.999994427475806,"ya_adult_cogact_freq"
"5312","ZDHHC5","Inh PVALB CA8 (Chandelier)",-0.074782391299584,4.75241940262038,0.977822926292434,0.32422283109571,0.999998866570966,0.999994427475806,"ya_adult_cogact_freq"
"5313","MED19","Inh PVALB CA8 (Chandelier)",-0.068588981988996,4.11522330011155,0.547985935925676,0.460221529720252,0.999998866570966,0.999994427475806,"ya_adult_cogact_freq"
"5314","CTNND1","Inh PVALB CA8 (Chandelier)",0.0194016595796858,5.14296278174668,0.0696165462504469,0.792233816108562,0.999998866570966,0.999994427475806,"ya_adult_cogact_freq"
"5315","LPXN","Inh PVALB CA8 (Chandelier)",-0.00387101591987874,4.12357006748439,0.00163559274233107,0.967790559215378,0.999998866570966,0.999994427475806,"ya_adult_cogact_freq"
"5316","GLYATL2","Inh PVALB CA8 (Chandelier)",0.0554065947842682,4.50269225982369,0.270489705108347,0.603718900722672,0.999998866570966,0.999994427475806,"ya_adult_cogact_freq"
"5317","DTX4","Inh PVALB CA8 (Chandelier)",-0.0075301323038609,4.43782549446378,0.00632384599959699,0.936715847353724,0.999998866570966,0.999994427475806,"ya_adult_cogact_freq"
"5318","OSBP","Inh PVALB CA8 (Chandelier)",0.0764139377136706,4.99493901840053,1.1884909611627,0.277265497075638,0.999998866570966,0.999994427475806,"ya_adult_cogact_freq"
"5319","PATL1","Inh PVALB CA8 (Chandelier)",-0.0279725630485493,4.10210323539393,0.0796438435916091,0.778143630433998,0.999998866570966,0.999994427475806,"ya_adult_cogact_freq"
"5320","STX3","Inh PVALB CA8 (Chandelier)",-0.0785696632365234,5.2728787543944,1.74645472834838,0.18820063203168,0.999998866570966,0.999994427475806,"ya_adult_cogact_freq"
"5321","MRPL16","Inh PVALB CA8 (Chandelier)",-0.0753628536311345,4.02619180591901,0.453087437640638,0.501838878827634,0.999998866570966,0.999994427475806,"ya_adult_cogact_freq"
"5322","PRPF19","Inh PVALB CA8 (Chandelier)",-0.0259420941112814,5.41313434990393,0.145915361289418,0.702974209522184,0.999998866570966,0.999994427475806,"ya_adult_cogact_freq"
"5323","TMEM132A","Inh PVALB CA8 (Chandelier)",0.024427379523688,5.64830761400517,0.0981990856591052,0.754407793437518,0.999998866570966,0.999994427475806,"ya_adult_cogact_freq"
"5324","VPS37C","Inh PVALB CA8 (Chandelier)",-0.060779660727402,4.04034421673156,0.366350610180804,0.545853708224036,0.999998866570966,0.999994427475806,"ya_adult_cogact_freq"
"5325","VWCE","Inh PVALB CA8 (Chandelier)",-0.163232132713501,3.73004292500416,1.44919235324791,0.230427125809165,0.999998866570966,0.999994427475806,"ya_adult_cogact_freq"
"5326","DDB1","Inh PVALB CA8 (Chandelier)",-0.0257819584836542,5.58718836277032,0.21063636562871,0.680322354873084,0.999998866570966,0.999994427475806,"ya_adult_cogact_freq"
"5327","CPSF7","Inh PVALB CA8 (Chandelier)",-0.0510614163505795,5.47996822573023,0.814489275106075,0.772717062072355,0.999998866570966,0.999994427475806,"ya_adult_cogact_freq"
"5328","AP003108.2","Inh PVALB CA8 (Chandelier)",-0.0438585547176578,5.43216443756287,0.505554484234043,0.478099959632847,0.999998866570966,0.999994427475806,"ya_adult_cogact_freq"
"5329","SYT7","Inh PVALB CA8 (Chandelier)",0.0255413384204767,5.5638298815892,0.102042778030387,0.74980657448916,0.999998866570966,0.999994427475806,"ya_adult_cogact_freq"
"5330","DAGLA","Inh PVALB CA8 (Chandelier)",-0.105999319372254,4.91123738525079,2.59841834297071,0.108931875037996,0.999998866570966,0.999994427475806,"ya_adult_cogact_freq"
"5331","FADS2","Inh PVALB CA8 (Chandelier)",-0.0709758081093126,3.74771372807425,0.232786219329361,0.630121826835571,0.999998866570966,0.999994427475806,"ya_adult_cogact_freq"
"5332","FADS1","Inh PVALB CA8 (Chandelier)",-0.0652270778183741,5.32783647511556,0.755834835459689,0.385931284839978,0.999998866570966,0.999994427475806,"ya_adult_cogact_freq"
"5333","FTH1","Inh PVALB CA8 (Chandelier)",-0.251410044630273,6.8048663828546,9.2090240134366,0.00280947674202654,0.999998866570966,0.999994427475806,"ya_adult_cogact_freq"
"5334","ASRGL1","Inh PVALB CA8 (Chandelier)",-0.034004096687081,5.32283941643955,0.249730428026684,0.617948226502974,0.999998866570966,0.999994427475806,"ya_adult_cogact_freq"
"5335","B3GAT3","Inh PVALB CA8 (Chandelier)",0.019418120673618,4.98526319675755,0.0578108574973738,0.810296369040702,0.999998866570966,0.999994427475806,"ya_adult_cogact_freq"
"5336","GANAB","Inh PVALB CA8 (Chandelier)",0.00144081713936424,4.94460786104644,0.000600706300908515,0.98047675281586,0.999998866570966,0.999994427475806,"ya_adult_cogact_freq"
"5337","GNG3","Inh PVALB CA8 (Chandelier)",-0.091493946448251,4.36539078974929,0.488802704077579,0.4854721479065,0.999998866570966,0.999994427475806,"ya_adult_cogact_freq"
"5338","TTC9C","Inh PVALB CA8 (Chandelier)",0.0241945550225511,4.63351799661092,0.089220437575102,0.765556300765168,0.999998866570966,0.999994427475806,"ya_adult_cogact_freq"
"5339","TMEM223","Inh PVALB CA8 (Chandelier)",0.0256501517639708,4.70198462536557,0.0991338343548934,0.753279831868174,0.999998866570966,0.999994427475806,"ya_adult_cogact_freq"
"5340","NXF1","Inh PVALB CA8 (Chandelier)",0.0240539369724003,4.63880171746437,0.0787715202358928,0.779330021435779,0.999998866570966,0.999994427475806,"ya_adult_cogact_freq"
"5341","STX5","Inh PVALB CA8 (Chandelier)",0.107473755860045,4.88490345450872,1.88808868998914,0.171330350791347,0.999998866570966,0.999994427475806,"ya_adult_cogact_freq"
"5342","SLC3A2","Inh PVALB CA8 (Chandelier)",-0.0608517788434341,5.5043771307485,0.77118154963891,0.381162337320713,0.999998866570966,0.999994427475806,"ya_adult_cogact_freq"
"5343","CHRM1","Inh PVALB CA8 (Chandelier)",-0.0175821554916549,4.55915827608811,0.0329196561737671,0.85625254534512,0.999998866570966,0.999994427475806,"ya_adult_cogact_freq"
"5344","SLC22A10","Inh PVALB CA8 (Chandelier)",-0.00470283572493576,4.48376307420311,0.00165739482566277,0.967576716092056,0.999998866570966,0.999994427475806,"ya_adult_cogact_freq"
"5345","ATL3","Inh PVALB CA8 (Chandelier)",0.00166608486168793,4.06540920248274,0.000211538926849624,0.988413708515322,0.999998866570966,0.999994427475806,"ya_adult_cogact_freq"
"5346","RTN3","Inh PVALB CA8 (Chandelier)",0.00377718999894035,8.29736412395753,0.018608319731975,0.891666011521549,0.999998866570966,0.999994427475806,"ya_adult_cogact_freq"
"5347","MARK2","Inh PVALB CA8 (Chandelier)",0.117183477213645,5.74323706694101,5.35898349693127,0.021880330843165,0.999998866570966,0.999994427475806,"ya_adult_cogact_freq"
"5348","NAA40","Inh PVALB CA8 (Chandelier)",-0.0803410133222298,4.77266596179728,1.14736146239149,0.285707608529177,0.999998866570966,0.999994427475806,"ya_adult_cogact_freq"
"5349","OTUB1","Inh PVALB CA8 (Chandelier)",-0.109252285406757,4.79135411393369,1.91572197447334,0.168247452526676,0.999998866570966,0.999994427475806,"ya_adult_cogact_freq"
"5350","MACROD1","Inh PVALB CA8 (Chandelier)",0.0672235050993779,5.40735382764558,1.13048724914308,0.289265904348982,0.999998866570966,0.999994427475806,"ya_adult_cogact_freq"
"5351","AP000721.2","Inh PVALB CA8 (Chandelier)",-0.101844173343656,4.60886853657456,1.04885471173137,0.307309567691407,0.999998866570966,0.999994427475806,"ya_adult_cogact_freq"
"5352","STIP1","Inh PVALB CA8 (Chandelier)",-0.0646960463984197,5.43310567415499,0.620236199047773,0.432119106591775,0.999998866570966,0.999994427475806,"ya_adult_cogact_freq"
"5353","DNAJC4","Inh PVALB CA8 (Chandelier)",-0.0449356411693404,3.93183703543699,0.153950329073729,0.695308207812813,0.999998866570966,0.999994427475806,"ya_adult_cogact_freq"
"5354","VEGFB","Inh PVALB CA8 (Chandelier)",-0.204171950515102,4.88413193464046,4.55796248158785,0.0342812638504624,0.999998866570966,0.999994427475806,"ya_adult_cogact_freq"
"5355","FKBP2","Inh PVALB CA8 (Chandelier)",-0.0882895622235521,4.14613132419693,0.61351738557663,0.434618888853414,0.999998866570966,0.999994427475806,"ya_adult_cogact_freq"
"5356","BAD","Inh PVALB CA8 (Chandelier)",-0.100788528275165,4.04283677120972,0.92673051009575,0.337159686713153,0.999998866570966,0.999994427475806,"ya_adult_cogact_freq"
"5357","GPR137","Inh PVALB CA8 (Chandelier)",0.0373946033535016,4.17848832962174,0.146074795993809,0.702819768263339,0.999998866570966,0.999994427475806,"ya_adult_cogact_freq"
"5358","ESRRA","Inh PVALB CA8 (Chandelier)",-0.00619378585364507,5.25243233166491,0.00916286143195567,0.923859919109473,0.999998866570966,0.999994427475806,"ya_adult_cogact_freq"
"5359","TRMT112","Inh PVALB CA8 (Chandelier)",-0.0313681972244865,4.02663376558155,0.056300833164439,0.812743257054351,0.999998866570966,0.999994427475806,"ya_adult_cogact_freq"
"5360","PRDX5","Inh PVALB CA8 (Chandelier)",0.00635198191811338,4.24849707212288,0.00263933406883785,0.959090921620196,0.999998866570966,0.999994427475806,"ya_adult_cogact_freq"
"5361","NRXN2","Inh PVALB CA8 (Chandelier)",0.0102893476880335,6.7429524251689,0.0609190033229718,0.805364163864411,0.999998866570966,0.999994427475806,"ya_adult_cogact_freq"
"5362","RASGRP2","Inh PVALB CA8 (Chandelier)",0.00565308767209783,5.2045817445406,0.00585295488789315,0.939112774783949,0.999998866570966,0.999994427475806,"ya_adult_cogact_freq"
"5363","SF1","Inh PVALB CA8 (Chandelier)",-0.106440426535759,6.196250747915,3.88411196276747,0.0504620339276431,0.999998866570966,0.999994427475806,"ya_adult_cogact_freq"
"5364","MAP4K2","Inh PVALB CA8 (Chandelier)",0.0211207203402406,4.59424483020851,0.0524086607735686,0.81921477079913,0.999998866570966,0.999994427475806,"ya_adult_cogact_freq"
"5365","EHD1","Inh PVALB CA8 (Chandelier)",-0.0307390167055294,4.01947729970255,0.0823151941410675,0.774553549826325,0.999998866570966,0.999994427475806,"ya_adult_cogact_freq"
"5366","PPP2R5B","Inh PVALB CA8 (Chandelier)",-0.0587846170929576,5.44028007146259,0.747555109925239,0.388539669227591,0.999998866570966,0.999994427475806,"ya_adult_cogact_freq"
"5367","VPS51","Inh PVALB CA8 (Chandelier)",-0.0511359278487473,5.16789541895047,0.937540236315243,0.334365651247142,0.999998866570966,0.999994427475806,"ya_adult_cogact_freq"
"5368","TM7SF2","Inh PVALB CA8 (Chandelier)",-0.181347381202934,3.84169380573611,2.56010206656452,0.111554855636417,0.999998866570966,0.999994427475806,"ya_adult_cogact_freq"
"5369","FAU","Inh PVALB CA8 (Chandelier)",-0.0520327059096267,4.23685666364761,0.179808070044114,0.672105081409326,0.999998866570966,0.999994427475806,"ya_adult_cogact_freq"
"5370","CAPN1","Inh PVALB CA8 (Chandelier)",-0.136989392855931,4.69293779895146,2.5528750119993,0.112057408720134,0.999998866570966,0.999994427475806,"ya_adult_cogact_freq"
"5371","DPF2","Inh PVALB CA8 (Chandelier)",-0.0605142034740959,4.76096449730014,0.596647973052201,0.440993919667148,0.999998866570966,0.999994427475806,"ya_adult_cogact_freq"
"5372","NEAT1","Inh PVALB CA8 (Chandelier)",-0.0338411289287553,9.57176602868173,0.158316312127859,0.69123925628722,0.999998866570966,0.999994427475806,"ya_adult_cogact_freq"
"5373","MALAT1","Inh PVALB CA8 (Chandelier)",-0.0911236152370989,15.7799939018218,2.46230388674011,0.118573784907364,0.999998866570966,0.999994427475806,"ya_adult_cogact_freq"
"5374","SCYL1","Inh PVALB CA8 (Chandelier)",-0.037210206465363,4.83174559678912,0.305882183426222,0.580986362304159,0.999998866570966,0.999994427475806,"ya_adult_cogact_freq"
"5375","LTBP3","Inh PVALB CA8 (Chandelier)",0.0582105229503655,5.16926855242203,0.763586963747892,0.383511762726168,0.999998866570966,0.999994427475806,"ya_adult_cogact_freq"
"5376","FAM89B","Inh PVALB CA8 (Chandelier)",-0.063513183630218,4.03913274358632,0.330374270793159,0.566242267199961,0.999998866570966,0.999994427475806,"ya_adult_cogact_freq"
"5377","RELA","Inh PVALB CA8 (Chandelier)",0.0779164690812261,3.76531245562878,0.404979802509601,0.525433634652018,0.999998866570966,0.999994427475806,"ya_adult_cogact_freq"
"5378","KAT5","Inh PVALB CA8 (Chandelier)",-0.039470589337365,4.04126711606485,0.133458987754327,0.71535244635881,0.999998866570966,0.999994427475806,"ya_adult_cogact_freq"
"5379","RNASEH2C","Inh PVALB CA8 (Chandelier)",-0.277190905443096,4.40422768333869,9.23938752076715,0.0027657892572392,0.999998866570966,0.999994427475806,"ya_adult_cogact_freq"
"5380","AP001266.2","Inh PVALB CA8 (Chandelier)",0.0838570398062857,3.67088008468705,0.341217066618764,0.559946304074656,0.999998866570966,0.999994427475806,"ya_adult_cogact_freq"
"5381","CFL1","Inh PVALB CA8 (Chandelier)",-0.0549499647964864,5.67115466898311,0.45002053382322,0.503287836064628,0.999998866570966,0.999994427475806,"ya_adult_cogact_freq"
"5382","SNX32","Inh PVALB CA8 (Chandelier)",-0.00994886445319589,5.47206306186577,0.022861513337071,0.88000731981767,0.999998866570966,0.999994427475806,"ya_adult_cogact_freq"
"5383","CCDC85B","Inh PVALB CA8 (Chandelier)",-0.252706093377702,4.9135469817107,5.39440066673231,0.0214551039173834,0.999998866570966,0.999994427475806,"ya_adult_cogact_freq"
"5384","C11orf68","Inh PVALB CA8 (Chandelier)",-0.148110712792934,4.01927251461939,1.61744849656117,0.205284627553994,0.999998866570966,0.999994427475806,"ya_adult_cogact_freq"
"5385","DRAP1","Inh PVALB CA8 (Chandelier)",-0.303670106723495,4.07271464245117,5.93960015876552,0.0158950127648344,0.999998866570966,0.999994427475806,"ya_adult_cogact_freq"
"5386","BANF1","Inh PVALB CA8 (Chandelier)",-0.0373414305193683,4.33827456143182,0.0971428652571327,0.755689456210951,0.999998866570966,0.999994427475806,"ya_adult_cogact_freq"
"5387","SF3B2","Inh PVALB CA8 (Chandelier)",-0.0975694555387711,5.40034242904086,2.08392716598812,0.15080259890435,0.999998866570966,0.999994427475806,"ya_adult_cogact_freq"
"5388","PACS1","Inh PVALB CA8 (Chandelier)",-0.0575695225355785,7.30916245471652,2.02748046967045,0.156414525325325,0.999998866570966,0.999994427475806,"ya_adult_cogact_freq"
"5389","KLC2","Inh PVALB CA8 (Chandelier)",0.0880789280745372,5.33888992748897,1.6628153163836,0.199075723723563,0.999998866570966,0.999994427475806,"ya_adult_cogact_freq"
"5390","RAB1B","Inh PVALB CA8 (Chandelier)",-0.0493656841487434,4.2270871673985,0.247569697004641,0.619471419001092,0.999998866570966,0.999994427475806,"ya_adult_cogact_freq"
"5391","CNIH2","Inh PVALB CA8 (Chandelier)",-0.249377876695092,4.24524212143117,4.81642448739762,0.029623919805308,0.999998866570966,0.999994427475806,"ya_adult_cogact_freq"
"5392","TMEM151A","Inh PVALB CA8 (Chandelier)",-0.0292466131729229,4.38271987711763,0.0764974361984006,0.782456585263306,0.999998866570966,0.999994427475806,"ya_adult_cogact_freq"
"5393","B4GAT1","Inh PVALB CA8 (Chandelier)",-0.137268235805543,5.44190733035096,2.12347787697801,0.147007333618099,0.999998866570966,0.999994427475806,"ya_adult_cogact_freq"
"5394","SLC29A2","Inh PVALB CA8 (Chandelier)",-0.0929949211310275,4.1383847577952,0.754496368865438,0.386351242403445,0.999998866570966,0.999994427475806,"ya_adult_cogact_freq"
"5395","CTSF","Inh PVALB CA8 (Chandelier)",-0.222556282701877,5.1268033588474,8.66645287249969,0.00372172258144962,0.999998866570966,0.999994427475806,"ya_adult_cogact_freq"
"5396","CCS","Inh PVALB CA8 (Chandelier)",-0.0965798420131653,4.22282446704104,0.954975027821463,0.329924388930087,0.999998866570966,0.999994427475806,"ya_adult_cogact_freq"
"5397","RBM14-RBM4","Inh PVALB CA8 (Chandelier)",0.0226551318348837,5.50338379292936,0.0852459884537184,0.770686633227269,0.999998866570966,0.999994427475806,"ya_adult_cogact_freq"
"5398","RBM4","Inh PVALB CA8 (Chandelier)",0.143234105938981,4.9113038322293,1.94482898865914,0.165069230234972,0.999998866570966,0.999994427475806,"ya_adult_cogact_freq"
"5399","RBM4B","Inh PVALB CA8 (Chandelier)",-0.0373605309615531,5.11422772278345,0.253755866905534,0.615132367468181,0.999998866570966,0.999994427475806,"ya_adult_cogact_freq"
"5400","SPTBN2","Inh PVALB CA8 (Chandelier)",-0.0891858915225527,5.24348961628943,1.8592118184457,0.174622125512859,0.999998866570966,0.999994427475806,"ya_adult_cogact_freq"
"5401","C11orf80","Inh PVALB CA8 (Chandelier)",0.00458689226710265,7.31014275791345,0.0129924259870406,0.909392445564194,0.999998866570966,0.999994427475806,"ya_adult_cogact_freq"
"5402","PC","Inh PVALB CA8 (Chandelier)",-0.00821529757755235,5.24313947956775,0.0153261968409918,0.90162905593373,0.999998866570966,0.999994427475806,"ya_adult_cogact_freq"
"5403","LRFN4","Inh PVALB CA8 (Chandelier)",0.0203903007147688,4.92594773107908,0.083200698915566,0.890450213384046,0.999998866570966,0.999994427475806,"ya_adult_cogact_freq"
"5404","SYT12","Inh PVALB CA8 (Chandelier)",-0.00563226619694462,5.46536344738155,0.00866329242571391,0.925958432963739,0.999998866570966,0.999994427475806,"ya_adult_cogact_freq"
"5405","KDM2A","Inh PVALB CA8 (Chandelier)",-0.00693035565806051,7.45663485249317,0.0296242495658988,0.863562052692207,0.999998866570966,0.999994427475806,"ya_adult_cogact_freq"
"5406","GRK2","Inh PVALB CA8 (Chandelier)",-0.0580034926791344,5.21045698913548,0.559662797221723,0.455489121878942,0.999998866570966,0.999994427475806,"ya_adult_cogact_freq"
"5407","ANKRD13D","Inh PVALB CA8 (Chandelier)",-0.0450419511073701,5.93406772569677,0.759006761024987,0.384938664366531,0.999998866570966,0.999994427475806,"ya_adult_cogact_freq"
"5408","RAD9A","Inh PVALB CA8 (Chandelier)",0.0528574023063554,6.94208735282462,1.30810422700932,0.254438350300721,0.999998866570966,0.999994427475806,"ya_adult_cogact_freq"
"5409","PPP1CA","Inh PVALB CA8 (Chandelier)",-0.184362050222949,4.04907874109901,3.17016442257105,0.0768835411538476,0.999998866570966,0.999994427475806,"ya_adult_cogact_freq"
"5410","TMEM134","Inh PVALB CA8 (Chandelier)",-0.0679761149146936,4.06401145899799,0.41186896900445,0.521936406469813,0.999998866570966,0.999994427475806,"ya_adult_cogact_freq"
"5411","PITPNM1","Inh PVALB CA8 (Chandelier)",-0.1295050685697,4.16490671589935,1.65264130319411,0.200448552453243,0.999998866570966,0.999994427475806,"ya_adult_cogact_freq"
"5412","GSTP1","Inh PVALB CA8 (Chandelier)",-0.247148674870623,4.16920714225014,4.06798557971919,0.0453676365271604,0.999998866570966,0.999994427475806,"ya_adult_cogact_freq"
"5413","NDUFV1","Inh PVALB CA8 (Chandelier)",-0.129355969553531,5.80514456869439,3.14225095754298,0.0781823035095685,0.999998866570966,0.999994427475806,"ya_adult_cogact_freq"
"5414","NDUFS8","Inh PVALB CA8 (Chandelier)",-0.110479693231797,4.90035284434004,2.51388941203295,0.114812153077007,0.999998866570966,0.999994427475806,"ya_adult_cogact_freq"
"5415","CHKA","Inh PVALB CA8 (Chandelier)",0.0472997002456553,5.85871677639264,0.621281688592948,0.431732098893885,0.999998866570966,0.999994427475806,"ya_adult_cogact_freq"
"5416","KMT5B","Inh PVALB CA8 (Chandelier)",0.0247125255299738,6.61548555120658,0.330751295970112,0.785971531488657,0.999998866570966,0.999994427475806,"ya_adult_cogact_freq"
"5417","PPP6R3","Inh PVALB CA8 (Chandelier)",0.0254321392445235,7.50152776716642,0.594932230837252,0.441650370169694,0.999998866570966,0.999994427475806,"ya_adult_cogact_freq"
"5418","CPT1A","Inh PVALB CA8 (Chandelier)",-0.0304841185785467,5.19673165518713,0.186697472527002,0.666258591537243,0.999998866570966,0.999994427475806,"ya_adult_cogact_freq"
"5419","IGHMBP2","Inh PVALB CA8 (Chandelier)",0.0387526683290279,3.99555726668325,0.121462135210847,0.727910043819806,0.999998866570966,0.999994427475806,"ya_adult_cogact_freq"
"5420","TPCN2","Inh PVALB CA8 (Chandelier)",-0.0175570825895888,5.4159868929037,0.0744525808588398,0.785311012248644,0.999998866570966,0.999994427475806,"ya_adult_cogact_freq"
"5421","ORAOV1","Inh PVALB CA8 (Chandelier)",-0.0776921159404352,4.793323598349,1.10651576981119,0.3204728530265,0.999998866570966,0.999994427475806,"ya_adult_cogact_freq"
"5422","AP003555.3","Inh PVALB CA8 (Chandelier)",0.121479992377528,5.60068334769625,3.61689136899492,0.0589842043117833,0.999998866570966,0.999994427475806,"ya_adult_cogact_freq"
"5423","ANO1","Inh PVALB CA8 (Chandelier)",-0.106151089026007,5.84954641498895,2.90801392040297,0.0900717989491386,0.999998866570966,0.999994427475806,"ya_adult_cogact_freq"
"5424","PPFIA1","Inh PVALB CA8 (Chandelier)",-0.0483750305544771,6.06532394752984,1.10547263819342,0.532203093228022,0.999998866570966,0.999994427475806,"ya_adult_cogact_freq"
"5425","AP002336.2","Inh PVALB CA8 (Chandelier)",-0.115494808698398,3.95758054108674,0.785429164227013,0.376809605599023,0.999998866570966,0.999994427475806,"ya_adult_cogact_freq"
"5426","AP000487.1","Inh PVALB CA8 (Chandelier)",0.0114837677296944,4.73878079836782,0.0213189767116418,0.88409626028661,0.999998866570966,0.999994427475806,"ya_adult_cogact_freq"
"5427","CTTN","Inh PVALB CA8 (Chandelier)",-0.0189856181325203,6.28175060360804,0.147477261625822,0.701465373978427,0.999998866570966,0.999994427475806,"ya_adult_cogact_freq"
"5428","SHANK2","Inh PVALB CA8 (Chandelier)",0.0113563785638023,9.7036400096704,0.123515786407046,0.725712367790898,0.999998866570966,0.999994427475806,"ya_adult_cogact_freq"
"5429","NADSYN1","Inh PVALB CA8 (Chandelier)",-0.131248213760572,4.76401598164228,2.5563546874878,0.111815126721034,0.999998866570966,0.999994427475806,"ya_adult_cogact_freq"
"5430","AP002495.2","Inh PVALB CA8 (Chandelier)",0.0118757011925566,4.41145611237969,0.0145525360522898,0.904131658661964,0.999998866570966,0.999994427475806,"ya_adult_cogact_freq"
"5431","RNF121","Inh PVALB CA8 (Chandelier)",0.00674165125145375,4.67871558168273,0.00676084053637541,0.934570609557823,0.999998866570966,0.999994427475806,"ya_adult_cogact_freq"
"5432","NUMA1","Inh PVALB CA8 (Chandelier)",0.0414793006327737,5.91824835627416,0.967416163620909,0.326803348638019,0.999998866570966,0.999994427475806,"ya_adult_cogact_freq"
"5433","LAMTOR1","Inh PVALB CA8 (Chandelier)",-0.132630597305333,4.34372678168517,1.58214993740173,0.210275232186217,0.999998866570966,0.999994427475806,"ya_adult_cogact_freq"
"5434","CLPB","Inh PVALB CA8 (Chandelier)",0.00726509488146564,4.71946085282531,0.00795098598191514,0.929059143381058,0.999998866570966,0.999994427475806,"ya_adult_cogact_freq"
"5435","PDE2A","Inh PVALB CA8 (Chandelier)",0.00146346952859329,5.47577428605339,0.000744751999450223,0.978262164000299,0.999998866570966,0.999994427475806,"ya_adult_cogact_freq"
"5436","ARAP1","Inh PVALB CA8 (Chandelier)",0.107208587259748,4.22183376758398,1.49553917636477,0.223148681492092,0.999998866570966,0.999994427475806,"ya_adult_cogact_freq"
"5437","ATG16L2","Inh PVALB CA8 (Chandelier)",0.0047389311421309,4.32556207355319,0.00256146865656666,0.959698361248134,0.999998866570966,0.999994427475806,"ya_adult_cogact_freq"
"5438","FCHSD2","Inh PVALB CA8 (Chandelier)",0.0148868086645472,8.27540765691413,0.275773051739189,0.600208666095307,0.999998866570966,0.999994427475806,"ya_adult_cogact_freq"
"5439","ARHGEF17","Inh PVALB CA8 (Chandelier)",-0.0326552849594255,5.53194456849948,0.34097738373503,0.560084019489934,0.999998866570966,0.999994427475806,"ya_adult_cogact_freq"
"5440","FAM168A","Inh PVALB CA8 (Chandelier)",-0.0154308389220124,8.38839696516049,0.298180507689588,0.585782299638621,0.999998866570966,0.999994427475806,"ya_adult_cogact_freq"
"5441","RAB6A","Inh PVALB CA8 (Chandelier)",-0.0128469465530151,7.26241501070669,0.141149182756742,0.982745838206121,0.999998866570966,0.999994427475806,"ya_adult_cogact_freq"
"5442","MRPL48","Inh PVALB CA8 (Chandelier)",-0.0910175124441273,5.27036014600126,2.06774013686424,0.152388027294514,0.999998866570966,0.999994427475806,"ya_adult_cogact_freq"
"5443","PAAF1","Inh PVALB CA8 (Chandelier)",-0.0105414933874526,5.21252126188735,0.0122178410883371,0.912123482838098,0.999998866570966,0.999994427475806,"ya_adult_cogact_freq"
"5444","C2CD3","Inh PVALB CA8 (Chandelier)",-0.0102436114063076,6.09975313553823,0.040990198019034,0.839812834536264,0.999998866570966,0.999994427475806,"ya_adult_cogact_freq"
"5445","PPME1","Inh PVALB CA8 (Chandelier)",-0.0316565683889306,6.08188248739005,0.438072243753194,0.509001967455618,0.999998866570966,0.999994427475806,"ya_adult_cogact_freq"
"5446","PGM2L1","Inh PVALB CA8 (Chandelier)",-0.0857648768709299,5.58755525609218,1.29274061723428,0.257235358670988,0.999998866570966,0.999994427475806,"ya_adult_cogact_freq"
"5447","POLD3","Inh PVALB CA8 (Chandelier)",0.0619374012414182,5.81602533828789,0.987235185456541,0.321912197276854,0.999998866570966,0.999994427475806,"ya_adult_cogact_freq"
"5448","RNF169","Inh PVALB CA8 (Chandelier)",0.00408316099535278,6.26386136533678,0.00646984403204186,0.935991063963435,0.999998866570966,0.999994427475806,"ya_adult_cogact_freq"
"5449","XRRA1","Inh PVALB CA8 (Chandelier)",-0.115257234500846,5.82421286513056,1.9784624407924,0.161482584459827,0.999998866570966,0.999994427475806,"ya_adult_cogact_freq"
"5450","SPCS2","Inh PVALB CA8 (Chandelier)",-0.0262409193735189,5.47332119428451,0.161884098049056,0.6879622225109,0.999998866570966,0.999994427475806,"ya_adult_cogact_freq"
"5451","NEU3","Inh PVALB CA8 (Chandelier)",0.133828292202432,4.52902776282098,2.47067822036321,0.117953894358573,0.999998866570966,0.999994427475806,"ya_adult_cogact_freq"
"5452","AP001972.3","Inh PVALB CA8 (Chandelier)",0.0241271016497376,5.08101847890272,0.0571549314317812,0.811355048472034,0.999998866570966,0.999994427475806,"ya_adult_cogact_freq"
"5453","ARRB1","Inh PVALB CA8 (Chandelier)",-0.0277827305415384,6.34380070933161,0.304384582189066,0.581912719791452,0.999998866570966,0.999994427475806,"ya_adult_cogact_freq"
"5454","RPS3","Inh PVALB CA8 (Chandelier)",-0.0851952023127358,5.41405084414502,1.58359159828828,0.210068593024884,0.999998866570966,0.999994427475806,"ya_adult_cogact_freq"
"5455","MAP6","Inh PVALB CA8 (Chandelier)",-0.0499983245100279,5.00587345705278,0.382547128527946,0.537118527164866,0.999998866570966,0.999994427475806,"ya_adult_cogact_freq"
"5456","UVRAG","Inh PVALB CA8 (Chandelier)",-0.00935759678661166,6.92348897674477,0.0588006473684444,0.808710787042525,0.999998866570966,0.999994427475806,"ya_adult_cogact_freq"
"5457","THAP12","Inh PVALB CA8 (Chandelier)",0.0156498075348236,4.15612537214604,0.0327753857173272,0.856564423318961,0.999998866570966,0.999994427475806,"ya_adult_cogact_freq"
"5458","GVQW3","Inh PVALB CA8 (Chandelier)",0.129519768970594,5.01928720420751,3.49713442935032,0.0632932473695658,0.999998866570966,0.999994427475806,"ya_adult_cogact_freq"
"5459","EMSY","Inh PVALB CA8 (Chandelier)",0.0755583431376853,6.60297668177633,2.68998270929195,0.102936121430493,0.999998866570966,0.999994427475806,"ya_adult_cogact_freq"
"5460","ACER3","Inh PVALB CA8 (Chandelier)",0.011239605633211,6.56393908671386,0.087192958255108,0.795518772984891,0.999998866570966,0.999994427475806,"ya_adult_cogact_freq"
"5461","CAPN5","Inh PVALB CA8 (Chandelier)",-0.12814891522021,4.91102211767361,2.73242656241858,0.100281315542287,0.999998866570966,0.999994427475806,"ya_adult_cogact_freq"
"5462","PAK1","Inh PVALB CA8 (Chandelier)",-0.0204011449854903,7.04215607923074,0.26569458136011,0.606942706872304,0.999998866570966,0.999994427475806,"ya_adult_cogact_freq"
"5463","CLNS1A","Inh PVALB CA8 (Chandelier)",-0.0404979367567825,6.3202089644788,0.782398649798754,0.377729525257107,0.999998866570966,0.999994427475806,"ya_adult_cogact_freq"
"5464","AQP11","Inh PVALB CA8 (Chandelier)",-0.128741147986952,4.12399468780395,1.4472893944209,0.230732071780917,0.999998866570966,0.999994427475806,"ya_adult_cogact_freq"
"5465","RSF1","Inh PVALB CA8 (Chandelier)",-0.0196963625188047,7.43863601100995,0.364410707701507,0.546917601308449,0.999998866570966,0.999994427475806,"ya_adult_cogact_freq"
"5466","AAMDC","Inh PVALB CA8 (Chandelier)",0.124150304977913,5.24790854756959,3.33339755645457,0.0697420127140159,0.999998866570966,0.999994427475806,"ya_adult_cogact_freq"
"5467","AP002812.2","Inh PVALB CA8 (Chandelier)",-0.0370805449548558,3.97592734160744,0.0858286199105969,0.769926540155597,0.999998866570966,0.999994427475806,"ya_adult_cogact_freq"
"5468","INTS4","Inh PVALB CA8 (Chandelier)",0.069135310520695,5.77281121423116,1.74294691745588,0.188642457483714,0.999998866570966,0.999994427475806,"ya_adult_cogact_freq"
"5469","ALG8","Inh PVALB CA8 (Chandelier)",0.0600265512579662,4.42519927658562,0.395857880614753,0.530129235829043,0.999998866570966,0.999994427475806,"ya_adult_cogact_freq"
"5470","GAB2","Inh PVALB CA8 (Chandelier)",-0.0207060972550641,7.88410701275414,0.405129332362145,0.525357283856545,0.999998866570966,0.999994427475806,"ya_adult_cogact_freq"
"5471","AP003086.2","Inh PVALB CA8 (Chandelier)",-0.269158206750498,4.63420704429408,4.53813176111503,0.0346691652561198,0.999998866570966,0.999994427475806,"ya_adult_cogact_freq"
"5472","NARS2","Inh PVALB CA8 (Chandelier)",0.0456109574600792,5.96425874513423,0.727692000334104,0.394901475493167,0.999998866570966,0.999994427475806,"ya_adult_cogact_freq"
"5473","TENM4","Inh PVALB CA8 (Chandelier)",-0.0159835806984287,10.7216141851788,0.20968664884499,0.647631431114339,0.999998866570966,0.999994427475806,"ya_adult_cogact_freq"
"5474","AP001978.1","Inh PVALB CA8 (Chandelier)",0.0402681251313864,5.57838684034506,0.329269205728585,0.566891636216427,0.999998866570966,0.999994427475806,"ya_adult_cogact_freq"
"5475","AP006295.1","Inh PVALB CA8 (Chandelier)",0.0687845355850507,4.54493762459322,0.442678922104091,0.506785693769721,0.999998866570966,0.999994427475806,"ya_adult_cogact_freq"
"5476","AP002759.1","Inh PVALB CA8 (Chandelier)",0.124638657532627,5.76296990597146,3.37993994597417,0.0678397360172014,0.999998866570966,0.999994427475806,"ya_adult_cogact_freq"
"5477","MIR4300HG","Inh PVALB CA8 (Chandelier)",0.361431933433941,4.52412268536564,6.98244684763797,0.00904501736060812,0.999998866570966,0.999994427475806,"ya_adult_cogact_freq"
"5478","PRCP","Inh PVALB CA8 (Chandelier)",-0.0309764024291326,5.37255720452135,0.23312467474632,0.629873378360864,0.999998866570966,0.999994427475806,"ya_adult_cogact_freq"
"5479","RAB30","Inh PVALB CA8 (Chandelier)",0.0219588193974326,6.59997967203779,0.280712798675812,0.596965347773477,0.999998866570966,0.999994427475806,"ya_adult_cogact_freq"
"5480","RAB30-AS1","Inh PVALB CA8 (Chandelier)",0.0284314486526028,5.77378333330589,0.25701092975739,0.612875822900011,0.999998866570966,0.999994427475806,"ya_adult_cogact_freq"
"5481","PCF11","Inh PVALB CA8 (Chandelier)",0.0392155668831469,5.734172848422,0.577146152279237,0.471870491627083,0.999998866570966,0.999994427475806,"ya_adult_cogact_freq"
"5482","ANKRD42","Inh PVALB CA8 (Chandelier)",0.0845018326201386,4.952782474623,1.18964273493998,0.277033679574707,0.999998866570966,0.999994427475806,"ya_adult_cogact_freq"
"5483","CCDC90B","Inh PVALB CA8 (Chandelier)",-0.0851324655362753,4.70336390990364,0.83916501225341,0.361007757396109,0.999998866570966,0.999994427475806,"ya_adult_cogact_freq"
"5484","AP000446.1","Inh PVALB CA8 (Chandelier)",0.0115636105118662,4.73004290446335,0.0138256398244871,0.906545260935058,0.999998866570966,0.999994427475806,"ya_adult_cogact_freq"
"5485","DLG2","Inh PVALB CA8 (Chandelier)",0.0223430113495834,11.9488661383441,0.433208474263679,0.511360208234814,0.999998866570966,0.999994427475806,"ya_adult_cogact_freq"
"5486","AP002370.2","Inh PVALB CA8 (Chandelier)",-0.316138532249679,5.35172576380794,5.17403658834886,0.0242488007804063,0.999998866570966,0.999994427475806,"ya_adult_cogact_freq"
"5487","AP001825.1","Inh PVALB CA8 (Chandelier)",-0.126628718604818,4.75499468394112,1.71047380360704,0.19279097601665,0.999998866570966,0.999994427475806,"ya_adult_cogact_freq"
"5488","TMEM126B","Inh PVALB CA8 (Chandelier)",0.0304630299916539,4.58176692308614,0.116991207310918,0.732767682923198,0.999998866570966,0.999994427475806,"ya_adult_cogact_freq"
"5489","CREBZF","Inh PVALB CA8 (Chandelier)",0.00763247965276697,5.90321909971967,0.0175195587508592,0.89486390681649,0.999998866570966,0.999994427475806,"ya_adult_cogact_freq"
"5490","SYTL2","Inh PVALB CA8 (Chandelier)",0.0697728495945763,5.38482284780652,1.12647286134784,0.290120770750716,0.999998866570966,0.999994427475806,"ya_adult_cogact_freq"
"5491","PICALM","Inh PVALB CA8 (Chandelier)",0.0244518571169695,7.1868644991739,0.398109790504935,0.528963052983283,0.999998866570966,0.999994427475806,"ya_adult_cogact_freq"
"5492","EED","Inh PVALB CA8 (Chandelier)",0.0616586324638437,4.7359812270874,0.561824126139953,0.454621629542786,0.999998866570966,0.999994427475806,"ya_adult_cogact_freq"
"5493","HIKESHI","Inh PVALB CA8 (Chandelier)",-0.100213360793867,4.65273279961619,1.5551662595554,0.214188107555853,0.999998866570966,0.999994427475806,"ya_adult_cogact_freq"
"5494","AP001831.1","Inh PVALB CA8 (Chandelier)",-0.232417625668287,5.09286247865679,5.06915128562221,0.0257100256974514,0.999998866570966,0.999994427475806,"ya_adult_cogact_freq"
"5495","ME3","Inh PVALB CA8 (Chandelier)",-0.0123804561911237,8.33308729837228,0.161282020866857,0.688512271462026,0.999998866570966,0.999994427475806,"ya_adult_cogact_freq"
"5496","PRSS23","Inh PVALB CA8 (Chandelier)",-0.0663049910821188,6.20262508515316,1.3467112578086,0.247574270532192,0.999998866570966,0.999994427475806,"ya_adult_cogact_freq"
"5497","AP001528.2","Inh PVALB CA8 (Chandelier)",-0.148213442712884,4.09300903568077,1.85306840771578,0.175331866612493,0.999998866570966,0.999994427475806,"ya_adult_cogact_freq"
"5498","TMEM135","Inh PVALB CA8 (Chandelier)",-9.14666451331966e-05,6.07230940259747,2.64234123361187e-06,0.998705032207784,0.999998866570966,0.999994427475806,"ya_adult_cogact_freq"
"5499","CTSC","Inh PVALB CA8 (Chandelier)",0.0403725100724522,4.50973747293122,0.217567377572135,0.64153117134705,0.999998866570966,0.999994427475806,"ya_adult_cogact_freq"
"5500","GRM5","Inh PVALB CA8 (Chandelier)",0.0441412039062907,10.1811794732838,2.0379116349147,0.155359708364985,0.999998866570966,0.999994427475806,"ya_adult_cogact_freq"
"5501","NAALAD2","Inh PVALB CA8 (Chandelier)",0.0346602452832587,7.1388129895239,0.87535956709089,0.350879080421798,0.999998866570966,0.999994427475806,"ya_adult_cogact_freq"
"5502","CHORDC1","Inh PVALB CA8 (Chandelier)",-0.0701606141544811,5.41627923278556,0.536462284596663,0.46496907221756,0.999998866570966,0.999994427475806,"ya_adult_cogact_freq"
"5503","FAT3","Inh PVALB CA8 (Chandelier)",0.34902694887178,4.0403408940258,5.92346941413762,0.0160358169796992,0.999998866570966,0.999994427475806,"ya_adult_cogact_freq"
"5504","SLC36A4","Inh PVALB CA8 (Chandelier)",0.00997303143102042,6.39028562524159,0.0400477559113261,0.841640158320352,0.999998866570966,0.999994427475806,"ya_adult_cogact_freq"
"5505","CEP295","Inh PVALB CA8 (Chandelier)",-0.00970474713956446,5.89990350536415,0.0323848672146345,0.857412204884429,0.999998866570966,0.999994427475806,"ya_adult_cogact_freq"
"5506","TAF1D","Inh PVALB CA8 (Chandelier)",-0.00171557163958422,7.03573516455263,0.00135399819474358,0.970692744868405,0.999998866570966,0.999994427475806,"ya_adult_cogact_freq"
"5507","VSTM5","Inh PVALB CA8 (Chandelier)",0.00589411726678749,4.28208852079578,0.00310704673598921,0.955617439326492,0.999998866570966,0.999994427475806,"ya_adult_cogact_freq"
"5508","MRE11","Inh PVALB CA8 (Chandelier)",0.0218471238867881,5.22659850898749,0.0901907812564047,0.764322749632121,0.999998866570966,0.999994427475806,"ya_adult_cogact_freq"
"5509","ANKRD49","Inh PVALB CA8 (Chandelier)",-0.0900887950523623,3.98877278056749,0.635038255778896,0.426688558001075,0.999998866570966,0.999994427475806,"ya_adult_cogact_freq"
"5510","PIWIL4","Inh PVALB CA8 (Chandelier)",-0.0384424773141376,4.21210525421926,0.147191093967491,0.701741130691014,0.999998866570966,0.999994427475806,"ya_adult_cogact_freq"
"5511","AP000943.3","Inh PVALB CA8 (Chandelier)",0.058837419166198,7.69781371347706,0.933852463234836,0.33531533011352,0.999998866570966,0.999994427475806,"ya_adult_cogact_freq"
"5512","AMOTL1","Inh PVALB CA8 (Chandelier)",0.0166177307065924,6.32311185190242,0.108941812830694,0.741781801030871,0.999998866570966,0.999994427475806,"ya_adult_cogact_freq"
"5513","CWC15","Inh PVALB CA8 (Chandelier)",-0.120357893647845,4.39523683833464,1.78699510673402,0.183181357566085,0.999998866570966,0.999994427475806,"ya_adult_cogact_freq"
"5514","SRSF8","Inh PVALB CA8 (Chandelier)",-0.0720244999102445,4.44581787238237,0.519262356235824,0.472202996839108,0.999998866570966,0.999994427475806,"ya_adult_cogact_freq"
"5515","ENDOD1","Inh PVALB CA8 (Chandelier)",0.104683328586627,4.4731839619128,1.76512300296049,0.203861695626596,0.999998866570966,0.999994427475806,"ya_adult_cogact_freq"
"5516","SESN3","Inh PVALB CA8 (Chandelier)",0.180513609100128,6.21556698549797,7.70092933991743,0.0061736554061844,0.999998866570966,0.999994427475806,"ya_adult_cogact_freq"
"5517","FAM76B","Inh PVALB CA8 (Chandelier)",0.189106148167679,4.13252086311446,4.16451762255779,0.0429148903670541,0.999998866570966,0.999994427475806,"ya_adult_cogact_freq"
"5518","CEP57","Inh PVALB CA8 (Chandelier)",0.0642208991143038,6.45912000602564,2.4007522230139,0.1232432635253,0.999998866570966,0.999994427475806,"ya_adult_cogact_freq"
"5519","MTMR2","Inh PVALB CA8 (Chandelier)",0.0432877062207121,5.45251960068551,0.682075782261908,0.410096778314616,0.999998866570966,0.999994427475806,"ya_adult_cogact_freq"
"5520","CCDC82","Inh PVALB CA8 (Chandelier)",-0.0289534080198274,6.20806474928955,0.340074917462931,0.56060313619005,0.999998866570966,0.999994427475806,"ya_adult_cogact_freq"
"5521","CNTN5","Inh PVALB CA8 (Chandelier)",0.0338526181734653,13.2059952294406,0.567239435852544,0.452459495092645,0.999998866570966,0.999994427475806,"ya_adult_cogact_freq"
"5522","ARHGAP42","Inh PVALB CA8 (Chandelier)",-0.00333930525366952,6.95910115293455,0.00182337960420865,0.96599283176504,0.999998866570966,0.999994427475806,"ya_adult_cogact_freq"
"5523","CEP126","Inh PVALB CA8 (Chandelier)",0.0498633403178648,7.53300598388976,1.08395251316961,0.299378219712847,0.999998866570966,0.999994427475806,"ya_adult_cogact_freq"
"5524","BIRC2","Inh PVALB CA8 (Chandelier)",-0.00403436889706607,4.69897193825124,0.00325195406167092,0.954595372810041,0.999998866570966,0.999994427475806,"ya_adult_cogact_freq"
"5525","DCUN1D5","Inh PVALB CA8 (Chandelier)",-0.0559524141541782,4.66708357364792,0.575773992690816,0.449084618308418,0.999998866570966,0.999994427475806,"ya_adult_cogact_freq"
"5526","DYNC2H1","Inh PVALB CA8 (Chandelier)",0.0506377408260022,7.55326476015674,1.55671308058837,0.21396146396486,0.999998866570966,0.999994427475806,"ya_adult_cogact_freq"
"5527","PDGFD","Inh PVALB CA8 (Chandelier)",0.299703344001076,4.06334609642218,2.24725754269207,0.135812557669243,0.999998866570966,0.999994427475806,"ya_adult_cogact_freq"
"5528","LINC02552","Inh PVALB CA8 (Chandelier)",-0.009782916896206,6.95063007008323,0.0131254262593743,0.908931890355955,0.999998866570966,0.999994427475806,"ya_adult_cogact_freq"
"5529","GRIA4","Inh PVALB CA8 (Chandelier)",0.0511836545730325,10.9939492023354,2.54021042925977,0.112944152642242,0.999998866570966,0.999994427475806,"ya_adult_cogact_freq"
"5530","MSANTD4","Inh PVALB CA8 (Chandelier)",-0.030894529930546,5.38059470117579,0.22041892587049,0.639357039594834,0.999998866570966,0.999994427475806,"ya_adult_cogact_freq"
"5531","KBTBD3","Inh PVALB CA8 (Chandelier)",-0.0117305377076677,4.7078379618212,0.0281876275759396,0.866879488703222,0.999998866570966,0.999994427475806,"ya_adult_cogact_freq"
"5532","AASDHPPT","Inh PVALB CA8 (Chandelier)",0.00713691122855736,5.61960231388631,0.0119367214531935,0.91313625079988,0.999998866570966,0.999994427475806,"ya_adult_cogact_freq"
"5533","GUCY1A2","Inh PVALB CA8 (Chandelier)",0.0733689130955084,8.29126645709786,1.12546592388148,0.29033570690839,0.999998866570966,0.999994427475806,"ya_adult_cogact_freq"
"5534","CWF19L2","Inh PVALB CA8 (Chandelier)",-0.00530317940368134,6.1047032264132,0.00893480165920758,0.924810564893804,0.999998866570966,0.999994427475806,"ya_adult_cogact_freq"
"5535","ALKBH8","Inh PVALB CA8 (Chandelier)",-0.0972567482018779,4.83676342582688,1.60614070429975,0.206867841203,0.999998866570966,0.999994427475806,"ya_adult_cogact_freq"
"5536","ELMOD1","Inh PVALB CA8 (Chandelier)",-0.00557913383467734,7.7129229378809,0.0222876292662569,0.881511590119876,0.999998866570966,0.999994427475806,"ya_adult_cogact_freq"
"5537","RAB39A","Inh PVALB CA8 (Chandelier)",0.00770565208641571,4.03815070298253,0.00277297239663696,0.958068967416694,0.999998866570966,0.999994427475806,"ya_adult_cogact_freq"
"5538","CUL5","Inh PVALB CA8 (Chandelier)",-0.0116237183036398,6.60915261277072,0.107381453376333,0.743571585120109,0.999998866570966,0.999994427475806,"ya_adult_cogact_freq"
"5539","ACAT1","Inh PVALB CA8 (Chandelier)",-0.0583810255642896,5.8783985758813,1.37656134242499,0.424798750709697,0.999998866570966,0.999994427475806,"ya_adult_cogact_freq"
"5540","NPAT","Inh PVALB CA8 (Chandelier)",-0.00107094287641435,5.49925205939421,0.000420272066662935,0.983669504487366,0.999998866570966,0.999994427475806,"ya_adult_cogact_freq"
"5541","ATM","Inh PVALB CA8 (Chandelier)",0.0313485991978386,6.84827027950399,0.532789571248704,0.46649866843868,0.999998866570966,0.999994427475806,"ya_adult_cogact_freq"
"5542","C11orf65","Inh PVALB CA8 (Chandelier)",0.140159407025867,3.52712781380315,0.877646308656281,0.350252349147647,0.999998866570966,0.999994427475806,"ya_adult_cogact_freq"
"5543","DDX10","Inh PVALB CA8 (Chandelier)",0.0415347223814417,6.23723962602597,0.670496503234792,0.414090705811269,0.999998866570966,0.999994427475806,"ya_adult_cogact_freq"
"5544","C11orf87","Inh PVALB CA8 (Chandelier)",0.0620253479517881,6.0166488640138,1.04915455385721,0.307240658389763,0.999998866570966,0.999994427475806,"ya_adult_cogact_freq"
"5545","RDX","Inh PVALB CA8 (Chandelier)",-0.0808500778751042,6.51772907681974,3.76351153576163,0.0541326022686384,0.999998866570966,0.999994427475806,"ya_adult_cogact_freq"
"5546","ZC3H12C","Inh PVALB CA8 (Chandelier)",-0.0220461899617088,7.01308686190387,0.198125883007578,0.656836591894607,0.999998866570966,0.999994427475806,"ya_adult_cogact_freq"
"5547","FDX1","Inh PVALB CA8 (Chandelier)",0.000519712018817858,5.05634598456776,8.06576219229879e-05,0.992845462890538,0.999998866570966,0.999994427475806,"ya_adult_cogact_freq"
"5548","ARHGAP20","Inh PVALB CA8 (Chandelier)",-0.0184343943715941,6.74013768331793,0.0919506686587292,0.762103825479743,0.999998866570966,0.999994427475806,"ya_adult_cogact_freq"
"5549","SIK2","Inh PVALB CA8 (Chandelier)",-0.0490320537817118,7.1896441440935,0.656582390380111,0.41896691951493,0.999998866570966,0.999994427475806,"ya_adult_cogact_freq"
"5550","PPP2R1B","Inh PVALB CA8 (Chandelier)",-0.0011539241935216,4.17492774970717,0.000180467136039469,0.989298352841298,0.999998866570966,0.999994427475806,"ya_adult_cogact_freq"
"5551","CRYAB","Inh PVALB CA8 (Chandelier)",-0.0776935854406454,4.69991469923237,0.425874855993358,0.514952130175231,0.999998866570966,0.999994427475806,"ya_adult_cogact_freq"
"5552","DIXDC1","Inh PVALB CA8 (Chandelier)",-0.0163942861907851,6.96903820614848,0.11366419687522,0.736450197236698,0.999998866570966,0.999994427475806,"ya_adult_cogact_freq"
"5553","DLAT","Inh PVALB CA8 (Chandelier)",0.0439000470605339,5.07331915984528,0.531229694149297,0.46715076876021,0.999998866570966,0.999994427475806,"ya_adult_cogact_freq"
"5554","AP002884.3","Inh PVALB CA8 (Chandelier)",0.0674554048279502,5.1415803113486,0.699397323716723,0.404227595173074,0.999998866570966,0.999994427475806,"ya_adult_cogact_freq"
"5555","BCO2","Inh PVALB CA8 (Chandelier)",-0.0394140712396478,5.21677866974434,0.348760013007028,0.555645168603264,0.999998866570966,0.999994427475806,"ya_adult_cogact_freq"
"5556","PTS","Inh PVALB CA8 (Chandelier)",-0.082233140642346,5.28729922115091,1.23205020441128,0.268666199297027,0.999998866570966,0.999994427475806,"ya_adult_cogact_freq"
"5557","AP002884.1","Inh PVALB CA8 (Chandelier)",-0.00315206089054562,3.79213161058375,0.000784036185938519,0.977696364355541,0.999998866570966,0.999994427475806,"ya_adult_cogact_freq"
"5558","AP003063.1","Inh PVALB CA8 (Chandelier)",-0.210538941494199,3.25275256947143,1.31877596937224,0.252517696420135,0.999998866570966,0.999994427475806,"ya_adult_cogact_freq"
"5559","NCAM1","Inh PVALB CA8 (Chandelier)",-0.0138710195760292,9.54443044196044,0.322185136193299,0.571089224776162,0.999998866570966,0.999994427475806,"ya_adult_cogact_freq"
"5560","TTC12","Inh PVALB CA8 (Chandelier)",0.205630735807258,3.71110854841558,1.14891128001595,0.285383608731985,0.999998866570966,0.999994427475806,"ya_adult_cogact_freq"
"5561","USP28","Inh PVALB CA8 (Chandelier)",-0.0998896781655332,5.87294675185234,2.31338573326171,0.13022879983271,0.999998866570966,0.999994427475806,"ya_adult_cogact_freq"
"5562","ZBTB16","Inh PVALB CA8 (Chandelier)",-0.00785132656516116,7.15742087063607,0.0182125675824568,0.892817102906923,0.999998866570966,0.999994427475806,"ya_adult_cogact_freq"
"5563","REXO2","Inh PVALB CA8 (Chandelier)",0.0523571807660269,4.07954097887706,0.292940838629083,0.589091327100038,0.999998866570966,0.999994427475806,"ya_adult_cogact_freq"
"5564","CADM1","Inh PVALB CA8 (Chandelier)",-0.013850874943393,8.82602686188107,0.159199239935925,0.690424323596495,0.999998866570966,0.999994427475806,"ya_adult_cogact_freq"
"5565","AP000462.1","Inh PVALB CA8 (Chandelier)",-0.150257663331131,3.86457717754396,0.929723290020752,0.336382992130432,0.999998866570966,0.999994427475806,"ya_adult_cogact_freq"
"5566","BUD13","Inh PVALB CA8 (Chandelier)",-0.0991382754197198,3.79985550038997,0.792007312916247,0.374823660979613,0.999998866570966,0.999994427475806,"ya_adult_cogact_freq"
"5567","SIK3","Inh PVALB CA8 (Chandelier)",-0.0163070019154457,9.11234838272387,0.172838887190775,0.678155427630269,0.999998866570966,0.999994427475806,"ya_adult_cogact_freq"
"5568","PAFAH1B2","Inh PVALB CA8 (Chandelier)",0.0869674435611526,5.93086857364072,2.22388929176697,0.137849925748102,0.999998866570966,0.999994427475806,"ya_adult_cogact_freq"
"5569","SIDT2","Inh PVALB CA8 (Chandelier)",0.0213223879802058,4.33370853943459,0.058531025409154,0.809141295423905,0.999998866570966,0.999994427475806,"ya_adult_cogact_freq"
"5570","TAGLN","Inh PVALB CA8 (Chandelier)",0.14695413179488,4.14110911446079,1.9342052256818,0.166221152396216,0.999998866570966,0.999994427475806,"ya_adult_cogact_freq"
"5571","PCSK7","Inh PVALB CA8 (Chandelier)",0.0556364307268921,6.07720819777882,1.18983238085811,0.276995533084835,0.999998866570966,0.999994427475806,"ya_adult_cogact_freq"
"5572","RNF214","Inh PVALB CA8 (Chandelier)",-0.0482090595518799,5.08648774533674,0.613943505771988,0.434459692001717,0.999998866570966,0.999994427475806,"ya_adult_cogact_freq"
"5573","BACE1","Inh PVALB CA8 (Chandelier)",-0.0365214429593341,5.44303332203478,0.425894877562065,0.514942263864766,0.999998866570966,0.999994427475806,"ya_adult_cogact_freq"
"5574","CEP164","Inh PVALB CA8 (Chandelier)",-0.0490907677783043,5.34798760796381,0.622771759531955,0.431181433296283,0.999998866570966,0.999994427475806,"ya_adult_cogact_freq"
"5575","DSCAML1","Inh PVALB CA8 (Chandelier)",0.0100863090201426,8.55514682524969,0.0716483686274642,0.78929481048084,0.999998866570966,0.999994427475806,"ya_adult_cogact_freq"
"5576","SCN2B","Inh PVALB CA8 (Chandelier)",-0.0345875686976291,5.63123156641028,0.185495916268281,0.667268941675724,0.999998866570966,0.999994427475806,"ya_adult_cogact_freq"
"5577","UBE4A","Inh PVALB CA8 (Chandelier)",-0.0414040953909369,5.61535689732945,0.663801825174649,0.416426238870761,0.999998866570966,0.999994427475806,"ya_adult_cogact_freq"
"5578","ATP5MG","Inh PVALB CA8 (Chandelier)",-0.0271375643231495,6.40684057925826,0.404614920701163,0.525620028628268,0.999998866570966,0.999994427475806,"ya_adult_cogact_freq"
"5579","KMT2A","Inh PVALB CA8 (Chandelier)",0.0229905377584205,8.44251920164835,0.569336936614336,0.451626385868379,0.999998866570966,0.999994427475806,"ya_adult_cogact_freq"
"5580","TMEM25","Inh PVALB CA8 (Chandelier)",0.0964536832974271,4.84015044183521,1.64605113581071,0.208780763540782,0.999998866570966,0.999994427475806,"ya_adult_cogact_freq"
"5581","IFT46","Inh PVALB CA8 (Chandelier)",0.0257489461236401,3.88116214719314,0.0607410806235706,0.805642851954209,0.999998866570966,0.999994427475806,"ya_adult_cogact_freq"
"5582","ARCN1","Inh PVALB CA8 (Chandelier)",0.0471931870297584,4.60553713135624,0.315879594786037,0.574877203195931,0.999998866570966,0.999994427475806,"ya_adult_cogact_freq"
"5583","PHLDB1","Inh PVALB CA8 (Chandelier)",0.00440869838192615,5.05297273879663,0.00311187076814194,0.95558303420186,0.999998866570966,0.999994427475806,"ya_adult_cogact_freq"
"5584","DDX6","Inh PVALB CA8 (Chandelier)",-0.00660375236080234,6.42778845126787,0.0235395453761581,0.898692946687869,0.999998866570966,0.999994427475806,"ya_adult_cogact_freq"
"5585","BCL9L","Inh PVALB CA8 (Chandelier)",0.01795467822351,4.23892327864915,0.0397796579396526,0.842164057667365,0.999998866570966,0.999994427475806,"ya_adult_cogact_freq"
"5586","CCDC84","Inh PVALB CA8 (Chandelier)",-0.00778125738148206,6.06899698061023,0.0177330247563356,0.894229111263511,0.999998866570966,0.999994427475806,"ya_adult_cogact_freq"
"5587","RPS25","Inh PVALB CA8 (Chandelier)",-0.290957740103333,4.65216154932114,6.31437895998947,0.0129615005625348,0.999998866570966,0.999994427475806,"ya_adult_cogact_freq"
"5588","TRAPPC4","Inh PVALB CA8 (Chandelier)",-0.0667674386453865,4.05987850489738,0.371664044141554,0.542959290629929,0.999998866570966,0.999994427475806,"ya_adult_cogact_freq"
"5589","HYOU1","Inh PVALB CA8 (Chandelier)",-0.0834116518024014,4.19148029077352,0.622026454572195,0.431456731838394,0.999998866570966,0.999994427475806,"ya_adult_cogact_freq"
"5590","VPS11","Inh PVALB CA8 (Chandelier)",-0.192161658159249,4.01827498454532,3.3259891494378,0.0700500891073503,0.999998866570966,0.999994427475806,"ya_adult_cogact_freq"
"5591","C2CD2L","Inh PVALB CA8 (Chandelier)",-0.0923493304048656,4.32053190271447,1.10368276958481,0.295035949390646,0.999998866570966,0.999994427475806,"ya_adult_cogact_freq"
"5592","HINFP","Inh PVALB CA8 (Chandelier)",-0.073979186486933,4.45917557062452,0.833706992097201,0.36257007297415,0.999998866570966,0.999994427475806,"ya_adult_cogact_freq"
"5593","ABCG4","Inh PVALB CA8 (Chandelier)",0.0161819761449537,4.01778489838647,0.0216509837637406,0.883203728443241,0.999998866570966,0.999994427475806,"ya_adult_cogact_freq"
"5594","CBL","Inh PVALB CA8 (Chandelier)",0.0508214555897049,6.05117007007542,1.13347071897465,0.28863266339054,0.999998866570966,0.999994427475806,"ya_adult_cogact_freq"
"5595","USP2","Inh PVALB CA8 (Chandelier)",0.0363042056733468,5.22841981897298,0.34301536505569,0.692287816430036,0.999998866570966,0.999994427475806,"ya_adult_cogact_freq"
"5596","USP2-AS1","Inh PVALB CA8 (Chandelier)",0.198453017328889,5.17169666494623,4.54289744397351,0.0345755242772107,0.999998866570966,0.999994427475806,"ya_adult_cogact_freq"
"5597","THY1","Inh PVALB CA8 (Chandelier)",-0.0752715904128143,7.28208211000953,1.08466351348201,0.299220311580412,0.999998866570966,0.999994427475806,"ya_adult_cogact_freq"
"5598","NECTIN1","Inh PVALB CA8 (Chandelier)",-0.0381442284682065,6.31458906389249,0.475288211943477,0.491558219260322,0.999998866570966,0.999994427475806,"ya_adult_cogact_freq"
"5599","TMEM136","Inh PVALB CA8 (Chandelier)",0.0105487758618053,4.08151529846578,0.0122855827566279,0.911881203845738,0.999998866570966,0.999994427475806,"ya_adult_cogact_freq"
"5600","ARHGEF12","Inh PVALB CA8 (Chandelier)",-0.0389457633807717,7.4433975920216,0.951683974301441,0.330756656717165,0.999998866570966,0.999994427475806,"ya_adult_cogact_freq"
"5601","SC5D","Inh PVALB CA8 (Chandelier)",-0.0944285983751567,4.14833486718301,0.91343368777614,0.340639946872042,0.999998866570966,0.999994427475806,"ya_adult_cogact_freq"
"5602","SORL1","Inh PVALB CA8 (Chandelier)",-0.0302716171389335,8.21996014090733,1.03841994420527,0.3097203047146,0.999998866570966,0.999994427475806,"ya_adult_cogact_freq"
"5603","UBASH3B","Inh PVALB CA8 (Chandelier)",0.0189313836500959,7.94785947027299,0.151178473566858,0.697926176614467,0.999998866570966,0.999994427475806,"ya_adult_cogact_freq"
"5604","JHY","Inh PVALB CA8 (Chandelier)",0.0583067122162606,5.05842290130123,0.789893649098373,0.37546016159562,0.999998866570966,0.999994427475806,"ya_adult_cogact_freq"
"5605","HSPA8","Inh PVALB CA8 (Chandelier)",-0.24370905024352,5.22702050074181,3.94559334422248,0.0486939175006682,0.999998866570966,0.999994427475806,"ya_adult_cogact_freq"
"5606","CLMP","Inh PVALB CA8 (Chandelier)",0.0478185818940024,6.93762681166724,0.750893688832609,0.387484876472615,0.999998866570966,0.999994427475806,"ya_adult_cogact_freq"
"5607","GRAMD1B","Inh PVALB CA8 (Chandelier)",-0.0237633743001561,6.85481057019922,0.373284314206458,0.574075203599061,0.999998866570966,0.999994427475806,"ya_adult_cogact_freq"
"5608","SCN3B","Inh PVALB CA8 (Chandelier)",-0.0479744351770391,4.63246302977062,0.23010102879297,0.632100872254083,0.999998866570966,0.999994427475806,"ya_adult_cogact_freq"
"5609","ZNF202","Inh PVALB CA8 (Chandelier)",-0.00558032363489673,3.77940496163143,0.00241564552894934,0.960861389515247,0.999998866570966,0.999994427475806,"ya_adult_cogact_freq"
"5610","TBRG1","Inh PVALB CA8 (Chandelier)",-0.0251384824556082,5.43150492838672,0.138860675410968,0.709907105472721,0.999998866570966,0.999994427475806,"ya_adult_cogact_freq"
"5611","SIAE","Inh PVALB CA8 (Chandelier)",0.0116049586888932,4.14697162300379,0.0130179830840832,0.90930376137524,0.999998866570966,0.999994427475806,"ya_adult_cogact_freq"
"5612","NRGN","Inh PVALB CA8 (Chandelier)",0.0490013774625689,4.77368769080482,0.197702749403071,0.657179562120439,0.999998866570966,0.999994427475806,"ya_adult_cogact_freq"
"5613","MSANTD2","Inh PVALB CA8 (Chandelier)",0.0139489156733435,5.0421265399929,0.0403404691708105,0.841070236359054,0.999998866570966,0.999994427475806,"ya_adult_cogact_freq"
"5614","PKNOX2","Inh PVALB CA8 (Chandelier)",-0.00135315960458,9.4075781584029,0.00111336556744348,0.973423210396858,0.999998866570966,0.999994427475806,"ya_adult_cogact_freq"
"5615","FEZ1","Inh PVALB CA8 (Chandelier)",-0.0865459679659884,5.78713056528145,2.5170227591664,0.114587987704358,0.999998866570966,0.999994427475806,"ya_adult_cogact_freq"
"5616","EI24","Inh PVALB CA8 (Chandelier)",0.0755168620000832,4.7407733314254,0.896535209233358,0.345133479316605,0.999998866570966,0.999994427475806,"ya_adult_cogact_freq"
"5617","STT3A","Inh PVALB CA8 (Chandelier)",0.0243033065507899,4.08375369970212,0.0579697244274111,0.810040911443591,0.999998866570966,0.999994427475806,"ya_adult_cogact_freq"
"5618","DDX25","Inh PVALB CA8 (Chandelier)",0.0115860261107332,5.09811151324008,0.0267250471569471,0.870347446197239,0.999998866570966,0.999994427475806,"ya_adult_cogact_freq"
"5619","CDON","Inh PVALB CA8 (Chandelier)",0.171338959375706,5.72552989240095,7.48240217612621,0.00693057600558612,0.999998866570966,0.999994427475806,"ya_adult_cogact_freq"
"5620","FAM118B","Inh PVALB CA8 (Chandelier)",0.16271790185669,4.19263969550779,3.32600753972444,0.0700493225340112,0.999998866570966,0.999994427475806,"ya_adult_cogact_freq"
"5621","SRPRA","Inh PVALB CA8 (Chandelier)",-0.300220856840868,3.92244337909427,6.33727951495876,0.012801601934228,0.999998866570966,0.999994427475806,"ya_adult_cogact_freq"
"5622","FOXRED1","Inh PVALB CA8 (Chandelier)",-0.0953517921010916,5.27300175185209,1.74109597627815,0.18887608282113,0.999998866570966,0.999994427475806,"ya_adult_cogact_freq"
"5623","TIRAP","Inh PVALB CA8 (Chandelier)",0.036323657359225,3.62993148539983,0.0693241109373081,0.792660581562949,0.999998866570966,0.999994427475806,"ya_adult_cogact_freq"
"5624","AP001318.2","Inh PVALB CA8 (Chandelier)",0.00921432275437437,4.47491603566948,0.00856787796189926,0.92636611894048,0.999998866570966,0.999994427475806,"ya_adult_cogact_freq"
"5625","KIRREL3","Inh PVALB CA8 (Chandelier)",-0.230948184042912,5.29959886485546,3.11227094124165,0.0796038242023453,0.999998866570966,0.999994427475806,"ya_adult_cogact_freq"
"5626","ARHGAP32","Inh PVALB CA8 (Chandelier)",-0.0162044615738314,8.00028991458859,0.177907074100072,0.673741542486839,0.999998866570966,0.999994427475806,"ya_adult_cogact_freq"
"5627","PRDM10","Inh PVALB CA8 (Chandelier)",-0.0134023157567164,5.07570272503614,0.0368113858058086,0.84809169537142,0.999998866570966,0.999994427475806,"ya_adult_cogact_freq"
"5628","APLP2","Inh PVALB CA8 (Chandelier)",-0.00549778579495112,7.33194176967283,0.0142535678979762,0.905116783768409,0.999998866570966,0.999994427475806,"ya_adult_cogact_freq"
"5629","ZBTB44","Inh PVALB CA8 (Chandelier)",0.0581454799583903,5.91149748493078,0.972780125801198,0.32546987049599,0.999998866570966,0.999994427475806,"ya_adult_cogact_freq"
"5630","ADAMTS15","Inh PVALB CA8 (Chandelier)",0.131070483786989,3.76037783591167,1.08826115816785,0.298422951084119,0.999998866570966,0.999994427475806,"ya_adult_cogact_freq"
"5631","SNX19","Inh PVALB CA8 (Chandelier)",-0.0159906995250086,5.42149668007071,0.0665751199115273,0.796720282870931,0.999998866570966,0.999994427475806,"ya_adult_cogact_freq"
"5632","NTM","Inh PVALB CA8 (Chandelier)",-0.0875603017886317,7.91078874792088,1.4134033981247,0.236245335900343,0.999998866570966,0.999994427475806,"ya_adult_cogact_freq"
"5633","OPCML","Inh PVALB CA8 (Chandelier)",0.0662782884059332,9.83431165103973,2.07352797736653,0.151818965367995,0.999998866570966,0.999994427475806,"ya_adult_cogact_freq"
"5634","IGSF9B","Inh PVALB CA8 (Chandelier)",0.0706932866466038,5.73445278775451,0.969339071924594,0.326324479109207,0.999998866570966,0.999994427475806,"ya_adult_cogact_freq"
"5635","JAM3","Inh PVALB CA8 (Chandelier)",-0.0505212838497513,5.16281980736944,0.363540073333927,0.547396337897639,0.999998866570966,0.999994427475806,"ya_adult_cogact_freq"
"5636","NCAPD3","Inh PVALB CA8 (Chandelier)",-0.00191246103012752,4.7834149586001,0.000546864317543841,0.981372066715147,0.999998866570966,0.999994427475806,"ya_adult_cogact_freq"
"5637","VPS26B","Inh PVALB CA8 (Chandelier)",-0.104910463802336,4.83980657994271,1.96149383644283,0.163280765658811,0.999998866570966,0.999994427475806,"ya_adult_cogact_freq"
"5638","THYN1","Inh PVALB CA8 (Chandelier)",-0.0889173637313151,3.78524312598073,0.575883299728237,0.44904165045949,0.999998866570966,0.999994427475806,"ya_adult_cogact_freq"
"5639","ACAD8","Inh PVALB CA8 (Chandelier)",-0.0165214785638486,3.95213871341576,0.0245637747214264,0.875655596378976,0.999998866570966,0.999994427475806,"ya_adult_cogact_freq"
"5640","GLB1L3","Inh PVALB CA8 (Chandelier)",0.0143740523416509,4.49307352298433,0.0234420412100038,0.878505160357151,0.999998866570966,0.999994427475806,"ya_adult_cogact_freq"
"5641","B3GAT1","Inh PVALB CA8 (Chandelier)",-0.00283579410575126,5.95456392174243,0.00250254619723268,0.960164201722085,0.999998866570966,0.999994427475806,"ya_adult_cogact_freq"
"5642","ZMYND11","Inh PVALB CA8 (Chandelier)",0.0302260504079866,7.30951948478576,0.694071130684674,0.406019080535506,0.999998866570966,0.999994427475806,"ya_adult_cogact_freq"
"5643","DIP2C","Inh PVALB CA8 (Chandelier)",-0.0230799941619953,9.49574391412571,0.530233848785456,0.467567845848173,0.999998866570966,0.999994427475806,"ya_adult_cogact_freq"
"5644","LARP4B","Inh PVALB CA8 (Chandelier)",-0.0495340438753875,6.69266199274526,1.7636649772462,0.186050420603852,0.999998866570966,0.999994427475806,"ya_adult_cogact_freq"
"5645","GTPBP4","Inh PVALB CA8 (Chandelier)",0.00270120113141827,4.44649913916825,0.00114759382866616,0.97301793185266,0.999998866570966,0.999994427475806,"ya_adult_cogact_freq"
"5646","IDI2-AS1","Inh PVALB CA8 (Chandelier)",-0.0447961226603565,5.96846260210595,0.614829117036048,0.434129116374298,0.999998866570966,0.999994427475806,"ya_adult_cogact_freq"
"5647","IDI1","Inh PVALB CA8 (Chandelier)",-0.127550039178429,4.88787455677526,2.22783711057519,0.137503322684024,0.999998866570966,0.999994427475806,"ya_adult_cogact_freq"
"5648","WDR37","Inh PVALB CA8 (Chandelier)",-0.00576974864688851,6.44634609421158,0.0117206551127606,0.913922886497644,0.999998866570966,0.999994427475806,"ya_adult_cogact_freq"
"5649","ADARB2","Inh PVALB CA8 (Chandelier)",0.107933660756467,5.23577699094771,0.380327136868808,0.538300563026685,0.999998866570966,0.999994427475806,"ya_adult_cogact_freq"
"5650","PFKP","Inh PVALB CA8 (Chandelier)",-0.0301819244644326,5.18610483195357,0.198459183582919,0.656566744751454,0.999998866570966,0.999994427475806,"ya_adult_cogact_freq"
"5651","PITRM1","Inh PVALB CA8 (Chandelier)",0.0146047760979855,5.25642799256831,0.066752180081941,0.932172174294567,0.999998866570966,0.999994427475806,"ya_adult_cogact_freq"
"5652","KLF6","Inh PVALB CA8 (Chandelier)",0.0186631523551679,4.6910955093837,0.0471767903674699,0.828326188184446,0.999998866570966,0.999994427475806,"ya_adult_cogact_freq"
"5653","AKR1E2","Inh PVALB CA8 (Chandelier)",-0.0269889253520306,3.95782721758063,0.0498048208230941,0.823686561198467,0.999998866570966,0.999994427475806,"ya_adult_cogact_freq"
"5654","ASB13","Inh PVALB CA8 (Chandelier)",-0.0203119574963542,4.32444886497537,0.0553353586582948,0.814325955618031,0.999998866570966,0.999994427475806,"ya_adult_cogact_freq"
"5655","FAM208B","Inh PVALB CA8 (Chandelier)",0.0277171088443791,7.38040343480247,0.660907596699722,0.417442012157343,0.999998866570966,0.999994427475806,"ya_adult_cogact_freq"
"5656","GDI2","Inh PVALB CA8 (Chandelier)",-0.0747218264835427,5.51923907988588,1.99968375250512,0.159265687957166,0.999998866570966,0.999994427475806,"ya_adult_cogact_freq"
"5657","ANKRD16","Inh PVALB CA8 (Chandelier)",0.0835076763974316,5.94830762308468,2.60644103948678,0.108391377180383,0.999998866570966,0.999994427475806,"ya_adult_cogact_freq"
"5658","FBH1","Inh PVALB CA8 (Chandelier)",-0.119378062445277,5.72308877015687,6.8066547782289,0.0139081480854648,0.999998866570966,0.999994427475806,"ya_adult_cogact_freq"
"5659","IL15RA","Inh PVALB CA8 (Chandelier)",0.0176314460961279,5.5142059070624,0.0723098445926319,0.788347651261113,0.999998866570966,0.999994427475806,"ya_adult_cogact_freq"
"5660","RBM17","Inh PVALB CA8 (Chandelier)",0.0323592679017761,7.36735947991112,0.656010147413118,0.419169294924479,0.999998866570966,0.999994427475806,"ya_adult_cogact_freq"
"5661","PFKFB3","Inh PVALB CA8 (Chandelier)",-0.0294557013538737,6.28710757103483,0.260157667075244,0.61071140168654,0.999998866570966,0.999994427475806,"ya_adult_cogact_freq"
"5662","PRKCQ","Inh PVALB CA8 (Chandelier)",0.0414179797396131,4.12049227935663,0.10456150928556,0.746843063953,0.999998866570966,0.999994427475806,"ya_adult_cogact_freq"
"5663","SFMBT2","Inh PVALB CA8 (Chandelier)",0.00148895137208386,8.71872119736402,0.00211678657123525,0.963360537357457,0.999998866570966,0.999994427475806,"ya_adult_cogact_freq"
"5664","KIN","Inh PVALB CA8 (Chandelier)",-0.0268250118965124,5.04903596461741,0.191289285938186,0.662432684964557,0.999998866570966,0.999994427475806,"ya_adult_cogact_freq"
"5665","ATP5F1C","Inh PVALB CA8 (Chandelier)",0.00811390726785895,5.54560130595445,0.0180418782306233,0.893317501620653,0.999998866570966,0.999994427475806,"ya_adult_cogact_freq"
"5666","TAF3","Inh PVALB CA8 (Chandelier)",0.0040390039204229,6.61644573284003,0.00838199218463465,0.927166999117145,0.999998866570966,0.999994427475806,"ya_adult_cogact_freq"
"5667","CELF2","Inh PVALB CA8 (Chandelier)",0.0269067270711915,9.23354999321948,0.910341976846245,0.341456116638295,0.999998866570966,0.999994427475806,"ya_adult_cogact_freq"
"5668","USP6NL","Inh PVALB CA8 (Chandelier)",0.125219081256056,4.95849565375785,1.98830048280612,0.160450469342674,0.999998866570966,0.999994427475806,"ya_adult_cogact_freq"
"5669","UPF2","Inh PVALB CA8 (Chandelier)",-0.000734907569501204,5.8497432562675,0.000210825575411686,0.988433259271445,0.999998866570966,0.999994427475806,"ya_adult_cogact_freq"
"5670","DHTKD1","Inh PVALB CA8 (Chandelier)",0.0583518353259786,5.17623364655949,0.797572984698686,0.373154896425938,0.999998866570966,0.999994427475806,"ya_adult_cogact_freq"
"5671","SEC61A2","Inh PVALB CA8 (Chandelier)",-0.0307897141116955,5.40418233568069,0.274262639585348,0.601207770202959,0.999998866570966,0.999994427475806,"ya_adult_cogact_freq"
"5672","NUDT5","Inh PVALB CA8 (Chandelier)",0.00797265750053205,5.49549974113812,0.0208089026275919,0.885481433601012,0.999998866570966,0.999994427475806,"ya_adult_cogact_freq"
"5673","CDC123","Inh PVALB CA8 (Chandelier)",-0.0589227799899493,5.27963626978458,0.850377774743157,0.357827337244754,0.999998866570966,0.999994427475806,"ya_adult_cogact_freq"
"5674","CAMK1D","Inh PVALB CA8 (Chandelier)",0.0133528445035696,8.48870471924662,0.13020625891303,0.718691987616199,0.999998866570966,0.999994427475806,"ya_adult_cogact_freq"
"5675","CCDC3","Inh PVALB CA8 (Chandelier)",0.00128524604284084,5.59031889818598,0.000327319838758755,0.985587907737021,0.999998866570966,0.999994427475806,"ya_adult_cogact_freq"
"5676","OPTN","Inh PVALB CA8 (Chandelier)",0.0159572760033334,5.67636262439529,0.107358176308882,0.743598393441542,0.999998866570966,0.999994427475806,"ya_adult_cogact_freq"
"5677","SEPHS1","Inh PVALB CA8 (Chandelier)",0.0883895133994319,4.10641865698827,0.77404832538198,0.380280807970449,0.999998866570966,0.999994427475806,"ya_adult_cogact_freq"
"5678","BEND7","Inh PVALB CA8 (Chandelier)",-0.165949955983627,4.24492226019097,1.94609929911839,0.164932109067183,0.999998866570966,0.999994427475806,"ya_adult_cogact_freq"
"5679","PRPF18","Inh PVALB CA8 (Chandelier)",-0.000751693152446722,3.85434344655805,4.84149029906836e-05,0.994456925504423,0.999998866570966,0.999994427475806,"ya_adult_cogact_freq"
"5680","AL157392.5","Inh PVALB CA8 (Chandelier)",0.0594226012336233,4.60584094691185,0.610815374030167,0.535993350705803,0.999998866570966,0.999994427475806,"ya_adult_cogact_freq"
"5681","FRMD4A","Inh PVALB CA8 (Chandelier)",-0.00763054726242085,9.74656532070529,0.0388614893023185,0.843972332465608,0.999998866570966,0.999994427475806,"ya_adult_cogact_freq"
"5682","HSPA14-1","Inh PVALB CA8 (Chandelier)",0.0649991029108346,4.23177248282805,0.457851536228221,0.499602170217894,0.999998866570966,0.999994427475806,"ya_adult_cogact_freq"
"5683","DCLRE1C","Inh PVALB CA8 (Chandelier)",-0.217597465288093,4.09446416274349,4.9250676060092,0.0278697387867726,0.999998866570966,0.999994427475806,"ya_adult_cogact_freq"
"5684","RPP38","Inh PVALB CA8 (Chandelier)",-0.0860911288314208,4.6006574436031,0.737271666008119,0.391814677342687,0.999998866570966,0.999994427475806,"ya_adult_cogact_freq"
"5685","NMT2","Inh PVALB CA8 (Chandelier)",0.0510095473954247,6.84415320479974,1.11758676616866,0.2920246336624,0.999998866570966,0.999994427475806,"ya_adult_cogact_freq"
"5686","FAM171A1","Inh PVALB CA8 (Chandelier)",-0.00423277975251992,7.04152334694471,0.0144212918728465,0.904562842754887,0.999998866570966,0.999994427475806,"ya_adult_cogact_freq"
"5687","ITGA8","Inh PVALB CA8 (Chandelier)",0.0718610117394955,7.27149686666632,1.3266179797278,0.25111775790765,0.999998866570966,0.999994427475806,"ya_adult_cogact_freq"
"5688","MINDY3","Inh PVALB CA8 (Chandelier)",0.045606404205223,5.86775468557338,0.715927521296022,0.398740678347873,0.999998866570966,0.999994427475806,"ya_adult_cogact_freq"
"5689","RSU1","Inh PVALB CA8 (Chandelier)",-0.111453511990102,4.95894076203197,1.77767004415251,0.18432187049235,0.999998866570966,0.999994427475806,"ya_adult_cogact_freq"
"5690","CUBN","Inh PVALB CA8 (Chandelier)",0.152890992762043,4.06540686317073,1.59776332733205,0.208050142814821,0.999998866570966,0.999994427475806,"ya_adult_cogact_freq"
"5691","TRDMT1","Inh PVALB CA8 (Chandelier)",0.0591933738195617,4.61227479112786,0.536692588429765,0.464873424672516,0.999998866570966,0.999994427475806,"ya_adult_cogact_freq"
"5692","STAM","Inh PVALB CA8 (Chandelier)",0.0488982598958337,5.72222555573486,0.951847674085617,0.330715192636092,0.999998866570966,0.999994427475806,"ya_adult_cogact_freq"
"5693","CACNB2","Inh PVALB CA8 (Chandelier)",-0.0690343340528487,6.59710122148685,1.59165494695642,0.208917297902822,0.999998866570966,0.999994427475806,"ya_adult_cogact_freq"
"5694","AL450384.2","Inh PVALB CA8 (Chandelier)",-0.0192243627991427,5.25772263307482,0.0843815485697147,0.771819584088718,0.999998866570966,0.999994427475806,"ya_adult_cogact_freq"
"5695","NSUN6","Inh PVALB CA8 (Chandelier)",-0.00999965433191654,5.92566305593798,0.0376019056550774,0.846489502188272,0.999998866570966,0.999994427475806,"ya_adult_cogact_freq"
"5696","ARL5B","Inh PVALB CA8 (Chandelier)",-0.00418729720401745,4.26440529965527,0.00229797877062996,0.968455707830423,0.999998866570966,0.999994427475806,"ya_adult_cogact_freq"
"5697","MALRD1","Inh PVALB CA8 (Chandelier)",-0.142585430207436,3.36259148732325,0.688790123512641,0.407806910545469,0.999998866570966,0.999994427475806,"ya_adult_cogact_freq"
"5698","PLXDC2","Inh PVALB CA8 (Chandelier)",-0.107426549831595,5.29727113323293,0.822340237886676,0.365854028329784,0.999998866570966,0.999994427475806,"ya_adult_cogact_freq"
"5699","NEBL","Inh PVALB CA8 (Chandelier)",0.00584222345927153,8.73548856215398,0.033861075438907,0.854234535542242,0.999998866570966,0.999994427475806,"ya_adult_cogact_freq"
"5700","MLLT10","Inh PVALB CA8 (Chandelier)",-0.0133499844433132,7.68136100181236,0.16462842169379,0.68547000267044,0.999998866570966,0.999994427475806,"ya_adult_cogact_freq"
"5701","DNAJC1","Inh PVALB CA8 (Chandelier)",0.0179956687943243,6.81957800425636,0.144416035943827,0.704431332120416,0.999998866570966,0.999994427475806,"ya_adult_cogact_freq"
"5702","BMI1","Inh PVALB CA8 (Chandelier)",-0.114323767704206,4.12972086689567,0.952065079349864,0.330660136068345,0.999998866570966,0.999994427475806,"ya_adult_cogact_freq"
"5703","SPAG6","Inh PVALB CA8 (Chandelier)",0.0896150758364529,3.7552231434682,0.444162976470459,0.506075260277248,0.999998866570966,0.999994427475806,"ya_adult_cogact_freq"
"5704","PIP4K2A","Inh PVALB CA8 (Chandelier)",0.00569446362780426,6.49379891938023,0.0134898601422118,0.907681903101365,0.999998866570966,0.999994427475806,"ya_adult_cogact_freq"
"5705","MSRB2","Inh PVALB CA8 (Chandelier)",-0.0871699842968416,4.72605577566613,1.25938232239733,0.263441317539289,0.999998866570966,0.999994427475806,"ya_adult_cogact_freq"
"5706","KIAA1217","Inh PVALB CA8 (Chandelier)",0.0524941476888563,9.20759018464502,1.31975918344065,0.252341646667088,0.999998866570966,0.999994427475806,"ya_adult_cogact_freq"
"5707","ARHGAP21","Inh PVALB CA8 (Chandelier)",0.00560443106121797,7.22735272823721,0.0195168206344925,0.889069826181152,0.999998866570966,0.999994427475806,"ya_adult_cogact_freq"
"5708","PRTFDC1","Inh PVALB CA8 (Chandelier)",-0.00731542438155955,5.11774230852333,0.00917596959116091,0.923805643816031,0.999998866570966,0.999994427475806,"ya_adult_cogact_freq"
"5709","GPR158","Inh PVALB CA8 (Chandelier)",-0.0268899049446669,8.12792172250661,0.332164290047808,0.565193461247352,0.999998866570966,0.999994427475806,"ya_adult_cogact_freq"
"5710","GAD2","Inh PVALB CA8 (Chandelier)",-0.168460980313501,3.53303632808452,0.923380256229931,0.33803202611091,0.999998866570966,0.999994427475806,"ya_adult_cogact_freq"
"5711","PDSS1","Inh PVALB CA8 (Chandelier)",-0.0717040755815057,4.99237332560336,1.00467120009768,0.317689126603156,0.999998866570966,0.999994427475806,"ya_adult_cogact_freq"
"5712","ABI1","Inh PVALB CA8 (Chandelier)",-0.0256778171270419,6.81770759143806,0.353049820411229,0.553226970263429,0.999998866570966,0.999994427475806,"ya_adult_cogact_freq"
"5713","ANKRD26","Inh PVALB CA8 (Chandelier)",0.0424504874725036,8.09089499324749,1.23196572400165,0.268682549342631,0.999998866570966,0.999994427475806,"ya_adult_cogact_freq"
"5714","YME1L1","Inh PVALB CA8 (Chandelier)",-0.0217247190185952,6.12510346061901,0.204806367055407,0.706017193453714,0.999998866570966,0.999994427475806,"ya_adult_cogact_freq"
"5715","ACBD5","Inh PVALB CA8 (Chandelier)",0.144480049349223,5.46635673399114,6.09172948660664,0.0146287239295231,0.999998866570966,0.999994427475806,"ya_adult_cogact_freq"
"5716","RAB18","Inh PVALB CA8 (Chandelier)",-0.026516660002058,6.13442588801225,0.377626429990411,0.842281770048279,0.999998866570966,0.999994427475806,"ya_adult_cogact_freq"
"5717","MPP7","Inh PVALB CA8 (Chandelier)",0.0342035833270769,4.87403164334621,0.185787959910955,0.667023015091099,0.999998866570966,0.999994427475806,"ya_adult_cogact_freq"
"5718","WAC-AS1","Inh PVALB CA8 (Chandelier)",-0.0552015314755459,5.10422636781565,0.548699663940712,0.459930033113883,0.999998866570966,0.999994427475806,"ya_adult_cogact_freq"
"5719","WAC","Inh PVALB CA8 (Chandelier)",0.0377907397392247,7.03494069639593,0.984209445539352,0.322652600944494,0.999998866570966,0.999994427475806,"ya_adult_cogact_freq"
"5720","SVIL","Inh PVALB CA8 (Chandelier)",-0.0719915026691482,7.52452456704576,0.918463712668766,0.339317722689392,0.999998866570966,0.999994427475806,"ya_adult_cogact_freq"
"5721","MTPAP","Inh PVALB CA8 (Chandelier)",-0.014966938231875,4.62041218097067,0.0402061550020275,0.980898381803537,0.999998866570966,0.999994427475806,"ya_adult_cogact_freq"
"5722","ZNF438","Inh PVALB CA8 (Chandelier)",0.106891248731282,6.69062144043882,5.3554324076154,0.0219234498283265,0.999998866570966,0.999994427475806,"ya_adult_cogact_freq"
"5723","AL356258.1","Inh PVALB CA8 (Chandelier)",-0.0584269505381166,4.29157466701963,0.183744083005003,0.668748981999091,0.999998866570966,0.999994427475806,"ya_adult_cogact_freq"
"5724","ZEB1-AS1","Inh PVALB CA8 (Chandelier)",-0.0428159092426812,5.03828484398937,0.280956489585922,0.59680629529109,0.999998866570966,0.999994427475806,"ya_adult_cogact_freq"
"5725","ZEB1","Inh PVALB CA8 (Chandelier)",0.0657418618552267,8.1791644502953,2.59288677193434,0.109306283129689,0.999998866570966,0.999994427475806,"ya_adult_cogact_freq"
"5726","ARHGAP12","Inh PVALB CA8 (Chandelier)",0.0492861825455176,6.89872226445133,1.4157674872762,0.235855526822152,0.999998866570966,0.999994427475806,"ya_adult_cogact_freq"
"5727","KIF5B","Inh PVALB CA8 (Chandelier)",0.133986653510134,6.05256697818886,6.86625664092975,0.00962579852756981,0.999998866570966,0.999994427475806,"ya_adult_cogact_freq"
"5728","EPC1","Inh PVALB CA8 (Chandelier)",0.0106254698346129,7.10314525325571,0.0854074747488425,0.819355032096005,0.999998866570966,0.999994427475806,"ya_adult_cogact_freq"
"5729","CCDC7","Inh PVALB CA8 (Chandelier)",0.0116579829979577,6.65927261643211,0.0496091797165632,0.824027461247712,0.999998866570966,0.999994427475806,"ya_adult_cogact_freq"
"5730","ITGB1","Inh PVALB CA8 (Chandelier)",-0.0330149565388941,5.93079896669869,0.405014158558475,0.525416090503471,0.999998866570966,0.999994427475806,"ya_adult_cogact_freq"
"5731","ITGB1-DT","Inh PVALB CA8 (Chandelier)",-0.101166946648908,3.67698579920676,0.495198425545383,0.48263548496332,0.999998866570966,0.999994427475806,"ya_adult_cogact_freq"
"5732","PARD3","Inh PVALB CA8 (Chandelier)",0.0250563353044612,7.58233855939861,0.269501596384358,0.604380229264528,0.999998866570966,0.999994427475806,"ya_adult_cogact_freq"
"5733","CUL2","Inh PVALB CA8 (Chandelier)",-0.0559905789223967,5.35505793889811,0.946951962756936,0.331958260526153,0.999998866570966,0.999994427475806,"ya_adult_cogact_freq"
"5734","CREM","Inh PVALB CA8 (Chandelier)",-0.0320876698129601,5.55167441084133,0.230306008124124,0.631949297874842,0.999998866570966,0.999994427475806,"ya_adult_cogact_freq"
"5735","CCNY","Inh PVALB CA8 (Chandelier)",-0.0408821920886549,7.523451923316,2.01222986141367,0.157971493969322,0.999998866570966,0.999994427475806,"ya_adult_cogact_freq"
"5736","AL117336.3","Inh PVALB CA8 (Chandelier)",-0.051555583483229,5.4877428855288,0.797092356950838,0.439835904519585,0.999998866570966,0.999994427475806,"ya_adult_cogact_freq"
"5737","ZNF248","Inh PVALB CA8 (Chandelier)",0.0378242674070468,7.67984598751255,0.665386107614378,0.415871771300427,0.999998866570966,0.999994427475806,"ya_adult_cogact_freq"
"5738","ZNF25","Inh PVALB CA8 (Chandelier)",-0.034376651094781,5.74716792871384,0.418851158646069,0.518433884855613,0.999998866570966,0.999994427475806,"ya_adult_cogact_freq"
"5739","ZNF33A","Inh PVALB CA8 (Chandelier)",0.00127893132369618,6.5274898554595,0.000879174857678339,0.976382261505143,0.999998866570966,0.999994427475806,"ya_adult_cogact_freq"
"5740","AL117339.5","Inh PVALB CA8 (Chandelier)",0.0672660795311075,5.75442876973897,0.747025230515069,0.388707458457798,0.999998866570966,0.999994427475806,"ya_adult_cogact_freq"
"5741","LINC00839","Inh PVALB CA8 (Chandelier)",-0.0650709780781634,4.12020077454609,0.331204303285323,0.56575546596727,0.999998866570966,0.999994427475806,"ya_adult_cogact_freq"
"5742","ZNF33B","Inh PVALB CA8 (Chandelier)",0.14968625580747,5.67090709360482,5.53282540196388,0.0198742919905285,0.999998866570966,0.999994427475806,"ya_adult_cogact_freq"
"5743","BMS1","Inh PVALB CA8 (Chandelier)",0.000219926170313267,5.42219759488178,1.70118448649742e-05,0.996714214745883,0.999998866570966,0.999994427475806,"ya_adult_cogact_freq"
"5744","RET","Inh PVALB CA8 (Chandelier)",0.0096554528500837,5.6332468375464,0.0218809957016205,0.882589483039531,0.999998866570966,0.999994427475806,"ya_adult_cogact_freq"
"5745","CSGALNACT2","Inh PVALB CA8 (Chandelier)",0.00368390041892869,5.62559489210775,0.00395259929293132,0.949948361069731,0.999998866570966,0.999994427475806,"ya_adult_cogact_freq"
"5746","RASGEF1A","Inh PVALB CA8 (Chandelier)",-0.0532981478759447,5.16208696657972,0.61974832504731,0.432299883423164,0.999998866570966,0.999994427475806,"ya_adult_cogact_freq"
"5747","HNRNPF","Inh PVALB CA8 (Chandelier)",-0.0312978367027963,4.6343740289504,0.144859994465486,0.703998970514706,0.999998866570966,0.999994427475806,"ya_adult_cogact_freq"
"5748","ZNF487","Inh PVALB CA8 (Chandelier)",-0.0230321175265577,5.27219238407046,0.123533256912994,0.725693760458612,0.999998866570966,0.999994427475806,"ya_adult_cogact_freq"
"5749","ZNF32","Inh PVALB CA8 (Chandelier)",-0.0226665192860943,4.34892635467074,0.0571151720591424,0.811419427031695,0.999998866570966,0.999994427475806,"ya_adult_cogact_freq"
"5750","CXCL12","Inh PVALB CA8 (Chandelier)",-0.218814065874323,3.87192077458488,2.55137062021429,0.112162336668409,0.999998866570966,0.999994427475806,"ya_adult_cogact_freq"
"5751","TMEM72-AS1","Inh PVALB CA8 (Chandelier)",0.0211264310513349,6.17379773545945,0.0993029862663297,0.753076341808232,0.999998866570966,0.999994427475806,"ya_adult_cogact_freq"
"5752","RASSF4","Inh PVALB CA8 (Chandelier)",-0.0412197759560946,5.70875258363791,0.448938102043919,0.503800942218237,0.999998866570966,0.999994427475806,"ya_adult_cogact_freq"
"5753","DEPP1","Inh PVALB CA8 (Chandelier)",-0.0754332856271631,3.98867555747705,0.406563496034796,0.524625996727178,0.999998866570966,0.999994427475806,"ya_adult_cogact_freq"
"5754","ZNF22","Inh PVALB CA8 (Chandelier)",-0.0127242485314725,4.26571553286937,0.0174660482596696,0.895023649926746,0.999998866570966,0.999994427475806,"ya_adult_cogact_freq"
"5755","MARCH8","Inh PVALB CA8 (Chandelier)",0.0588156321899384,5.46409544521646,0.936469137912677,0.334641108338336,0.999998866570966,0.999994427475806,"ya_adult_cogact_freq"
"5756","ZFAND4","Inh PVALB CA8 (Chandelier)",-0.103071980477766,5.35175942088452,2.83214409669111,0.0943359803393674,0.999998866570966,0.999994427475806,"ya_adult_cogact_freq"
"5757","WASHC2C","Inh PVALB CA8 (Chandelier)",0.0674585082118368,5.03254506259539,1.05890464276763,0.305010849328121,0.999998866570966,0.999994427475806,"ya_adult_cogact_freq"
"5758","AGAP4","Inh PVALB CA8 (Chandelier)",-0.0432640676846871,5.40721899551399,0.586438124724248,0.444922658970076,0.999998866570966,0.999994427475806,"ya_adult_cogact_freq"
"5759","TIMM23","Inh PVALB CA8 (Chandelier)",-0.0157654782707593,4.64437927705321,0.0427784175384329,0.900315599498955,0.999998866570966,0.999994427475806,"ya_adult_cogact_freq"
"5760","NCOA4","Inh PVALB CA8 (Chandelier)",-0.0171727265215895,4.9148274201025,0.0577678282469217,0.99599640578173,0.999998866570966,0.999994427475806,"ya_adult_cogact_freq"
"5761","AL356056.2","Inh PVALB CA8 (Chandelier)",0.121165904547749,4.99863848637219,2.19828013445261,0.140122454578883,0.999998866570966,0.999994427475806,"ya_adult_cogact_freq"
"5762","PTPN20","Inh PVALB CA8 (Chandelier)",-0.0764674753128022,5.37348140758549,0.532556620549539,0.466595959460499,0.999998866570966,0.999994427475806,"ya_adult_cogact_freq"
"5763","AGAP9","Inh PVALB CA8 (Chandelier)",0.053262623008955,4.75694067658941,0.395400849665908,0.530366481377277,0.999998866570966,0.999994427475806,"ya_adult_cogact_freq"
"5764","MAPK8","Inh PVALB CA8 (Chandelier)",0.025209493336051,7.22605037134831,0.400698019228193,0.527628391108571,0.999998866570966,0.999994427475806,"ya_adult_cogact_freq"
"5765","ARHGAP22","Inh PVALB CA8 (Chandelier)",-0.0126135846677661,4.17128754263919,0.00811632429943871,0.928327327009751,0.999998866570966,0.999994427475806,"ya_adult_cogact_freq"
"5766","ERCC6","Inh PVALB CA8 (Chandelier)",0.0623195032594342,5.20534122399695,0.764669277836508,0.383175684726861,0.999998866570966,0.999994427475806,"ya_adult_cogact_freq"
"5767","OGDHL","Inh PVALB CA8 (Chandelier)",0.0290538857248435,5.28093232552319,0.240057004479733,0.62483289634377,0.999998866570966,0.999994427475806,"ya_adult_cogact_freq"
"5768","PARG","Inh PVALB CA8 (Chandelier)",0.0151169613311363,6.39320335683445,0.144048979648297,0.704789375402883,0.999998866570966,0.999994427475806,"ya_adult_cogact_freq"
"5769","TIMM23B","Inh PVALB CA8 (Chandelier)",0.122413837887283,6.73379437222214,2.96481290229818,0.087017688168595,0.999998866570966,0.999994427475806,"ya_adult_cogact_freq"
"5770","LINC00843","Inh PVALB CA8 (Chandelier)",-0.0317280218513196,4.94657469146513,0.185535983335913,0.667235188071051,0.999998866570966,0.999994427475806,"ya_adult_cogact_freq"
"5771","AGAP6","Inh PVALB CA8 (Chandelier)",0.00517288651920157,5.25921896164095,0.00681485160529487,0.934310372430282,0.999998866570966,0.999994427475806,"ya_adult_cogact_freq"
"5772","WASHC2A","Inh PVALB CA8 (Chandelier)",-0.00301466507522605,4.8548055625153,0.00174934994317445,0.971791774160957,0.999998866570966,0.999994427475806,"ya_adult_cogact_freq"
"5773","SGMS1","Inh PVALB CA8 (Chandelier)",0.0606744621765306,6.72750016304047,2.14028982013892,0.145427092298761,0.999998866570966,0.999994427475806,"ya_adult_cogact_freq"
"5774","PRKG1","Inh PVALB CA8 (Chandelier)",0.241231578015082,6.01939796676737,4.10814418077179,0.0443296289192806,0.999998866570966,0.999994427475806,"ya_adult_cogact_freq"
"5775","PCDH15","Inh PVALB CA8 (Chandelier)",-0.13926719724952,4.08383973587904,0.862837870850339,0.354338343957299,0.999998866570966,0.999994427475806,"ya_adult_cogact_freq"
"5776","IPMK","Inh PVALB CA8 (Chandelier)",0.161541061762906,5.26910696757882,7.39160335467084,0.00727267986703331,0.999998866570966,0.999994427475806,"ya_adult_cogact_freq"
"5777","CISD1","Inh PVALB CA8 (Chandelier)",0.0386892126237527,6.10790901023503,0.567653339118859,0.452294905039712,0.999998866570966,0.999994427475806,"ya_adult_cogact_freq"
"5778","UBE2D1","Inh PVALB CA8 (Chandelier)",-0.102949484946849,4.25379415768672,1.1653777620919,0.28196995312131,0.999998866570966,0.999994427475806,"ya_adult_cogact_freq"
"5779","TFAM","Inh PVALB CA8 (Chandelier)",0.0979027991509989,4.22685927947927,1.12142007171327,0.291201378764107,0.999998866570966,0.999994427475806,"ya_adult_cogact_freq"
"5780","PHYHIPL","Inh PVALB CA8 (Chandelier)",-0.0266905019810521,7.12881358098956,0.448060636268172,0.504217547045025,0.999998866570966,0.999994427475806,"ya_adult_cogact_freq"
"5781","FAM13C","Inh PVALB CA8 (Chandelier)",-0.0319699786320465,6.81382051653705,0.6384905560075,0.425436865653339,0.999998866570966,0.999994427475806,"ya_adult_cogact_freq"
"5782","CCDC6","Inh PVALB CA8 (Chandelier)",-0.0711860527434725,6.26992255397839,2.62522051608566,0.107137764776516,0.999998866570966,0.999994427475806,"ya_adult_cogact_freq"
"5783","ANK3","Inh PVALB CA8 (Chandelier)",0.012477971206682,9.86572020891826,0.189278483167077,0.664101287338877,0.999998866570966,0.999994427475806,"ya_adult_cogact_freq"
"5784","RHOBTB1","Inh PVALB CA8 (Chandelier)",0.0437777034949123,4.44150900854852,0.151393427996323,0.697722171190106,0.999998866570966,0.999994427475806,"ya_adult_cogact_freq"
"5785","ARID5B","Inh PVALB CA8 (Chandelier)",-0.00209626277164986,7.46520981796571,0.00157517607927082,0.968390723849396,0.999998866570966,0.999994427475806,"ya_adult_cogact_freq"
"5786","ZNF365","Inh PVALB CA8 (Chandelier)",-0.0101103458364828,6.31668503082569,0.0151959234667163,0.902045891405974,0.999998866570966,0.999994427475806,"ya_adult_cogact_freq"
"5787","NRBF2","Inh PVALB CA8 (Chandelier)",-0.101300192096899,4.1205792484298,1.05742893875088,0.305346979326337,0.999998866570966,0.999994427475806,"ya_adult_cogact_freq"
"5788","JMJD1C","Inh PVALB CA8 (Chandelier)",0.0307149182748363,9.54744237058211,1.46781489611001,0.227468549942197,0.999998866570966,0.999994427475806,"ya_adult_cogact_freq"
"5789","REEP3","Inh PVALB CA8 (Chandelier)",-0.0404036630681536,5.25934880777575,0.340922712257301,0.560115441368402,0.999998866570966,0.999994427475806,"ya_adult_cogact_freq"
"5790","LINC01515","Inh PVALB CA8 (Chandelier)",0.436432139033676,3.03677480984547,1.81218166751978,0.180141846064468,0.999998866570966,0.999994427475806,"ya_adult_cogact_freq"
"5791","CTNNA3","Inh PVALB CA8 (Chandelier)",0.0484989507018348,7.01111438718079,0.569841349727262,0.451426396857227,0.999998866570966,0.999994427475806,"ya_adult_cogact_freq"
"5792","LRRTM3","Inh PVALB CA8 (Chandelier)",0.0769213239007177,9.22802607099475,3.37427158668405,0.0680683868102557,0.999998866570966,0.999994427475806,"ya_adult_cogact_freq"
"5793","DNAJC12","Inh PVALB CA8 (Chandelier)",-0.0428873348271555,4.5793177547575,0.258470790107338,0.611869623268477,0.999998866570966,0.999994427475806,"ya_adult_cogact_freq"
"5794","SIRT1","Inh PVALB CA8 (Chandelier)",0.147930145697342,5.1170440508301,5.52092024824132,0.0200053352433239,0.999998866570966,0.999994427475806,"ya_adult_cogact_freq"
"5795","HERC4","Inh PVALB CA8 (Chandelier)",-0.0199986581703859,8.05971332198024,0.243918012075713,0.622064623089406,0.999998866570966,0.999994427475806,"ya_adult_cogact_freq"
"5796","HNRNPH3","Inh PVALB CA8 (Chandelier)",0.0381304988521723,5.99609874857603,0.7934480414084,0.773114028567328,0.999998866570966,0.999994427475806,"ya_adult_cogact_freq"
"5797","RUFY2","Inh PVALB CA8 (Chandelier)",-0.0216252886044991,6.98702160126008,0.349240280189508,0.55537344229701,0.999998866570966,0.999994427475806,"ya_adult_cogact_freq"
"5798","DNA2","Inh PVALB CA8 (Chandelier)",0.0716419285906842,4.57321808681998,0.622082750250674,0.431435928159687,0.999998866570966,0.999994427475806,"ya_adult_cogact_freq"
"5799","SLC25A16","Inh PVALB CA8 (Chandelier)",0.0190249337425477,6.11479055991009,0.156528167840725,0.692897798658865,0.999998866570966,0.999994427475806,"ya_adult_cogact_freq"
"5800","TET1","Inh PVALB CA8 (Chandelier)",0.0655323447442895,4.97889821815354,0.665604488436013,0.415795428604836,0.999998866570966,0.999994427475806,"ya_adult_cogact_freq"
"5801","CCAR1","Inh PVALB CA8 (Chandelier)",0.029072976058782,6.6305158359036,0.393125393441776,0.531550532596209,0.999998866570966,0.999994427475806,"ya_adult_cogact_freq"
"5802","STOX1","Inh PVALB CA8 (Chandelier)",-0.0825117596610399,3.9300538151906,0.518350025245609,0.472591781436289,0.999998866570966,0.999994427475806,"ya_adult_cogact_freq"
"5803","DDX50","Inh PVALB CA8 (Chandelier)",-0.0241778077113675,5.79753963868275,0.229494122776062,0.632550143988491,0.999998866570966,0.999994427475806,"ya_adult_cogact_freq"
"5804","DDX21","Inh PVALB CA8 (Chandelier)",0.065239625426222,4.67295371096605,0.83104625555995,0.411527533802471,0.999998866570966,0.999994427475806,"ya_adult_cogact_freq"
"5805","KIF1BP","Inh PVALB CA8 (Chandelier)",-0.121473298154762,5.19225588596584,3.23377169465567,0.0740106427493813,0.999998866570966,0.999994427475806,"ya_adult_cogact_freq"
"5806","SRGN","Inh PVALB CA8 (Chandelier)",-0.0020101049421135,4.1864130735143,0.000251935107775244,0.987355818957685,0.999998866570966,0.999994427475806,"ya_adult_cogact_freq"
"5807","VPS26A","Inh PVALB CA8 (Chandelier)",0.130411017528239,5.30819654549658,4.55407629825234,0.0343569173877297,0.999998866570966,0.999994427475806,"ya_adult_cogact_freq"
"5808","SUPV3L1","Inh PVALB CA8 (Chandelier)",0.0982417669292108,5.68152809867657,2.94878747315951,0.0878677494096187,0.999998866570966,0.999994427475806,"ya_adult_cogact_freq"
"5809","HK1","Inh PVALB CA8 (Chandelier)",-0.00159694819401738,6.84232510193213,0.00214089424704479,0.963152637064398,0.999998866570966,0.999994427475806,"ya_adult_cogact_freq"
"5810","FAM241B","Inh PVALB CA8 (Chandelier)",0.0116037409363042,3.87820765040204,0.00871583838158199,0.925734881828543,0.999998866570966,0.999994427475806,"ya_adult_cogact_freq"
"5811","H2AFY2","Inh PVALB CA8 (Chandelier)",-0.017605646292067,5.50523785850861,0.0900105969256518,0.764551260275776,0.999998866570966,0.999994427475806,"ya_adult_cogact_freq"
"5812","AIFM2","Inh PVALB CA8 (Chandelier)",-0.111614552421024,3.92621262131956,0.998705024561531,0.319125864927452,0.999998866570966,0.999994427475806,"ya_adult_cogact_freq"
"5813","TYSND1","Inh PVALB CA8 (Chandelier)",-0.0464939895379871,4.27090260616095,0.227456743921707,0.634063712349415,0.999998866570966,0.999994427475806,"ya_adult_cogact_freq"
"5814","SAR1A","Inh PVALB CA8 (Chandelier)",0.0242338224581865,5.03039690874631,0.153181922375373,0.840828877937286,0.999998866570966,0.999994427475806,"ya_adult_cogact_freq"
"5815","PPA1","Inh PVALB CA8 (Chandelier)",-0.022004002212577,5.45791369318014,0.100718636668404,0.751380736368372,0.999998866570966,0.999994427475806,"ya_adult_cogact_freq"
"5816","LRRC20","Inh PVALB CA8 (Chandelier)",-0.120050704544514,4.15755722613156,1.7763974895189,0.184478154789987,0.999998866570966,0.999994427475806,"ya_adult_cogact_freq"
"5817","EIF4EBP2","Inh PVALB CA8 (Chandelier)",-0.0086814347316043,4.9266735010372,0.0184271908239646,0.892191282936802,0.999998866570966,0.999994427475806,"ya_adult_cogact_freq"
"5818","SGPL1","Inh PVALB CA8 (Chandelier)",-0.0382710923821287,4.93415548281537,0.303741446907318,0.582311451640275,0.999998866570966,0.999994427475806,"ya_adult_cogact_freq"
"5819","AC073176.3","Inh PVALB CA8 (Chandelier)",0.180512993449507,3.50979723259135,1.00542586127889,0.317508002702317,0.999998866570966,0.999994427475806,"ya_adult_cogact_freq"
"5820","UNC5B","Inh PVALB CA8 (Chandelier)",-0.0420813511387953,7.95224080171258,1.44447713622136,0.231183629319173,0.999998866570966,0.999994427475806,"ya_adult_cogact_freq"
"5821","PSAP","Inh PVALB CA8 (Chandelier)",-0.0461523071565652,7.25683691947554,0.612838001473475,0.434872888861212,0.999998866570966,0.999994427475806,"ya_adult_cogact_freq"
"5822","SPOCK2","Inh PVALB CA8 (Chandelier)",0.00180955560414344,7.56847721371335,0.00132261589866559,0.971034218048816,0.999998866570966,0.999994427475806,"ya_adult_cogact_freq"
"5823","ASCC1","Inh PVALB CA8 (Chandelier)",-0.00741107256391058,6.15880301965359,0.0237769806474075,0.877647131235589,0.999998866570966,0.999994427475806,"ya_adult_cogact_freq"
"5824","ANAPC16","Inh PVALB CA8 (Chandelier)",-0.000346573684550732,6.85927411529521,5.24337882795193e-05,0.994231452041105,0.999998866570966,0.999994427475806,"ya_adult_cogact_freq"
"5825","DDIT4","Inh PVALB CA8 (Chandelier)",-0.000645133285650755,4.07020121145703,8.00468235073301e-06,0.997746092043176,0.999998866570966,0.999994427475806,"ya_adult_cogact_freq"
"5826","DNAJB12","Inh PVALB CA8 (Chandelier)",-0.0370218788680159,4.67710665938899,0.24407082878715,0.621955618758245,0.999998866570966,0.999994427475806,"ya_adult_cogact_freq"
"5827","MICU1","Inh PVALB CA8 (Chandelier)",-0.0471740692206268,7.12258864343418,1.3285680276777,0.25077113088947,0.999998866570966,0.999994427475806,"ya_adult_cogact_freq"
"5828","MCU","Inh PVALB CA8 (Chandelier)",0.00818879735368539,5.89512507963381,0.0113341777475569,0.915348459736649,0.999998866570966,0.999994427475806,"ya_adult_cogact_freq"
"5829","P4HA1","Inh PVALB CA8 (Chandelier)",0.0137182435412105,5.59709309500382,0.0461719928662437,0.830135792564829,0.999998866570966,0.999994427475806,"ya_adult_cogact_freq"
"5830","ECD","Inh PVALB CA8 (Chandelier)",0.0850457336832268,5.00847538721664,1.5378585622711,0.21674379217307,0.999998866570966,0.999994427475806,"ya_adult_cogact_freq"
"5831","FAM149B1","Inh PVALB CA8 (Chandelier)",0.0669976602563668,5.14455288244815,0.904616226803466,0.342974652323559,0.999998866570966,0.999994427475806,"ya_adult_cogact_freq"
"5832","DNAJC9","Inh PVALB CA8 (Chandelier)",0.105718036233278,5.7692711158736,2.61553500587653,0.107782297572399,0.999998866570966,0.999994427475806,"ya_adult_cogact_freq"
"5833","MRPS16","Inh PVALB CA8 (Chandelier)",-0.089613466524644,5.15064219714367,1.73299773202394,0.189902243491413,0.999998866570966,0.999994427475806,"ya_adult_cogact_freq"
"5834","CFAP70","Inh PVALB CA8 (Chandelier)",-0.0526254782754049,5.47657828362723,0.444247463660826,0.506034866946777,0.999998866570966,0.999994427475806,"ya_adult_cogact_freq"
"5835","ANXA7","Inh PVALB CA8 (Chandelier)",-0.0323904747790372,5.9069659411023,0.442542867306054,0.506850910772478,0.999998866570966,0.999994427475806,"ya_adult_cogact_freq"
"5836","MSS51","Inh PVALB CA8 (Chandelier)",-0.0222249993226744,4.08134814679936,0.06499853036944,0.799089040871345,0.999998866570966,0.999994427475806,"ya_adult_cogact_freq"
"5837","PPP3CB","Inh PVALB CA8 (Chandelier)",-0.00271825412805763,7.00477665907884,0.00649883228491395,0.935848139222835,0.999998866570966,0.999994427475806,"ya_adult_cogact_freq"
"5838","USP54","Inh PVALB CA8 (Chandelier)",0.0483008429731905,6.40864425892688,1.12802533263282,0.289789787309829,0.999998866570966,0.999994427475806,"ya_adult_cogact_freq"
"5839","AC073389.2","Inh PVALB CA8 (Chandelier)",-0.153115166487682,3.72835654443019,1.2785319108961,0.259856211043535,0.999998866570966,0.999994427475806,"ya_adult_cogact_freq"
"5840","SEC24C","Inh PVALB CA8 (Chandelier)",0.0160132553395914,4.9876842802437,0.080703640185941,0.776711672606788,0.999998866570966,0.999994427475806,"ya_adult_cogact_freq"
"5841","FUT11","Inh PVALB CA8 (Chandelier)",-0.0259577238676537,4.12245213730468,0.0640254498506395,0.800566357500342,0.999998866570966,0.999994427475806,"ya_adult_cogact_freq"
"5842","ZSWIM8","Inh PVALB CA8 (Chandelier)",-0.00405291485701768,5.42367909744033,0.00404296926483321,0.949380185391234,0.999998866570966,0.999994427475806,"ya_adult_cogact_freq"
"5843","CAMK2G","Inh PVALB CA8 (Chandelier)",-0.0153876303471014,7.34659793425731,0.157196691781828,0.692276450418077,0.999998866570966,0.999994427475806,"ya_adult_cogact_freq"
"5844","VCL","Inh PVALB CA8 (Chandelier)",0.00441072829201204,6.35304981907745,0.0092156282638764,0.923641672001372,0.999998866570966,0.999994427475806,"ya_adult_cogact_freq"
"5845","AP3M1","Inh PVALB CA8 (Chandelier)",-0.00530311580580561,4.40956783570144,0.00373353484043614,0.956679761514505,0.999998866570966,0.999994427475806,"ya_adult_cogact_freq"
"5846","ADK","Inh PVALB CA8 (Chandelier)",0.0186764726135785,8.49446004079125,0.431483879318659,0.512200957205789,0.999998866570966,0.999994427475806,"ya_adult_cogact_freq"
"5847","KAT6B","Inh PVALB CA8 (Chandelier)",0.0242772526596862,7.7076990710994,0.499203286113123,0.480873153060188,0.999998866570966,0.999994427475806,"ya_adult_cogact_freq"
"5848","SAMD8","Inh PVALB CA8 (Chandelier)",0.0391461688916123,6.1223008721425,0.669066748037551,0.41458785642038,0.999998866570966,0.999994427475806,"ya_adult_cogact_freq"
"5849","VDAC2","Inh PVALB CA8 (Chandelier)",-0.108843968980583,5.17442544591712,1.931597891306,0.166505277991057,0.999998866570966,0.999994427475806,"ya_adult_cogact_freq"
"5850","KCNMA1","Inh PVALB CA8 (Chandelier)",-0.0109879038656009,9.66178623659436,0.107296616103402,0.743669308177387,0.999998866570966,0.999994427475806,"ya_adult_cogact_freq"
"5851","DLG5","Inh PVALB CA8 (Chandelier)",-0.051648420953675,5.57065877707391,0.713526788478438,0.39953078978387,0.999998866570966,0.999994427475806,"ya_adult_cogact_freq"
"5852","POLR3A","Inh PVALB CA8 (Chandelier)",-0.0117824297194993,5.61800815940843,0.0372273201681222,0.847246496056037,0.999998866570966,0.999994427475806,"ya_adult_cogact_freq"
"5853","RPS24","Inh PVALB CA8 (Chandelier)",-0.0379167369800052,5.02766023449563,0.211616685295737,0.646124746820887,0.999998866570966,0.999994427475806,"ya_adult_cogact_freq"
"5854","ZMIZ1-AS1","Inh PVALB CA8 (Chandelier)",0.0355791104457303,3.83481488655588,0.0739520996705961,0.786016038031921,0.999998866570966,0.999994427475806,"ya_adult_cogact_freq"
"5855","ZMIZ1","Inh PVALB CA8 (Chandelier)",0.0230567605249123,4.51630652984407,0.0575554933091599,0.810707773511278,0.999998866570966,0.999994427475806,"ya_adult_cogact_freq"
"5856","NUTM2B-AS1","Inh PVALB CA8 (Chandelier)",-0.0316684180273088,7.15012999709641,0.519867510581067,0.471945400222497,0.999998866570966,0.999994427475806,"ya_adult_cogact_freq"
"5857","TMEM254","Inh PVALB CA8 (Chandelier)",0.0255392414099404,4.52367448770735,0.095781866307678,0.905426958375974,0.999998866570966,0.999994427475806,"ya_adult_cogact_freq"
"5858","ANXA11","Inh PVALB CA8 (Chandelier)",-0.0229907971790253,5.13144784195903,0.0876082749697209,0.76762203243468,0.999998866570966,0.999994427475806,"ya_adult_cogact_freq"
"5859","FAM213A","Inh PVALB CA8 (Chandelier)",-0.0741393764086935,4.95322593397199,0.840026917689862,0.360761898142379,0.999998866570966,0.999994427475806,"ya_adult_cogact_freq"
"5860","NRG3","Inh PVALB CA8 (Chandelier)",0.0239438143084566,12.0273204597023,0.511878690498818,0.475364516157668,0.999998866570966,0.999994427475806,"ya_adult_cogact_freq"
"5861","GHITM","Inh PVALB CA8 (Chandelier)",0.040567247068808,5.24671899979153,0.243064331397406,0.622674337806628,0.999998866570966,0.999994427475806,"ya_adult_cogact_freq"
"5862","CDHR1","Inh PVALB CA8 (Chandelier)",-0.0147245752182963,4.06226668629562,0.0157330645580367,0.900338657681076,0.999998866570966,0.999994427475806,"ya_adult_cogact_freq"
"5863","CCSER2","Inh PVALB CA8 (Chandelier)",0.0450453049060865,7.4851956856125,1.88440959066688,0.171745720069309,0.999998866570966,0.999994427475806,"ya_adult_cogact_freq"
"5864","GRID1","Inh PVALB CA8 (Chandelier)",-0.0414412515943392,9.79064440411765,1.69829802089615,0.194374064441471,0.999998866570966,0.999994427475806,"ya_adult_cogact_freq"
"5865","WAPL","Inh PVALB CA8 (Chandelier)",-0.0458319920936844,5.78625096728295,0.830177534924009,0.449006152720941,0.999998866570966,0.999994427475806,"ya_adult_cogact_freq"
"5866","BMPR1A","Inh PVALB CA8 (Chandelier)",0.00241176174456684,6.98245202721075,0.00442448755672428,0.947049014353479,0.999998866570966,0.999994427475806,"ya_adult_cogact_freq"
"5867","SNCG","Inh PVALB CA8 (Chandelier)",-0.101246283628901,5.65905004503607,1.20732221618157,0.273505908296366,0.999998866570966,0.999994427475806,"ya_adult_cogact_freq"
"5868","GLUD1","Inh PVALB CA8 (Chandelier)",0.0735281336817623,5.62577697299856,1.78832883040956,0.183018910027857,0.999998866570966,0.999994427475806,"ya_adult_cogact_freq"
"5869","SHLD2","Inh PVALB CA8 (Chandelier)",0.0675287823497331,6.10038146232018,1.64463459959854,0.201536823989625,0.999998866570966,0.999994427475806,"ya_adult_cogact_freq"
"5870","NUTM2A-AS1","Inh PVALB CA8 (Chandelier)",0.114755998058058,7.11605530340912,4.67798570292809,0.032029221219863,0.999998866570966,0.999994427475806,"ya_adult_cogact_freq"
"5871","MINPP1","Inh PVALB CA8 (Chandelier)",0.00788561564583284,4.52453354153111,0.00798975322589058,0.92888686956807,0.999998866570966,0.999994427475806,"ya_adult_cogact_freq"
"5872","PAPSS2","Inh PVALB CA8 (Chandelier)",-0.0526856480663539,3.6748593603948,0.0855390860723293,0.770303910659442,0.999998866570966,0.999994427475806,"ya_adult_cogact_freq"
"5873","ATAD1","Inh PVALB CA8 (Chandelier)",-0.0180716164576523,6.18745177700061,0.182200402727152,0.95127059951748,0.999998866570966,0.999994427475806,"ya_adult_cogact_freq"
"5874","PTEN","Inh PVALB CA8 (Chandelier)",-0.0354296399015719,7.16926232602247,0.953137057526158,0.33038884342882,0.999998866570966,0.999994427475806,"ya_adult_cogact_freq"
"5875","RNLS","Inh PVALB CA8 (Chandelier)",-0.00774879490104449,6.58019463521461,0.0139818046454995,0.906021399650182,0.999998866570966,0.999994427475806,"ya_adult_cogact_freq"
"5876","STAMBPL1","Inh PVALB CA8 (Chandelier)",0.00110545512846669,6.39892606839103,0.000351806361293704,0.985058612468108,0.999998866570966,0.999994427475806,"ya_adult_cogact_freq"
"5877","LIPA","Inh PVALB CA8 (Chandelier)",-0.0615645310552945,5.37926438249577,0.74573055463449,0.389117862672609,0.999998866570966,0.999994427475806,"ya_adult_cogact_freq"
"5878","IFIT3","Inh PVALB CA8 (Chandelier)",-0.0152893776581522,4.22033358519526,0.0197756567555165,0.888341493372326,0.999998866570966,0.999994427475806,"ya_adult_cogact_freq"
"5879","IFIT1","Inh PVALB CA8 (Chandelier)",-0.159798743628847,4.05693150449326,1.78463280820261,0.183469499222574,0.999998866570966,0.999994427475806,"ya_adult_cogact_freq"
"5880","PANK1","Inh PVALB CA8 (Chandelier)",-0.0550355384438639,5.32321038643052,0.766434719543814,0.477406459100722,0.999998866570966,0.999994427475806,"ya_adult_cogact_freq"
"5881","KIF20B","Inh PVALB CA8 (Chandelier)",-0.195159569592245,4.36494439549457,3.16609298918035,0.0770715090081369,0.999998866570966,0.999994427475806,"ya_adult_cogact_freq"
"5882","RPP30","Inh PVALB CA8 (Chandelier)",-0.0461038161226323,4.37917770577058,0.316352008622642,0.574591686559013,0.999998866570966,0.999994427475806,"ya_adult_cogact_freq"
"5883","PCGF5","Inh PVALB CA8 (Chandelier)",0.00464932987724673,7.2953810672275,0.0125399888923294,0.910977301843307,0.999998866570966,0.999994427475806,"ya_adult_cogact_freq"
"5884","HECTD2","Inh PVALB CA8 (Chandelier)",-0.0322990191933682,6.0194477203432,0.27397160485689,0.601400686287189,0.999998866570966,0.999994427475806,"ya_adult_cogact_freq"
"5885","TNKS2","Inh PVALB CA8 (Chandelier)",-0.0156890288357935,6.22096593320284,0.142550829770342,0.709621530275824,0.999998866570966,0.999994427475806,"ya_adult_cogact_freq"
"5886","BTAF1","Inh PVALB CA8 (Chandelier)",-0.090679185556256,6.06285664725579,3.36207397413978,0.0685632418836412,0.999998866570966,0.999994427475806,"ya_adult_cogact_freq"
"5887","CPEB3","Inh PVALB CA8 (Chandelier)",0.0316668654812397,8.62247728988323,1.08836676752808,0.298399586023,0.999998866570966,0.999994427475806,"ya_adult_cogact_freq"
"5888","MARCH5","Inh PVALB CA8 (Chandelier)",-0.0230929768941577,4.91817832254542,0.118377975122918,0.731250016693321,0.999998866570966,0.999994427475806,"ya_adult_cogact_freq"
"5889","IDE","Inh PVALB CA8 (Chandelier)",0.0813828776929837,5.78718239560744,2.45045839202705,0.119456836892144,0.999998866570966,0.999994427475806,"ya_adult_cogact_freq"
"5890","EXOC6","Inh PVALB CA8 (Chandelier)",-0.0696552021481815,6.54244700078164,2.29734720088967,0.131558922845528,0.999998866570966,0.999994427475806,"ya_adult_cogact_freq"
"5891","FRA10AC1","Inh PVALB CA8 (Chandelier)",0.0619584759517319,6.14791787389556,1.67780810142727,0.197072890464543,0.999998866570966,0.999994427475806,"ya_adult_cogact_freq"
"5892","LGI1","Inh PVALB CA8 (Chandelier)",0.0617990493444949,6.70689489419436,1.6820530855761,0.196510149473446,0.999998866570966,0.999994427475806,"ya_adult_cogact_freq"
"5893","PLCE1","Inh PVALB CA8 (Chandelier)",-0.0242135694108703,5.95500822080071,0.105407290970214,0.745856784104993,0.999998866570966,0.999994427475806,"ya_adult_cogact_freq"
"5894","NOC3L","Inh PVALB CA8 (Chandelier)",-0.00350022702284896,4.07310215593194,0.00138427833053021,0.97036700091014,0.999998866570966,0.999994427475806,"ya_adult_cogact_freq"
"5895","TBC1D12","Inh PVALB CA8 (Chandelier)",-0.0465735044475622,5.87688530642633,0.869542922289074,0.352480202204952,0.999998866570966,0.999994427475806,"ya_adult_cogact_freq"
"5896","HELLS","Inh PVALB CA8 (Chandelier)",0.0310638797621401,4.87292524996437,0.169474223532333,0.681127832993284,0.999998866570966,0.999994427475806,"ya_adult_cogact_freq"
"5897","SORBS1","Inh PVALB CA8 (Chandelier)",-0.0137446251472033,8.81264161760673,0.171894373369142,0.678986378434529,0.999998866570966,0.999994427475806,"ya_adult_cogact_freq"
"5898","ALDH18A1","Inh PVALB CA8 (Chandelier)",0.062157001599846,4.82279415706653,0.835914865684358,0.361936958124437,0.999998866570966,0.999994427475806,"ya_adult_cogact_freq"
"5899","TCTN3","Inh PVALB CA8 (Chandelier)",-0.062816386536468,4.57820973954605,0.609081384226375,0.436281482568657,0.999998866570966,0.999994427475806,"ya_adult_cogact_freq"
"5900","ENTPD1-AS1","Inh PVALB CA8 (Chandelier)",0.0102543400380007,6.59382033167003,0.0383438766367335,0.845001532452789,0.999998866570966,0.999994427475806,"ya_adult_cogact_freq"
"5901","ZNF518A","Inh PVALB CA8 (Chandelier)",0.0337000888194854,6.64759849624636,0.542354307076295,0.462531933021093,0.999998866570966,0.999994427475806,"ya_adult_cogact_freq"
"5902","TM9SF3","Inh PVALB CA8 (Chandelier)",-0.0386188954872511,6.1724535517989,0.724036707230321,0.396088574252617,0.999998866570966,0.999994427475806,"ya_adult_cogact_freq"
"5903","LCOR","Inh PVALB CA8 (Chandelier)",0.00125648386981739,8.02080016544902,0.00119658661901291,0.972448221642659,0.999998866570966,0.999994427475806,"ya_adult_cogact_freq"
"5904","RRP12","Inh PVALB CA8 (Chandelier)",-0.0766470744362195,5.39706501020929,1.41693681549949,0.235663009074464,0.999998866570966,0.999994427475806,"ya_adult_cogact_freq"
"5905","PGAM1","Inh PVALB CA8 (Chandelier)",-0.0688250024353388,6.25117999358096,0.634447882947927,0.426903165613002,0.999998866570966,0.999994427475806,"ya_adult_cogact_freq"
"5906","EXOSC1","Inh PVALB CA8 (Chandelier)",-0.0158122404434191,4.81960416760454,0.0501962765517383,0.931462672396046,0.999998866570966,0.999994427475806,"ya_adult_cogact_freq"
"5907","ZDHHC16","Inh PVALB CA8 (Chandelier)",0.00935280716833502,4.06653349024923,0.00957814273021791,0.922159033491472,0.999998866570966,0.999994427475806,"ya_adult_cogact_freq"
"5908","MMS19","Inh PVALB CA8 (Chandelier)",0.0147461249666539,5.94118684651554,0.0909192450276349,0.771243980811729,0.999998866570966,0.999994427475806,"ya_adult_cogact_freq"
"5909","UBTD1","Inh PVALB CA8 (Chandelier)",-0.105136794530664,3.91686736467614,0.813845266699155,0.368335444596734,0.999998866570966,0.999994427475806,"ya_adult_cogact_freq"
"5910","MORN4","Inh PVALB CA8 (Chandelier)",-0.0752394680960739,5.26741400165831,1.40391997466053,0.237816961333148,0.999998866570966,0.999994427475806,"ya_adult_cogact_freq"
"5911","AVPI1","Inh PVALB CA8 (Chandelier)",-0.147168375578984,3.75084491745277,1.3989297596753,0.23864908519771,0.999998866570966,0.999994427475806,"ya_adult_cogact_freq"
"5912","ZFYVE27","Inh PVALB CA8 (Chandelier)",-0.112633460710435,5.05380042660467,2.49759901159892,0.115985492839357,0.999998866570966,0.999994427475806,"ya_adult_cogact_freq"
"5913","GOLGA7B","Inh PVALB CA8 (Chandelier)",-0.029327838864275,4.50850838562444,0.109525423387486,0.741116036134607,0.999998866570966,0.999994427475806,"ya_adult_cogact_freq"
"5914","CRTAC1","Inh PVALB CA8 (Chandelier)",-0.0658487459529429,7.15304046030373,1.87732817925491,0.172548497945257,0.999998866570966,0.999994427475806,"ya_adult_cogact_freq"
"5915","R3HCC1L","Inh PVALB CA8 (Chandelier)",-0.034270841754156,5.31843419832551,0.317921033661894,0.573645413560271,0.999998866570966,0.999994427475806,"ya_adult_cogact_freq"
"5916","HPS1","Inh PVALB CA8 (Chandelier)",0.0321760865292252,4.65584398069162,0.162098292173522,0.687766824713624,0.999998866570966,0.999994427475806,"ya_adult_cogact_freq"
"5917","HPSE2","Inh PVALB CA8 (Chandelier)",0.066199026738109,9.17368339869804,1.59459066669858,0.208500001950501,0.999998866570966,0.999994427475806,"ya_adult_cogact_freq"
"5918","CNNM1","Inh PVALB CA8 (Chandelier)",0.0232480876748318,7.36861331603257,0.522637893951207,0.592134566599409,0.999998866570966,0.999994427475806,"ya_adult_cogact_freq"
"5919","GOT1","Inh PVALB CA8 (Chandelier)",-0.0646122085180984,6.61230089586401,1.32595647284626,0.251235477318855,0.999998866570966,0.999994427475806,"ya_adult_cogact_freq"
"5920","AL391684.1","Inh PVALB CA8 (Chandelier)",0.0365977539986875,4.79513317700387,0.208589134643131,0.648491954001734,0.999998866570966,0.999994427475806,"ya_adult_cogact_freq"
"5921","SLC25A28","Inh PVALB CA8 (Chandelier)",-0.0674103031931037,5.17017261277063,1.12874587941064,0.289636332886613,0.999998866570966,0.999994427475806,"ya_adult_cogact_freq"
"5922","CUTC","Inh PVALB CA8 (Chandelier)",-0.166474704957911,4.30820197963981,3.5854579242165,0.0600838342357796,0.999998866570966,0.999994427475806,"ya_adult_cogact_freq"
"5923","COX15","Inh PVALB CA8 (Chandelier)",-0.176490698195526,4.32061656347835,3.78517949749024,0.053452646489195,0.999998866570966,0.999994427475806,"ya_adult_cogact_freq"
"5924","DNMBP","Inh PVALB CA8 (Chandelier)",0.0735914856929845,5.61889592952596,1.74263143455802,0.188682253671516,0.999998866570966,0.999994427475806,"ya_adult_cogact_freq"
"5925","ERLIN1","Inh PVALB CA8 (Chandelier)",-0.0506896179046848,4.50576167950088,0.379031583574589,0.538992585744578,0.999998866570966,0.999994427475806,"ya_adult_cogact_freq"
"5926","CHUK","Inh PVALB CA8 (Chandelier)",0.068000539604293,4.5006168909031,0.800644424788784,0.37223845844648,0.999998866570966,0.999994427475806,"ya_adult_cogact_freq"
"5927","CWF19L1","Inh PVALB CA8 (Chandelier)",-0.148432791569413,5.0844928164785,4.27041803257244,0.0403852435214808,0.999998866570966,0.999994427475806,"ya_adult_cogact_freq"
"5928","BLOC1S2","Inh PVALB CA8 (Chandelier)",0.0219948052046445,4.21149632732048,0.0526719169364826,0.818769228117404,0.999998866570966,0.999994427475806,"ya_adult_cogact_freq"
"5929","SCD","Inh PVALB CA8 (Chandelier)",-0.0752511012322335,3.52782223491255,0.194909774520437,0.659454510047768,0.999998866570966,0.999994427475806,"ya_adult_cogact_freq"
"5930","OLMALINC","Inh PVALB CA8 (Chandelier)",0.0806712803968387,3.81508369504719,0.356990885543319,0.551022835496882,0.999998866570966,0.999994427475806,"ya_adult_cogact_freq"
"5931","SEC31B","Inh PVALB CA8 (Chandelier)",-0.0315408711107426,5.08778959385068,0.174684325704093,0.676539532941801,0.999998866570966,0.999994427475806,"ya_adult_cogact_freq"
"5932","HIF1AN","Inh PVALB CA8 (Chandelier)",-0.127791959839061,4.43725663869488,2.22211849461245,0.138005715616535,0.999998866570966,0.999994427475806,"ya_adult_cogact_freq"
"5933","SLF2","Inh PVALB CA8 (Chandelier)",-0.0265483608374631,6.02196339891015,0.227031698572612,0.634380527742362,0.999998866570966,0.999994427475806,"ya_adult_cogact_freq"
"5934","MRPL43","Inh PVALB CA8 (Chandelier)",-0.0221891344775142,3.98303653325944,0.0347726847504785,0.852307889206397,0.999998866570966,0.999994427475806,"ya_adult_cogact_freq"
"5935","SEMA4G","Inh PVALB CA8 (Chandelier)",0.00242691899641451,4.70756550639511,0.00106231758025252,0.97403941187035,0.999998866570966,0.999994427475806,"ya_adult_cogact_freq"
"5936","PDZD7","Inh PVALB CA8 (Chandelier)",0.117738101891874,3.93188615561243,1.07233367442774,0.30197405360306,0.999998866570966,0.999994427475806,"ya_adult_cogact_freq"
"5937","SFXN3","Inh PVALB CA8 (Chandelier)",0.0904111430885646,4.17547953969239,0.915006195695216,0.340225839534381,0.999998866570966,0.999994427475806,"ya_adult_cogact_freq"
"5938","BTRC","Inh PVALB CA8 (Chandelier)",-0.0351580474167106,7.19781979170403,0.931464365538079,0.37723469044007,0.999998866570966,0.999994427475806,"ya_adult_cogact_freq"
"5939","POLL","Inh PVALB CA8 (Chandelier)",-0.0998037335280631,4.22576541992285,1.29535142522325,0.256757366925856,0.999998866570966,0.999994427475806,"ya_adult_cogact_freq"
"5940","FBXW4","Inh PVALB CA8 (Chandelier)",-0.0900236958581568,6.41353285811049,3.2842460556686,0.0718136978143215,0.999998866570966,0.999994427475806,"ya_adult_cogact_freq"
"5941","OGA","Inh PVALB CA8 (Chandelier)",-0.028067853599935,7.83437564990976,0.70451092014577,0.402518499755546,0.999998866570966,0.999994427475806,"ya_adult_cogact_freq"
"5942","KCNIP2","Inh PVALB CA8 (Chandelier)",-0.0423056029274895,5.86055533343499,0.68381804396509,0.425713459161771,0.999998866570966,0.999994427475806,"ya_adult_cogact_freq"
"5943","ARMH3","Inh PVALB CA8 (Chandelier)",0.0267569057901846,7.04527693623843,0.389757465417292,0.533311860623037,0.999998866570966,0.999994427475806,"ya_adult_cogact_freq"
"5944","LDB1","Inh PVALB CA8 (Chandelier)",-0.113544881804601,4.26961872829266,1.72408579067104,0.191039088798448,0.999998866570966,0.999994427475806,"ya_adult_cogact_freq"
"5945","NOLC1","Inh PVALB CA8 (Chandelier)",-0.0593134749633024,4.13438604777962,0.323368767621252,0.570383647196518,0.999998866570966,0.999994427475806,"ya_adult_cogact_freq"
"5946","GBF1","Inh PVALB CA8 (Chandelier)",0.0292852990392621,6.7881854199184,0.524277277463749,0.47007515116351,0.999998866570966,0.999994427475806,"ya_adult_cogact_freq"
"5947","PSD","Inh PVALB CA8 (Chandelier)",-0.0737272381898625,5.89726475092559,2.13327301588839,0.146084277473452,0.999998866570966,0.999994427475806,"ya_adult_cogact_freq"
"5948","FBXL15","Inh PVALB CA8 (Chandelier)",0.0080448415962199,4.53110210685047,0.00781092254374923,0.929685111870041,0.999998866570966,0.999994427475806,"ya_adult_cogact_freq"
"5949","CUEDC2","Inh PVALB CA8 (Chandelier)",-0.0542652864228127,4.23834595050911,0.313328910061356,0.576423657515975,0.999998866570966,0.999994427475806,"ya_adult_cogact_freq"
"5950","MFSD13A","Inh PVALB CA8 (Chandelier)",-0.0810068866991298,3.9434643321481,0.566518848709847,0.452746263924328,0.999998866570966,0.999994427475806,"ya_adult_cogact_freq"
"5951","ACTR1A","Inh PVALB CA8 (Chandelier)",-0.0652039084155081,5.32554690066764,1.16641453636854,0.281756765304507,0.999998866570966,0.999994427475806,"ya_adult_cogact_freq"
"5952","SUFU","Inh PVALB CA8 (Chandelier)",-0.0241548117722607,5.63110383513275,0.152287259328813,0.696875653432072,0.999998866570966,0.999994427475806,"ya_adult_cogact_freq"
"5953","TRIM8","Inh PVALB CA8 (Chandelier)",-0.0288719132431336,5.59608336663738,0.251595005325633,0.616640416997509,0.999998866570966,0.999994427475806,"ya_adult_cogact_freq"
"5954","ARL3","Inh PVALB CA8 (Chandelier)",-0.0354686801161227,6.44346848141681,0.757022611385011,0.385559154765557,0.999998866570966,0.999994427475806,"ya_adult_cogact_freq"
"5955","SFXN2","Inh PVALB CA8 (Chandelier)",0.0255453281424368,3.84530183026289,0.0378122528977028,0.846066129762813,0.999998866570966,0.999994427475806,"ya_adult_cogact_freq"
"5956","WBP1L","Inh PVALB CA8 (Chandelier)",0.0178281311469824,5.08348332188803,0.0773292683387372,0.8526680531953,0.999998866570966,0.999994427475806,"ya_adult_cogact_freq"
"5957","BORCS7-ASMT","Inh PVALB CA8 (Chandelier)",0.000498614617739656,3.88084916646019,4.79798405285296e-05,0.994481886690784,0.999998866570966,0.999994427475806,"ya_adult_cogact_freq"
"5958","CNNM2","Inh PVALB CA8 (Chandelier)",0.084155676083961,7.78587467926301,6.46205376361528,0.0119656626877337,0.999998866570966,0.999994427475806,"ya_adult_cogact_freq"
"5959","NT5C2","Inh PVALB CA8 (Chandelier)",0.043865441753235,6.81643500987502,1.40146800752197,0.238225385626526,0.999998866570966,0.999994427475806,"ya_adult_cogact_freq"
"5960","INA","Inh PVALB CA8 (Chandelier)",0.0360641262485553,6.34081888774914,0.375008046200283,0.541152224242468,0.999998866570966,0.999994427475806,"ya_adult_cogact_freq"
"5961","PCGF6","Inh PVALB CA8 (Chandelier)",0.0493234055657337,4.94690045483161,0.435764788853925,0.510118398518773,0.999998866570966,0.999994427475806,"ya_adult_cogact_freq"
"5962","ATP5MD","Inh PVALB CA8 (Chandelier)",-0.0889441953953727,4.82265965963297,1.22370408615921,0.270287538825773,0.999998866570966,0.999994427475806,"ya_adult_cogact_freq"
"5963","PDCD11","Inh PVALB CA8 (Chandelier)",0.101338119191383,4.09370260555024,1.08948297526477,0.298152780357123,0.999998866570966,0.999994427475806,"ya_adult_cogact_freq"
"5964","NEURL1","Inh PVALB CA8 (Chandelier)",-0.0960351986363418,6.00232935311215,3.16322721904073,0.0772041136254908,0.999998866570966,0.999994427475806,"ya_adult_cogact_freq"
"5965","SH3PXD2A","Inh PVALB CA8 (Chandelier)",0.00560286448100868,7.87975570547971,0.019309326611238,0.889657252314786,0.999998866570966,0.999994427475806,"ya_adult_cogact_freq"
"5966","STN1","Inh PVALB CA8 (Chandelier)",0.0649480014857401,3.97068256445781,0.370432759210034,0.543627478037672,0.999998866570966,0.999994427475806,"ya_adult_cogact_freq"
"5967","SLK","Inh PVALB CA8 (Chandelier)",0.0138193098159172,5.7057202178975,0.0718012010674897,0.789075556507065,0.999998866570966,0.999994427475806,"ya_adult_cogact_freq"
"5968","CFAP43","Inh PVALB CA8 (Chandelier)",0.0305046253881973,4.39379776098154,0.0879416650092786,0.767193159362761,0.999998866570966,0.999994427475806,"ya_adult_cogact_freq"
"5969","GSTO1","Inh PVALB CA8 (Chandelier)",-0.0175933265280909,4.49137011937739,0.0420865208405532,0.970958528715125,0.999998866570966,0.999994427475806,"ya_adult_cogact_freq"
"5970","GSTO2","Inh PVALB CA8 (Chandelier)",-0.265285584853516,4.43646417820246,5.65294316046946,0.018601205227916,0.999998866570966,0.999994427475806,"ya_adult_cogact_freq"
"5971","SORCS1","Inh PVALB CA8 (Chandelier)",0.0750445412237873,4.12613899346471,0.376365818302604,0.54042166116838,0.999998866570966,0.999994427475806,"ya_adult_cogact_freq"
"5972","XPNPEP1","Inh PVALB CA8 (Chandelier)",-0.00965166748541042,5.15467045308236,0.0284759258084193,0.866206897272067,0.999998866570966,0.999994427475806,"ya_adult_cogact_freq"
"5973","ADD3","Inh PVALB CA8 (Chandelier)",0.0183796207932351,6.93653407496501,0.210398585156486,0.647074683456068,0.999998866570966,0.999994427475806,"ya_adult_cogact_freq"
"5974","MXI1","Inh PVALB CA8 (Chandelier)",0.104177604322252,7.38615040110736,5.79054026972291,0.0172468167316269,0.999998866570966,0.999994427475806,"ya_adult_cogact_freq"
"5975","SMNDC1","Inh PVALB CA8 (Chandelier)",0.0789424612568066,4.21696048326091,0.641835507706365,0.424229376364952,0.999998866570966,0.999994427475806,"ya_adult_cogact_freq"
"5976","SMC3","Inh PVALB CA8 (Chandelier)",0.0232598204467717,5.51381298725702,0.185877772066621,0.685948320314447,0.999998866570966,0.999994427475806,"ya_adult_cogact_freq"
"5977","RBM20","Inh PVALB CA8 (Chandelier)",0.0719477924391506,5.65393068530227,0.777041978835462,0.37936335156739,0.999998866570966,0.999994427475806,"ya_adult_cogact_freq"
"5978","PDCD4","Inh PVALB CA8 (Chandelier)",0.00539715670366033,5.40403393169531,0.00682292314497906,0.934271571290946,0.999998866570966,0.999994427475806,"ya_adult_cogact_freq"
"5979","BBIP1","Inh PVALB CA8 (Chandelier)",-0.0598178024984345,5.67620725769199,1.18862355158473,0.27723879808971,0.999998866570966,0.999994427475806,"ya_adult_cogact_freq"
"5980","SHOC2","Inh PVALB CA8 (Chandelier)",0.0787945164891589,6.22762112636068,2.36468862144101,0.126074538033058,0.999998866570966,0.999994427475806,"ya_adult_cogact_freq"
"5981","ZDHHC6","Inh PVALB CA8 (Chandelier)",-0.0321032661581392,4.25350870931054,0.135246394945994,0.71353695522241,0.999998866570966,0.999994427475806,"ya_adult_cogact_freq"
"5982","VTI1A","Inh PVALB CA8 (Chandelier)",0.0627215189782728,7.60327963921037,3.35061019099632,0.0690318686750307,0.999998866570966,0.999994427475806,"ya_adult_cogact_freq"
"5983","TCF7L2","Inh PVALB CA8 (Chandelier)",0.0417810795770173,4.38444094496344,0.200173465570536,0.65518310364372,0.999998866570966,0.999994427475806,"ya_adult_cogact_freq"
"5984","NHLRC2","Inh PVALB CA8 (Chandelier)",0.142079279022942,5.53680655754235,6.88336169831042,0.009537930759562,0.999998866570966,0.999994427475806,"ya_adult_cogact_freq"
"5985","CCDC186","Inh PVALB CA8 (Chandelier)",-0.0317037756045006,6.30465486908152,0.437521758735367,0.509267927328605,0.999998866570966,0.999994427475806,"ya_adult_cogact_freq"
"5986","ABLIM1","Inh PVALB CA8 (Chandelier)",0.0209942829626301,7.79677754843491,0.368953454473378,0.544432277193883,0.999998866570966,0.999994427475806,"ya_adult_cogact_freq"
"5987","FAM160B1","Inh PVALB CA8 (Chandelier)",0.0363309075961715,5.11693146099756,0.406180456338032,0.754894186895049,0.999998866570966,0.999994427475806,"ya_adult_cogact_freq"
"5988","TRUB1","Inh PVALB CA8 (Chandelier)",0.00615781972908045,4.83085148873447,0.00698395864598832,0.933502223696139,0.999998866570966,0.999994427475806,"ya_adult_cogact_freq"
"5989","ATRNL1","Inh PVALB CA8 (Chandelier)",0.0432648501703963,10.7151730044811,1.64489105926455,0.201501857602851,0.999998866570966,0.999994427475806,"ya_adult_cogact_freq"
"5990","GFRA1","Inh PVALB CA8 (Chandelier)",0.0319812793340122,6.30240386804039,0.307731576721091,0.579846481961267,0.999998866570966,0.999994427475806,"ya_adult_cogact_freq"
"5991","HSPA12A","Inh PVALB CA8 (Chandelier)",0.0137073934361949,8.07019245434897,0.16051083293192,0.689218563202819,0.999998866570966,0.999994427475806,"ya_adult_cogact_freq"
"5992","ENO4","Inh PVALB CA8 (Chandelier)",-0.0506881180439175,4.70278448607968,0.299732962378458,0.58480912865676,0.999998866570966,0.999994427475806,"ya_adult_cogact_freq"
"5993","SHTN1","Inh PVALB CA8 (Chandelier)",0.0447546934975841,7.572462830308,1.51965190140474,0.219471825846069,0.999998866570966,0.999994427475806,"ya_adult_cogact_freq"
"5994","PDZD8","Inh PVALB CA8 (Chandelier)",0.0469888217670357,5.75719994629798,0.766043778439525,0.382749482419565,0.999998866570966,0.999994427475806,"ya_adult_cogact_freq"
"5995","RAB11FIP2","Inh PVALB CA8 (Chandelier)",0.0425819007578269,6.01499173555171,0.668869343382109,0.414656567147079,0.999998866570966,0.999994427475806,"ya_adult_cogact_freq"
"5996","CASC2","Inh PVALB CA8 (Chandelier)",0.0719397626244073,4.9261189364604,0.569528735191567,0.451550325440753,0.999998866570966,0.999994427475806,"ya_adult_cogact_freq"
"5997","FAM204A","Inh PVALB CA8 (Chandelier)",-0.0106280569080739,5.6028581068581,0.0397853447095714,0.842152925928554,0.999998866570966,0.999994427475806,"ya_adult_cogact_freq"
"5998","CACUL1","Inh PVALB CA8 (Chandelier)",-0.052784361586628,6.18682385890022,1.32170458668388,0.251993759189764,0.999998866570966,0.999994427475806,"ya_adult_cogact_freq"
"5999","EIF3A","Inh PVALB CA8 (Chandelier)",-0.00721158819097554,6.1433615852385,0.0259836049148301,0.872142754840837,0.999998866570966,0.999994427475806,"ya_adult_cogact_freq"
"6000","FAM45A","Inh PVALB CA8 (Chandelier)",-0.126570044982639,5.0386945376204,2.83792717056539,0.094003272113575,0.999998866570966,0.999994427475806,"ya_adult_cogact_freq"
"6001","SFXN4","Inh PVALB CA8 (Chandelier)",-0.0660007556079427,6.18356144146803,1.3120826967495,0.253720213381962,0.999998866570966,0.999994427475806,"ya_adult_cogact_freq"
"6002","PRDX3","Inh PVALB CA8 (Chandelier)",-0.0963645807262558,4.57672653098706,1.43817085086155,0.232200124233571,0.999998866570966,0.999994427475806,"ya_adult_cogact_freq"
"6003","GRK5","Inh PVALB CA8 (Chandelier)",-0.0195976926970657,5.74868410522389,0.0978955288487282,0.754775363719287,0.999998866570966,0.999994427475806,"ya_adult_cogact_freq"
"6004","TIAL1","Inh PVALB CA8 (Chandelier)",-0.0364398928248094,6.02329374423552,0.709277643793611,0.400934839224998,0.999998866570966,0.999994427475806,"ya_adult_cogact_freq"
"6005","INPP5F","Inh PVALB CA8 (Chandelier)",0.00530662802869288,7.41659368666616,0.0169572502742016,0.89655516170871,0.999998866570966,0.999994427475806,"ya_adult_cogact_freq"
"6006","MCMBP","Inh PVALB CA8 (Chandelier)",-0.00591954666691006,4.87230148160561,0.00930697078760345,0.923265358702878,0.999998866570966,0.999994427475806,"ya_adult_cogact_freq"
"6007","SEC23IP","Inh PVALB CA8 (Chandelier)",0.0581087592381148,5.25555444829214,0.823598028410931,0.365488607813737,0.999998866570966,0.999994427475806,"ya_adult_cogact_freq"
"6008","WDR11-AS1","Inh PVALB CA8 (Chandelier)",0.0173426051057762,6.24005107254995,0.0989489109806769,0.753502513591144,0.999998866570966,0.999994427475806,"ya_adult_cogact_freq"
"6009","WDR11","Inh PVALB CA8 (Chandelier)",-0.0185816950853274,5.50385915512484,0.12552109120068,0.723586160464063,0.999998866570966,0.999994427475806,"ya_adult_cogact_freq"
"6010","ATE1","Inh PVALB CA8 (Chandelier)",-0.0127170997753425,6.75398536770334,0.0920392336873354,0.761992775102806,0.999998866570966,0.999994427475806,"ya_adult_cogact_freq"
"6011","TACC2","Inh PVALB CA8 (Chandelier)",-0.0249117601176259,6.98112555327899,0.444679783637169,0.673431275743042,0.999998866570966,0.999994427475806,"ya_adult_cogact_freq"
"6012","PLEKHA1","Inh PVALB CA8 (Chandelier)",0.0105283452920289,8.66697267289802,0.0613540520489201,0.804684542099342,0.999998866570966,0.999994427475806,"ya_adult_cogact_freq"
"6013","HTRA1","Inh PVALB CA8 (Chandelier)",0.0113194577441805,6.80070031397567,0.0354328868257381,0.850928849813301,0.999998866570966,0.999994427475806,"ya_adult_cogact_freq"
"6014","PSTK","Inh PVALB CA8 (Chandelier)",0.00080651683625328,5.07573753589878,0.000131408917325271,0.994571510944322,0.999998866570966,0.999994427475806,"ya_adult_cogact_freq"
"6015","IKZF5","Inh PVALB CA8 (Chandelier)",0.0323020976888943,4.15748239077624,0.127694885113998,0.750092396934322,0.999998866570966,0.999994427475806,"ya_adult_cogact_freq"
"6016","ACADSB","Inh PVALB CA8 (Chandelier)",0.0668183980122991,5.82087652048239,1.9519964681795,0.164297267548989,0.999998866570966,0.999994427475806,"ya_adult_cogact_freq"
"6017","CHST15","Inh PVALB CA8 (Chandelier)",0.040797333429752,4.28403326185466,0.135443137111817,0.713337956015294,0.999998866570966,0.999994427475806,"ya_adult_cogact_freq"
"6018","OAT","Inh PVALB CA8 (Chandelier)",-0.0120698313841833,5.45545826014139,0.0373298363552454,0.847038931476581,0.999998866570966,0.999994427475806,"ya_adult_cogact_freq"
"6019","LHPP","Inh PVALB CA8 (Chandelier)",0.117300823691957,5.69641436971139,4.58036889699793,0.0338484881257495,0.999998866570966,0.999994427475806,"ya_adult_cogact_freq"
"6020","ABRAXAS2","Inh PVALB CA8 (Chandelier)",0.0519104483856301,4.63834647342157,0.450659870640144,0.502985191238502,0.999998866570966,0.999994427475806,"ya_adult_cogact_freq"
"6021","ZRANB1","Inh PVALB CA8 (Chandelier)",-0.0304808216090144,5.6977478783034,0.302471823646122,0.583100214277769,0.999998866570966,0.999994427475806,"ya_adult_cogact_freq"
"6022","CTBP2","Inh PVALB CA8 (Chandelier)",0.0145342053906788,5.83490504038057,0.0593706109311629,0.807804147889112,0.999998866570966,0.999994427475806,"ya_adult_cogact_freq"
"6023","EDRF1","Inh PVALB CA8 (Chandelier)",0.0348013263410768,5.53785970141596,0.469279294891146,0.494305422071063,0.999998866570966,0.999994427475806,"ya_adult_cogact_freq"
"6024","UROS","Inh PVALB CA8 (Chandelier)",0.0101962228040073,5.67935881465486,0.0226296551373852,0.880612717206997,0.999998866570966,0.999994427475806,"ya_adult_cogact_freq"
"6025","BCCIP","Inh PVALB CA8 (Chandelier)",-0.0356669179419148,5.49469881554667,0.392471235453159,0.531891813237493,0.999998866570966,0.999994427475806,"ya_adult_cogact_freq"
"6026","DHX32","Inh PVALB CA8 (Chandelier)",0.00597157859165435,6.99157858803832,0.0314420255994977,0.938133649984946,0.999998866570966,0.999994427475806,"ya_adult_cogact_freq"
"6027","FANK1","Inh PVALB CA8 (Chandelier)",0.113442733374709,5.71873973706773,2.45663130088048,0.118995749603614,0.999998866570966,0.999994427475806,"ya_adult_cogact_freq"
"6028","ADAM12","Inh PVALB CA8 (Chandelier)",-0.00892196432464164,7.73187428585637,0.0390531398810654,0.843593070216257,0.999998866570966,0.999994427475806,"ya_adult_cogact_freq"
"6029","DOCK1","Inh PVALB CA8 (Chandelier)",-0.0569293616439264,3.89290838797119,0.247421311922084,0.619576326280651,0.999998866570966,0.999994427475806,"ya_adult_cogact_freq"
"6030","FAM196A","Inh PVALB CA8 (Chandelier)",0.0335426344999186,6.7459238916375,0.685611189605174,0.408888700555137,0.999998866570966,0.999994427475806,"ya_adult_cogact_freq"
"6031","PTPRE","Inh PVALB CA8 (Chandelier)",0.0106085863922594,7.76713983340578,0.0740846902406753,0.78582900926148,0.999998866570966,0.999994427475806,"ya_adult_cogact_freq"
"6032","MGMT","Inh PVALB CA8 (Chandelier)",-0.160734929357992,4.86990691768672,2.61525965874968,0.107800683520554,0.999998866570966,0.999994427475806,"ya_adult_cogact_freq"
"6033","AL157832.3","Inh PVALB CA8 (Chandelier)",-0.0149267251000042,4.19034424912242,0.0166523834648836,0.897484044372871,0.999998866570966,0.999994427475806,"ya_adult_cogact_freq"
"6034","C10orf143","Inh PVALB CA8 (Chandelier)",-0.101723508539477,4.25714226434081,0.880486178585267,0.349476152662168,0.999998866570966,0.999994427475806,"ya_adult_cogact_freq"
"6035","GLRX3","Inh PVALB CA8 (Chandelier)",0.0180676529386013,5.52375250900799,0.118073711039609,0.770364407828661,0.999998866570966,0.999994427475806,"ya_adult_cogact_freq"
"6036","PPP2R2D","Inh PVALB CA8 (Chandelier)",-0.0147677462078741,6.30667269935645,0.133925175959965,0.927207686696617,0.999998866570966,0.999994427475806,"ya_adult_cogact_freq"
"6037","BNIP3","Inh PVALB CA8 (Chandelier)",-0.0682004840098249,5.5945980253967,0.95780884350556,0.329209994538026,0.999998866570966,0.999994427475806,"ya_adult_cogact_freq"
"6038","JAKMIP3","Inh PVALB CA8 (Chandelier)",-0.00131110350251297,5.72140786308658,0.000384116728580384,0.984387647667334,0.999998866570966,0.999994427475806,"ya_adult_cogact_freq"
"6039","DPYSL4","Inh PVALB CA8 (Chandelier)",0.0938134367248556,4.34736688169249,1.06912208209235,0.302696722922514,0.999998866570966,0.999994427475806,"ya_adult_cogact_freq"
"6040","STK32C","Inh PVALB CA8 (Chandelier)",0.0431541681478195,5.2912656415201,0.421167148132875,0.517281251981964,0.999998866570966,0.999994427475806,"ya_adult_cogact_freq"
"6041","LRRC27","Inh PVALB CA8 (Chandelier)",-0.000595987267639874,4.30439914007837,1.45257039377579e-05,0.996963786935943,0.999998866570966,0.999994427475806,"ya_adult_cogact_freq"
"6042","INPP5A","Inh PVALB CA8 (Chandelier)",0.0414762340093744,6.53046804416131,0.752595838576393,0.386948678048114,0.999998866570966,0.999994427475806,"ya_adult_cogact_freq"
"6043","CFAP46","Inh PVALB CA8 (Chandelier)",-0.126813426700811,5.9000874647849,3.62758768109165,0.0586149601041435,0.999998866570966,0.999994427475806,"ya_adult_cogact_freq"
"6044","ADGRA1","Inh PVALB CA8 (Chandelier)",0.0171372115319652,7.15889211872925,0.169082136212557,0.681476450846708,0.999998866570966,0.999994427475806,"ya_adult_cogact_freq"
"6045","ADGRA1-AS1","Inh PVALB CA8 (Chandelier)",-0.0917005656694792,4.7894748699906,1.16944715338101,0.281134356233958,0.999998866570966,0.999994427475806,"ya_adult_cogact_freq"
"6046","KNDC1","Inh PVALB CA8 (Chandelier)",-0.00166747665848107,6.86913667163976,0.00129571929651912,0.971330124335656,0.999998866570966,0.999994427475806,"ya_adult_cogact_freq"
"6047","TUBGCP2","Inh PVALB CA8 (Chandelier)",0.000893522685757502,5.23346185323299,0.000237306757237375,0.987728363642031,0.999998866570966,0.999994427475806,"ya_adult_cogact_freq"
"6048","ZNF511-PRAP1","Inh PVALB CA8 (Chandelier)",-0.115158875461681,3.85901257569598,0.742755590982936,0.390063270077479,0.999998866570966,0.999994427475806,"ya_adult_cogact_freq"
"6049","CALY","Inh PVALB CA8 (Chandelier)",-0.130155403611155,7.0741009685361,3.51193458363752,0.0627428444093357,0.999998866570966,0.999994427475806,"ya_adult_cogact_freq"
"6050","ECHS1","Inh PVALB CA8 (Chandelier)",-0.0473825077673412,4.50187114385675,0.376030058503124,0.620052332520424,0.999998866570966,0.999994427475806,"ya_adult_cogact_freq"
"6051","SYCE1","Inh PVALB CA8 (Chandelier)",-0.1202891055758,4.69822419454111,1.13951970915554,0.28735420568293,0.999998866570966,0.999994427475806,"ya_adult_cogact_freq"
"6052","IQSEC3","Inh PVALB CA8 (Chandelier)",0.00829150419636085,8.06648197769603,0.0568548061127125,0.811841599645017,0.999998866570966,0.999994427475806,"ya_adult_cogact_freq"
"6053","KDM5A","Inh PVALB CA8 (Chandelier)",0.068248002062418,6.54750994856931,2.85124433961451,0.093242004538531,0.999998866570966,0.999994427475806,"ya_adult_cogact_freq"
"6054","B4GALNT3","Inh PVALB CA8 (Chandelier)",0.0698386414688991,4.61864200358636,0.59251224683161,0.442578839915757,0.999998866570966,0.999994427475806,"ya_adult_cogact_freq"
"6055","WNK1","Inh PVALB CA8 (Chandelier)",0.00938599505189165,7.75651032921013,0.0689083632718685,0.793268963753893,0.999998866570966,0.999994427475806,"ya_adult_cogact_freq"
"6056","RAD52","Inh PVALB CA8 (Chandelier)",-0.0220481521060643,5.54185276037216,0.160182379530943,0.746664614077975,0.999998866570966,0.999994427475806,"ya_adult_cogact_freq"
"6057","ERC1","Inh PVALB CA8 (Chandelier)",0.0633844169906398,9.50378793922151,4.72285875689837,0.0312277999716589,0.999998866570966,0.999994427475806,"ya_adult_cogact_freq"
"6058","WNT5B","Inh PVALB CA8 (Chandelier)",-0.179869077864137,3.88188045117978,2.34688553855315,0.127499048293996,0.999998866570966,0.999994427475806,"ya_adult_cogact_freq"
"6059","FBXL14","Inh PVALB CA8 (Chandelier)",-0.0540634807958608,4.56007899965037,0.358627373502981,0.550112443371485,0.999998866570966,0.999994427475806,"ya_adult_cogact_freq"
"6060","ADIPOR2","Inh PVALB CA8 (Chandelier)",0.0971618935288818,5.2905150894489,2.05749805241892,0.153401013138557,0.999998866570966,0.999994427475806,"ya_adult_cogact_freq"
"6061","LRTM2","Inh PVALB CA8 (Chandelier)",-0.140940399467619,4.67147185705653,3.18713429193225,0.0761054276742934,0.999998866570966,0.999994427475806,"ya_adult_cogact_freq"
"6062","DCP1B","Inh PVALB CA8 (Chandelier)",0.156890890526664,4.98557274178354,5.61469876474169,0.0189970363910538,0.999998866570966,0.999994427475806,"ya_adult_cogact_freq"
"6063","CACNA1C","Inh PVALB CA8 (Chandelier)",-0.00605561608907775,8.54244502462446,0.0200111379344814,0.887683090123402,0.999998866570966,0.999994427475806,"ya_adult_cogact_freq"
"6064","FKBP4","Inh PVALB CA8 (Chandelier)",0.0824109067660248,4.89701223412707,0.578058807812658,0.448187808727937,0.999998866570966,0.999994427475806,"ya_adult_cogact_freq"
"6065","ITFG2","Inh PVALB CA8 (Chandelier)",0.0225611124075553,5.67202492860091,0.124970339353184,0.724168202356726,0.999998866570966,0.999994427475806,"ya_adult_cogact_freq"
"6066","TULP3","Inh PVALB CA8 (Chandelier)",0.103141804128007,4.75238270084374,1.83279852830657,0.177697513559799,0.999998866570966,0.999994427475806,"ya_adult_cogact_freq"
"6067","TSPAN9","Inh PVALB CA8 (Chandelier)",-0.010810541222703,6.82844185693078,0.0385472493622323,0.844596298872903,0.999998866570966,0.999994427475806,"ya_adult_cogact_freq"
"6068","PRMT8","Inh PVALB CA8 (Chandelier)",0.00557392128391851,6.00019219803117,0.00770015713368084,0.930184158480324,0.999998866570966,0.999994427475806,"ya_adult_cogact_freq"
"6069","PARP11","Inh PVALB CA8 (Chandelier)",0.0862456587857716,5.50879114588609,1.78278997301431,0.183694647127876,0.999998866570966,0.999994427475806,"ya_adult_cogact_freq"
"6070","CCND2","Inh PVALB CA8 (Chandelier)",0.0276071804358777,6.05596331408211,0.228967633917933,0.632940478201087,0.999998866570966,0.999994427475806,"ya_adult_cogact_freq"
"6071","TIGAR","Inh PVALB CA8 (Chandelier)",0.116191879167763,4.12763785396764,1.07310600199893,0.301800599513376,0.999998866570966,0.999994427475806,"ya_adult_cogact_freq"
"6072","C12orf4","Inh PVALB CA8 (Chandelier)",-0.0360886535447517,4.99338377819644,0.291083512723013,0.590273488663348,0.999998866570966,0.999994427475806,"ya_adult_cogact_freq"
"6073","AC005833.2","Inh PVALB CA8 (Chandelier)",0.00911892630210968,5.44283745877369,0.0208048888903288,0.885492401767599,0.999998866570966,0.999994427475806,"ya_adult_cogact_freq"
"6074","GALNT8","Inh PVALB CA8 (Chandelier)",0.0150212224201219,6.14300743018437,0.0882448446232509,0.76680391652814,0.999998866570966,0.999994427475806,"ya_adult_cogact_freq"
"6075","VAMP1","Inh PVALB CA8 (Chandelier)",-0.0323167995020922,4.5011728333878,0.125500302668895,0.723608103920119,0.999998866570966,0.999994427475806,"ya_adult_cogact_freq"
"6076","MRPL51","Inh PVALB CA8 (Chandelier)",-0.209920526280498,3.59419455707271,2.00485030037149,0.158731264836638,0.999998866570966,0.999994427475806,"ya_adult_cogact_freq"
"6077","NCAPD2","Inh PVALB CA8 (Chandelier)",-0.122548167917346,3.74721656025013,1.12603694278194,0.290213794817851,0.999998866570966,0.999994427475806,"ya_adult_cogact_freq"
"6078","GAPDH","Inh PVALB CA8 (Chandelier)",-0.131562893615422,7.36265773749536,1.86920008427088,0.173475299491513,0.999998866570966,0.999994427475806,"ya_adult_cogact_freq"
"6079","IFFO1","Inh PVALB CA8 (Chandelier)",-0.0325435078265977,4.66423373010494,0.144739713350251,0.704116034653679,0.999998866570966,0.999994427475806,"ya_adult_cogact_freq"
"6080","ING4","Inh PVALB CA8 (Chandelier)",-0.132596166517759,5.17766899941849,4.85869513701395,0.0289279880406162,0.999998866570966,0.999994427475806,"ya_adult_cogact_freq"
"6081","ZNF384","Inh PVALB CA8 (Chandelier)",-0.0863084681386626,3.96200781750732,0.769367689018606,0.381721598204489,0.999998866570966,0.999994427475806,"ya_adult_cogact_freq"
"6082","PIANP","Inh PVALB CA8 (Chandelier)",-0.0225953592675958,5.63017451823741,0.105514458848841,0.74573212665288,0.999998866570966,0.999994427475806,"ya_adult_cogact_freq"
"6083","COPS7A","Inh PVALB CA8 (Chandelier)",0.0055495884365547,4.60492482724103,0.00323624899786059,0.954705025349896,0.999998866570966,0.999994427475806,"ya_adult_cogact_freq"
"6084","MLF2","Inh PVALB CA8 (Chandelier)",0.0119049055685849,5.81923399647694,0.0282643076565248,0.866700252316128,0.999998866570966,0.999994427475806,"ya_adult_cogact_freq"
"6085","PTMS","Inh PVALB CA8 (Chandelier)",-0.0412725749942676,5.46033813172701,0.291159297836793,0.590225157233482,0.999998866570966,0.999994427475806,"ya_adult_cogact_freq"
"6086","GPR162","Inh PVALB CA8 (Chandelier)",-0.0873138650539907,5.73438974905189,1.54053595241026,0.216346062813147,0.999998866570966,0.999994427475806,"ya_adult_cogact_freq"
"6087","P3H3","Inh PVALB CA8 (Chandelier)",0.0214701984774549,4.84154763457579,0.0904741489351282,0.763963884453009,0.999998866570966,0.999994427475806,"ya_adult_cogact_freq"
"6088","GNB3","Inh PVALB CA8 (Chandelier)",-0.101903765975675,4.7286086684402,1.23144073808493,0.268784181328261,0.999998866570966,0.999994427475806,"ya_adult_cogact_freq"
"6089","USP5","Inh PVALB CA8 (Chandelier)",-0.0244901021356238,4.40692363307393,0.0778330643935954,0.780614298265446,0.999998866570966,0.999994427475806,"ya_adult_cogact_freq"
"6090","TPI1","Inh PVALB CA8 (Chandelier)",-0.116153087904929,5.5143315112307,1.2953097724388,0.256764984128014,0.999998866570966,0.999994427475806,"ya_adult_cogact_freq"
"6091","LRRC23","Inh PVALB CA8 (Chandelier)",0.063235026603633,5.21518270995606,1.03019137273019,0.311638826246963,0.999998866570966,0.999994427475806,"ya_adult_cogact_freq"
"6092","ENO2","Inh PVALB CA8 (Chandelier)",0.00493269706892163,6.87713870469354,0.00579882866231448,0.939394411650209,0.999998866570966,0.999994427475806,"ya_adult_cogact_freq"
"6093","ATN1","Inh PVALB CA8 (Chandelier)",0.0735643945241681,5.71404544461539,1.44009490120126,0.231889416358331,0.999998866570966,0.999994427475806,"ya_adult_cogact_freq"
"6094","C12orf57","Inh PVALB CA8 (Chandelier)",-0.157708730289883,3.88170238802194,1.49385483867162,0.223408283456034,0.999998866570966,0.999994427475806,"ya_adult_cogact_freq"
"6095","PHB2","Inh PVALB CA8 (Chandelier)",-0.0424486582222363,4.23473809331314,0.173061710935171,0.677959783612511,0.999998866570966,0.999994427475806,"ya_adult_cogact_freq"
"6096","LPCAT3","Inh PVALB CA8 (Chandelier)",-0.180576091044228,4.32446431422937,3.48098393731246,0.0638998034588219,0.999998866570966,0.999994427475806,"ya_adult_cogact_freq"
"6097","C1S","Inh PVALB CA8 (Chandelier)",0.0677559378268001,4.60937000810755,0.586613329233854,0.444854783164211,0.999998866570966,0.999994427475806,"ya_adult_cogact_freq"
"6098","CLSTN3","Inh PVALB CA8 (Chandelier)",-0.0422958434164563,6.84591217291972,0.771700069559937,0.38100267819191,0.999998866570966,0.999994427475806,"ya_adult_cogact_freq"
"6099","PEX5","Inh PVALB CA8 (Chandelier)",-0.0638304839462853,4.80302156256396,0.76167389237404,0.384106835070004,0.999998866570966,0.999994427475806,"ya_adult_cogact_freq"
"6100","CD163L1","Inh PVALB CA8 (Chandelier)",0.0249633677482245,4.92335520640658,0.10871563086967,0.742040354380401,0.999998866570966,0.999994427475806,"ya_adult_cogact_freq"
"6101","SLC2A3","Inh PVALB CA8 (Chandelier)",0.107475549774999,5.21923400414961,1.69390313623756,0.194949244006273,0.999998866570966,0.999994427475806,"ya_adult_cogact_freq"
"6102","FOXJ2","Inh PVALB CA8 (Chandelier)",-0.0936842558563272,3.86936787589679,0.63504742212789,0.42668522721025,0.999998866570966,0.999994427475806,"ya_adult_cogact_freq"
"6103","NECAP1","Inh PVALB CA8 (Chandelier)",-0.188464958505513,5.06942477560793,5.17628018071569,0.024218512538375,0.999998866570966,0.999994427475806,"ya_adult_cogact_freq"
"6104","FAM66C","Inh PVALB CA8 (Chandelier)",0.00570152201805264,5.76602094374389,0.0103489263554832,0.919098019280119,0.999998866570966,0.999994427475806,"ya_adult_cogact_freq"
"6105","LINC00937","Inh PVALB CA8 (Chandelier)",-0.0621027309800212,4.59952107574303,0.550078043603367,0.459367914359414,0.999998866570966,0.999994427475806,"ya_adult_cogact_freq"
"6106","RIMKLB","Inh PVALB CA8 (Chandelier)",-0.00899818614126515,6.32985552645465,0.0531007048337942,0.877206700126866,0.999998866570966,0.999994427475806,"ya_adult_cogact_freq"
"6107","A2ML1-AS1","Inh PVALB CA8 (Chandelier)",-0.368535171284603,4.02263126109653,8.49431230304412,0.0040709006520601,0.999998866570966,0.999994427475806,"ya_adult_cogact_freq"
"6108","AC006581.2","Inh PVALB CA8 (Chandelier)",-0.0303029897415435,4.88534721849107,0.109372773935346,0.741289983409354,0.999998866570966,0.999994427475806,"ya_adult_cogact_freq"
"6109","PHC1","Inh PVALB CA8 (Chandelier)",-0.0828221542321652,5.46681790948962,1.64755933815898,0.201138483691886,0.999998866570966,0.999994427475806,"ya_adult_cogact_freq"
"6110","M6PR","Inh PVALB CA8 (Chandelier)",-0.175093052393146,4.8902540411112,4.92870386091292,0.0278129510333839,0.999998866570966,0.999994427475806,"ya_adult_cogact_freq"
"6111","A2M","Inh PVALB CA8 (Chandelier)",0.550848921311853,3.44526893251295,12.6472801072525,0.000494344454333787,0.708518021345499,0.999994427475806,"ya_adult_cogact_freq"
"6112","GABARAPL1","Inh PVALB CA8 (Chandelier)",-0.0389862637718576,5.78610192643703,0.344640485141604,0.557986353914886,0.999998866570966,0.999994427475806,"ya_adult_cogact_freq"
"6113","KLRD1","Inh PVALB CA8 (Chandelier)",0.155896122536085,4.74960875263703,1.35672915230307,0.245830632744676,0.999998866570966,0.999994427475806,"ya_adult_cogact_freq"
"6114","PRH1","Inh PVALB CA8 (Chandelier)",0.0302094651428221,5.0631535866154,0.203430070370046,0.652574093745087,0.999998866570966,0.999994427475806,"ya_adult_cogact_freq"
"6115","AC244131.2","Inh PVALB CA8 (Chandelier)",0.116103601178367,4.55399446616088,0.674131725766206,0.412830657238083,0.999998866570966,0.999994427475806,"ya_adult_cogact_freq"
"6116","PRB2","Inh PVALB CA8 (Chandelier)",-0.078937960791438,6.22219066009828,1.64795700514177,0.201084394775301,0.999998866570966,0.999994427475806,"ya_adult_cogact_freq"
"6117","LINC01252","Inh PVALB CA8 (Chandelier)",-0.0107316306659603,5.32744766698669,0.0188617048479017,0.890935548874518,0.999998866570966,0.999994427475806,"ya_adult_cogact_freq"
"6118","ETV6","Inh PVALB CA8 (Chandelier)",0.0541950600674261,7.15022028860229,1.13985858264586,0.287282799161085,0.999998866570966,0.999994427475806,"ya_adult_cogact_freq"
"6119","LRP6","Inh PVALB CA8 (Chandelier)",0.00170825480693957,5.93213757608972,0.00101904595754009,0.974573453385785,0.999998866570966,0.999994427475806,"ya_adult_cogact_freq"
"6120","MANSC1","Inh PVALB CA8 (Chandelier)",-0.121035450873132,4.41056177483563,2.03281109614158,0.155874462315704,0.999998866570966,0.999994427475806,"ya_adult_cogact_freq"
"6121","BORCS5","Inh PVALB CA8 (Chandelier)",-0.0537016246977605,5.65540188843402,0.929875413047659,0.336343577175372,0.999998866570966,0.999994427475806,"ya_adult_cogact_freq"
"6122","DUSP16","Inh PVALB CA8 (Chandelier)",0.0276540774707382,5.72771188064502,0.157486453142992,0.692007611898881,0.999998866570966,0.999994427475806,"ya_adult_cogact_freq"
"6123","CREBL2","Inh PVALB CA8 (Chandelier)",0.0219126732245113,4.5556252151973,0.0826067678819171,0.89784889530701,0.999998866570966,0.999994427475806,"ya_adult_cogact_freq"
"6124","GPR19","Inh PVALB CA8 (Chandelier)",0.0558150530750195,4.31173238456609,0.29543071494913,0.587514142259133,0.999998866570966,0.999994427475806,"ya_adult_cogact_freq"
"6125","CDKN1B","Inh PVALB CA8 (Chandelier)",-0.126447148521098,4.83240595107152,2.00695516455253,0.158514129737106,0.999998866570966,0.999994427475806,"ya_adult_cogact_freq"
"6126","APOLD1","Inh PVALB CA8 (Chandelier)",0.062860868843364,4.19474509653948,0.18904384623304,0.664296679929534,0.999998866570966,0.999994427475806,"ya_adult_cogact_freq"
"6127","FAM234B","Inh PVALB CA8 (Chandelier)",-0.0484744685903687,4.54012425855017,0.320523139677751,0.57208286276868,0.999998866570966,0.999994427475806,"ya_adult_cogact_freq"
"6128","GRIN2B","Inh PVALB CA8 (Chandelier)",0.0181035496672781,9.82613025883539,0.441076544512437,0.507554703480246,0.999998866570966,0.999994427475806,"ya_adult_cogact_freq"
"6129","ATF7IP","Inh PVALB CA8 (Chandelier)",0.0462590991758972,6.69367457423892,1.16747833713136,0.281538233270723,0.999998866570966,0.999994427475806,"ya_adult_cogact_freq"
"6130","WBP11","Inh PVALB CA8 (Chandelier)",-0.065949094610625,4.35285171856141,0.512541180555139,0.475079446366979,0.999998866570966,0.999994427475806,"ya_adult_cogact_freq"
"6131","PTPRO","Inh PVALB CA8 (Chandelier)",0.0312423661894496,6.60802126009705,0.280019494699239,0.597418338846174,0.999998866570966,0.999994427475806,"ya_adult_cogact_freq"
"6132","STRAP","Inh PVALB CA8 (Chandelier)",-0.0676839468971357,5.28714462972613,0.929558558239006,0.336425681023438,0.999998866570966,0.999994427475806,"ya_adult_cogact_freq"
"6133","LMO3","Inh PVALB CA8 (Chandelier)",0.0563903961616643,4.88729248575452,0.260434518594105,0.610521766184349,0.999998866570966,0.999994427475806,"ya_adult_cogact_freq"
"6134","PLEKHA5","Inh PVALB CA8 (Chandelier)",0.04259371468992,8.24314488696295,0.829066825431833,0.363905681609538,0.999998866570966,0.999994427475806,"ya_adult_cogact_freq"
"6135","AEBP2","Inh PVALB CA8 (Chandelier)",-0.0425056807495333,8.24850611110057,0.865019020935422,0.353732416923977,0.999998866570966,0.999994427475806,"ya_adult_cogact_freq"
"6136","AC024901.1","Inh PVALB CA8 (Chandelier)",-0.0132638129909821,6.71974844647739,0.0310417450595745,0.860369030625203,0.999998866570966,0.999994427475806,"ya_adult_cogact_freq"
"6137","LINC02398","Inh PVALB CA8 (Chandelier)",0.0930284126917355,5.84825672696419,1.13003806260354,0.28936139827875,0.999998866570966,0.999994427475806,"ya_adult_cogact_freq"
"6138","PDE3A","Inh PVALB CA8 (Chandelier)",0.28164010290255,6.95142535053881,11.3361587512251,0.000951056820361588,0.999998866570966,0.999994427475806,"ya_adult_cogact_freq"
"6139","PYROXD1","Inh PVALB CA8 (Chandelier)",0.0835345973114446,4.48779274606611,0.957742872532017,0.329226602047676,0.999998866570966,0.999994427475806,"ya_adult_cogact_freq"
"6140","GOLT1B","Inh PVALB CA8 (Chandelier)",-0.0715470952550545,5.39673376843197,0.894514661262908,0.345676151754941,0.999998866570966,0.999994427475806,"ya_adult_cogact_freq"
"6141","SPX","Inh PVALB CA8 (Chandelier)",-0.184836413572168,4.34614181909976,2.58867047705677,0.109592624268304,0.999998866570966,0.999994427475806,"ya_adult_cogact_freq"
"6142","LDHB","Inh PVALB CA8 (Chandelier)",-0.0686852698615924,5.75350910647535,1.0799214150718,0.300275541919212,0.999998866570966,0.999994427475806,"ya_adult_cogact_freq"
"6143","CMAS","Inh PVALB CA8 (Chandelier)",-0.0424593617813976,5.0014269099593,0.453362556277572,0.563624626940783,0.999998866570966,0.999994427475806,"ya_adult_cogact_freq"
"6144","ST8SIA1","Inh PVALB CA8 (Chandelier)",0.106592882998748,7.74584885587718,8.43383138217146,0.00420143976831084,0.999998866570966,0.999994427475806,"ya_adult_cogact_freq"
"6145","C2CD5","Inh PVALB CA8 (Chandelier)",0.0120499102115366,7.9217293065928,0.158824763754028,0.690769640166296,0.999998866570966,0.999994427475806,"ya_adult_cogact_freq"
"6146","ETNK1","Inh PVALB CA8 (Chandelier)",0.0106696498471051,6.55960837221084,0.0583003533194592,0.809510446245645,0.999998866570966,0.999994427475806,"ya_adult_cogact_freq"
"6147","AC084816.1","Inh PVALB CA8 (Chandelier)",0.187894816673639,3.2710019930947,0.798212596934101,0.372963791236778,0.999998866570966,0.999994427475806,"ya_adult_cogact_freq"
"6148","SOX5","Inh PVALB CA8 (Chandelier)",0.0574076545511281,9.73138686129341,1.87213290005681,0.173140222677381,0.999998866570966,0.999994427475806,"ya_adult_cogact_freq"
"6149","BCAT1","Inh PVALB CA8 (Chandelier)",-0.0784392539964001,6.82306972517424,3.73321762086562,0.0550988053592167,0.999998866570966,0.999994427475806,"ya_adult_cogact_freq"
"6150","CASC1","Inh PVALB CA8 (Chandelier)",0.00319135491309595,4.39751652295433,0.00134478073583847,0.970792625909712,0.999998866570966,0.999994427475806,"ya_adult_cogact_freq"
"6151","ETFRF1","Inh PVALB CA8 (Chandelier)",0.0263820847879578,5.37131400177289,0.187003816634015,0.666001614565013,0.999998866570966,0.999994427475806,"ya_adult_cogact_freq"
"6152","KRAS","Inh PVALB CA8 (Chandelier)",-0.101132650612473,5.56815503279212,2.57815726163943,0.110310238625352,0.999998866570966,0.999994427475806,"ya_adult_cogact_freq"
"6153","RASSF8-AS1","Inh PVALB CA8 (Chandelier)",0.0119607704495713,6.30413896601554,0.0461064100118437,0.830254618199946,0.999998866570966,0.999994427475806,"ya_adult_cogact_freq"
"6154","RASSF8","Inh PVALB CA8 (Chandelier)",0.0552968499327702,8.32279213261628,2.36693122751129,0.125896365882712,0.999998866570966,0.999994427475806,"ya_adult_cogact_freq"
"6155","BHLHE41","Inh PVALB CA8 (Chandelier)",0.00935262480444424,5.17305404357146,0.0160208380716475,0.899436177710205,0.999998866570966,0.999994427475806,"ya_adult_cogact_freq"
"6156","SSPN","Inh PVALB CA8 (Chandelier)",-0.00626380760472795,4.04864016276992,0.00295099179486744,0.956745248172387,0.999998866570966,0.999994427475806,"ya_adult_cogact_freq"
"6157","ITPR2","Inh PVALB CA8 (Chandelier)",0.0888637122475997,6.86109510001187,2.32657824743442,0.129146037010199,0.999998866570966,0.999994427475806,"ya_adult_cogact_freq"
"6158","FGFR1OP2","Inh PVALB CA8 (Chandelier)",0.0587016679754236,5.14450963576212,0.889308840185583,0.353728830145689,0.999998866570966,0.999994427475806,"ya_adult_cogact_freq"
"6159","TM7SF3","Inh PVALB CA8 (Chandelier)",-0.100841151415932,5.8247801519522,4.39999583599333,0.0375032472611852,0.999998866570966,0.999994427475806,"ya_adult_cogact_freq"
"6160","MED21","Inh PVALB CA8 (Chandelier)",-0.102034412211388,4.81780172140026,1.88054922640356,0.172182808901593,0.999998866570966,0.999994427475806,"ya_adult_cogact_freq"
"6161","STK38L","Inh PVALB CA8 (Chandelier)",-0.0237566864254044,5.50256162158692,0.163844921047717,0.686179045208619,0.999998866570966,0.999994427475806,"ya_adult_cogact_freq"
"6162","ARNTL2","Inh PVALB CA8 (Chandelier)",0.0116239693397932,4.24037964095263,0.0124168032841407,0.911413807862686,0.999998866570966,0.999994427475806,"ya_adult_cogact_freq"
"6163","PPFIBP1","Inh PVALB CA8 (Chandelier)",-0.0955578036075016,6.33359109598407,2.4861307954953,0.116819517398435,0.999998866570966,0.999994427475806,"ya_adult_cogact_freq"
"6164","MRPS35","Inh PVALB CA8 (Chandelier)",0.0751806052238235,5.39035625479032,1.91998660207285,0.187810243240382,0.999998866570966,0.999994427475806,"ya_adult_cogact_freq"
"6165","KLHL42","Inh PVALB CA8 (Chandelier)",-0.0296701514324264,6.57468499806045,0.473697260196218,0.492283079292647,0.999998866570966,0.999994427475806,"ya_adult_cogact_freq"
"6166","PTHLH","Inh PVALB CA8 (Chandelier)",0.02380233130803,5.89443986829428,0.0744733295704716,0.785281838685321,0.999998866570966,0.999994427475806,"ya_adult_cogact_freq"
"6167","CCDC91","Inh PVALB CA8 (Chandelier)",0.00969533155739635,8.72045059271122,0.100933525144408,0.751124501590755,0.999998866570966,0.999994427475806,"ya_adult_cogact_freq"
"6168","FAR2","Inh PVALB CA8 (Chandelier)",0.00780781116040787,8.18638121614288,0.0431926905348813,0.835625913304898,0.999998866570966,0.999994427475806,"ya_adult_cogact_freq"
"6169","ERGIC2","Inh PVALB CA8 (Chandelier)",-0.0241525738746414,5.46246755316593,0.171025424954739,0.679753217350114,0.999998866570966,0.999994427475806,"ya_adult_cogact_freq"
"6170","OVCH1-AS1","Inh PVALB CA8 (Chandelier)",-0.212597311869155,3.91316273421604,1.96145691454328,0.163284703356843,0.999998866570966,0.999994427475806,"ya_adult_cogact_freq"
"6171","OVCH1","Inh PVALB CA8 (Chandelier)",-0.000380750406842368,6.07955221312532,3.90003748639825e-05,0.995024963645233,0.999998866570966,0.999994427475806,"ya_adult_cogact_freq"
"6172","TMTC1","Inh PVALB CA8 (Chandelier)",-0.0260916705164618,9.15715136785526,0.574882067644806,0.449435468530725,0.999998866570966,0.999994427475806,"ya_adult_cogact_freq"
"6173","IPO8","Inh PVALB CA8 (Chandelier)",-0.0174062065799964,5.13285461992821,0.079800921934486,0.77793074493293,0.999998866570966,0.999994427475806,"ya_adult_cogact_freq"
"6174","CAPRIN2","Inh PVALB CA8 (Chandelier)",0.0517698170472468,6.33237591421031,1.41019822284967,0.236775085917897,0.999998866570966,0.999994427475806,"ya_adult_cogact_freq"
"6175","DDX11","Inh PVALB CA8 (Chandelier)",0.12089258291597,3.79992196036822,0.840424258405439,0.360648634544869,0.999998866570966,0.999994427475806,"ya_adult_cogact_freq"
"6176","DENND5B","Inh PVALB CA8 (Chandelier)",0.0340434846705984,8.56935714289647,1.5490296953637,0.215090088568506,0.999998866570966,0.999994427475806,"ya_adult_cogact_freq"
"6177","AMN1","Inh PVALB CA8 (Chandelier)",0.0168393086736391,7.03477537924491,0.169555599655122,0.681055537935641,0.999998866570966,0.999994427475806,"ya_adult_cogact_freq"
"6178","KIAA1551","Inh PVALB CA8 (Chandelier)",0.119588464204869,6.11002884984752,3.39610636981344,0.0671921550588466,0.999998866570966,0.999994427475806,"ya_adult_cogact_freq"
"6179","BICD1","Inh PVALB CA8 (Chandelier)",-0.0110607605305519,8.64885785746813,0.143203997988906,0.705615598169102,0.999998866570966,0.999994427475806,"ya_adult_cogact_freq"
"6180","FGD4","Inh PVALB CA8 (Chandelier)",-0.0096179728295458,7.67001957690445,0.0839020276319149,0.982158311241364,0.999998866570966,0.999994427475806,"ya_adult_cogact_freq"
"6181","DNM1L","Inh PVALB CA8 (Chandelier)",-0.0417304684735245,7.42147131650718,1.57001590454902,0.212024107565227,0.999998866570966,0.999994427475806,"ya_adult_cogact_freq"
"6182","YARS2","Inh PVALB CA8 (Chandelier)",-0.0167431567370901,5.10300153354879,0.0651561580845714,0.798850843987165,0.999998866570966,0.999994427475806,"ya_adult_cogact_freq"
"6183","CPNE8","Inh PVALB CA8 (Chandelier)",-0.0713659997206072,7.47021587827677,2.33448174849126,0.128502213008666,0.999998866570966,0.999994427475806,"ya_adult_cogact_freq"
"6184","KIF21A","Inh PVALB CA8 (Chandelier)",0.0107414521858191,7.43849459683236,0.0911083617406103,0.763162914343852,0.999998866570966,0.999994427475806,"ya_adult_cogact_freq"
"6185","ABCD2","Inh PVALB CA8 (Chandelier)",0.109228221271326,5.50539094262846,2.80502526063462,0.0959135135919837,0.999998866570966,0.999994427475806,"ya_adult_cogact_freq"
"6186","C12orf40","Inh PVALB CA8 (Chandelier)",-0.0154667172399056,4.17979128625099,0.0206391887733759,0.885946149779085,0.999998866570966,0.999994427475806,"ya_adult_cogact_freq"
"6187","SLC2A13","Inh PVALB CA8 (Chandelier)",0.0396454212235355,8.79670302328206,1.23350320358671,0.268385186416344,0.999998866570966,0.999994427475806,"ya_adult_cogact_freq"
"6188","LRRK2","Inh PVALB CA8 (Chandelier)",0.0385926221997316,4.69551485445633,0.220491096485917,0.639302237247239,0.999998866570966,0.999994427475806,"ya_adult_cogact_freq"
"6189","CNTN1","Inh PVALB CA8 (Chandelier)",0.0362574275479235,9.58835393521925,1.07542681689729,0.301280154197383,0.999998866570966,0.999994427475806,"ya_adult_cogact_freq"
"6190","PDZRN4","Inh PVALB CA8 (Chandelier)",-0.235072370477533,3.67325430246215,1.59758248431413,0.20807575386962,0.999998866570966,0.999994427475806,"ya_adult_cogact_freq"
"6191","GXYLT1","Inh PVALB CA8 (Chandelier)",0.000474338706880336,4.46717686536928,5.53962677147217e-05,0.994070734104551,0.999998866570966,0.999994427475806,"ya_adult_cogact_freq"
"6192","YAF2","Inh PVALB CA8 (Chandelier)",-0.0363971679934024,6.57431842184635,0.648900518257869,0.421695898838811,0.999998866570966,0.999994427475806,"ya_adult_cogact_freq"
"6193","PPHLN1","Inh PVALB CA8 (Chandelier)",0.0604201418391255,6.42167051187077,1.99944193364327,0.159290752032516,0.999998866570966,0.999994427475806,"ya_adult_cogact_freq"
"6194","ZCRB1","Inh PVALB CA8 (Chandelier)",-0.109135982685506,4.12786936978971,1.23631869807004,0.267841714293211,0.999998866570966,0.999994427475806,"ya_adult_cogact_freq"
"6195","PRICKLE1","Inh PVALB CA8 (Chandelier)",0.0431344780022893,7.94139750528266,1.04295398912409,0.30866978102631,0.999998866570966,0.999994427475806,"ya_adult_cogact_freq"
"6196","PUS7L","Inh PVALB CA8 (Chandelier)",-0.0809763005766834,6.38452944638691,2.92653024990828,0.0890634737313359,0.999998866570966,0.999994427475806,"ya_adult_cogact_freq"
"6197","TMEM117","Inh PVALB CA8 (Chandelier)",-0.0162160338771318,6.57905277482698,0.0787089420938097,0.77941540193238,0.999998866570966,0.999994427475806,"ya_adult_cogact_freq"
"6198","NELL2","Inh PVALB CA8 (Chandelier)",0.0377887892572444,6.55873245906128,0.223210149228614,0.6372454758983,0.999998866570966,0.999994427475806,"ya_adult_cogact_freq"
"6199","ANO6","Inh PVALB CA8 (Chandelier)",0.0025954031187814,5.80555114685974,0.00169200323111337,0.967240136480437,0.999998866570966,0.999994427475806,"ya_adult_cogact_freq"
"6200","AC008124.1","Inh PVALB CA8 (Chandelier)",0.0706803370981431,4.28952335475742,0.649274409344256,0.421562457780896,0.999998866570966,0.999994427475806,"ya_adult_cogact_freq"
"6201","ARID2","Inh PVALB CA8 (Chandelier)",0.0847212608637911,6.29053466670012,3.40660964915064,0.0667750001087819,0.999998866570966,0.999994427475806,"ya_adult_cogact_freq"
"6202","SCAF11","Inh PVALB CA8 (Chandelier)",0.0965328038374086,6.71293972420228,7.01194701384022,0.00890341657551665,0.999998866570966,0.999994427475806,"ya_adult_cogact_freq"
"6203","SLC38A1","Inh PVALB CA8 (Chandelier)",0.025149918042116,7.78210055973662,0.445104331478941,0.505625511880001,0.999998866570966,0.999994427475806,"ya_adult_cogact_freq"
"6204","SLC38A2","Inh PVALB CA8 (Chandelier)",0.0197100418553018,5.86835431553012,0.0720024224700786,0.788787264771503,0.999998866570966,0.999994427475806,"ya_adult_cogact_freq"
"6205","AC008014.1","Inh PVALB CA8 (Chandelier)",0.107588269328349,5.3313212614643,1.18614521490486,0.277738385896,0.999998866570966,0.999994427475806,"ya_adult_cogact_freq"
"6206","RPAP3","Inh PVALB CA8 (Chandelier)",-0.188183828414114,4.36559141686453,3.70104146284309,0.0561452955202542,0.999998866570966,0.999994427475806,"ya_adult_cogact_freq"
"6207","RAPGEF3","Inh PVALB CA8 (Chandelier)",-0.0796355476708858,3.96628075643732,0.415735740348806,0.519991541284373,0.999998866570966,0.999994427475806,"ya_adult_cogact_freq"
"6208","SLC48A1","Inh PVALB CA8 (Chandelier)",-0.126849847252491,4.30855113044349,1.78776282804796,0.18308782854491,0.999998866570966,0.999994427475806,"ya_adult_cogact_freq"
"6209","HDAC7","Inh PVALB CA8 (Chandelier)",-0.0447349423437173,4.89805322442912,0.404742040106512,0.525555078323616,0.999998866570966,0.999994427475806,"ya_adult_cogact_freq"
"6210","TMEM106C","Inh PVALB CA8 (Chandelier)",-0.0346001186813246,4.10651523450236,0.102957319547609,0.748725916305707,0.999998866570966,0.999994427475806,"ya_adult_cogact_freq"
"6211","SENP1","Inh PVALB CA8 (Chandelier)",-0.0514946111561059,4.64854387123447,0.387248147946322,0.534631056605563,0.999998866570966,0.999994427475806,"ya_adult_cogact_freq"
"6212","PFKM","Inh PVALB CA8 (Chandelier)",-0.161600865604719,5.16625444356981,5.14561496751532,0.024635946397559,0.999998866570966,0.999994427475806,"ya_adult_cogact_freq"
"6213","ASB8","Inh PVALB CA8 (Chandelier)",-0.102990147483478,4.92145104161388,1.63995187834048,0.202176545199121,0.999998866570966,0.999994427475806,"ya_adult_cogact_freq"
"6214","CCDC184","Inh PVALB CA8 (Chandelier)",-0.0718389325123104,4.45644686979913,0.319423226062094,0.57274232920533,0.999998866570966,0.999994427475806,"ya_adult_cogact_freq"
"6215","ZNF641","Inh PVALB CA8 (Chandelier)",0.0492591177749643,4.99671356760634,0.395692204221637,0.530215216608424,0.999998866570966,0.999994427475806,"ya_adult_cogact_freq"
"6216","AC090115.1","Inh PVALB CA8 (Chandelier)",0.0912797083382476,5.52163356195719,1.376942139226,0.242358260934896,0.999998866570966,0.999994427475806,"ya_adult_cogact_freq"
"6217","KANSL2","Inh PVALB CA8 (Chandelier)",-0.025578802601573,4.28491877693174,0.0826531809289304,0.774103841092007,0.999998866570966,0.999994427475806,"ya_adult_cogact_freq"
"6218","CCNT1","Inh PVALB CA8 (Chandelier)",-0.0157935365255618,4.71798310532456,0.0382384957010292,0.845211949978328,0.999998866570966,0.999994427475806,"ya_adult_cogact_freq"
"6219","ADCY6","Inh PVALB CA8 (Chandelier)",0.0152778411537946,4.57926502652499,0.0336579560264084,0.854667460808024,0.999998866570966,0.999994427475806,"ya_adult_cogact_freq"
"6220","DDX23","Inh PVALB CA8 (Chandelier)",0.0135594127154729,4.1394102469329,0.021387049032684,0.883912686548803,0.999998866570966,0.999994427475806,"ya_adult_cogact_freq"
"6221","AC073610.3","Inh PVALB CA8 (Chandelier)",-0.0152205118560833,4.45833228190376,0.0196637086546818,0.888655901293318,0.999998866570966,0.999994427475806,"ya_adult_cogact_freq"
"6222","CCDC65","Inh PVALB CA8 (Chandelier)",-0.27258896617301,3.85924470189213,5.05254100192455,0.025949779547043,0.999998866570966,0.999994427475806,"ya_adult_cogact_freq"
"6223","PRKAG1","Inh PVALB CA8 (Chandelier)",-0.145516048031661,5.05140825332527,3.79614485723606,0.0531120321927057,0.999998866570966,0.999994427475806,"ya_adult_cogact_freq"
"6224","KMT2D","Inh PVALB CA8 (Chandelier)",-0.0526214221564127,4.84005099407251,0.740715972329513,0.397109289369761,0.999998866570966,0.999994427475806,"ya_adult_cogact_freq"
"6225","LMBR1L","Inh PVALB CA8 (Chandelier)",0.0229849733775142,4.94548484970011,0.0967610458016973,0.756154653618577,0.999998866570966,0.999994427475806,"ya_adult_cogact_freq"
"6226","AC011603.2","Inh PVALB CA8 (Chandelier)",-0.0683109465123318,4.78506009317944,0.791988204988917,0.374829408245525,0.999998866570966,0.999994427475806,"ya_adult_cogact_freq"
"6227","TUBA1B","Inh PVALB CA8 (Chandelier)",-0.0413482582599331,6.61531785832859,0.353843330290475,0.552781844568717,0.999998866570966,0.999994427475806,"ya_adult_cogact_freq"
"6228","TUBA1A","Inh PVALB CA8 (Chandelier)",-0.16786864964331,5.93636416403183,3.07956136507889,0.0811869083147399,0.999998866570966,0.999994427475806,"ya_adult_cogact_freq"
"6229","TUBA1C","Inh PVALB CA8 (Chandelier)",-0.0221129599496205,3.79858188687737,0.0260702769254703,0.871931544196576,0.999998866570966,0.999994427475806,"ya_adult_cogact_freq"
"6230","SPATS2","Inh PVALB CA8 (Chandelier)",-0.0246705357055143,6.04633929553594,0.240832178951093,0.624274902469204,0.999998866570966,0.999994427475806,"ya_adult_cogact_freq"
"6231","KCNH3","Inh PVALB CA8 (Chandelier)",0.0506767141238596,4.01146454044643,0.214164425687345,0.644148557448223,0.999998866570966,0.999994427475806,"ya_adult_cogact_freq"
"6232","MCRS1","Inh PVALB CA8 (Chandelier)",-0.0972669573394494,4.2688156828472,0.909980186392047,0.34155179752252,0.999998866570966,0.999994427475806,"ya_adult_cogact_freq"
"6233","PRPF40B","Inh PVALB CA8 (Chandelier)",0.0569864258133404,6.24439392114373,1.63030845164527,0.203501568192833,0.999998866570966,0.999994427475806,"ya_adult_cogact_freq"
"6234","FMNL3","Inh PVALB CA8 (Chandelier)",0.0151535687729063,4.17901432336474,0.0147229608946334,0.903574685641012,0.999998866570966,0.999994427475806,"ya_adult_cogact_freq"
"6235","TMBIM6","Inh PVALB CA8 (Chandelier)",0.0349364439224453,6.31274505458983,0.418908406514509,0.518405338939392,0.999998866570966,0.999994427475806,"ya_adult_cogact_freq"
"6236","NCKAP5L","Inh PVALB CA8 (Chandelier)",-0.205752644581724,4.89543995808306,8.61516515200062,0.00382241026787591,0.999998866570966,0.999994427475806,"ya_adult_cogact_freq"
"6237","FAIM2","Inh PVALB CA8 (Chandelier)",0.0257492208289695,7.38808916663399,0.201288924621045,0.654286605502666,0.999998866570966,0.999994427475806,"ya_adult_cogact_freq"
"6238","ASIC1","Inh PVALB CA8 (Chandelier)",-0.00536333049964116,4.82272292362914,0.00525440838268552,0.982962664832761,0.999998866570966,0.999994427475806,"ya_adult_cogact_freq"
"6239","SMARCD1","Inh PVALB CA8 (Chandelier)",0.00939606569545704,4.62671663395338,0.0180766274950229,0.893215434749557,0.999998866570966,0.999994427475806,"ya_adult_cogact_freq"
"6240","AC074032.1","Inh PVALB CA8 (Chandelier)",-0.00700966964587667,5.83649236255754,0.0141603641378574,0.90542603683103,0.999998866570966,0.999994427475806,"ya_adult_cogact_freq"
"6241","CERS5","Inh PVALB CA8 (Chandelier)",0.0147247347440087,6.19322466046725,0.0903968102626722,0.764061767527414,0.999998866570966,0.999994427475806,"ya_adult_cogact_freq"
"6242","LIMA1","Inh PVALB CA8 (Chandelier)",-0.0640270719654791,5.85255132711064,1.0410743731221,0.309104715509483,0.999998866570966,0.999994427475806,"ya_adult_cogact_freq"
"6243","LARP4","Inh PVALB CA8 (Chandelier)",-0.0692782342574627,5.90160063197249,1.7454815887987,0.188323081783044,0.999998866570966,0.999994427475806,"ya_adult_cogact_freq"
"6244","DIP2B","Inh PVALB CA8 (Chandelier)",0.0180303681650566,7.22993173947891,0.177956588175737,0.673698788135351,0.999998866570966,0.999994427475806,"ya_adult_cogact_freq"
"6245","ATF1","Inh PVALB CA8 (Chandelier)",0.136470111112562,5.39626516872877,5.04567128068046,0.0260496225011754,0.999998866570966,0.999994427475806,"ya_adult_cogact_freq"
"6246","SLC11A2","Inh PVALB CA8 (Chandelier)",-0.0260935623919669,5.565036903727,0.223380957116294,0.637116785294959,0.999998866570966,0.999994427475806,"ya_adult_cogact_freq"
"6247","LETMD1","Inh PVALB CA8 (Chandelier)",0.0117961107574836,5.19804709602082,0.0347924190169818,0.852266472468378,0.999998866570966,0.999994427475806,"ya_adult_cogact_freq"
"6248","CSRNP2","Inh PVALB CA8 (Chandelier)",-0.0111061768592051,5.09840658537513,0.0336330566442386,0.973656645848592,0.999998866570966,0.999994427475806,"ya_adult_cogact_freq"
"6249","TFCP2","Inh PVALB CA8 (Chandelier)",0.0242753738698378,6.52842132304709,0.270533486017121,0.603689634276871,0.999998866570966,0.999994427475806,"ya_adult_cogact_freq"
"6250","POU6F1","Inh PVALB CA8 (Chandelier)",0.0166138699428011,5.82792539263788,0.0968430842699654,0.756054615557127,0.999998866570966,0.999994427475806,"ya_adult_cogact_freq"
"6251","DAZAP2","Inh PVALB CA8 (Chandelier)",-0.143748508835524,4.62757899399953,3.01539263684976,0.0843930994437627,0.999998866570966,0.999994427475806,"ya_adult_cogact_freq"
"6252","SLC4A8","Inh PVALB CA8 (Chandelier)",-0.0324538180674727,7.24719403730972,0.42532453076364,0.515223451373102,0.999998866570966,0.999994427475806,"ya_adult_cogact_freq"
"6253","SCN8A","Inh PVALB CA8 (Chandelier)",0.0255206252744716,8.49252241175944,1.11329960579039,0.292948907623696,0.999998866570966,0.999994427475806,"ya_adult_cogact_freq"
"6254","ACVR1B","Inh PVALB CA8 (Chandelier)",0.0679529457510466,5.54395170582883,1.93628842051161,0.165994545132115,0.999998866570966,0.999994427475806,"ya_adult_cogact_freq"
"6255","NR4A1","Inh PVALB CA8 (Chandelier)",-0.387438205479566,3.56082407591368,2.0707002308032,0.152096686368508,0.999998866570966,0.999994427475806,"ya_adult_cogact_freq"
"6256","EIF4B","Inh PVALB CA8 (Chandelier)",-0.0467624240904711,5.4978302698692,0.652880575531929,0.420278670834189,0.999998866570966,0.999994427475806,"ya_adult_cogact_freq"
"6257","AC068888.1","Inh PVALB CA8 (Chandelier)",-0.182117781945915,3.90248193895773,1.74431888787936,0.188469506534937,0.999998866570966,0.999994427475806,"ya_adult_cogact_freq"
"6258","TNS2","Inh PVALB CA8 (Chandelier)",-0.115540554637478,4.37696810985218,1.53527240173534,0.217128802747071,0.999998866570966,0.999994427475806,"ya_adult_cogact_freq"
"6259","SPRYD3","Inh PVALB CA8 (Chandelier)",0.03243879106103,4.70075727289448,0.102225110819885,0.749590697918344,0.999998866570966,0.999994427475806,"ya_adult_cogact_freq"
"6260","CSAD","Inh PVALB CA8 (Chandelier)",0.00127551115291727,5.49999912965076,0.000493426511681429,0.982305430037618,0.999998866570966,0.999994427475806,"ya_adult_cogact_freq"
"6261","ZNF740","Inh PVALB CA8 (Chandelier)",0.0131457951301087,3.88936520382117,0.0159342487429514,0.899706856108694,0.999998866570966,0.999994427475806,"ya_adult_cogact_freq"
"6262","RARG","Inh PVALB CA8 (Chandelier)",-0.057593205047107,3.75907343737369,0.191893911167799,0.661933000952196,0.999998866570966,0.999994427475806,"ya_adult_cogact_freq"
"6263","PFDN5","Inh PVALB CA8 (Chandelier)",-0.0635416283484768,4.59482850703538,0.435364714996664,0.510312400971837,0.999998866570966,0.999994427475806,"ya_adult_cogact_freq"
"6264","AAAS","Inh PVALB CA8 (Chandelier)",0.203855368641156,3.74904381585967,3.23975289334493,0.0737465434556095,0.999998866570966,0.999994427475806,"ya_adult_cogact_freq"
"6265","SP1","Inh PVALB CA8 (Chandelier)",-0.0159930273894967,3.97191881789009,0.023608746960464,0.878077324029277,0.999998866570966,0.999994427475806,"ya_adult_cogact_freq"
"6266","PCBP2","Inh PVALB CA8 (Chandelier)",-0.0324391280850861,6.22366103133803,0.555372344300558,0.457218954369066,0.999998866570966,0.999994427475806,"ya_adult_cogact_freq"
"6267","MAP3K12","Inh PVALB CA8 (Chandelier)",0.0215194354814872,4.51406297301808,0.0770507327570872,0.781691314494085,0.999998866570966,0.999994427475806,"ya_adult_cogact_freq"
"6268","ATP5MC2","Inh PVALB CA8 (Chandelier)",-0.0893809715562473,5.6318938578607,1.62772195036435,0.203858709184131,0.999998866570966,0.999994427475806,"ya_adult_cogact_freq"
"6269","CALCOCO1","Inh PVALB CA8 (Chandelier)",-0.0799481431959163,5.62525865539063,1.86609114668202,0.173831320008899,0.999998866570966,0.999994427475806,"ya_adult_cogact_freq"
"6270","CBX5","Inh PVALB CA8 (Chandelier)",0.0350896855008314,5.94434676654614,0.520035444772373,0.471873955949406,0.999998866570966,0.999994427475806,"ya_adult_cogact_freq"
"6271","HNRNPA1","Inh PVALB CA8 (Chandelier)",0.018285826004504,4.78556789927705,0.0480651970515203,0.826742941334985,0.999998866570966,0.999994427475806,"ya_adult_cogact_freq"
"6272","COPZ1","Inh PVALB CA8 (Chandelier)",-0.0551983172067302,4.70050355968592,0.59090612184222,0.44319672846334,0.999998866570966,0.999994427475806,"ya_adult_cogact_freq"
"6273","ZNF385A","Inh PVALB CA8 (Chandelier)",-0.00227887207642801,5.49184071222484,0.000817915587190813,0.97721970293234,0.999998866570966,0.999994427475806,"ya_adult_cogact_freq"
"6274","PDE1B","Inh PVALB CA8 (Chandelier)",-0.0987817978280051,3.8507587571381,0.717000261455592,0.398388360981145,0.999998866570966,0.999994427475806,"ya_adult_cogact_freq"
"6275","ITGA7","Inh PVALB CA8 (Chandelier)",-0.0312536123615684,4.48944914933173,0.103551985814187,0.748026074317297,0.999998866570966,0.999994427475806,"ya_adult_cogact_freq"
"6276","CD63","Inh PVALB CA8 (Chandelier)",-0.0230094241829678,3.89741785887281,0.0301432759410716,0.862383953810497,0.999998866570966,0.999994427475806,"ya_adult_cogact_freq"
"6277","GDF11","Inh PVALB CA8 (Chandelier)",0.0147036556831202,4.69861277143908,0.0292155916168128,0.864497133153726,0.999998866570966,0.999994427475806,"ya_adult_cogact_freq"
"6278","DGKA","Inh PVALB CA8 (Chandelier)",0.0773363843639813,4.14274680487607,0.725089180211752,0.395746241991655,0.999998866570966,0.999994427475806,"ya_adult_cogact_freq"
"6279","RAB5B","Inh PVALB CA8 (Chandelier)",-0.0444405270863758,5.48775309701194,0.512724073188811,0.475000796710485,0.999998866570966,0.999994427475806,"ya_adult_cogact_freq"
"6280","IKZF4","Inh PVALB CA8 (Chandelier)",-0.1020685161035,4.91365623738523,1.87671913087441,0.172617745040987,0.999998866570966,0.999994427475806,"ya_adult_cogact_freq"
"6281","PA2G4","Inh PVALB CA8 (Chandelier)",0.0757584282497902,3.93135677898557,0.433057719879529,0.511433605950489,0.999998866570966,0.999994427475806,"ya_adult_cogact_freq"
"6282","RPL41","Inh PVALB CA8 (Chandelier)",-0.20856356512146,4.5249651771199,2.61987625167456,0.107492875134306,0.999998866570966,0.999994427475806,"ya_adult_cogact_freq"
"6283","MYL6B","Inh PVALB CA8 (Chandelier)",-0.144131942090731,5.0808134905579,3.89442498108241,0.0501607287601389,0.999998866570966,0.999994427475806,"ya_adult_cogact_freq"
"6284","MYL6","Inh PVALB CA8 (Chandelier)",-0.0746175654029734,4.99963790206858,0.715673182377876,0.398824276720488,0.999998866570966,0.999994427475806,"ya_adult_cogact_freq"
"6285","SMARCC2","Inh PVALB CA8 (Chandelier)",0.0334032948646963,6.26628273860694,0.546081762411561,0.461000662526679,0.999998866570966,0.999994427475806,"ya_adult_cogact_freq"
"6286","RNF41","Inh PVALB CA8 (Chandelier)",0.0747395319015865,4.85480117988323,1.03283630822962,0.389632334946488,0.999998866570966,0.999994427475806,"ya_adult_cogact_freq"
"6287","ANKRD52","Inh PVALB CA8 (Chandelier)",-0.0156243988675842,4.87668318076719,0.051246091158493,0.952098125993963,0.999998866570966,0.999994427475806,"ya_adult_cogact_freq"
"6288","CS","Inh PVALB CA8 (Chandelier)",-0.00727035853533665,4.91035439689963,0.010205902357458,0.919657079792102,0.999998866570966,0.999994427475806,"ya_adult_cogact_freq"
"6289","AC073896.1","Inh PVALB CA8 (Chandelier)",-0.0272545202070825,4.27657591629993,0.0739292763070399,0.786048250236142,0.999998866570966,0.999994427475806,"ya_adult_cogact_freq"
"6290","PAN2","Inh PVALB CA8 (Chandelier)",0.105526245090021,4.57173784367045,1.81527970373402,0.179772054243315,0.999998866570966,0.999994427475806,"ya_adult_cogact_freq"
"6291","STAT2","Inh PVALB CA8 (Chandelier)",-0.0876703316988154,4.96525174425754,1.58295642634324,0.210159604936133,0.999998866570966,0.999994427475806,"ya_adult_cogact_freq"
"6292","GLS2","Inh PVALB CA8 (Chandelier)",-0.0209240151494334,5.41002416274795,0.146764568567911,0.702152710570635,0.999998866570966,0.999994427475806,"ya_adult_cogact_freq"
"6293","RBMS2","Inh PVALB CA8 (Chandelier)",-0.0780792820070024,3.86391825711947,0.380162938867065,0.538388179575547,0.999998866570966,0.999994427475806,"ya_adult_cogact_freq"
"6294","BAZ2A","Inh PVALB CA8 (Chandelier)",-0.0228822009797821,5.64742314741275,0.179817601984174,0.67209690168083,0.999998866570966,0.999994427475806,"ya_adult_cogact_freq"
"6295","ATP5F1B","Inh PVALB CA8 (Chandelier)",-0.0181442053543582,6.24221262975475,0.0697221729488514,0.792079905616634,0.999998866570966,0.999994427475806,"ya_adult_cogact_freq"
"6296","PTGES3","Inh PVALB CA8 (Chandelier)",-0.0680596988097263,5.90472911642682,1.12612020259916,0.290196024398946,0.999998866570966,0.999994427475806,"ya_adult_cogact_freq"
"6297","NACA","Inh PVALB CA8 (Chandelier)",0.0012516594155225,5.34477621222744,0.000223412210004095,0.988093012729403,0.999998866570966,0.999994427475806,"ya_adult_cogact_freq"
"6298","PRIM1","Inh PVALB CA8 (Chandelier)",-0.0732303110950423,4.04447127888499,0.441505319006811,0.507348729624133,0.999998866570966,0.999994427475806,"ya_adult_cogact_freq"
"6299","NAB2","Inh PVALB CA8 (Chandelier)",-0.113908111765049,3.90728938792739,0.842379046691957,0.360092131202356,0.999998866570966,0.999994427475806,"ya_adult_cogact_freq"
"6300","LRP1","Inh PVALB CA8 (Chandelier)",-0.0628107045556357,6.18987336180988,2.10397949837425,0.358596479688455,0.999998866570966,0.999994427475806,"ya_adult_cogact_freq"
"6301","STAC3","Inh PVALB CA8 (Chandelier)",-0.153686772535614,3.89341892842711,1.9016715165429,0.169806894575365,0.999998866570966,0.999994427475806,"ya_adult_cogact_freq"
"6302","R3HDM2","Inh PVALB CA8 (Chandelier)",-0.00759696556162506,7.92973791036895,0.0399957295061091,0.841741681912811,0.999998866570966,0.999994427475806,"ya_adult_cogact_freq"
"6303","MARS","Inh PVALB CA8 (Chandelier)",-0.0916265882809482,5.58572026865956,2.04356399080999,0.154791535712162,0.999998866570966,0.999994427475806,"ya_adult_cogact_freq"
"6304","DDIT3","Inh PVALB CA8 (Chandelier)",-0.193966118171881,4.46080339810677,2.30814850257504,0.130661467991375,0.999998866570966,0.999994427475806,"ya_adult_cogact_freq"
"6305","DCTN2","Inh PVALB CA8 (Chandelier)",-0.134765317731126,5.53618592118973,4.76682366627009,0.0304630668506038,0.999998866570966,0.999994427475806,"ya_adult_cogact_freq"
"6306","KIF5A","Inh PVALB CA8 (Chandelier)",0.0570848682591983,6.69024391979087,1.62432253722272,0.204329228821273,0.999998866570966,0.999994427475806,"ya_adult_cogact_freq"
"6307","PIP4K2C","Inh PVALB CA8 (Chandelier)",-0.090432352756918,4.2057680885967,0.936900611718159,0.334530108436834,0.999998866570966,0.999994427475806,"ya_adult_cogact_freq"
"6308","DTX3","Inh PVALB CA8 (Chandelier)",0.0195124909984801,5.578702296717,0.0865051475458014,0.769047459539434,0.999998866570966,0.999994427475806,"ya_adult_cogact_freq"
"6309","ARHGEF25","Inh PVALB CA8 (Chandelier)",0.0652225430762851,4.35905719281329,0.429375194070507,0.513232230053109,0.999998866570966,0.999994427475806,"ya_adult_cogact_freq"
"6310","B4GALNT1","Inh PVALB CA8 (Chandelier)",-0.0594136359813335,4.99153815808645,0.857772046579828,0.396419188305763,0.999998866570966,0.999994427475806,"ya_adult_cogact_freq"
"6311","OS9","Inh PVALB CA8 (Chandelier)",-0.191240491176164,4.94872132961978,6.69170247524488,0.010571917403944,0.999998866570966,0.999994427475806,"ya_adult_cogact_freq"
"6312","AGAP2","Inh PVALB CA8 (Chandelier)",-0.0632870082276183,4.77288690827991,0.535014923458419,0.46557089983834,0.999998866570966,0.999994427475806,"ya_adult_cogact_freq"
"6313","TSPAN31","Inh PVALB CA8 (Chandelier)",-0.174358864793179,3.95226506292575,2.63507586702194,0.106486307459966,0.999998866570966,0.999994427475806,"ya_adult_cogact_freq"
"6314","MARCH9","Inh PVALB CA8 (Chandelier)",0.00426348539407875,4.14692850481904,0.00177339002205136,0.966461958803932,0.999998866570966,0.999994427475806,"ya_adult_cogact_freq"
"6315","AVIL","Inh PVALB CA8 (Chandelier)",-0.046694819526652,4.66927188084091,0.224892399417252,0.635980646887138,0.999998866570966,0.999994427475806,"ya_adult_cogact_freq"
"6316","CTDSP2","Inh PVALB CA8 (Chandelier)",0.00780122884764548,5.04324115250565,0.0144744462529666,0.997013613600022,0.999998866570966,0.999994427475806,"ya_adult_cogact_freq"
"6317","AC084033.3","Inh PVALB CA8 (Chandelier)",-0.00575317571464537,3.8428290872281,0.00279977324985793,0.957867011692728,0.999998866570966,0.999994427475806,"ya_adult_cogact_freq"
"6318","SLC16A7","Inh PVALB CA8 (Chandelier)",0.00222834877191804,7.10546398061862,0.00278944574381271,0.957944718520467,0.999998866570966,0.999994427475806,"ya_adult_cogact_freq"
"6319","FAM19A2","Inh PVALB CA8 (Chandelier)",0.0474910701912415,11.0413045550293,1.42878321261098,0.233723382612269,0.999998866570966,0.999994427475806,"ya_adult_cogact_freq"
"6320","USP15","Inh PVALB CA8 (Chandelier)",-0.0166226483497798,6.90305400393724,0.230440709071845,0.631849736894174,0.999998866570966,0.999994427475806,"ya_adult_cogact_freq"
"6321","MON2","Inh PVALB CA8 (Chandelier)",0.0142534393621495,7.6693938732316,0.249819021290859,0.763498353866303,0.999998866570966,0.999994427475806,"ya_adult_cogact_freq"
"6322","AC048341.1","Inh PVALB CA8 (Chandelier)",-0.0466544414120541,4.11000724473582,0.20149862172866,0.654118404894251,0.999998866570966,0.999994427475806,"ya_adult_cogact_freq"
"6323","PPM1H","Inh PVALB CA8 (Chandelier)",-0.039494591440507,7.76409531809698,1.23593591577762,0.267915521155914,0.999998866570966,0.999994427475806,"ya_adult_cogact_freq"
"6324","DPY19L2","Inh PVALB CA8 (Chandelier)",-0.0253206704214419,7.44770337859194,0.323531797734904,0.570286596969503,0.999998866570966,0.999994427475806,"ya_adult_cogact_freq"
"6325","RXYLT1","Inh PVALB CA8 (Chandelier)",-0.129691457770618,3.77402461943469,1.0385986209822,0.309678817408045,0.999998866570966,0.999994427475806,"ya_adult_cogact_freq"
"6326","SRGAP1","Inh PVALB CA8 (Chandelier)",-0.023592682201379,8.22025506827896,0.333228434356095,0.564571743839302,0.999998866570966,0.999994427475806,"ya_adult_cogact_freq"
"6327","AC020611.2","Inh PVALB CA8 (Chandelier)",-0.0625658842472758,3.67474077332945,0.146772455426352,0.702145093844811,0.999998866570966,0.999994427475806,"ya_adult_cogact_freq"
"6328","XPOT","Inh PVALB CA8 (Chandelier)",0.0282167272340481,5.63431539754966,0.215822471601568,0.642870132190597,0.999998866570966,0.999994427475806,"ya_adult_cogact_freq"
"6329","TBK1","Inh PVALB CA8 (Chandelier)",0.0034475458111232,5.7540104250255,0.00443630158538317,0.946978473029321,0.999998866570966,0.999994427475806,"ya_adult_cogact_freq"
"6330","RASSF3","Inh PVALB CA8 (Chandelier)",0.0357089472346078,6.08343298219553,0.329554616948387,0.566723781353243,0.999998866570966,0.999994427475806,"ya_adult_cogact_freq"
"6331","GNS","Inh PVALB CA8 (Chandelier)",-0.0495544407166931,5.64440962824478,0.722148146719182,0.396703933740585,0.999998866570966,0.999994427475806,"ya_adult_cogact_freq"
"6332","AC025262.1","Inh PVALB CA8 (Chandelier)",0.0447778674706604,4.20298564072397,0.190582694760627,0.663017831809147,0.999998866570966,0.999994427475806,"ya_adult_cogact_freq"
"6333","TBC1D30","Inh PVALB CA8 (Chandelier)",-0.0676060224710776,6.39059165603353,1.76942337871409,0.185337413514503,0.999998866570966,0.999994427475806,"ya_adult_cogact_freq"
"6334","LINC02389","Inh PVALB CA8 (Chandelier)",0.0158656290369277,7.64737521068716,0.0891340130037183,0.765666522018186,0.999998866570966,0.999994427475806,"ya_adult_cogact_freq"
"6335","LINC02231","Inh PVALB CA8 (Chandelier)",-0.209241901949022,3.76400913349977,1.60117196506137,0.207568112152637,0.999998866570966,0.999994427475806,"ya_adult_cogact_freq"
"6336","WIF1","Inh PVALB CA8 (Chandelier)",0.0586364695867196,5.92645021953937,1.16516590725586,0.282013541254242,0.999998866570966,0.999994427475806,"ya_adult_cogact_freq"
"6337","LEMD3","Inh PVALB CA8 (Chandelier)",0.0720496341562887,5.9405491806608,2.13833531673197,0.145609810340707,0.999998866570966,0.999994427475806,"ya_adult_cogact_freq"
"6338","MSRB3","Inh PVALB CA8 (Chandelier)",0.0282695485417823,6.2750256611482,0.291158435489573,0.590225707143703,0.999998866570966,0.999994427475806,"ya_adult_cogact_freq"
"6339","GRIP1","Inh PVALB CA8 (Chandelier)",-0.0084875200517707,11.3842480082658,0.0508126824698393,0.8219414268887,0.999998866570966,0.999994427475806,"ya_adult_cogact_freq"
"6340","CAND1","Inh PVALB CA8 (Chandelier)",-0.033777776513512,6.34663618653692,0.579382188778828,0.447669649692029,0.999998866570966,0.999994427475806,"ya_adult_cogact_freq"
"6341","DYRK2","Inh PVALB CA8 (Chandelier)",0.0818803517482889,4.17134281551714,0.821904849060162,0.365980638726336,0.999998866570966,0.999994427475806,"ya_adult_cogact_freq"
"6342","RAP1B","Inh PVALB CA8 (Chandelier)",-0.0802049626844971,5.80531635179356,1.7972909435336,0.181931678753165,0.999998866570966,0.999994427475806,"ya_adult_cogact_freq"
"6343","NUP107","Inh PVALB CA8 (Chandelier)",-0.066050422010931,5.07219125325932,0.797693919090822,0.373118752734651,0.999998866570966,0.999994427475806,"ya_adult_cogact_freq"
"6344","SLC35E3","Inh PVALB CA8 (Chandelier)",0.0234155191516833,6.0970703111079,0.203467471305227,0.652544276699911,0.999998866570966,0.999994427475806,"ya_adult_cogact_freq"
"6345","MDM2","Inh PVALB CA8 (Chandelier)",-0.0324013878297551,5.54100450183258,0.396966331856694,0.529554630869781,0.999998866570966,0.999994427475806,"ya_adult_cogact_freq"
"6346","CPM","Inh PVALB CA8 (Chandelier)",0.0479602472086793,3.8686594856873,0.087154025490386,0.768207810689436,0.999998866570966,0.999994427475806,"ya_adult_cogact_freq"
"6347","CPSF6","Inh PVALB CA8 (Chandelier)",0.012259057201109,7.88604828533168,0.0911763185618077,0.763077269954558,0.999998866570966,0.999994427475806,"ya_adult_cogact_freq"
"6348","FRS2","Inh PVALB CA8 (Chandelier)",0.0134454538130553,6.26464693395704,0.0941551491727563,0.876925706893058,0.999998866570966,0.999994427475806,"ya_adult_cogact_freq"
"6349","CCT2","Inh PVALB CA8 (Chandelier)",-0.15513957113802,5.21530694213003,5.36797839681821,0.021771507219997,0.999998866570966,0.999994427475806,"ya_adult_cogact_freq"
"6350","RAB3IP","Inh PVALB CA8 (Chandelier)",0.0302027521266022,5.62804949607895,0.200194171406482,0.655166434992791,0.999998866570966,0.999994427475806,"ya_adult_cogact_freq"
"6351","MYRFL","Inh PVALB CA8 (Chandelier)",0.064166643417849,4.25729502577967,0.151784765551165,0.697351194983706,0.999998866570966,0.999994427475806,"ya_adult_cogact_freq"
"6352","AC025159.1","Inh PVALB CA8 (Chandelier)",0.0909786367266029,8.54503177195546,1.92110762275792,0.167654099210005,0.999998866570966,0.999994427475806,"ya_adult_cogact_freq"
"6353","CNOT2","Inh PVALB CA8 (Chandelier)",0.0627708521399857,7.15471424005589,2.58840369740475,0.109610770032365,0.999998866570966,0.999994427475806,"ya_adult_cogact_freq"
"6354","KCNMB4","Inh PVALB CA8 (Chandelier)",0.0332871171117678,8.14907868391707,0.631855536889268,0.42784745151583,0.999998866570966,0.999994427475806,"ya_adult_cogact_freq"
"6355","AC025569.1","Inh PVALB CA8 (Chandelier)",-0.0655025518728271,4.2255981216733,0.33875834551737,0.561362114467029,0.999998866570966,0.999994427475806,"ya_adult_cogact_freq"
"6356","PTPRB","Inh PVALB CA8 (Chandelier)",0.0648939147304824,5.38007287482599,0.348144563324208,0.555993748180008,0.999998866570966,0.999994427475806,"ya_adult_cogact_freq"
"6357","PTPRR","Inh PVALB CA8 (Chandelier)",0.22900183236155,5.26456700410023,7.17765731351146,0.0081495327576824,0.999998866570966,0.999994427475806,"ya_adult_cogact_freq"
"6358","LGR5","Inh PVALB CA8 (Chandelier)",0.222143498516946,4.29995687992971,3.64571988463078,0.0579946775663073,0.999998866570966,0.999994427475806,"ya_adult_cogact_freq"
"6359","ZFC3H1","Inh PVALB CA8 (Chandelier)",0.0165716582122862,6.4644291226554,0.166984175011519,0.759680139129778,0.999998866570966,0.999994427475806,"ya_adult_cogact_freq"
"6360","THAP2","Inh PVALB CA8 (Chandelier)",-0.109406662044227,4.16330105620597,1.2095409383405,0.273067201567754,0.999998866570966,0.999994427475806,"ya_adult_cogact_freq"
"6361","RAB21","Inh PVALB CA8 (Chandelier)",-0.00358278812377371,5.90881435344311,0.00315715809588971,0.95526133926041,0.999998866570966,0.999994427475806,"ya_adult_cogact_freq"
"6362","TBC1D15","Inh PVALB CA8 (Chandelier)",0.039423061088959,6.07769564649543,0.950994786119161,0.330931299932201,0.999998866570966,0.999994427475806,"ya_adult_cogact_freq"
"6363","TRHDE","Inh PVALB CA8 (Chandelier)",-0.0948191879673099,5.60602033239661,0.757975509481471,0.385260982753071,0.999998866570966,0.999994427475806,"ya_adult_cogact_freq"
"6364","ATXN7L3B","Inh PVALB CA8 (Chandelier)",-0.0398565821811303,5.17282618611688,0.252570201242867,0.615958833611374,0.999998866570966,0.999994427475806,"ya_adult_cogact_freq"
"6365","KCNC2","Inh PVALB CA8 (Chandelier)",0.0310615170734619,9.79960056274288,0.840778593780554,0.360547671371832,0.999998866570966,0.999994427475806,"ya_adult_cogact_freq"
"6366","CAPS2","Inh PVALB CA8 (Chandelier)",0.00812119027811779,6.19560536038317,0.02034967984685,0.886743416696541,0.999998866570966,0.999994427475806,"ya_adult_cogact_freq"
"6367","GLIPR1L2","Inh PVALB CA8 (Chandelier)",0.252835660950582,4.13335480975804,3.36593379532095,0.068406230761049,0.999998866570966,0.999994427475806,"ya_adult_cogact_freq"
"6368","GLIPR1","Inh PVALB CA8 (Chandelier)",0.0231560120270964,4.99763913628404,0.0719241940794928,0.78889929191114,0.999998866570966,0.999994427475806,"ya_adult_cogact_freq"
"6369","KRR1","Inh PVALB CA8 (Chandelier)",0.0589198051095252,5.212625171973,0.850054333364561,0.357918535111751,0.999998866570966,0.999994427475806,"ya_adult_cogact_freq"
"6370","AC078923.1","Inh PVALB CA8 (Chandelier)",0.0780105923304359,3.84666794072782,0.258904244380131,0.611571556853889,0.999998866570966,0.999994427475806,"ya_adult_cogact_freq"
"6371","PHLDA1","Inh PVALB CA8 (Chandelier)",0.0427423526043237,4.90368492237467,0.178058199195866,0.673611071134545,0.999998866570966,0.999994427475806,"ya_adult_cogact_freq"
"6372","NAP1L1","Inh PVALB CA8 (Chandelier)",-0.0665313694359921,7.57448694176496,4.57459687875672,0.0339594191443046,0.999998866570966,0.999994427475806,"ya_adult_cogact_freq"
"6373","OSBPL8","Inh PVALB CA8 (Chandelier)",0.00487205606483868,8.5339089157026,0.023198276027452,0.879133576172357,0.999998866570966,0.999994427475806,"ya_adult_cogact_freq"
"6374","ZDHHC17","Inh PVALB CA8 (Chandelier)",-0.0106928294738146,6.84339132849034,0.0811001272564034,0.826050346749743,0.999998866570966,0.999994427475806,"ya_adult_cogact_freq"
"6375","CSRP2","Inh PVALB CA8 (Chandelier)",0.0562466336947588,3.75444627769012,0.12637976531958,0.722681564152532,0.999998866570966,0.999994427475806,"ya_adult_cogact_freq"
"6376","NAV3","Inh PVALB CA8 (Chandelier)",0.0532477062407245,10.2773064026825,1.89426014065808,0.170636205293793,0.999998866570966,0.999994427475806,"ya_adult_cogact_freq"
"6377","SYT1","Inh PVALB CA8 (Chandelier)",0.0548414311849221,11.8482364162438,2.45305978896991,0.119262282065976,0.999998866570966,0.999994427475806,"ya_adult_cogact_freq"
"6378","AC090709.1","Inh PVALB CA8 (Chandelier)",-0.0514523604236339,4.88446252818182,0.209037246750366,0.648140274667953,0.999998866570966,0.999994427475806,"ya_adult_cogact_freq"
"6379","AC027288.3","Inh PVALB CA8 (Chandelier)",-0.0726783488014494,4.90959702048454,0.29034449282192,0.590745220216769,0.999998866570966,0.999994427475806,"ya_adult_cogact_freq"
"6380","PPP1R12A","Inh PVALB CA8 (Chandelier)",-0.0140378489552925,6.93979600621009,0.147143700196603,0.701786829944778,0.999998866570966,0.999994427475806,"ya_adult_cogact_freq"
"6381","LIN7A","Inh PVALB CA8 (Chandelier)",0.0110492688985303,7.25594154222831,0.0519042519153153,0.820071750358904,0.999998866570966,0.999994427475806,"ya_adult_cogact_freq"
"6382","PPFIA2","Inh PVALB CA8 (Chandelier)",0.0388532114905084,9.88526290191017,1.7852906767045,0.183389202447532,0.999998866570966,0.999994427475806,"ya_adult_cogact_freq"
"6383","AC069228.1","Inh PVALB CA8 (Chandelier)",-0.278941711398083,4.24959299439809,3.75405003591804,0.054432408043124,0.999998866570966,0.999994427475806,"ya_adult_cogact_freq"
"6384","CCDC59","Inh PVALB CA8 (Chandelier)",0.0615927856400227,5.72527377029437,0.410699513455472,0.522527148038828,0.999998866570966,0.999994427475806,"ya_adult_cogact_freq"
"6385","METTL25","Inh PVALB CA8 (Chandelier)",0.00602055452866933,6.62630243241941,0.0139454496901703,0.906143087833409,0.999998866570966,0.999994427475806,"ya_adult_cogact_freq"
"6386","TMTC2","Inh PVALB CA8 (Chandelier)",0.0525981234348244,7.41794214936621,0.838493185087267,0.36119955783923,0.999998866570966,0.999994427475806,"ya_adult_cogact_freq"
"6387","SLC6A15","Inh PVALB CA8 (Chandelier)",-0.000626724784187585,5.83204749267922,0.000112254814054201,0.991559677907522,0.999998866570966,0.999994427475806,"ya_adult_cogact_freq"
"6388","MGAT4C","Inh PVALB CA8 (Chandelier)",0.0582000227102935,9.49998068028467,1.80658721691228,0.180811867334754,0.999998866570966,0.999994427475806,"ya_adult_cogact_freq"
"6389","C12orf29","Inh PVALB CA8 (Chandelier)",-0.00533149353544585,4.4430044945118,0.00384093095825881,0.994753971456628,0.999998866570966,0.999994427475806,"ya_adult_cogact_freq"
"6390","CEP290","Inh PVALB CA8 (Chandelier)",0.0928149202606741,7.2631509436502,4.32576083641261,0.0391266342085211,0.999998866570966,0.999994427475806,"ya_adult_cogact_freq"
"6391","TMTC3","Inh PVALB CA8 (Chandelier)",-0.0357228030356961,5.88898003916845,0.597763061902807,0.631368623365625,0.999998866570966,0.999994427475806,"ya_adult_cogact_freq"
"6392","KITLG","Inh PVALB CA8 (Chandelier)",0.0856721601611234,6.77189908149122,2.53426882194244,0.113362855404229,0.999998866570966,0.999994427475806,"ya_adult_cogact_freq"
"6393","POC1B","Inh PVALB CA8 (Chandelier)",-0.184595049948289,4.84140658228744,6.24909641372297,0.0134288132988188,0.999998866570966,0.999994427475806,"ya_adult_cogact_freq"
"6394","POC1B-AS1","Inh PVALB CA8 (Chandelier)",-0.10075137304414,4.06664367587745,0.849630104473357,0.358038199823189,0.999998866570966,0.999994427475806,"ya_adult_cogact_freq"
"6395","ATP2B1","Inh PVALB CA8 (Chandelier)",-0.00265553929509208,7.91753083509266,0.00678499662508826,0.934454091365855,0.999998866570966,0.999994427475806,"ya_adult_cogact_freq"
"6396","BTG1","Inh PVALB CA8 (Chandelier)",-0.11031490119031,6.81972570008772,2.24938815296022,0.135628497872461,0.999998866570966,0.999994427475806,"ya_adult_cogact_freq"
"6397","EEA1","Inh PVALB CA8 (Chandelier)",-0.00229051993638753,6.52620355582165,0.00284062438461393,0.957561036916847,0.999998866570966,0.999994427475806,"ya_adult_cogact_freq"
"6398","NUDT4","Inh PVALB CA8 (Chandelier)",-0.0766442280185959,4.95239905197847,1.04371515034767,0.30849387947885,0.999998866570966,0.999994427475806,"ya_adult_cogact_freq"
"6399","UBE2N","Inh PVALB CA8 (Chandelier)",-0.0462694614334606,5.55794488414868,0.76546641982661,0.382928426246725,0.999998866570966,0.999994427475806,"ya_adult_cogact_freq"
"6400","MRPL42","Inh PVALB CA8 (Chandelier)",0.125094193223774,5.25320393587515,4.03355529762033,0.0462781724499838,0.999998866570966,0.999994427475806,"ya_adult_cogact_freq"
"6401","CRADD","Inh PVALB CA8 (Chandelier)",0.0603417514251368,7.24999270889942,1.64687771929485,0.201231234605587,0.999998866570966,0.999994427475806,"ya_adult_cogact_freq"
"6402","PLXNC1","Inh PVALB CA8 (Chandelier)",0.0134843068598479,6.42078730010559,0.0875539506557723,0.767691999338472,0.999998866570966,0.999994427475806,"ya_adult_cogact_freq"
"6403","CEP83","Inh PVALB CA8 (Chandelier)",0.0823581609685036,5.5629881559679,1.37970678974271,0.241888018346015,0.999998866570966,0.999994427475806,"ya_adult_cogact_freq"
"6404","TMCC3","Inh PVALB CA8 (Chandelier)",0.0324998293862922,3.74639447344583,0.0427469445967789,0.836464126113399,0.999998866570966,0.999994427475806,"ya_adult_cogact_freq"
"6405","NDUFA12","Inh PVALB CA8 (Chandelier)",-0.0471239866987083,5.18000836311219,0.404366440026147,0.525747028619033,0.999998866570966,0.999994427475806,"ya_adult_cogact_freq"
"6406","NR2C1","Inh PVALB CA8 (Chandelier)",0.0101057899110797,6.59459529375223,0.0516281473643866,0.820542702253183,0.999998866570966,0.999994427475806,"ya_adult_cogact_freq"
"6407","FGD6","Inh PVALB CA8 (Chandelier)",0.0656093281390427,4.98738702295153,0.638641587590803,0.425382233218355,0.999998866570966,0.999994427475806,"ya_adult_cogact_freq"
"6408","VEZT","Inh PVALB CA8 (Chandelier)",-0.118386252329448,7.43041157325923,13.0357782150553,0.000407925328792534,0.708518021345499,0.999994427475806,"ya_adult_cogact_freq"
"6409","METAP2","Inh PVALB CA8 (Chandelier)",-0.0217606141762678,6.09685960601726,0.196757816759971,0.65794706695913,0.999998866570966,0.999994427475806,"ya_adult_cogact_freq"
"6410","USP44","Inh PVALB CA8 (Chandelier)",-0.0414688401776227,4.68783920992042,0.308140912438162,0.684784126915958,0.999998866570966,0.999994427475806,"ya_adult_cogact_freq"
"6411","NTN4","Inh PVALB CA8 (Chandelier)",-0.00233484564122462,6.27638356155608,0.00159685392265664,0.968174076619374,0.999998866570966,0.999994427475806,"ya_adult_cogact_freq"
"6412","SNRPF","Inh PVALB CA8 (Chandelier)",-0.0341067285947127,5.13729249385725,0.234103285630678,0.629156263876863,0.999998866570966,0.999994427475806,"ya_adult_cogact_freq"
"6413","LTA4H","Inh PVALB CA8 (Chandelier)",-0.0308926064101557,4.91312144468134,0.174381442713017,0.676804051787385,0.999998866570966,0.999994427475806,"ya_adult_cogact_freq"
"6414","CDK17","Inh PVALB CA8 (Chandelier)",-0.0270554948191627,5.96931570069847,0.272765428724488,0.755830737668794,0.999998866570966,0.999994427475806,"ya_adult_cogact_freq"
"6415","TMPO","Inh PVALB CA8 (Chandelier)",0.0366811598361977,4.67817546165197,0.25138311776448,0.616788728121278,0.999998866570966,0.999994427475806,"ya_adult_cogact_freq"
"6416","SLC25A3","Inh PVALB CA8 (Chandelier)",-0.051673663284594,6.05269271691794,0.704100485660534,0.40265528672143,0.999998866570966,0.999994427475806,"ya_adult_cogact_freq"
"6417","APAF1","Inh PVALB CA8 (Chandelier)",0.0728238587683254,4.38312357160622,0.716214897904991,0.398646251531391,0.999998866570966,0.999994427475806,"ya_adult_cogact_freq"
"6418","ANKS1B","Inh PVALB CA8 (Chandelier)",0.0451207692695664,11.3748758711204,2.56650801874014,0.111111492155422,0.999998866570966,0.999994427475806,"ya_adult_cogact_freq"
"6419","AC069437.1","Inh PVALB CA8 (Chandelier)",-0.0317185443583428,4.14590207798105,0.070680868474594,0.790688642515024,0.999998866570966,0.999994427475806,"ya_adult_cogact_freq"
"6420","UHRF1BP1L","Inh PVALB CA8 (Chandelier)",-0.0433448467019545,6.37013944192145,0.88627590066516,0.34790097012314,0.999998866570966,0.999994427475806,"ya_adult_cogact_freq"
"6421","ACTR6","Inh PVALB CA8 (Chandelier)",0.273574663273541,4.62410248505439,13.4894856674223,0.00032624103687992,0.708518021345499,0.999994427475806,"ya_adult_cogact_freq"
"6422","SCYL2","Inh PVALB CA8 (Chandelier)",0.0215860865013104,5.86392306432302,0.152593489928251,0.6965862916131,0.999998866570966,0.999994427475806,"ya_adult_cogact_freq"
"6423","ANO4","Inh PVALB CA8 (Chandelier)",-0.0316092491178219,9.29281386655739,0.991632918772138,0.320840075916925,0.999998866570966,0.999994427475806,"ya_adult_cogact_freq"
"6424","UTP20","Inh PVALB CA8 (Chandelier)",0.00283807521186485,4.72416501409366,0.00116535018179177,0.97281007160511,0.999998866570966,0.999994427475806,"ya_adult_cogact_freq"
"6425","ARL1","Inh PVALB CA8 (Chandelier)",-0.0339614830332683,4.63401247523429,0.169823304896827,0.680817850099465,0.999998866570966,0.999994427475806,"ya_adult_cogact_freq"
"6426","MYBPC1","Inh PVALB CA8 (Chandelier)",-0.0603263445841621,3.86321721333515,0.10493006306848,0.746412747255114,0.999998866570966,0.999994427475806,"ya_adult_cogact_freq"
"6427","CHPT1","Inh PVALB CA8 (Chandelier)",-0.0133571511244432,7.4686322345607,0.110852100342482,0.739609895258254,0.999998866570966,0.999994427475806,"ya_adult_cogact_freq"
"6428","GNPTAB","Inh PVALB CA8 (Chandelier)",-0.0303615600748907,7.09831616654354,0.479801723249716,0.489511511331762,0.999998866570966,0.999994427475806,"ya_adult_cogact_freq"
"6429","DRAM1","Inh PVALB CA8 (Chandelier)",-0.140578288469031,4.33287645348844,1.65022117563103,0.200776760462035,0.999998866570966,0.999994427475806,"ya_adult_cogact_freq"
"6430","WASHC3","Inh PVALB CA8 (Chandelier)",0.147392859100983,4.20974936785042,2.52444517864362,0.114058914932242,0.999998866570966,0.999994427475806,"ya_adult_cogact_freq"
"6431","IGF1","Inh PVALB CA8 (Chandelier)",0.0581410540008044,4.95245962595876,0.210623760953969,0.646898829277625,0.999998866570966,0.999994427475806,"ya_adult_cogact_freq"
"6432","NT5DC3","Inh PVALB CA8 (Chandelier)",0.14181749236361,4.39835985051644,1.94740825224177,0.164790954018772,0.999998866570966,0.999994427475806,"ya_adult_cogact_freq"
"6433","HSP90B1","Inh PVALB CA8 (Chandelier)",0.0190770063852729,5.70911620872905,0.0807409773998005,0.776661409815515,0.999998866570966,0.999994427475806,"ya_adult_cogact_freq"
"6434","C12orf73","Inh PVALB CA8 (Chandelier)",-0.00101094418203284,4.11227023278723,6.80854150181996e-05,0.993426649437751,0.999998866570966,0.999994427475806,"ya_adult_cogact_freq"
"6435","TDG","Inh PVALB CA8 (Chandelier)",-0.00244213221828941,5.2053330253434,0.000806486032633726,0.977379385509815,0.999998866570966,0.999994427475806,"ya_adult_cogact_freq"
"6436","HCFC2","Inh PVALB CA8 (Chandelier)",-0.0296696865638667,5.25245259676469,0.232244082367243,0.633497154441803,0.999998866570966,0.999994427475806,"ya_adult_cogact_freq"
"6437","NFYB","Inh PVALB CA8 (Chandelier)",0.120194470391231,4.28184750209577,1.95585183344566,0.16388375209214,0.999998866570966,0.999994427475806,"ya_adult_cogact_freq"
"6438","TXNRD1","Inh PVALB CA8 (Chandelier)",-0.105192757272495,6.0965015926475,2.60459540461309,0.108515455858708,0.999998866570966,0.999994427475806,"ya_adult_cogact_freq"
"6439","CHST11","Inh PVALB CA8 (Chandelier)",0.0259762481857019,5.55945565694358,0.0808394429651105,0.776528917197416,0.999998866570966,0.999994427475806,"ya_adult_cogact_freq"
"6440","SLC41A2","Inh PVALB CA8 (Chandelier)",-0.109483230215905,6.29891861729921,5.13741360006722,0.0247488624590499,0.999998866570966,0.999994427475806,"ya_adult_cogact_freq"
"6441","C12orf45","Inh PVALB CA8 (Chandelier)",-0.127837423490427,4.40998597566533,1.89721618799111,0.170304871828935,0.999998866570966,0.999994427475806,"ya_adult_cogact_freq"
"6442","ALDH1L2","Inh PVALB CA8 (Chandelier)",0.125889592424024,5.23716757403357,3.36892194838383,0.0682849442999637,0.999998866570966,0.999994427475806,"ya_adult_cogact_freq"
"6443","WASHC4","Inh PVALB CA8 (Chandelier)",0.00849846997923286,5.51838236802158,0.0243622818463481,0.876162465131791,0.999998866570966,0.999994427475806,"ya_adult_cogact_freq"
"6444","APPL2","Inh PVALB CA8 (Chandelier)",0.0101481628753671,6.46506219573894,0.0477502997104839,0.827302357802219,0.999998866570966,0.999994427475806,"ya_adult_cogact_freq"
"6445","NUAK1","Inh PVALB CA8 (Chandelier)",0.0280252341431157,7.08726317596451,0.595020946643969,0.720003742780071,0.999998866570966,0.999994427475806,"ya_adult_cogact_freq"
"6446","CKAP4","Inh PVALB CA8 (Chandelier)",-0.00198350216317982,4.67363206472592,0.000638785310484204,0.979867595560033,0.999998866570966,0.999994427475806,"ya_adult_cogact_freq"
"6447","TCP11L2","Inh PVALB CA8 (Chandelier)",-0.125203828155575,5.36570810426688,3.43353754057308,0.0657182216212557,0.999998866570966,0.999994427475806,"ya_adult_cogact_freq"
"6448","POLR3B","Inh PVALB CA8 (Chandelier)",-0.0255444745764363,5.33093211784817,0.165136577365192,0.818150075664038,0.999998866570966,0.999994427475806,"ya_adult_cogact_freq"
"6449","AC079385.1","Inh PVALB CA8 (Chandelier)",0.131883499471209,5.57730687837066,3.18050711787481,0.0764082791690338,0.999998866570966,0.999994427475806,"ya_adult_cogact_freq"
"6450","RFX4","Inh PVALB CA8 (Chandelier)",-0.099957590030397,3.47609337848031,0.366684554988333,0.545670952990265,0.999998866570966,0.999994427475806,"ya_adult_cogact_freq"
"6451","RIC8B","Inh PVALB CA8 (Chandelier)",-0.0149211650228647,6.70698535834845,0.138406411779342,0.710360347931271,0.999998866570966,0.999994427475806,"ya_adult_cogact_freq"
"6452","TMEM263","Inh PVALB CA8 (Chandelier)",-0.0746421312433501,5.11975952840228,1.03296376792072,0.310990697044953,0.999998866570966,0.999994427475806,"ya_adult_cogact_freq"
"6453","MTERF2","Inh PVALB CA8 (Chandelier)",-0.0775252380572876,5.21836064213787,1.23829198140592,0.267461636797359,0.999998866570966,0.999994427475806,"ya_adult_cogact_freq"
"6454","CRY1","Inh PVALB CA8 (Chandelier)",-0.0804917964181741,5.77667012352936,0.702463156097275,0.403201642746691,0.999998866570966,0.999994427475806,"ya_adult_cogact_freq"
"6455","BTBD11","Inh PVALB CA8 (Chandelier)",-0.0022343433536816,8.18921178885058,0.00293175129105,0.956886350479121,0.999998866570966,0.999994427475806,"ya_adult_cogact_freq"
"6456","PWP1","Inh PVALB CA8 (Chandelier)",-0.0780332167385008,5.10751116212106,1.24155674586153,0.266834290019808,0.999998866570966,0.999994427475806,"ya_adult_cogact_freq"
"6457","PRDM4","Inh PVALB CA8 (Chandelier)",0.00498063561443454,4.50787779022388,0.00437442172652634,0.947349011564177,0.999998866570966,0.999994427475806,"ya_adult_cogact_freq"
"6458","WSCD2","Inh PVALB CA8 (Chandelier)",0.00995753403414588,4.91935731432542,0.00818282766848241,0.928035092741382,0.999998866570966,0.999994427475806,"ya_adult_cogact_freq"
"6459","SART3","Inh PVALB CA8 (Chandelier)",0.00861987642958455,5.11423486619913,0.0165208899585917,0.977661759537138,0.999998866570966,0.999994427475806,"ya_adult_cogact_freq"
"6460","ISCU","Inh PVALB CA8 (Chandelier)",-0.190090399876724,5.51842598196559,4.56595874745341,0.0341261508537573,0.999998866570966,0.999994427475806,"ya_adult_cogact_freq"
"6461","CORO1C","Inh PVALB CA8 (Chandelier)",-0.0659618618128712,6.1846053704876,1.69475262190454,0.194837911467387,0.999998866570966,0.999994427475806,"ya_adult_cogact_freq"
"6462","SSH1","Inh PVALB CA8 (Chandelier)",0.00496331791142203,6.45905080342046,0.0143617691329084,0.904759052236812,0.999998866570966,0.999994427475806,"ya_adult_cogact_freq"
"6463","SVOP","Inh PVALB CA8 (Chandelier)",0.0394716251125316,6.42850160910819,0.645648340491008,0.422859277550579,0.999998866570966,0.999994427475806,"ya_adult_cogact_freq"
"6464","USP30","Inh PVALB CA8 (Chandelier)",-0.0463134457657579,4.91786082117266,0.494776930380644,0.552816805918705,0.999998866570966,0.999994427475806,"ya_adult_cogact_freq"
"6465","UNG","Inh PVALB CA8 (Chandelier)",0.115124796477361,3.97972622931194,1.1016863175802,0.295471617975575,0.999998866570966,0.999994427475806,"ya_adult_cogact_freq"
"6466","ACACB","Inh PVALB CA8 (Chandelier)",-0.0232764947189948,5.14920776754974,0.0872233106877502,0.768118356687,0.999998866570966,0.999994427475806,"ya_adult_cogact_freq"
"6467","UBE3B","Inh PVALB CA8 (Chandelier)",-0.0725362616860299,5.30249121847615,1.2513330108377,0.264966716112809,0.999998866570966,0.999994427475806,"ya_adult_cogact_freq"
"6468","MMAB","Inh PVALB CA8 (Chandelier)",-0.0975527807920538,5.09496495919734,1.80264102573493,0.181286232755546,0.999998866570966,0.999994427475806,"ya_adult_cogact_freq"
"6469","MVK","Inh PVALB CA8 (Chandelier)",-0.0993688156469376,4.11021745207216,1.04246369107438,0.308783156541058,0.999998866570966,0.999994427475806,"ya_adult_cogact_freq"
"6470","FAM222A","Inh PVALB CA8 (Chandelier)",0.0179713174681946,6.22225919774142,0.114507972117912,0.735510631392286,0.999998866570966,0.999994427475806,"ya_adult_cogact_freq"
"6471","FAM222A-AS1","Inh PVALB CA8 (Chandelier)",-0.300032332695595,3.87320777698806,4.09923322945838,0.0445577563025493,0.999998866570966,0.999994427475806,"ya_adult_cogact_freq"
"6472","GLTP","Inh PVALB CA8 (Chandelier)",-0.0800284410185697,4.37185998970982,0.816824688721141,0.36746247277969,0.999998866570966,0.999994427475806,"ya_adult_cogact_freq"
"6473","TCHP","Inh PVALB CA8 (Chandelier)",-0.0491082958215456,5.52852959563381,0.768668720046537,0.419865834102727,0.999998866570966,0.999994427475806,"ya_adult_cogact_freq"
"6474","GIT2","Inh PVALB CA8 (Chandelier)",0.0377961269403065,6.46858731332621,0.619786459301248,0.432285749001126,0.999998866570966,0.999994427475806,"ya_adult_cogact_freq"
"6475","ANKRD13A","Inh PVALB CA8 (Chandelier)",-0.0169367330683221,5.04772161995218,0.052448462411582,0.819147333832194,0.999998866570966,0.999994427475806,"ya_adult_cogact_freq"
"6476","C12orf76","Inh PVALB CA8 (Chandelier)",-0.0149089777207328,5.43655389430399,0.0631396551435544,0.910173822449456,0.999998866570966,0.999994427475806,"ya_adult_cogact_freq"
"6477","IFT81","Inh PVALB CA8 (Chandelier)",0.0540002783383356,5.86070171643966,1.34090405842212,0.248592005427561,0.999998866570966,0.999994427475806,"ya_adult_cogact_freq"
"6478","ATP2A2","Inh PVALB CA8 (Chandelier)",-0.0482365383660096,6.9567088099256,1.6471230645208,0.201197843550798,0.999998866570966,0.999994427475806,"ya_adult_cogact_freq"
"6479","ANAPC7","Inh PVALB CA8 (Chandelier)",-0.110774096343173,5.06024117309403,2.86219618417843,0.0926210173493062,0.999998866570966,0.999994427475806,"ya_adult_cogact_freq"
"6480","ARPC3","Inh PVALB CA8 (Chandelier)",0.0144451007395078,4.80792203373237,0.0364894908164121,0.848749206765056,0.999998866570966,0.999994427475806,"ya_adult_cogact_freq"
"6481","FAM216A","Inh PVALB CA8 (Chandelier)",-0.102198314764092,5.15682177444452,3.11367747757929,0.0795365077898291,0.999998866570966,0.999994427475806,"ya_adult_cogact_freq"
"6482","VPS29","Inh PVALB CA8 (Chandelier)",-0.0240146021426331,5.15287802978964,0.134560653440423,0.714231851687491,0.999998866570966,0.999994427475806,"ya_adult_cogact_freq"
"6483","PPTC7","Inh PVALB CA8 (Chandelier)",0.0276855344844362,5.0722568032105,0.167184866241441,0.683170090555763,0.999998866570966,0.999994427475806,"ya_adult_cogact_freq"
"6484","TCTN1","Inh PVALB CA8 (Chandelier)",-0.0430060027757471,4.43031921158038,0.303488463721213,0.690105751807236,0.999998866570966,0.999994427475806,"ya_adult_cogact_freq"
"6485","PPP1CC","Inh PVALB CA8 (Chandelier)",-0.0598858941742641,5.10935271609817,0.621976029027452,0.431475367547424,0.999998866570966,0.999994427475806,"ya_adult_cogact_freq"
"6486","CUX2","Inh PVALB CA8 (Chandelier)",-0.0670001202893025,6.87902472809559,0.465500465653887,0.496046338760864,0.999998866570966,0.999994427475806,"ya_adult_cogact_freq"
"6487","SH2B3","Inh PVALB CA8 (Chandelier)",-0.0341818610070013,4.19672857220549,0.1373183221258,0.711449447836349,0.999998866570966,0.999994427475806,"ya_adult_cogact_freq"
"6488","ATXN2","Inh PVALB CA8 (Chandelier)",0.0142547026853451,7.88765134608857,0.204915197752303,0.651392637940826,0.999998866570966,0.999994427475806,"ya_adult_cogact_freq"
"6489","BRAP","Inh PVALB CA8 (Chandelier)",0.0902164562134171,4.94466490501896,1.6847280168152,0.196156518741232,0.999998866570966,0.999994427475806,"ya_adult_cogact_freq"
"6490","ACAD10","Inh PVALB CA8 (Chandelier)",-0.220810004952841,4.51948463239379,6.08767601680785,0.014661065292252,0.999998866570966,0.999994427475806,"ya_adult_cogact_freq"
"6491","ALDH2","Inh PVALB CA8 (Chandelier)",-0.0741633218575628,4.66604800069666,0.864726704673744,0.353813540129151,0.999998866570966,0.999994427475806,"ya_adult_cogact_freq"
"6492","MAPKAPK5","Inh PVALB CA8 (Chandelier)",0.0400440867633303,5.41431009963619,0.446483774114189,0.504967700909886,0.999998866570966,0.999994427475806,"ya_adult_cogact_freq"
"6493","TMEM116","Inh PVALB CA8 (Chandelier)",0.128197759479936,4.53619250597937,2.09827303226481,0.149413217692032,0.999998866570966,0.999994427475806,"ya_adult_cogact_freq"
"6494","ERP29","Inh PVALB CA8 (Chandelier)",-0.187107403516804,4.58669789387883,3.24973026494683,0.0733082630664402,0.999998866570966,0.999994427475806,"ya_adult_cogact_freq"
"6495","NAA25","Inh PVALB CA8 (Chandelier)",-0.0314935269413793,6.3722663932215,0.493810802440896,0.483248595529422,0.999998866570966,0.999994427475806,"ya_adult_cogact_freq"
"6496","TRAFD1","Inh PVALB CA8 (Chandelier)",-0.00698772535218611,4.04598512674858,0.00500265750365433,0.951340840492786,0.999998866570966,0.999994427475806,"ya_adult_cogact_freq"
"6497","HECTD4","Inh PVALB CA8 (Chandelier)",0.0314036434991684,8.17183877826568,1.33065902644178,0.250400106199272,0.999998866570966,0.999994427475806,"ya_adult_cogact_freq"
"6498","RPL6","Inh PVALB CA8 (Chandelier)",-0.150781765491624,5.08882733943011,3.02758572891577,0.0837734051993876,0.999998866570966,0.999994427475806,"ya_adult_cogact_freq"
"6499","PTPN11","Inh PVALB CA8 (Chandelier)",-0.0461843631456776,5.94294955879901,1.11529758429882,0.292517693710139,0.999998866570966,0.999994427475806,"ya_adult_cogact_freq"
"6500","RPH3A","Inh PVALB CA8 (Chandelier)",0.00454422003906187,3.89386618060234,0.00146615794336425,0.969503618357265,0.999998866570966,0.999994427475806,"ya_adult_cogact_freq"
"6501","DTX1","Inh PVALB CA8 (Chandelier)",-0.121122974663986,5.11391627496777,3.08007041200385,0.0811620104952709,0.999998866570966,0.999994427475806,"ya_adult_cogact_freq"
"6502","TPCN1","Inh PVALB CA8 (Chandelier)",-0.0621564681427521,5.05306682419929,0.602419188660348,0.438796849314684,0.999998866570966,0.999994427475806,"ya_adult_cogact_freq"
"6503","SLC8B1","Inh PVALB CA8 (Chandelier)",-0.0165781903247525,4.71129772925631,0.0264312026390699,0.871055856778461,0.999998866570966,0.999994427475806,"ya_adult_cogact_freq"
"6504","PLBD2","Inh PVALB CA8 (Chandelier)",0.0376138061865413,5.39513902785408,0.352585154717751,0.553487942837425,0.999998866570966,0.999994427475806,"ya_adult_cogact_freq"
"6505","RBM19","Inh PVALB CA8 (Chandelier)",-0.0756521827185749,4.66175999291089,1.01344765244794,0.315591109455237,0.999998866570966,0.999994427475806,"ya_adult_cogact_freq"
"6506","MED13L","Inh PVALB CA8 (Chandelier)",-0.00726974937170414,8.58451733345758,0.0767816347086012,0.782063136048504,0.999998866570966,0.999994427475806,"ya_adult_cogact_freq"
"6507","MAP1LC3B2","Inh PVALB CA8 (Chandelier)",0.0755789434341465,4.32905113970337,0.500037411435343,0.480507432590207,0.999998866570966,0.999994427475806,"ya_adult_cogact_freq"
"6508","RNFT2","Inh PVALB CA8 (Chandelier)",0.0392478584765062,5.44731652040915,0.396246572637986,0.529927615673424,0.999998866570966,0.999994427475806,"ya_adult_cogact_freq"
"6509","HRK","Inh PVALB CA8 (Chandelier)",-0.191786717480756,5.2836108748347,1.52905114384969,0.218058351624658,0.999998866570966,0.999994427475806,"ya_adult_cogact_freq"
"6510","FBXW8","Inh PVALB CA8 (Chandelier)",0.0169156566749498,5.70959298557221,0.088799209190425,0.766094063386666,0.999998866570966,0.999994427475806,"ya_adult_cogact_freq"
"6511","FBXO21","Inh PVALB CA8 (Chandelier)",-0.000249042561732203,6.47422778499672,3.37471895415466e-05,0.995372131011135,0.999998866570966,0.999994427475806,"ya_adult_cogact_freq"
"6512","KSR2","Inh PVALB CA8 (Chandelier)",0.0501080359728304,8.6946390717435,1.82761038895977,0.17830896239588,0.999998866570966,0.999994427475806,"ya_adult_cogact_freq"
"6513","WSB2","Inh PVALB CA8 (Chandelier)",-0.0818100318769154,5.26845388957165,1.70566021033905,0.193415014700665,0.999998866570966,0.999994427475806,"ya_adult_cogact_freq"
"6514","VSIG10","Inh PVALB CA8 (Chandelier)",-0.00975613751866253,5.19460900742576,0.0206073191988108,0.886033633363062,0.999998866570966,0.999994427475806,"ya_adult_cogact_freq"
"6515","PEBP1","Inh PVALB CA8 (Chandelier)",-0.0759310465295489,7.76999531031783,1.06081668227389,0.304576048959116,0.999998866570966,0.999994427475806,"ya_adult_cogact_freq"
"6516","TAOK3","Inh PVALB CA8 (Chandelier)",0.0581111679431958,7.83445387617345,1.94072102677486,0.165513556658539,0.999998866570966,0.999994427475806,"ya_adult_cogact_freq"
"6517","SUDS3","Inh PVALB CA8 (Chandelier)",-0.0293475454809311,5.41613585517735,0.227448206868658,0.671642436771315,0.999998866570966,0.999994427475806,"ya_adult_cogact_freq"
"6518","SRRM4","Inh PVALB CA8 (Chandelier)",-0.0452743312463249,8.20670491522425,1.19489722533529,0.275979216674775,0.999998866570966,0.999994427475806,"ya_adult_cogact_freq"
"6519","AC002070.1","Inh PVALB CA8 (Chandelier)",-0.000358728443890576,3.81487094973261,1.04716665256254e-05,0.997422065684616,0.999998866570966,0.999994427475806,"ya_adult_cogact_freq"
"6520","CIT","Inh PVALB CA8 (Chandelier)",-0.0575553226835975,7.58865040499868,2.65856836549696,0.10495101584859,0.999998866570966,0.999994427475806,"ya_adult_cogact_freq"
"6521","BICDL1","Inh PVALB CA8 (Chandelier)",-0.0369804230604383,7.74170759029528,0.784562471981425,0.37707236810642,0.999998866570966,0.999994427475806,"ya_adult_cogact_freq"
"6522","RAB35","Inh PVALB CA8 (Chandelier)",0.0195367440261759,4.11133032652533,0.0372715451094069,0.847156917473882,0.999998866570966,0.999994427475806,"ya_adult_cogact_freq"
"6523","GCN1","Inh PVALB CA8 (Chandelier)",-0.0115461833672149,4.63177691114603,0.0252846864318229,0.873859324839834,0.999998866570966,0.999994427475806,"ya_adult_cogact_freq"
"6524","RPLP0","Inh PVALB CA8 (Chandelier)",-0.125372344982339,4.48917039737313,1.73149656708459,0.190093180614893,0.999998866570966,0.999994427475806,"ya_adult_cogact_freq"
"6525","GATC","Inh PVALB CA8 (Chandelier)",-0.150361413176895,4.12623054978846,2.34591484941272,0.127577235477136,0.999998866570966,0.999994427475806,"ya_adult_cogact_freq"
"6526","SRSF9","Inh PVALB CA8 (Chandelier)",-0.171502993616397,4.3981029749265,3.13103243218489,0.0787109793495147,0.999998866570966,0.999994427475806,"ya_adult_cogact_freq"
"6527","DYNLL1","Inh PVALB CA8 (Chandelier)",-0.0824590551671803,5.61947905134119,0.992963453360778,0.320516637876746,0.999998866570966,0.999994427475806,"ya_adult_cogact_freq"
"6528","COQ5","Inh PVALB CA8 (Chandelier)",-0.059651386473147,3.99152976998384,0.376691621849852,0.540246629384789,0.999998866570966,0.999994427475806,"ya_adult_cogact_freq"
"6529","RNF10","Inh PVALB CA8 (Chandelier)",-0.0442455361325483,5.8158036331078,0.872149383864675,0.351761496743292,0.999998866570966,0.999994427475806,"ya_adult_cogact_freq"
"6530","AC125616.1","Inh PVALB CA8 (Chandelier)",-0.011108215346566,4.18038043119224,0.0121821959022355,0.912251241364411,0.999998866570966,0.999994427475806,"ya_adult_cogact_freq"
"6531","CABP1","Inh PVALB CA8 (Chandelier)",-0.0456602199852499,8.19663982322398,1.28692537259549,0.258304008215171,0.999998866570966,0.999994427475806,"ya_adult_cogact_freq"
"6532","MLEC","Inh PVALB CA8 (Chandelier)",-0.0930741947381239,5.15652621435526,1.9607484053043,0.163360286616571,0.999998866570966,0.999994427475806,"ya_adult_cogact_freq"
"6533","UNC119B","Inh PVALB CA8 (Chandelier)",-0.101307362150314,3.88241763997361,0.898409057430148,0.344631242851356,0.999998866570966,0.999994427475806,"ya_adult_cogact_freq"
"6534","SPPL3","Inh PVALB CA8 (Chandelier)",0.00144513826096476,7.48258909708801,0.00208680909529913,0.963620719709335,0.999998866570966,0.999994427475806,"ya_adult_cogact_freq"
"6535","C12orf43","Inh PVALB CA8 (Chandelier)",-0.0188895301081596,4.04953271370797,0.0332773711721507,0.855482284140477,0.999998866570966,0.999994427475806,"ya_adult_cogact_freq"
"6536","P2RX7","Inh PVALB CA8 (Chandelier)",-0.0210752372654182,4.97145007372613,0.0626605768042006,0.802658766576089,0.999998866570966,0.999994427475806,"ya_adult_cogact_freq"
"6537","CAMKK2","Inh PVALB CA8 (Chandelier)",-0.0664078270702206,5.66155159026078,1.90672081834719,0.169244563183925,0.999998866570966,0.999994427475806,"ya_adult_cogact_freq"
"6538","ANAPC5","Inh PVALB CA8 (Chandelier)",-0.0632483279189608,6.20059576653679,1.75556032214424,0.18705939167266,0.999998866570966,0.999994427475806,"ya_adult_cogact_freq"
"6539","RNF34","Inh PVALB CA8 (Chandelier)",-0.0362945950124661,5.69637566921815,0.385255544743963,0.535682840964473,0.999998866570966,0.999994427475806,"ya_adult_cogact_freq"
"6540","KDM2B","Inh PVALB CA8 (Chandelier)",0.0357042074877864,6.3817107348269,0.593105300386707,0.442351025051546,0.999998866570966,0.999994427475806,"ya_adult_cogact_freq"
"6541","AC145422.1","Inh PVALB CA8 (Chandelier)",0.0245768160642508,4.52758419458533,0.0686778100269585,0.79360718881181,0.999998866570966,0.999994427475806,"ya_adult_cogact_freq"
"6542","TMEM120B","Inh PVALB CA8 (Chandelier)",-0.0551678312249009,6.38562403764978,1.27644138576132,0.26024461797119,0.999998866570966,0.999994427475806,"ya_adult_cogact_freq"
"6543","SETD1B","Inh PVALB CA8 (Chandelier)",-0.0349024285088436,4.70663460660697,0.25630118934288,0.613366306514586,0.999998866570966,0.999994427475806,"ya_adult_cogact_freq"
"6544","BCL7A","Inh PVALB CA8 (Chandelier)",0.0179576027675757,5.93138915446114,0.128350933009175,0.781165797277702,0.999998866570966,0.999994427475806,"ya_adult_cogact_freq"
"6545","MLXIP","Inh PVALB CA8 (Chandelier)",-0.0373327728649442,5.59512718475143,0.431189540166505,0.555164686670011,0.999998866570966,0.999994427475806,"ya_adult_cogact_freq"
"6546","CLIP1","Inh PVALB CA8 (Chandelier)",-0.0113323640335384,7.88760575356481,0.0903614101571862,0.764106586628151,0.999998866570966,0.999994427475806,"ya_adult_cogact_freq"
"6547","ZCCHC8","Inh PVALB CA8 (Chandelier)",0.0512135665349761,5.87425952737415,0.931070507612264,0.336034145480421,0.999998866570966,0.999994427475806,"ya_adult_cogact_freq"
"6548","RSRC2","Inh PVALB CA8 (Chandelier)",-0.0361825329712555,5.86144303133397,0.444127112610382,0.506092408469989,0.999998866570966,0.999994427475806,"ya_adult_cogact_freq"
"6549","DENR","Inh PVALB CA8 (Chandelier)",-0.0531490135700231,5.51739613540461,0.952594986550459,0.421290148538158,0.999998866570966,0.999994427475806,"ya_adult_cogact_freq"
"6550","CCDC62","Inh PVALB CA8 (Chandelier)",-0.0144308138524278,4.1837334224329,0.0162254802518835,0.898799405200815,0.999998866570966,0.999994427475806,"ya_adult_cogact_freq"
"6551","HIP1R","Inh PVALB CA8 (Chandelier)",0.00707401297393094,4.36302617741963,0.00673731525124555,0.934684286641965,0.999998866570966,0.999994427475806,"ya_adult_cogact_freq"
"6552","VPS37B","Inh PVALB CA8 (Chandelier)",0.0338907862614502,4.91215180979093,0.214567146500541,0.643837490533433,0.999998866570966,0.999994427475806,"ya_adult_cogact_freq"
"6553","ABCB9","Inh PVALB CA8 (Chandelier)",0.0340441907902546,6.45901257683302,0.479622933677135,0.489592314124406,0.999998866570966,0.999994427475806,"ya_adult_cogact_freq"
"6554","ARL6IP4","Inh PVALB CA8 (Chandelier)",-0.128755853178258,5.14550078688135,3.01598797427464,0.0843627265399327,0.999998866570966,0.999994427475806,"ya_adult_cogact_freq"
"6555","PITPNM2","Inh PVALB CA8 (Chandelier)",-0.00782862615077871,6.43001813840167,0.0240104328326997,0.877052740720867,0.999998866570966,0.999994427475806,"ya_adult_cogact_freq"
"6556","MPHOSPH9","Inh PVALB CA8 (Chandelier)",0.0661150284607697,6.84829554648728,2.46709127383878,0.118218966031091,0.999998866570966,0.999994427475806,"ya_adult_cogact_freq"
"6557","C12orf65","Inh PVALB CA8 (Chandelier)",0.059280283997803,5.09462244686405,0.876626445744709,0.3845027557718,0.999998866570966,0.999994427475806,"ya_adult_cogact_freq"
"6558","SBNO1","Inh PVALB CA8 (Chandelier)",-0.0199087601068411,6.13197683482933,0.166958352573018,0.683373041920702,0.999998866570966,0.999994427475806,"ya_adult_cogact_freq"
"6559","KMT5A","Inh PVALB CA8 (Chandelier)",0.0387062504209914,4.41376395392013,0.206899974354477,0.705733852068235,0.999998866570966,0.999994427475806,"ya_adult_cogact_freq"
"6560","SNRNP35","Inh PVALB CA8 (Chandelier)",-0.15969684954332,4.49007382088096,3.73476919442184,0.0550488731156647,0.999998866570966,0.999994427475806,"ya_adult_cogact_freq"
"6561","RILPL1","Inh PVALB CA8 (Chandelier)",0.00509853304274919,5.43920909530599,0.00551442360217803,0.940896487284157,0.999998866570966,0.999994427475806,"ya_adult_cogact_freq"
"6562","TMED2","Inh PVALB CA8 (Chandelier)",-0.0983991626583623,4.26005681098505,1.11675374804483,0.29220393119243,0.999998866570966,0.999994427475806,"ya_adult_cogact_freq"
"6563","DDX55","Inh PVALB CA8 (Chandelier)",0.004461466326657,4.79684885638089,0.00315441065861019,0.955280789247766,0.999998866570966,0.999994427475806,"ya_adult_cogact_freq"
"6564","EIF2B1","Inh PVALB CA8 (Chandelier)",-0.139829721316845,4.60893193959727,3.26706191818711,0.0739855329290079,0.999998866570966,0.999994427475806,"ya_adult_cogact_freq"
"6565","GTF2H3","Inh PVALB CA8 (Chandelier)",0.0208195135084585,4.96237920147872,0.0917260807442136,0.7623856951317,0.999998866570966,0.999994427475806,"ya_adult_cogact_freq"
"6566","TCTN2","Inh PVALB CA8 (Chandelier)",0.0492559972541504,4.58722905410416,0.417452222516439,0.619055244010717,0.999998866570966,0.999994427475806,"ya_adult_cogact_freq"
"6567","ATP6V0A2","Inh PVALB CA8 (Chandelier)",0.0647550245304993,5.08501087379512,0.839998839403138,0.360769903838398,0.999998866570966,0.999994427475806,"ya_adult_cogact_freq"
"6568","CCDC92","Inh PVALB CA8 (Chandelier)",0.0208369779696422,7.06137357771463,0.333294657936247,0.564533097072196,0.999998866570966,0.999994427475806,"ya_adult_cogact_freq"
"6569","RFLNA","Inh PVALB CA8 (Chandelier)",0.00360097816132223,5.14602728617396,0.00111016914769516,0.973461373945681,0.999998866570966,0.999994427475806,"ya_adult_cogact_freq"
"6570","NCOR2","Inh PVALB CA8 (Chandelier)",-0.0649554594567704,5.85687974021859,1.30526541953599,0.254952312843312,0.999998866570966,0.999994427475806,"ya_adult_cogact_freq"
"6571","SCARB1","Inh PVALB CA8 (Chandelier)",-0.0235493837632423,5.11987159813584,0.122378349351071,0.72692701692514,0.999998866570966,0.999994427475806,"ya_adult_cogact_freq"
"6572","UBC","Inh PVALB CA8 (Chandelier)",-0.105421173588837,6.52611560295292,1.31255030004966,0.253635973353294,0.999998866570966,0.999994427475806,"ya_adult_cogact_freq"
"6573","BRI3BP","Inh PVALB CA8 (Chandelier)",0.00141349758173398,5.80656154890238,0.000813551454602313,0.993346321534032,0.999998866570966,0.999994427475806,"ya_adult_cogact_freq"
"6574","AACS","Inh PVALB CA8 (Chandelier)",-0.00919098194517306,5.40735072425412,0.0234800560000554,0.904160441085973,0.999998866570966,0.999994427475806,"ya_adult_cogact_freq"
"6575","TMEM132B","Inh PVALB CA8 (Chandelier)",0.0218226266346999,9.95355493504591,0.578881655994682,0.447865519156908,0.999998866570966,0.999994427475806,"ya_adult_cogact_freq"
"6576","AC005186.1","Inh PVALB CA8 (Chandelier)",-0.0149676574226683,3.64134685303498,0.00909600357314791,0.924137360538135,0.999998866570966,0.999994427475806,"ya_adult_cogact_freq"
"6577","LINC02347","Inh PVALB CA8 (Chandelier)",-0.0141253151464945,4.12575942697456,0.0136405609149983,0.907170015314724,0.999998866570966,0.999994427475806,"ya_adult_cogact_freq"
"6578","AC006065.4","Inh PVALB CA8 (Chandelier)",-0.0569280032217944,4.71243370792906,0.331188456729425,0.56576475211346,0.999998866570966,0.999994427475806,"ya_adult_cogact_freq"
"6579","LINC00943","Inh PVALB CA8 (Chandelier)",-0.0381380903774119,5.85982216750505,0.403418888463301,0.526231831989522,0.999998866570966,0.999994427475806,"ya_adult_cogact_freq"
"6580","TMEM132C","Inh PVALB CA8 (Chandelier)",0.013081465932301,9.83857277326003,0.12227826821699,0.727034194797987,0.999998866570966,0.999994427475806,"ya_adult_cogact_freq"
"6581","SLC15A4","Inh PVALB CA8 (Chandelier)",0.0305647809446807,5.32741919563926,0.245256464059615,0.666220218702551,0.999998866570966,0.999994427475806,"ya_adult_cogact_freq"
"6582","GLT1D1","Inh PVALB CA8 (Chandelier)",0.0425260283842866,5.87126660192146,0.765645068338892,0.382873044027314,0.999998866570966,0.999994427475806,"ya_adult_cogact_freq"
"6583","TMEM132D","Inh PVALB CA8 (Chandelier)",0.0306036119757808,10.9185635435918,0.926917894254244,0.337110985338607,0.999998866570966,0.999994427475806,"ya_adult_cogact_freq"
"6584","RIMBP2","Inh PVALB CA8 (Chandelier)",0.00567810668883911,8.32579248066557,0.0154314088515306,0.901293720587095,0.999998866570966,0.999994427475806,"ya_adult_cogact_freq"
"6585","STX2","Inh PVALB CA8 (Chandelier)",-0.0238794959549567,4.80178252781784,0.116245376606172,0.733588073405754,0.999998866570966,0.999994427475806,"ya_adult_cogact_freq"
"6586","RAN","Inh PVALB CA8 (Chandelier)",-0.203435212295246,5.05718999347288,4.32797027537476,0.0390772580225369,0.999998866570966,0.999994427475806,"ya_adult_cogact_freq"
"6587","ADGRD1","Inh PVALB CA8 (Chandelier)",0.0214467779210084,4.35849053990623,0.031644758212144,0.859033521576494,0.999998866570966,0.999994427475806,"ya_adult_cogact_freq"
"6588","SFSWAP","Inh PVALB CA8 (Chandelier)",0.0887313008432253,6.6708660572896,4.77538064186155,0.0303165323978143,0.999998866570966,0.999994427475806,"ya_adult_cogact_freq"
"6589","MMP17","Inh PVALB CA8 (Chandelier)",0.015663232341888,5.67536018145776,0.0767256204320495,0.782140621021816,0.999998866570966,0.999994427475806,"ya_adult_cogact_freq"
"6590","AC131009.2","Inh PVALB CA8 (Chandelier)",0.0684610252992398,3.97625513712682,0.217157213397739,0.641845322926819,0.999998866570966,0.999994427475806,"ya_adult_cogact_freq"
"6591","ULK1","Inh PVALB CA8 (Chandelier)",-0.00217420113308104,5.57488622619996,0.00161877396959505,0.988361376388849,0.999998866570966,0.999994427475806,"ya_adult_cogact_freq"
"6592","EP400","Inh PVALB CA8 (Chandelier)",0.00366353962338007,6.56505236674893,0.00883762830820138,0.925219339163124,0.999998866570966,0.999994427475806,"ya_adult_cogact_freq"
"6593","DDX51","Inh PVALB CA8 (Chandelier)",-0.0370869697229789,4.79201304174764,0.283752541214089,0.629245240989645,0.999998866570966,0.999994427475806,"ya_adult_cogact_freq"
"6594","FBRSL1","Inh PVALB CA8 (Chandelier)",0.124343143463145,5.35190049301098,3.8744538448853,0.0507459577178958,0.999998866570966,0.999994427475806,"ya_adult_cogact_freq"
"6595","POLE","Inh PVALB CA8 (Chandelier)",-0.093932431020441,3.72023398943437,0.531787909531732,0.466917240592613,0.999998866570966,0.999994427475806,"ya_adult_cogact_freq"
"6596","ANKLE2","Inh PVALB CA8 (Chandelier)",0.0753333013783966,5.04474994231014,1.40253379405773,0.238047752273244,0.999998866570966,0.999994427475806,"ya_adult_cogact_freq"
"6597","GOLGA3","Inh PVALB CA8 (Chandelier)",0.0375683530165819,5.95771426525178,0.601931820276435,0.438981734547443,0.999998866570966,0.999994427475806,"ya_adult_cogact_freq"
"6598","CHFR","Inh PVALB CA8 (Chandelier)",0.0242203240594621,6.08250601857571,0.193631449709855,0.660502243820667,0.999998866570966,0.999994427475806,"ya_adult_cogact_freq"
"6599","ZNF26","Inh PVALB CA8 (Chandelier)",0.151791700691708,4.57316712272726,3.01418668098114,0.084454661424338,0.999998866570966,0.999994427475806,"ya_adult_cogact_freq"
"6600","ZNF84","Inh PVALB CA8 (Chandelier)",0.000176043410024541,5.5810430875515,2.40528914020703e-05,0.996092971296275,0.999998866570966,0.999994427475806,"ya_adult_cogact_freq"
"6601","ZNF140","Inh PVALB CA8 (Chandelier)",-0.0775696624065442,4.22161982377882,0.567266081627854,0.452448896471944,0.999998866570966,0.999994427475806,"ya_adult_cogact_freq"
"6602","ZNF891","Inh PVALB CA8 (Chandelier)",0.0208712245875473,4.96099916585553,0.0966308735110564,0.756313481814969,0.999998866570966,0.999994427475806,"ya_adult_cogact_freq"
"6603","TPTE2","Inh PVALB CA8 (Chandelier)",-0.0259301777198717,4.37694142594581,0.0456841364969319,0.831021836880953,0.999998866570966,0.999994427475806,"ya_adult_cogact_freq"
"6604","MPHOSPH8","Inh PVALB CA8 (Chandelier)",-0.0201114289938935,8.0402344935866,0.239177718161553,0.625467188263316,0.999998866570966,0.999994427475806,"ya_adult_cogact_freq"
"6605","PSPC1","Inh PVALB CA8 (Chandelier)",0.0637243650851534,7.30627007372455,3.29601284058309,0.0713117506809223,0.999998866570966,0.999994427475806,"ya_adult_cogact_freq"
"6606","ZMYM5","Inh PVALB CA8 (Chandelier)",0.00637942922494805,5.70131506226012,0.0157178358095764,0.900386648878346,0.999998866570966,0.999994427475806,"ya_adult_cogact_freq"
"6607","ZMYM2","Inh PVALB CA8 (Chandelier)",0.0217970387514442,7.44772120623508,0.417305602239908,0.861534531889748,0.999998866570966,0.999994427475806,"ya_adult_cogact_freq"
"6608","CRYL1","Inh PVALB CA8 (Chandelier)",-0.0117522954545617,5.4617127209122,0.0287081330425036,0.865667706891886,0.999998866570966,0.999994427475806,"ya_adult_cogact_freq"
"6609","IFT88","Inh PVALB CA8 (Chandelier)",0.0976368516916362,6.37476761957282,3.53932041974031,0.0617379241772261,0.999998866570966,0.999994427475806,"ya_adult_cogact_freq"
"6610","IL17D","Inh PVALB CA8 (Chandelier)",-0.0219421120848885,5.26984411134684,0.108306049310995,0.742509316056931,0.999998866570966,0.999994427475806,"ya_adult_cogact_freq"
"6611","EEF1AKMT1","Inh PVALB CA8 (Chandelier)",0.0523413086877822,4.76844319800044,0.549755060749498,0.530672279067438,0.999998866570966,0.999994427475806,"ya_adult_cogact_freq"
"6612","XPO4","Inh PVALB CA8 (Chandelier)",-0.0194479989315542,6.26205905138311,0.220446165980028,0.680255176998485,0.999998866570966,0.999994427475806,"ya_adult_cogact_freq"
"6613","SAP18","Inh PVALB CA8 (Chandelier)",-0.140086228384924,4.79233044443756,2.77854296547603,0.0974820438274515,0.999998866570966,0.999994427475806,"ya_adult_cogact_freq"
"6614","MRPL57","Inh PVALB CA8 (Chandelier)",-0.0592405739573295,4.75706293436395,0.4745086048836,0.491913195101712,0.999998866570966,0.999994427475806,"ya_adult_cogact_freq"
"6615","ZDHHC20","Inh PVALB CA8 (Chandelier)",0.00878386899117309,6.78035870727426,0.0438320363259798,0.834431482135105,0.999998866570966,0.999994427475806,"ya_adult_cogact_freq"
"6616","MICU2","Inh PVALB CA8 (Chandelier)",0.00899769915121032,7.34066642682722,0.0644109240814645,0.799979715958909,0.999998866570966,0.999994427475806,"ya_adult_cogact_freq"
"6617","FGF9","Inh PVALB CA8 (Chandelier)",-0.0549042253757628,6.21697283633344,0.867879939532651,0.352939806528376,0.999998866570966,0.999994427475806,"ya_adult_cogact_freq"
"6618","SACS","Inh PVALB CA8 (Chandelier)",0.001143346826341,7.4803546634408,0.0008358592506657,0.97697124757919,0.999998866570966,0.999994427475806,"ya_adult_cogact_freq"
"6619","TNFRSF19","Inh PVALB CA8 (Chandelier)",-0.021081353070912,4.77310508459602,0.0562410409515086,0.812840855825306,0.999998866570966,0.999994427475806,"ya_adult_cogact_freq"
"6620","MIPEP","Inh PVALB CA8 (Chandelier)",0.00463393598007039,6.25298039057195,0.0077280693486293,0.930058062654631,0.999998866570966,0.999994427475806,"ya_adult_cogact_freq"
"6621","CENPJ","Inh PVALB CA8 (Chandelier)",-0.00905331585392758,5.03360787623176,0.0110479342766505,0.916420222283244,0.999998866570966,0.999994427475806,"ya_adult_cogact_freq"
"6622","AMER2","Inh PVALB CA8 (Chandelier)",0.0264205315025959,5.34515628560337,0.158871204238814,0.690726790269422,0.999998866570966,0.999994427475806,"ya_adult_cogact_freq"
"6623","MTMR6","Inh PVALB CA8 (Chandelier)",-0.0367819356855279,5.69859954625689,0.549730164366084,0.459509680283889,0.999998866570966,0.999994427475806,"ya_adult_cogact_freq"
"6624","NUP58","Inh PVALB CA8 (Chandelier)",0.000111622571682403,6.01783843289831,5.71810773003984e-06,0.998095019832558,0.999998866570966,0.999994427475806,"ya_adult_cogact_freq"
"6625","ATP8A2","Inh PVALB CA8 (Chandelier)",0.0136896529633483,9.74906303763598,0.269732057095957,0.604225847235163,0.999998866570966,0.999994427475806,"ya_adult_cogact_freq"
"6626","RNF6","Inh PVALB CA8 (Chandelier)",-0.0341534760674743,4.515738703212,0.120672451506932,0.728760656982091,0.999998866570966,0.999994427475806,"ya_adult_cogact_freq"
"6627","CDK8","Inh PVALB CA8 (Chandelier)",0.0283347989321699,7.35884113543038,0.460746195643826,0.498251428035961,0.999998866570966,0.999994427475806,"ya_adult_cogact_freq"
"6628","WASF3","Inh PVALB CA8 (Chandelier)",0.0406378684281169,7.46034527378699,1.24767739301604,0.265663130780913,0.999998866570966,0.999994427475806,"ya_adult_cogact_freq"
"6629","GPR12","Inh PVALB CA8 (Chandelier)",0.0199172656801912,5.38626793952036,0.079155644494288,0.77880672928619,0.999998866570966,0.999994427475806,"ya_adult_cogact_freq"
"6630","USP12","Inh PVALB CA8 (Chandelier)",-0.0213446829220335,5.11552332179829,0.121873171330353,0.727468520930381,0.999998866570966,0.999994427475806,"ya_adult_cogact_freq"
"6631","RPL21","Inh PVALB CA8 (Chandelier)",-0.0157772950185405,4.06161198563493,0.0128901051935381,0.909748391113308,0.999998866570966,0.999994427475806,"ya_adult_cogact_freq"
"6632","GTF3A","Inh PVALB CA8 (Chandelier)",0.00785980725608435,5.50733144984567,0.0142261026621802,0.905207807445502,0.999998866570966,0.999994427475806,"ya_adult_cogact_freq"
"6633","MTIF3","Inh PVALB CA8 (Chandelier)",-0.0779145321760545,5.22473892984393,1.33277068114662,0.250026104422955,0.999998866570966,0.999994427475806,"ya_adult_cogact_freq"
"6634","LNX2","Inh PVALB CA8 (Chandelier)",-0.116422288934091,3.88425526669103,0.989354488436639,0.32139494161167,0.999998866570966,0.999994427475806,"ya_adult_cogact_freq"
"6635","POLR1D","Inh PVALB CA8 (Chandelier)",0.00674582432629342,4.86156834102182,0.00842712917448129,0.926971711880761,0.999998866570966,0.999994427475806,"ya_adult_cogact_freq"
"6636","FLT3","Inh PVALB CA8 (Chandelier)",-0.109772602717313,3.3679553298868,0.446446299178609,0.50498555202661,0.999998866570966,0.999994427475806,"ya_adult_cogact_freq"
"6637","PAN3","Inh PVALB CA8 (Chandelier)",0.00145978106169718,7.18819104326699,0.00129281861890838,0.971362219468851,0.999998866570966,0.999994427475806,"ya_adult_cogact_freq"
"6638","POMP","Inh PVALB CA8 (Chandelier)",0.0216297905761602,4.50678699421076,0.0527653858011366,0.818611320693227,0.999998866570966,0.999994427475806,"ya_adult_cogact_freq"
"6639","SLC46A3","Inh PVALB CA8 (Chandelier)",-0.0229673428329012,4.47841961467508,0.0694158645056247,0.79252657750171,0.999998866570966,0.999994427475806,"ya_adult_cogact_freq"
"6640","MTUS2","Inh PVALB CA8 (Chandelier)",-0.0331730770616422,9.07452971969238,0.671468241239126,0.413753321242662,0.999998866570966,0.999994427475806,"ya_adult_cogact_freq"
"6641","SLC7A1","Inh PVALB CA8 (Chandelier)",-0.00579851098067304,5.74817636211492,0.00753970963681301,0.930913503832148,0.999998866570966,0.999994427475806,"ya_adult_cogact_freq"
"6642","UBL3","Inh PVALB CA8 (Chandelier)",-0.01611361773478,7.37116179971745,0.142844871076496,0.705967596809008,0.999998866570966,0.999994427475806,"ya_adult_cogact_freq"
"6643","KATNAL1","Inh PVALB CA8 (Chandelier)",0.10873125226882,5.07677114768333,2.1686648770452,0.142803554101632,0.999998866570966,0.999994427475806,"ya_adult_cogact_freq"
"6644","HMGB1","Inh PVALB CA8 (Chandelier)",0.00281250559890489,8.09778048031302,0.00253738108547098,0.959888141398802,0.999998866570966,0.999994427475806,"ya_adult_cogact_freq"
"6645","USPL1","Inh PVALB CA8 (Chandelier)",0.0105212481282272,4.87501871065364,0.0230185459113449,0.879599079277747,0.999998866570966,0.999994427475806,"ya_adult_cogact_freq"
"6646","HSPH1","Inh PVALB CA8 (Chandelier)",-0.020543624553013,6.46870216198281,0.0297396033974087,0.86329930672309,0.999998866570966,0.999994427475806,"ya_adult_cogact_freq"
"6647","B3GLCT","Inh PVALB CA8 (Chandelier)",-0.0671213636298669,4.13316366572909,0.321918244073413,0.571248559501619,0.999998866570966,0.999994427475806,"ya_adult_cogact_freq"
"6648","FRY","Inh PVALB CA8 (Chandelier)",0.0341522585213655,8.31242016494847,1.04011880668325,0.309326136552133,0.999998866570966,0.999994427475806,"ya_adult_cogact_freq"
"6649","N4BP2L1","Inh PVALB CA8 (Chandelier)",0.0151863540895522,4.81433769784777,0.0326406260487081,0.856856382370121,0.999998866570966,0.999994427475806,"ya_adult_cogact_freq"
"6650","N4BP2L2","Inh PVALB CA8 (Chandelier)",-0.0327557532330843,8.53352288293172,1.10567716440381,0.29460155631972,0.999998866570966,0.999994427475806,"ya_adult_cogact_freq"
"6651","PDS5B","Inh PVALB CA8 (Chandelier)",-0.0104060600246639,7.34251052215546,0.0596920582735744,0.807294855615379,0.999998866570966,0.999994427475806,"ya_adult_cogact_freq"
"6652","STARD13","Inh PVALB CA8 (Chandelier)",-0.0800169516533502,4.51881515407533,0.426023713177917,0.514878783640902,0.999998866570966,0.999994427475806,"ya_adult_cogact_freq"
"6653","RFC3","Inh PVALB CA8 (Chandelier)",-0.0106546378000282,5.35750036012053,0.013312045466394,0.908289630657036,0.999998866570966,0.999994427475806,"ya_adult_cogact_freq"
"6654","NBEA","Inh PVALB CA8 (Chandelier)",0.0434315305060435,10.7335578670415,1.67801985663749,0.197044773837886,0.999998866570966,0.999994427475806,"ya_adult_cogact_freq"
"6655","DCLK1","Inh PVALB CA8 (Chandelier)",0.0364765929631792,6.8753881895938,0.146550342625478,0.702359688952322,0.999998866570966,0.999994427475806,"ya_adult_cogact_freq"
"6656","SPART","Inh PVALB CA8 (Chandelier)",0.0499340065054719,6.64079136199607,1.3975200208576,0.238884805243973,0.999998866570966,0.999994427475806,"ya_adult_cogact_freq"
"6657","RFXAP","Inh PVALB CA8 (Chandelier)",0.00382018824251066,5.15266236786745,0.00290645572033339,0.95707256676345,0.999998866570966,0.999994427475806,"ya_adult_cogact_freq"
"6658","SMAD9","Inh PVALB CA8 (Chandelier)",-0.132024945047291,4.39423820623998,1.70596392264694,0.193375570917399,0.999998866570966,0.999994427475806,"ya_adult_cogact_freq"
"6659","ALG5","Inh PVALB CA8 (Chandelier)",-0.0390973849139298,4.58400546222847,0.23910942369654,0.658714062165973,0.999998866570966,0.999994427475806,"ya_adult_cogact_freq"
"6660","EXOSC8","Inh PVALB CA8 (Chandelier)",-0.2559655893285,3.78920589923399,4.43815248955552,0.0366967121421039,0.999998866570966,0.999994427475806,"ya_adult_cogact_freq"
"6661","SUPT20H","Inh PVALB CA8 (Chandelier)",0.0162459949620717,5.68299785252019,0.0847271188002877,0.77136592120651,0.999998866570966,0.999994427475806,"ya_adult_cogact_freq"
"6662","TRPC4","Inh PVALB CA8 (Chandelier)",0.0757932690076471,7.52709971118856,1.89338268243339,0.170734700219461,0.999998866570966,0.999994427475806,"ya_adult_cogact_freq"
"6663","UFM1","Inh PVALB CA8 (Chandelier)",-0.0600318907423869,5.1597638833134,0.828193443965628,0.36415783764393,0.999998866570966,0.999994427475806,"ya_adult_cogact_freq"
"6664","NHLRC3","Inh PVALB CA8 (Chandelier)",-0.0204110493988752,5.83256492532425,0.130572565087154,0.718313562779228,0.999998866570966,0.999994427475806,"ya_adult_cogact_freq"
"6665","LHFPL6","Inh PVALB CA8 (Chandelier)",0.233517986463784,3.75920457015703,2.25094847192031,0.135493883183245,0.999998866570966,0.999994427475806,"ya_adult_cogact_freq"
"6666","COG6","Inh PVALB CA8 (Chandelier)",0.0524516668482511,6.55659133557295,1.42247899663117,0.234753148427337,0.999998866570966,0.999994427475806,"ya_adult_cogact_freq"
"6667","FOXO1","Inh PVALB CA8 (Chandelier)",-0.0585198111401123,3.4270547996883,0.0959053278983398,0.757200905399553,0.999998866570966,0.999994427475806,"ya_adult_cogact_freq"
"6668","MRPS31","Inh PVALB CA8 (Chandelier)",-0.0525784819675846,5.77987694795836,0.993383771822966,0.320414552917891,0.999998866570966,0.999994427475806,"ya_adult_cogact_freq"
"6669","ELF1","Inh PVALB CA8 (Chandelier)",-0.0368313775477249,3.91070744445802,0.0832577369011242,0.773301925638539,0.999998866570966,0.999994427475806,"ya_adult_cogact_freq"
"6670","WBP4","Inh PVALB CA8 (Chandelier)",-0.0157446047327136,4.81799810862896,0.053352180308571,0.817623330785947,0.999998866570966,0.999994427475806,"ya_adult_cogact_freq"
"6671","KBTBD6","Inh PVALB CA8 (Chandelier)",-0.0876268408337369,4.97383704289538,1.13725511763674,0.287831977869416,0.999998866570966,0.999994427475806,"ya_adult_cogact_freq"
"6672","KBTBD7","Inh PVALB CA8 (Chandelier)",0.00659734031672034,4.05333212049681,0.00380774637125085,0.950872862533727,0.999998866570966,0.999994427475806,"ya_adult_cogact_freq"
"6673","NAA16","Inh PVALB CA8 (Chandelier)",0.0625698811444806,6.52624878469453,1.74503229705702,0.188379647515124,0.999998866570966,0.999994427475806,"ya_adult_cogact_freq"
"6674","VWA8","Inh PVALB CA8 (Chandelier)",0.0422198534533189,8.40122788738706,1.85215415901034,0.175437774850115,0.999998866570966,0.999994427475806,"ya_adult_cogact_freq"
"6675","DGKH","Inh PVALB CA8 (Chandelier)",0.0372751119212863,6.23698097916117,0.390584781135202,0.53287821976206,0.999998866570966,0.999994427475806,"ya_adult_cogact_freq"
"6676","AKAP11","Inh PVALB CA8 (Chandelier)",-0.0160505203619977,6.564754439089,0.130679600737827,0.718203099411028,0.999998866570966,0.999994427475806,"ya_adult_cogact_freq"
"6677","DNAJC15","Inh PVALB CA8 (Chandelier)",0.0293002665183427,4.89435481354784,0.159618451361509,0.690038313672691,0.999998866570966,0.999994427475806,"ya_adult_cogact_freq"
"6678","ENOX1","Inh PVALB CA8 (Chandelier)",0.03270932750823,8.69435713049301,0.908068112191255,0.34205807821688,0.999998866570966,0.999994427475806,"ya_adult_cogact_freq"
"6679","CCDC122","Inh PVALB CA8 (Chandelier)",-0.234338064501365,4.1087305381308,3.80067205823456,0.0529720824238705,0.999998866570966,0.999994427475806,"ya_adult_cogact_freq"
"6680","SERP2","Inh PVALB CA8 (Chandelier)",-0.00514449303053128,5.64973453858688,0.00926825191710506,0.923424644241148,0.999998866570966,0.999994427475806,"ya_adult_cogact_freq"
"6681","TSC22D1","Inh PVALB CA8 (Chandelier)",-0.00129349951337639,8.23150392539553,0.00105559129562051,0.974121700624258,0.999998866570966,0.999994427475806,"ya_adult_cogact_freq"
"6682","LINC00407","Inh PVALB CA8 (Chandelier)",-0.0335472667159196,4.52972330164851,0.148547193577681,0.700437079824718,0.999998866570966,0.999994427475806,"ya_adult_cogact_freq"
"6683","NUFIP1","Inh PVALB CA8 (Chandelier)",0.0595487847952506,4.12923266223133,0.347995695610243,0.556078126613423,0.999998866570966,0.999994427475806,"ya_adult_cogact_freq"
"6684","GPALPP1","Inh PVALB CA8 (Chandelier)",0.00505409532903798,6.10871653319766,0.0146936850257135,0.937306116313515,0.999998866570966,0.999994427475806,"ya_adult_cogact_freq"
"6685","GTF2F2","Inh PVALB CA8 (Chandelier)",0.0192970518536474,4.89154875413066,0.066528673262594,0.915270269410218,0.999998866570966,0.999994427475806,"ya_adult_cogact_freq"
"6686","TPT1","Inh PVALB CA8 (Chandelier)",-0.035691650836995,5.06614890131403,0.149365310520223,0.699653668912109,0.999998866570966,0.999994427475806,"ya_adult_cogact_freq"
"6687","COG3","Inh PVALB CA8 (Chandelier)",-0.0290974257270975,4.96655014552513,0.219999364383101,0.639675848457609,0.999998866570966,0.999994427475806,"ya_adult_cogact_freq"
"6688","SIAH3","Inh PVALB CA8 (Chandelier)",-0.0220949468868808,6.57095579738164,0.254013272535023,0.614953263538856,0.999998866570966,0.999994427475806,"ya_adult_cogact_freq"
"6689","ZC3H13","Inh PVALB CA8 (Chandelier)",-0.00277728331652486,6.98882321449376,0.00522476155188067,0.942466929887357,0.999998866570966,0.999994427475806,"ya_adult_cogact_freq"
"6690","CPB2-AS1","Inh PVALB CA8 (Chandelier)",0.0224523706130075,5.39269906176465,0.112524503816748,0.737725465209614,0.999998866570966,0.999994427475806,"ya_adult_cogact_freq"
"6691","LCP1","Inh PVALB CA8 (Chandelier)",0.158399953745998,4.0404582436206,1.64050570903267,0.202100759232863,0.999998866570966,0.999994427475806,"ya_adult_cogact_freq"
"6692","LRRC63","Inh PVALB CA8 (Chandelier)",0.0750631658710954,6.18774049691924,0.865654826428065,0.353556057336152,0.999998866570966,0.999994427475806,"ya_adult_cogact_freq"
"6693","RUBCNL","Inh PVALB CA8 (Chandelier)",0.00434475392182089,5.71682241148388,0.00396399662398016,0.949876346747419,0.999998866570966,0.999994427475806,"ya_adult_cogact_freq"
"6694","AL138686.1","Inh PVALB CA8 (Chandelier)",-0.329440269618572,3.24906978563031,3.19901180584994,0.0755658980487676,0.999998866570966,0.999994427475806,"ya_adult_cogact_freq"
"6695","LRCH1","Inh PVALB CA8 (Chandelier)",-0.00250043395841675,7.28386636372134,0.00462568409967317,0.945860293106954,0.999998866570966,0.999994427475806,"ya_adult_cogact_freq"
"6696","ESD","Inh PVALB CA8 (Chandelier)",0.0139596252292304,4.64237550433121,0.0256917841586764,0.872856561743453,0.999998866570966,0.999994427475806,"ya_adult_cogact_freq"
"6697","SUCLA2","Inh PVALB CA8 (Chandelier)",0.043186273602066,6.09269154639523,0.655801416682207,0.419243149578552,0.999998866570966,0.999994427475806,"ya_adult_cogact_freq"
"6698","MED4","Inh PVALB CA8 (Chandelier)",-0.0176809810099172,5.79264095028819,0.110557173558783,0.949846046516895,0.999998866570966,0.999994427475806,"ya_adult_cogact_freq"
"6699","ITM2B","Inh PVALB CA8 (Chandelier)",-0.0417288807146804,7.29602582952392,0.523275511885329,0.470498959879494,0.999998866570966,0.999994427475806,"ya_adult_cogact_freq"
"6700","RB1","Inh PVALB CA8 (Chandelier)",-0.0599368969033399,7.12402438550791,2.0695494514995,0.152209873717164,0.999998866570966,0.999994427475806,"ya_adult_cogact_freq"
"6701","RCBTB2","Inh PVALB CA8 (Chandelier)",0.0481305156035682,4.65325483413195,0.317195478746289,0.574082609373847,0.999998866570966,0.999994427475806,"ya_adult_cogact_freq"
"6702","FNDC3A","Inh PVALB CA8 (Chandelier)",0.000463197459623183,7.04912020582328,0.00011196981755102,0.991570398608278,0.999998866570966,0.999994427475806,"ya_adult_cogact_freq"
"6703","CDADC1","Inh PVALB CA8 (Chandelier)",0.0866228167128734,4.79733256497907,1.77407047590949,0.184764339795514,0.999998866570966,0.999994427475806,"ya_adult_cogact_freq"
"6704","CAB39L","Inh PVALB CA8 (Chandelier)",0.104517939222127,5.86811110551223,2.80117176945904,0.0961400181854699,0.999998866570966,0.999994427475806,"ya_adult_cogact_freq"
"6705","SETDB2","Inh PVALB CA8 (Chandelier)",-0.0134852439784394,5.23944584065743,0.0515776349341864,0.820629004609873,0.999998866570966,0.999994427475806,"ya_adult_cogact_freq"
"6706","PHF11","Inh PVALB CA8 (Chandelier)",0.106301248513192,4.23064315082669,1.00781617686483,0.316935209040253,0.999998866570966,0.999994427475806,"ya_adult_cogact_freq"
"6707","RCBTB1","Inh PVALB CA8 (Chandelier)",-0.00319012412566354,4.82449853795486,0.00173507516879138,0.966826025941587,0.999998866570966,0.999994427475806,"ya_adult_cogact_freq"
"6708","EBPL","Inh PVALB CA8 (Chandelier)",-0.14289635193436,4.29212937404055,1.96262059421845,0.163160650187411,0.999998866570966,0.999994427475806,"ya_adult_cogact_freq"
"6709","KPNA3","Inh PVALB CA8 (Chandelier)",0.047259149426554,6.29963634497546,1.21591284478345,0.271812213639584,0.999998866570966,0.999994427475806,"ya_adult_cogact_freq"
"6710","SPRYD7","Inh PVALB CA8 (Chandelier)",-0.00963042684515107,4.36899847162427,0.011661472567485,0.928305240887369,0.999998866570966,0.999994427475806,"ya_adult_cogact_freq"
"6711","DLEU2","Inh PVALB CA8 (Chandelier)",-0.0339190752203092,6.67408416421322,0.327705325578243,0.567813100972097,0.999998866570966,0.999994427475806,"ya_adult_cogact_freq"
"6712","TRIM13","Inh PVALB CA8 (Chandelier)",-0.0418089291863562,5.16423689423622,0.489877898512361,0.484993342706502,0.999998866570966,0.999994427475806,"ya_adult_cogact_freq"
"6713","DLEU7","Inh PVALB CA8 (Chandelier)",0.0273843169495009,5.85281757458005,0.160516788734786,0.689213101043268,0.999998866570966,0.999994427475806,"ya_adult_cogact_freq"
"6714","RNASEH2B","Inh PVALB CA8 (Chandelier)",-0.0211378047914194,5.75807478114354,0.119642709324649,0.729874552180395,0.999998866570966,0.999994427475806,"ya_adult_cogact_freq"
"6715","INTS6","Inh PVALB CA8 (Chandelier)",-0.0451864997860271,6.15792539318441,0.64458106847767,0.423242117488584,0.999998866570966,0.999994427475806,"ya_adult_cogact_freq"
"6716","INTS6-AS1","Inh PVALB CA8 (Chandelier)",-0.107483374021974,4.63437176410688,1.71867439385972,0.191733293368827,0.999998866570966,0.999994427475806,"ya_adult_cogact_freq"
"6717","WDFY2","Inh PVALB CA8 (Chandelier)",-0.0198327371057672,5.91940806691092,0.162422181174126,0.687471643122244,0.999998866570966,0.999994427475806,"ya_adult_cogact_freq"
"6718","ATP7B","Inh PVALB CA8 (Chandelier)",-0.0210856055571194,4.81554286022137,0.0716474552440228,0.789296121577295,0.999998866570966,0.999994427475806,"ya_adult_cogact_freq"
"6719","VPS36","Inh PVALB CA8 (Chandelier)",-0.00682038252323453,6.08026806428452,0.0190812786020022,0.890306591442359,0.999998866570966,0.999994427475806,"ya_adult_cogact_freq"
"6720","CKAP2","Inh PVALB CA8 (Chandelier)",0.0865234148004551,4.38620938473588,0.861624248910458,0.354676108485767,0.999998866570966,0.999994427475806,"ya_adult_cogact_freq"
"6721","SUGT1","Inh PVALB CA8 (Chandelier)",-0.0717501003935124,5.96871966035728,1.38493041124548,0.241002576274926,0.999998866570966,0.999994427475806,"ya_adult_cogact_freq"
"6722","PCDH8","Inh PVALB CA8 (Chandelier)",-0.0714735421570952,6.3179097109902,0.954264629746211,0.330103802644318,0.999998866570966,0.999994427475806,"ya_adult_cogact_freq"
"6723","PCDH17","Inh PVALB CA8 (Chandelier)",0.0821135621503093,4.16155156623609,0.470960168131501,0.49353434928447,0.999998866570966,0.999994427475806,"ya_adult_cogact_freq"
"6724","TDRD3","Inh PVALB CA8 (Chandelier)",0.0135747137807428,7.15306048937392,0.124833746293266,0.724312779070414,0.999998866570966,0.999994427475806,"ya_adult_cogact_freq"
"6725","PCDH9","Inh PVALB CA8 (Chandelier)",0.0841368136516286,12.3689984028175,3.70054344825543,0.0561616591842941,0.999998866570966,0.999994427475806,"ya_adult_cogact_freq"
"6726","PCDH9-AS1","Inh PVALB CA8 (Chandelier)",-0.292538842525258,4.5236050232082,3.53414920251796,0.0619263475349385,0.999998866570966,0.999994427475806,"ya_adult_cogact_freq"
"6727","PCDH9-AS2","Inh PVALB CA8 (Chandelier)",-0.0847402387595474,5.42170941987766,0.55993563666969,0.455379468197867,0.999998866570966,0.999994427475806,"ya_adult_cogact_freq"
"6728","MZT1","Inh PVALB CA8 (Chandelier)",-0.0271657467148355,4.320346150029,0.0752093829271788,0.784249729391306,0.999998866570966,0.999994427475806,"ya_adult_cogact_freq"
"6729","DIS3","Inh PVALB CA8 (Chandelier)",0.0277483780537815,5.18735631912229,0.181350646421247,0.670784654457954,0.999998866570966,0.999994427475806,"ya_adult_cogact_freq"
"6730","PIBF1","Inh PVALB CA8 (Chandelier)",0.0257532370295816,7.04088834902408,0.55538406590226,0.45721421427043,0.999998866570966,0.999994427475806,"ya_adult_cogact_freq"
"6731","KLF12","Inh PVALB CA8 (Chandelier)",-0.025329462004366,8.09628073443744,0.285656614019863,0.593755782274074,0.999998866570966,0.999994427475806,"ya_adult_cogact_freq"
"6732","TBC1D4","Inh PVALB CA8 (Chandelier)",0.107790662885373,7.12406623155709,4.50049636951354,0.0354181424962918,0.999998866570966,0.999994427475806,"ya_adult_cogact_freq"
"6733","COMMD6","Inh PVALB CA8 (Chandelier)",-0.0123111006445423,4.12810457936856,0.011918669554015,0.913201695320546,0.999998866570966,0.999994427475806,"ya_adult_cogact_freq"
"6734","UCHL3","Inh PVALB CA8 (Chandelier)",-0.113833221394711,4.52428960413845,1.55305832691465,0.214497429525845,0.999998866570966,0.999994427475806,"ya_adult_cogact_freq"
"6735","LMO7","Inh PVALB CA8 (Chandelier)",-0.0326126729170664,5.87087732683132,0.276319904048973,0.599847796862655,0.999998866570966,0.999994427475806,"ya_adult_cogact_freq"
"6736","AC001226.2","Inh PVALB CA8 (Chandelier)",-0.137201654237896,4.12530881381187,1.14160805733045,0.286914515363275,0.999998866570966,0.999994427475806,"ya_adult_cogact_freq"
"6737","FBXL3","Inh PVALB CA8 (Chandelier)",0.0733427107256458,5.47221514816795,1.52225691326258,0.219078979081919,0.999998866570966,0.999994427475806,"ya_adult_cogact_freq"
"6738","MYCBP2","Inh PVALB CA8 (Chandelier)",0.0409848675425639,8.94226866144806,2.10955957958581,0.148330379065655,0.999998866570966,0.999994427475806,"ya_adult_cogact_freq"
"6739","SLAIN1","Inh PVALB CA8 (Chandelier)",0.00704556805614483,7.12997496325529,0.0294133017676515,0.864043902895224,0.999998866570966,0.999994427475806,"ya_adult_cogact_freq"
"6740","RNF219","Inh PVALB CA8 (Chandelier)",0.043057909380573,4.47012420136609,0.249334497454318,0.61822671688548,0.999998866570966,0.999994427475806,"ya_adult_cogact_freq"
"6741","RBM26","Inh PVALB CA8 (Chandelier)",0.00148005584481918,7.56862502718424,0.0023699977897978,0.989551962963392,0.999998866570966,0.999994427475806,"ya_adult_cogact_freq"
"6742","NDFIP2","Inh PVALB CA8 (Chandelier)",0.0432182236642625,5.21604105795788,0.51340005607702,0.535135997085044,0.999998866570966,0.999994427475806,"ya_adult_cogact_freq"
"6743","SPRY2","Inh PVALB CA8 (Chandelier)",-0.183484359737772,4.38697124004051,2.27364860658719,0.133552407275287,0.999998866570966,0.999994427475806,"ya_adult_cogact_freq"
"6744","MIR4500HG","Inh PVALB CA8 (Chandelier)",0.0869780851504146,8.73574170590509,2.3526983546989,0.127031960786753,0.999998866570966,0.999994427475806,"ya_adult_cogact_freq"
"6745","SLITRK5","Inh PVALB CA8 (Chandelier)",0.060307030417281,8.40027506084351,1.70802870909465,0.193107663564053,0.999998866570966,0.999994427475806,"ya_adult_cogact_freq"
"6746","GPC5","Inh PVALB CA8 (Chandelier)",-0.0583798273701559,5.40464028550047,0.160471408988986,0.68925472248298,0.999998866570966,0.999994427475806,"ya_adult_cogact_freq"
"6747","GPC6","Inh PVALB CA8 (Chandelier)",0.0165257329498646,4.66537047788663,0.0135417891233891,0.907505189333485,0.999998866570966,0.999994427475806,"ya_adult_cogact_freq"
"6748","GPR180","Inh PVALB CA8 (Chandelier)",-0.0968327836309791,5.1415534907747,1.90294443832127,0.169664928174527,0.999998866570966,0.999994427475806,"ya_adult_cogact_freq"
"6749","ABCC4","Inh PVALB CA8 (Chandelier)",-0.18990907747651,3.67769878276775,1.73153964545104,0.190087698221911,0.999998866570966,0.999994427475806,"ya_adult_cogact_freq"
"6750","DZIP1","Inh PVALB CA8 (Chandelier)",0.0910773764419223,7.19584301515789,6.063580989286,0.0148548536922471,0.999998866570966,0.999994427475806,"ya_adult_cogact_freq"
"6751","DNAJC3-DT","Inh PVALB CA8 (Chandelier)",0.00412399180967335,4.15882313527987,0.00185312193527927,0.965716768103633,0.999998866570966,0.999994427475806,"ya_adult_cogact_freq"
"6752","DNAJC3","Inh PVALB CA8 (Chandelier)",0.0216879044035704,5.25356641011443,0.089234232520814,0.765538712817456,0.999998866570966,0.999994427475806,"ya_adult_cogact_freq"
"6753","UGGT2","Inh PVALB CA8 (Chandelier)",0.0571495111716853,7.79014370202578,2.38377023161341,0.124567509931108,0.999998866570966,0.999994427475806,"ya_adult_cogact_freq"
"6754","HS6ST3","Inh PVALB CA8 (Chandelier)",0.0333654020687273,10.445612512897,0.690408049103384,0.407257949801084,0.999998866570966,0.999994427475806,"ya_adult_cogact_freq"
"6755","MBNL2","Inh PVALB CA8 (Chandelier)",0.053928476613604,7.41623332238448,2.58740854495976,0.10967848751403,0.999998866570966,0.999994427475806,"ya_adult_cogact_freq"
"6756","RAP2A","Inh PVALB CA8 (Chandelier)",0.0381237839038225,5.40072888222766,0.355176654916299,0.552035426421865,0.999998866570966,0.999994427475806,"ya_adult_cogact_freq"
"6757","IPO5","Inh PVALB CA8 (Chandelier)",-0.0159202101994762,6.61565192898925,0.152593346419903,0.696765622007863,0.999998866570966,0.999994427475806,"ya_adult_cogact_freq"
"6758","FARP1","Inh PVALB CA8 (Chandelier)",-0.00580182623443476,7.69775931440064,0.0262294163985781,0.871544673938212,0.999998866570966,0.999994427475806,"ya_adult_cogact_freq"
"6759","STK24","Inh PVALB CA8 (Chandelier)",-0.0284059979793336,5.81454468240695,0.341482505515662,0.559793865700144,0.999998866570966,0.999994427475806,"ya_adult_cogact_freq"
"6760","DOCK9","Inh PVALB CA8 (Chandelier)",-0.00599701968371691,9.20402069333618,0.0228490401996189,0.880039807872274,0.999998866570966,0.999994427475806,"ya_adult_cogact_freq"
"6761","UBAC2","Inh PVALB CA8 (Chandelier)",0.00664849715400022,8.17216561191743,0.0208295585446318,0.88542500514016,0.999998866570966,0.999994427475806,"ya_adult_cogact_freq"
"6762","TM9SF2","Inh PVALB CA8 (Chandelier)",0.0309587933350213,5.51636103685529,0.285983863919825,0.593544592891924,0.999998866570966,0.999994427475806,"ya_adult_cogact_freq"
"6763","CLYBL","Inh PVALB CA8 (Chandelier)",0.0135973183330587,6.04384189956589,0.0398770444618149,0.841973539606133,0.999998866570966,0.999994427475806,"ya_adult_cogact_freq"
"6764","PCCA","Inh PVALB CA8 (Chandelier)",-0.00954160041098097,7.94864208701419,0.0792849292623837,0.778630913163196,0.999998866570966,0.999994427475806,"ya_adult_cogact_freq"
"6765","NALCN","Inh PVALB CA8 (Chandelier)",-0.0151252224304978,8.17656761060196,0.190601530365964,0.663002216790334,0.999998866570966,0.999994427475806,"ya_adult_cogact_freq"
"6766","FGF14","Inh PVALB CA8 (Chandelier)",0.0514106803216777,11.0414029046081,2.65688575431614,0.105060160687986,0.999998866570966,0.999994427475806,"ya_adult_cogact_freq"
"6767","TPP2","Inh PVALB CA8 (Chandelier)",0.00503051147982774,6.20665359042025,0.00912175497201767,0.924030377984634,0.999998866570966,0.999994427475806,"ya_adult_cogact_freq"
"6768","EFNB2","Inh PVALB CA8 (Chandelier)",0.0560086598302897,5.45572563310768,0.694678337753322,0.405814256062441,0.999998866570966,0.999994427475806,"ya_adult_cogact_freq"
"6769","ARGLU1","Inh PVALB CA8 (Chandelier)",0.0103121450958847,7.84131593156658,0.0659953349505661,0.797587872132104,0.999998866570966,0.999994427475806,"ya_adult_cogact_freq"
"6770","FAM155A","Inh PVALB CA8 (Chandelier)",0.0452950278106672,11.5408712844253,1.58789662295326,0.209452977024815,0.999998866570966,0.999994427475806,"ya_adult_cogact_freq"
"6771","LIG4","Inh PVALB CA8 (Chandelier)",-0.0570504040843148,4.08141844779699,0.281995274941091,0.596129290044852,0.999998866570966,0.999994427475806,"ya_adult_cogact_freq"
"6772","ABHD13","Inh PVALB CA8 (Chandelier)",-0.00469940063830273,4.775923055135,0.00378980982715331,0.950988559456363,0.999998866570966,0.999994427475806,"ya_adult_cogact_freq"
"6773","TNFSF13B","Inh PVALB CA8 (Chandelier)",0.103848037502679,4.68095141510019,0.812600871499286,0.368700911940403,0.999998866570966,0.999994427475806,"ya_adult_cogact_freq"
"6774","MYO16","Inh PVALB CA8 (Chandelier)",0.0277861915698726,9.77385770430467,0.613501979697957,0.4346246461022,0.999998866570966,0.999994427475806,"ya_adult_cogact_freq"
"6775","IRS2","Inh PVALB CA8 (Chandelier)",-0.0451953012127289,5.85741139985788,0.381117958235157,0.537878944066389,0.999998866570966,0.999994427475806,"ya_adult_cogact_freq"
"6776","COL4A1","Inh PVALB CA8 (Chandelier)",-0.0484736032276889,6.82778654330444,0.702127112041466,0.403313910557098,0.999998866570966,0.999994427475806,"ya_adult_cogact_freq"
"6777","COL4A2","Inh PVALB CA8 (Chandelier)",-0.0486355229117878,7.799605926248,1.06917293398662,0.302685262784456,0.999998866570966,0.999994427475806,"ya_adult_cogact_freq"
"6778","NAXD","Inh PVALB CA8 (Chandelier)",-0.0374363427233104,5.02261838124413,0.329571443396714,0.56671388847226,0.999998866570966,0.999994427475806,"ya_adult_cogact_freq"
"6779","CARS2","Inh PVALB CA8 (Chandelier)",-0.0788841350351346,5.86568490674495,2.14474353768717,0.14501170617639,0.999998866570966,0.999994427475806,"ya_adult_cogact_freq"
"6780","ANKRD10","Inh PVALB CA8 (Chandelier)",-0.00476704592845392,6.71903413501566,0.0163692434792607,0.898354503383024,0.999998866570966,0.999994427475806,"ya_adult_cogact_freq"
"6781","ARHGEF7","Inh PVALB CA8 (Chandelier)",-0.0325898349784785,8.0790262200862,1.35687724537183,0.245804970401664,0.999998866570966,0.999994427475806,"ya_adult_cogact_freq"
"6782","AL359649.1","Inh PVALB CA8 (Chandelier)",0.0594826651253508,4.47664710286028,0.391059458401558,0.53262970430919,0.999998866570966,0.999994427475806,"ya_adult_cogact_freq"
"6783","SOX1","Inh PVALB CA8 (Chandelier)",0.0107586723511967,4.27478844988293,0.0128352566694523,0.909939783122658,0.999998866570966,0.999994427475806,"ya_adult_cogact_freq"
"6784","TUBGCP3","Inh PVALB CA8 (Chandelier)",-0.0292900995994359,6.01984514599652,0.336558762073638,0.562634552588832,0.999998866570966,0.999994427475806,"ya_adult_cogact_freq"
"6785","ATP11A","Inh PVALB CA8 (Chandelier)",-0.0314021444628544,5.92903007847838,0.306800466616583,0.58041981334787,0.999998866570966,0.999994427475806,"ya_adult_cogact_freq"
"6786","MCF2L","Inh PVALB CA8 (Chandelier)",-0.0210247072414457,7.3873997402157,0.340528998768869,0.560341824134824,0.999998866570966,0.999994427475806,"ya_adult_cogact_freq"
"6787","PCID2","Inh PVALB CA8 (Chandelier)",0.0173197883014747,5.58089206699626,0.10015918803414,0.927526695091076,0.999998866570966,0.999994427475806,"ya_adult_cogact_freq"
"6788","CUL4A","Inh PVALB CA8 (Chandelier)",-0.0479889873301052,6.04922208297862,1.17412320589379,0.280178073115112,0.999998866570966,0.999994427475806,"ya_adult_cogact_freq"
"6789","LAMP1","Inh PVALB CA8 (Chandelier)",-0.110435077193755,5.11722785300097,2.65115693163988,0.105432710737386,0.999998866570966,0.999994427475806,"ya_adult_cogact_freq"
"6790","ADPRHL1","Inh PVALB CA8 (Chandelier)",0.229527118278504,3.8168279591512,3.67485799276896,0.0570125948494766,0.999998866570966,0.999994427475806,"ya_adult_cogact_freq"
"6791","DCUN1D2","Inh PVALB CA8 (Chandelier)",0.101579712775934,6.10467075200852,4.74889203107408,0.0307725629865821,0.999998866570966,0.999994427475806,"ya_adult_cogact_freq"
"6792","TMCO3","Inh PVALB CA8 (Chandelier)",0.0304595942451104,6.30643708112196,0.360507857070003,0.549069796157649,0.999998866570966,0.999994427475806,"ya_adult_cogact_freq"
"6793","TFDP1","Inh PVALB CA8 (Chandelier)",-0.128480519157005,5.20343538786025,4.34255284679076,0.0387530201088889,0.999998866570966,0.999994427475806,"ya_adult_cogact_freq"
"6794","GAS6","Inh PVALB CA8 (Chandelier)",-0.0186574516069815,6.25279810691928,0.153921811591248,0.914216813357276,0.999998866570966,0.999994427475806,"ya_adult_cogact_freq"
"6795","RASA3","Inh PVALB CA8 (Chandelier)",0.0434856701011351,4.39918261876529,0.224017851690941,0.636637464701162,0.999998866570966,0.999994427475806,"ya_adult_cogact_freq"
"6796","CDC16","Inh PVALB CA8 (Chandelier)",0.00521946213780736,5.79247351628757,0.0105619044244882,0.91827270338248,0.999998866570966,0.999994427475806,"ya_adult_cogact_freq"
"6797","UPF3A","Inh PVALB CA8 (Chandelier)",-0.0202990395928417,7.19140013723975,0.231503623875698,0.631065363319484,0.999998866570966,0.999994427475806,"ya_adult_cogact_freq"
"6798","TTC5","Inh PVALB CA8 (Chandelier)",-0.0307224606676817,4.72572241284081,0.16055987629218,0.689173588278427,0.999998866570966,0.999994427475806,"ya_adult_cogact_freq"
"6799","CCNB1IP1","Inh PVALB CA8 (Chandelier)",-0.07477712736683,5.75430073014109,1.7022389496788,0.193859996660199,0.999998866570966,0.999994427475806,"ya_adult_cogact_freq"
"6800","PARP2","Inh PVALB CA8 (Chandelier)",-0.0220795102522298,4.55394612408463,0.0450781233905143,0.83212939694516,0.999998866570966,0.999994427475806,"ya_adult_cogact_freq"
"6801","OSGEP","Inh PVALB CA8 (Chandelier)",-0.129161201904664,5.37942730410046,3.40850482114514,0.0667000282289106,0.999998866570966,0.999994427475806,"ya_adult_cogact_freq"
"6802","APEX1","Inh PVALB CA8 (Chandelier)",-0.196995518941008,4.29898918830304,3.43374328801626,0.0657102168675339,0.999998866570966,0.999994427475806,"ya_adult_cogact_freq"
"6803","PIP4P1","Inh PVALB CA8 (Chandelier)",-0.286717206122756,3.88572573656658,6.43126636298623,0.0121665132331451,0.999998866570966,0.999994427475806,"ya_adult_cogact_freq"
"6804","METTL17","Inh PVALB CA8 (Chandelier)",-0.0458062489758829,4.10461450771107,0.276523614703341,0.599713484302383,0.999998866570966,0.999994427475806,"ya_adult_cogact_freq"
"6805","NDRG2","Inh PVALB CA8 (Chandelier)",-0.00855163011859927,4.26311631298643,0.00881310133946459,0.925322873424809,0.999998866570966,0.999994427475806,"ya_adult_cogact_freq"
"6806","ARHGEF40","Inh PVALB CA8 (Chandelier)",-0.103376775140719,4.91683244738825,1.54557082552581,0.215600495393285,0.999998866570966,0.999994427475806,"ya_adult_cogact_freq"
"6807","HNRNPC","Inh PVALB CA8 (Chandelier)",0.00129248102831796,6.75787657251828,0.0011879204312728,0.97254813388638,0.999998866570966,0.999994427475806,"ya_adult_cogact_freq"
"6808","SUPT16H","Inh PVALB CA8 (Chandelier)",0.0454680063701073,5.70066281301624,0.895296282649909,0.462167054314622,0.999998866570966,0.999994427475806,"ya_adult_cogact_freq"
"6809","CHD8","Inh PVALB CA8 (Chandelier)",0.104851075319262,6.09419349531099,4.60955343257407,0.033293423973896,0.999998866570966,0.999994427475806,"ya_adult_cogact_freq"
"6810","RAB2B","Inh PVALB CA8 (Chandelier)",-0.0187300737446859,4.22978684842016,0.0419832068940134,0.837910977835746,0.999998866570966,0.999994427475806,"ya_adult_cogact_freq"
"6811","TOX4","Inh PVALB CA8 (Chandelier)",-0.0908908021859102,4.85221031837437,1.3285249988113,0.250778773019374,0.999998866570966,0.999994427475806,"ya_adult_cogact_freq"
"6812","METTL3","Inh PVALB CA8 (Chandelier)",0.0270220486210928,4.60122610474423,0.121218343654805,0.728172313697677,0.999998866570966,0.999994427475806,"ya_adult_cogact_freq"
"6813","SALL2","Inh PVALB CA8 (Chandelier)",-0.191416059903208,3.84301919496185,2.25035711660647,0.135544883914341,0.999998866570966,0.999994427475806,"ya_adult_cogact_freq"
"6814","OXA1L","Inh PVALB CA8 (Chandelier)",0.0533969442036107,4.18552773733881,0.291735840341178,0.589857737189737,0.999998866570966,0.999994427475806,"ya_adult_cogact_freq"
"6815","RBM23","Inh PVALB CA8 (Chandelier)",-0.128451736897711,5.04089211539432,3.52943265649009,0.0620987433601808,0.999998866570966,0.999994427475806,"ya_adult_cogact_freq"
"6816","PSMB5","Inh PVALB CA8 (Chandelier)",-0.0262941258860901,4.80738252262153,0.100074109461985,0.752151086211697,0.999998866570966,0.999994427475806,"ya_adult_cogact_freq"
"6817","ACIN1","Inh PVALB CA8 (Chandelier)",0.0606683883393702,6.2577652605895,2.03731208590675,0.155420114697145,0.999998866570966,0.999994427475806,"ya_adult_cogact_freq"
"6818","SLC7A8","Inh PVALB CA8 (Chandelier)",0.0368884534959114,7.72223894217327,0.641052064727792,0.424511726202912,0.999998866570966,0.999994427475806,"ya_adult_cogact_freq"
"6819","PPP1R3E","Inh PVALB CA8 (Chandelier)",-0.0127320805317073,4.83118531450711,0.0272003737318726,0.869209927544308,0.999998866570966,0.999994427475806,"ya_adult_cogact_freq"
"6820","BCL2L2-PABPN1","Inh PVALB CA8 (Chandelier)",0.0441328540787066,4.43801333815169,0.303675430814317,0.582352411553868,0.999998866570966,0.999994427475806,"ya_adult_cogact_freq"
"6821","PABPN1","Inh PVALB CA8 (Chandelier)",0.0645482531075449,6.27306776245455,1.00835314858752,0.316806721530435,0.999998866570966,0.999994427475806,"ya_adult_cogact_freq"
"6822","SLC22A17","Inh PVALB CA8 (Chandelier)",-0.0429564402288107,6.72591917749229,0.602471791016063,0.438776901563386,0.999998866570966,0.999994427475806,"ya_adult_cogact_freq"
"6823","ZFHX2","Inh PVALB CA8 (Chandelier)",-0.11713760420874,5.55600059721456,4.67396846839931,0.03210201777016,0.999998866570966,0.999994427475806,"ya_adult_cogact_freq"
"6824","AP1G2","Inh PVALB CA8 (Chandelier)",0.0130017029199884,5.60289251856376,0.0332037213750484,0.855640521861274,0.999998866570966,0.999994427475806,"ya_adult_cogact_freq"
"6825","JPH4","Inh PVALB CA8 (Chandelier)",-0.00710584629333555,7.3277192646652,0.0249388975483916,0.874717593111745,0.999998866570966,0.999994427475806,"ya_adult_cogact_freq"
"6826","DHRS4-AS1","Inh PVALB CA8 (Chandelier)",-0.0687016362429151,3.9096672100246,0.382177641246597,0.537314931214133,0.999998866570966,0.999994427475806,"ya_adult_cogact_freq"
"6827","DHRS4L2","Inh PVALB CA8 (Chandelier)",0.152258601408892,4.65390723798106,2.63432459054665,0.106535813550128,0.999998866570966,0.999994427475806,"ya_adult_cogact_freq"
"6828","CARMIL3","Inh PVALB CA8 (Chandelier)",-0.0902005559267934,4.26225257488642,0.752151149881403,0.387088657882207,0.999998866570966,0.999994427475806,"ya_adult_cogact_freq"
"6829","CPNE6","Inh PVALB CA8 (Chandelier)",-0.0754288721733658,4.98226377597182,0.729736048042967,0.394239892084134,0.999998866570966,0.999994427475806,"ya_adult_cogact_freq"
"6830","EMC9","Inh PVALB CA8 (Chandelier)",-0.0521883514131771,3.61309979407962,0.133145024879169,0.715672763811891,0.999998866570966,0.999994427475806,"ya_adult_cogact_freq"
"6831","REC8","Inh PVALB CA8 (Chandelier)",0.00657841784894358,3.83209222017393,0.00377818536338833,0.95106368810159,0.999998866570966,0.999994427475806,"ya_adult_cogact_freq"
"6832","AL136295.1","Inh PVALB CA8 (Chandelier)",0.0268359919071769,4.04272822631559,0.0653420427826922,0.798570341122141,0.999998866570966,0.999994427475806,"ya_adult_cogact_freq"
"6833","DHRS1","Inh PVALB CA8 (Chandelier)",0.0813333485622341,4.15300090921415,0.715632175616354,0.398837757574315,0.999998866570966,0.999994427475806,"ya_adult_cogact_freq"
"6834","SDR39U1","Inh PVALB CA8 (Chandelier)",-0.195751865857055,4.13030488590377,3.31434928948073,0.070537104697765,0.999998866570966,0.999994427475806,"ya_adult_cogact_freq"
"6835","STXBP6","Inh PVALB CA8 (Chandelier)",-0.00278638060278611,8.2986231623257,0.00472375748196873,0.945290269793769,0.999998866570966,0.999994427475806,"ya_adult_cogact_freq"
"6836","NOVA1","Inh PVALB CA8 (Chandelier)",0.00588206584300318,6.97067002195644,0.0175514125128476,0.894768932684931,0.999998866570966,0.999994427475806,"ya_adult_cogact_freq"
"6837","FOXG1","Inh PVALB CA8 (Chandelier)",-0.068032098681575,5.23801798934487,1.11874854814149,0.291774809580976,0.999998866570966,0.999994427475806,"ya_adult_cogact_freq"
"6838","LINC01551","Inh PVALB CA8 (Chandelier)",-0.0505233160300414,5.91966761283772,0.687889759302487,0.408112875500123,0.999998866570966,0.999994427475806,"ya_adult_cogact_freq"
"6839","PRKD1","Inh PVALB CA8 (Chandelier)",0.00594483333753488,7.15602222677981,0.0101921481765133,0.919711050950776,0.999998866570966,0.999994427475806,"ya_adult_cogact_freq"
"6840","G2E3","Inh PVALB CA8 (Chandelier)",0.0263365850068986,5.49810540239939,0.277630867387452,0.743593536255049,0.999998866570966,0.999994427475806,"ya_adult_cogact_freq"
"6841","SCFD1","Inh PVALB CA8 (Chandelier)",-0.0779647249135868,6.59266946767439,2.83015160344756,0.0944509105305174,0.999998866570966,0.999994427475806,"ya_adult_cogact_freq"
"6842","COCH","Inh PVALB CA8 (Chandelier)",-0.0492815345892283,4.1453999479322,0.2089706925916,0.64819247765626,0.999998866570966,0.999994427475806,"ya_adult_cogact_freq"
"6843","STRN3","Inh PVALB CA8 (Chandelier)",0.037913220049773,7.03537901599492,1.02203008779215,0.313557085368063,0.999998866570966,0.999994427475806,"ya_adult_cogact_freq"
"6844","AP4S1","Inh PVALB CA8 (Chandelier)",0.0491868844495176,5.56733551266932,0.803183472376246,0.371483260322156,0.999998866570966,0.999994427475806,"ya_adult_cogact_freq"
"6845","HECTD1","Inh PVALB CA8 (Chandelier)",-0.0103834090602334,7.31094745063418,0.111386350424986,0.740997223526835,0.999998866570966,0.999994427475806,"ya_adult_cogact_freq"
"6846","HEATR5A","Inh PVALB CA8 (Chandelier)",0.181782862999597,4.49044391742561,4.72366183294845,0.0312136512377836,0.999998866570966,0.999994427475806,"ya_adult_cogact_freq"
"6847","AL139353.1","Inh PVALB CA8 (Chandelier)",-0.000682296854667981,4.83764967181629,6.91162701110633e-05,0.99337707524119,0.999998866570966,0.999994427475806,"ya_adult_cogact_freq"
"6848","NUBPL","Inh PVALB CA8 (Chandelier)",0.00996036488271177,6.67092505774607,0.0508789980897543,0.821827240352155,0.999998866570966,0.999994427475806,"ya_adult_cogact_freq"
"6849","ARHGAP5","Inh PVALB CA8 (Chandelier)",0.0475321221908948,7.38118508904556,1.34263259197191,0.248288534668397,0.999998866570966,0.999994427475806,"ya_adult_cogact_freq"
"6850","AKAP6","Inh PVALB CA8 (Chandelier)",-0.00744132246967043,9.64078833168577,0.0653876869143223,0.798501528469701,0.999998866570966,0.999994427475806,"ya_adult_cogact_freq"
"6851","NPAS3","Inh PVALB CA8 (Chandelier)",-0.00376567384528901,9.95065077860554,0.0103814819342888,0.918971310521598,0.999998866570966,0.999994427475806,"ya_adult_cogact_freq"
"6852","EGLN3","Inh PVALB CA8 (Chandelier)",0.0207066057489388,4.78230606314377,0.0625589042826016,0.802815600480944,0.999998866570966,0.999994427475806,"ya_adult_cogact_freq"
"6853","EAPP","Inh PVALB CA8 (Chandelier)",0.0792073288469411,5.43683541739915,1.6764384309693,0.197254868328989,0.999998866570966,0.999994427475806,"ya_adult_cogact_freq"
"6854","SNX6","Inh PVALB CA8 (Chandelier)",0.0749635487739554,6.41314157978555,2.35784587572933,0.126619935624102,0.999998866570966,0.999994427475806,"ya_adult_cogact_freq"
"6855","CFL2","Inh PVALB CA8 (Chandelier)",-0.0411561217425792,4.42321939740596,0.212614747940322,0.645348874720126,0.999998866570966,0.999994427475806,"ya_adult_cogact_freq"
"6856","BAZ1A","Inh PVALB CA8 (Chandelier)",0.0316718836071296,4.06870505065345,0.0898050855669786,0.764812195461412,0.999998866570966,0.999994427475806,"ya_adult_cogact_freq"
"6857","SRP54","Inh PVALB CA8 (Chandelier)",-0.0482215212654058,5.15811343771129,0.538285586709279,0.464212699299276,0.999998866570966,0.999994427475806,"ya_adult_cogact_freq"
"6858","FAM177A1","Inh PVALB CA8 (Chandelier)",-0.0477879055594741,5.57148014974655,0.759169986452202,0.384887683472925,0.999998866570966,0.999994427475806,"ya_adult_cogact_freq"
"6859","PPP2R3C","Inh PVALB CA8 (Chandelier)",-0.00422121698487991,5.30075951543042,0.00504182650162195,0.94348137666675,0.999998866570966,0.999994427475806,"ya_adult_cogact_freq"
"6860","NFKBIA","Inh PVALB CA8 (Chandelier)",-0.13733763374448,4.33033021268241,1.55352261854101,0.214429252582178,0.999998866570966,0.999994427475806,"ya_adult_cogact_freq"
"6861","RALGAPA1","Inh PVALB CA8 (Chandelier)",-0.0124585608627078,7.92259954693731,0.179315143090837,0.82455105236167,0.999998866570966,0.999994427475806,"ya_adult_cogact_freq"
"6862","BRMS1L","Inh PVALB CA8 (Chandelier)",-0.026542190915359,5.3949384852995,0.184950110336045,0.667729175011014,0.999998866570966,0.999994427475806,"ya_adult_cogact_freq"
"6863","MBIP","Inh PVALB CA8 (Chandelier)",-0.0385322590718215,4.93106416573799,0.336440355614141,0.562703207282782,0.999998866570966,0.999994427475806,"ya_adult_cogact_freq"
"6864","MIPOL1","Inh PVALB CA8 (Chandelier)",0.10528468997769,6.53018231292105,2.93151391050145,0.0887941981798612,0.999998866570966,0.999994427475806,"ya_adult_cogact_freq"
"6865","SEC23A","Inh PVALB CA8 (Chandelier)",-0.016159621782073,6.11347784364496,0.107515315388427,0.743417477991333,0.999998866570966,0.999994427475806,"ya_adult_cogact_freq"
"6866","TRAPPC6B","Inh PVALB CA8 (Chandelier)",-0.00113911251178484,5.70985765364935,0.000440378387114134,0.983283489179543,0.999998866570966,0.999994427475806,"ya_adult_cogact_freq"
"6867","PNN","Inh PVALB CA8 (Chandelier)",0.0276839077999644,6.27308033750684,0.270137364249241,0.603954541528047,0.999998866570966,0.999994427475806,"ya_adult_cogact_freq"
"6868","MIA2","Inh PVALB CA8 (Chandelier)",0.0289870159444037,5.52717793040449,0.312726247539164,0.576790253982057,0.999998866570966,0.999994427475806,"ya_adult_cogact_freq"
"6869","FBXO33","Inh PVALB CA8 (Chandelier)",-0.0457961748000386,5.33410403800126,0.648837463037122,0.421718409386057,0.999998866570966,0.999994427475806,"ya_adult_cogact_freq"
"6870","LRFN5","Inh PVALB CA8 (Chandelier)",0.0530810834972784,7.17671219748501,0.314116546114287,0.575945240699642,0.999998866570966,0.999994427475806,"ya_adult_cogact_freq"
"6871","KLHL28","Inh PVALB CA8 (Chandelier)",-0.035423831553649,5.26172527579434,0.366297437073876,0.576977405935078,0.999998866570966,0.999994427475806,"ya_adult_cogact_freq"
"6872","TOGARAM1","Inh PVALB CA8 (Chandelier)",-0.00679547681641816,6.6285195795766,0.0267003225378583,0.870406898595962,0.999998866570966,0.999994427475806,"ya_adult_cogact_freq"
"6873","PRPF39","Inh PVALB CA8 (Chandelier)",-0.013707525859393,5.44051820494778,0.06015980592828,0.806556358948195,0.999998866570966,0.999994427475806,"ya_adult_cogact_freq"
"6874","FKBP3","Inh PVALB CA8 (Chandelier)",0.0209401830341555,5.9167407432332,0.16477455431041,0.685337975107397,0.999998866570966,0.999994427475806,"ya_adult_cogact_freq"
"6875","FANCM","Inh PVALB CA8 (Chandelier)",0.00921831322612981,4.46008597602449,0.0089073470160796,0.92492582868058,0.999998866570966,0.999994427475806,"ya_adult_cogact_freq"
"6876","MDGA2","Inh PVALB CA8 (Chandelier)",0.0321298743474324,11.3733074949876,0.979695182346563,0.323761456506601,0.999998866570966,0.999994427475806,"ya_adult_cogact_freq"
"6877","RPS29","Inh PVALB CA8 (Chandelier)",-0.0163028687838236,5.2400680467613,0.0586384697915793,0.808969612193323,0.999998866570966,0.999994427475806,"ya_adult_cogact_freq"
"6878","RPL36AL","Inh PVALB CA8 (Chandelier)",-0.0632843579208732,4.06314902950417,0.220366286110926,0.639397018209846,0.999998866570966,0.999994427475806,"ya_adult_cogact_freq"
"6879","POLE2","Inh PVALB CA8 (Chandelier)",0.0166634426712586,3.84006673648165,0.0196319386093334,0.888745294107796,0.999998866570966,0.999994427475806,"ya_adult_cogact_freq"
"6880","KLHDC1","Inh PVALB CA8 (Chandelier)",-0.00410794419447489,6.04732265920696,0.00519120268114114,0.942651673724408,0.999998866570966,0.999994427475806,"ya_adult_cogact_freq"
"6881","KLHDC2","Inh PVALB CA8 (Chandelier)",-0.0092965750745145,5.55988393879545,0.0256507209810699,0.872957337276364,0.999998866570966,0.999994427475806,"ya_adult_cogact_freq"
"6882","NEMF","Inh PVALB CA8 (Chandelier)",-0.025238588700061,7.01482566948265,0.377211571235615,0.539967512391229,0.999998866570966,0.999994427475806,"ya_adult_cogact_freq"
"6883","AL627171.2","Inh PVALB CA8 (Chandelier)",0.322720726588942,3.87041802255224,4.28733837808174,0.0399959471590741,0.999998866570966,0.999994427475806,"ya_adult_cogact_freq"
"6884","LINC01588","Inh PVALB CA8 (Chandelier)",0.113580765066583,4.10252480610018,0.73147954453636,0.393676852273282,0.999998866570966,0.999994427475806,"ya_adult_cogact_freq"
"6885","VCPKMT","Inh PVALB CA8 (Chandelier)",0.103768724282326,4.11938968816031,1.16866896784943,0.281293902745743,0.999998866570966,0.999994427475806,"ya_adult_cogact_freq"
"6886","SOS2","Inh PVALB CA8 (Chandelier)",-0.0388680255214287,6.66867562174395,1.13222800699116,0.2888962127206,0.999998866570966,0.999994427475806,"ya_adult_cogact_freq"
"6887","L2HGDH","Inh PVALB CA8 (Chandelier)",0.0100367663529093,6.00991880211072,0.0350831651428943,0.851657680552274,0.999998866570966,0.999994427475806,"ya_adult_cogact_freq"
"6888","ATP5S","Inh PVALB CA8 (Chandelier)",-0.060579521626629,4.65999865457456,0.575887100650965,0.449040156458484,0.999998866570966,0.999994427475806,"ya_adult_cogact_freq"
"6889","CDKL1","Inh PVALB CA8 (Chandelier)",0.00504927819511225,6.04433937811482,0.00531034690959032,0.941998459288544,0.999998866570966,0.999994427475806,"ya_adult_cogact_freq"
"6890","MAP4K5","Inh PVALB CA8 (Chandelier)",0.0024063871779066,7.18204395189873,0.00416515953457066,0.948621992690335,0.999998866570966,0.999994427475806,"ya_adult_cogact_freq"
"6891","ATL1","Inh PVALB CA8 (Chandelier)",-0.00978235149323458,6.50757644927907,0.0585690452484725,0.80908052522174,0.999998866570966,0.999994427475806,"ya_adult_cogact_freq"
"6892","NIN","Inh PVALB CA8 (Chandelier)",0.0414921501138058,7.68733558490899,1.33586803361693,0.249478769931353,0.999998866570966,0.999994427475806,"ya_adult_cogact_freq"
"6893","PYGL","Inh PVALB CA8 (Chandelier)",-0.120050935067754,3.69334173747244,0.416495587459807,0.519610869226162,0.999998866570966,0.999994427475806,"ya_adult_cogact_freq"
"6894","TRIM9","Inh PVALB CA8 (Chandelier)",0.0438493589328298,8.57509241476937,1.53002395785513,0.217912683863001,0.999998866570966,0.999994427475806,"ya_adult_cogact_freq"
"6895","RTRAF","Inh PVALB CA8 (Chandelier)",-0.0481646258901669,4.2629017403431,0.26632852672425,0.606514393692076,0.999998866570966,0.999994427475806,"ya_adult_cogact_freq"
"6896","TXNDC16","Inh PVALB CA8 (Chandelier)",-0.0392511664074663,6.61241491093246,0.596564557738128,0.441025799837457,0.999998866570966,0.999994427475806,"ya_adult_cogact_freq"
"6897","GPR137C","Inh PVALB CA8 (Chandelier)",0.000940802363046836,8.01851957423986,0.00056047316688672,0.981141753772788,0.999998866570966,0.999994427475806,"ya_adult_cogact_freq"
"6898","ERO1A","Inh PVALB CA8 (Chandelier)",-0.0786994359846135,5.45701709507155,1.99086372647553,0.163958925481265,0.999998866570966,0.999994427475806,"ya_adult_cogact_freq"
"6899","PSMC6","Inh PVALB CA8 (Chandelier)",0.0109374911190014,5.47100241968026,0.0446542834338684,0.832908646192059,0.999998866570966,0.999994427475806,"ya_adult_cogact_freq"
"6900","GNPNAT1","Inh PVALB CA8 (Chandelier)",-0.0452709546569634,3.92080861927363,0.173880928055384,0.677241761963824,0.999998866570966,0.999994427475806,"ya_adult_cogact_freq"
"6901","FERMT2","Inh PVALB CA8 (Chandelier)",0.019067557540941,5.38211186230299,0.0697054345069592,0.792104287167735,0.999998866570966,0.999994427475806,"ya_adult_cogact_freq"
"6902","DDHD1","Inh PVALB CA8 (Chandelier)",0.0255925067701719,6.68926506308915,0.445187347417698,0.505585882617404,0.999998866570966,0.999994427475806,"ya_adult_cogact_freq"
"6903","CNIH1","Inh PVALB CA8 (Chandelier)",-0.0254289002396992,5.24665316126029,0.148942685113544,0.70005805690415,0.999998866570966,0.999994427475806,"ya_adult_cogact_freq"
"6904","GMFB","Inh PVALB CA8 (Chandelier)",-0.00144581296976481,4.47729335311405,0.000245410650916655,0.987520604792066,0.999998866570966,0.999994427475806,"ya_adult_cogact_freq"
"6905","CGRRF1","Inh PVALB CA8 (Chandelier)",-0.105511313637901,4.30398084830772,1.39331077605653,0.23959032254142,0.999998866570966,0.999994427475806,"ya_adult_cogact_freq"
"6906","SAMD4A","Inh PVALB CA8 (Chandelier)",0.029912912062714,7.85279089227702,0.295532544037246,0.587449823381997,0.999998866570966,0.999994427475806,"ya_adult_cogact_freq"
"6907","GCH1","Inh PVALB CA8 (Chandelier)",-0.310957251228008,3.76285686275845,5.22381126083851,0.0235860818248438,0.999998866570966,0.999994427475806,"ya_adult_cogact_freq"
"6908","SOCS4","Inh PVALB CA8 (Chandelier)",0.132023753100656,4.44554620156596,2.38094802861683,0.124789124379525,0.999998866570966,0.999994427475806,"ya_adult_cogact_freq"
"6909","MAPK1IP1L","Inh PVALB CA8 (Chandelier)",0.0461329763394627,5.6220037834473,0.682299832708506,0.410020062081117,0.999998866570966,0.999994427475806,"ya_adult_cogact_freq"
"6910","FBXO34","Inh PVALB CA8 (Chandelier)",0.0450608599821757,7.52048093209037,1.35220929022281,0.246615446669543,0.999998866570966,0.999994427475806,"ya_adult_cogact_freq"
"6911","ATG14","Inh PVALB CA8 (Chandelier)",-0.0445798804837884,4.8886007473738,0.337017400764991,0.562368776110682,0.999998866570966,0.999994427475806,"ya_adult_cogact_freq"
"6912","KTN1-AS1","Inh PVALB CA8 (Chandelier)",-0.0853853456807319,4.81622818022684,0.970382424473048,0.32606504014842,0.999998866570966,0.999994427475806,"ya_adult_cogact_freq"
"6913","KTN1","Inh PVALB CA8 (Chandelier)",-0.00905490246295756,7.56312688004617,0.0662671474541474,0.797180628336555,0.999998866570966,0.999994427475806,"ya_adult_cogact_freq"
"6914","AL355773.1","Inh PVALB CA8 (Chandelier)",-0.173480616364232,3.77584992130291,1.4214861879035,0.234915822720413,0.999998866570966,0.999994427475806,"ya_adult_cogact_freq"
"6915","PELI2","Inh PVALB CA8 (Chandelier)",0.0889378106511429,6.13625912706019,1.2813973799845,0.259324997167114,0.999998866570966,0.999994427475806,"ya_adult_cogact_freq"
"6916","TMEM260","Inh PVALB CA8 (Chandelier)",-0.00140244007929305,5.74996399583913,0.000716845674577927,0.97867321769811,0.999998866570966,0.999994427475806,"ya_adult_cogact_freq"
"6917","EXOC5","Inh PVALB CA8 (Chandelier)",0.0476100721005746,6.21205390637341,1.2380274726971,0.267512544963768,0.999998866570966,0.999994427475806,"ya_adult_cogact_freq"
"6918","AP5M1","Inh PVALB CA8 (Chandelier)",-0.0371474711896633,6.04433617026378,0.496659689278942,0.481991225192031,0.999998866570966,0.999994427475806,"ya_adult_cogact_freq"
"6919","NAA30","Inh PVALB CA8 (Chandelier)",0.0585491779865682,4.87340200503819,0.672384463888066,0.44316320403915,0.999998866570966,0.999994427475806,"ya_adult_cogact_freq"
"6920","SLC35F4","Inh PVALB CA8 (Chandelier)",0.028091068772909,7.98809052106766,0.230803871535312,0.631581492487367,0.999998866570966,0.999994427475806,"ya_adult_cogact_freq"
"6921","ARMH4","Inh PVALB CA8 (Chandelier)",-0.029412034369266,6.64282023267014,0.331311834873885,0.565692459838085,0.999998866570966,0.999994427475806,"ya_adult_cogact_freq"
"6922","ACTR10","Inh PVALB CA8 (Chandelier)",-0.0153341536155543,5.85708743806046,0.0862013342666016,0.769441770983158,0.999998866570966,0.999994427475806,"ya_adult_cogact_freq"
"6923","PSMA3","Inh PVALB CA8 (Chandelier)",-0.017243554670746,4.82728624237128,0.0558065420260541,0.813551740361956,0.999998866570966,0.999994427475806,"ya_adult_cogact_freq"
"6924","ARID4A","Inh PVALB CA8 (Chandelier)",-0.0245809889944565,6.52799197472029,0.328307342269641,0.615225707735895,0.999998866570966,0.999994427475806,"ya_adult_cogact_freq"
"6925","TIMM9","Inh PVALB CA8 (Chandelier)",-0.133324899198248,4.56026613936616,2.85869177812151,0.0928192277854191,0.999998866570966,0.999994427475806,"ya_adult_cogact_freq"
"6926","KIAA0586","Inh PVALB CA8 (Chandelier)",0.0553933947071654,6.2982390199873,1.36553839638898,0.24430983525493,0.999998866570966,0.999994427475806,"ya_adult_cogact_freq"
"6927","DAAM1","Inh PVALB CA8 (Chandelier)",0.017126813245954,7.95428323132559,0.317152050984141,0.574108798438574,0.999998866570966,0.999994427475806,"ya_adult_cogact_freq"
"6928","GPR135","Inh PVALB CA8 (Chandelier)",0.0644627693505493,5.84186013149409,1.14788732207301,0.28559762139296,0.999998866570966,0.999994427475806,"ya_adult_cogact_freq"
"6929","L3HYPDH","Inh PVALB CA8 (Chandelier)",-0.0376483940967293,4.39708848099087,0.177273014335996,0.674289660594911,0.999998866570966,0.999994427475806,"ya_adult_cogact_freq"
"6930","JKAMP","Inh PVALB CA8 (Chandelier)",0.0293544665375978,4.6334551300711,0.147813489213013,0.701141770782155,0.999998866570966,0.999994427475806,"ya_adult_cogact_freq"
"6931","CCDC175","Inh PVALB CA8 (Chandelier)",0.0544663501065665,3.83214505998786,0.147554170936027,0.701391315056933,0.999998866570966,0.999994427475806,"ya_adult_cogact_freq"
"6932","RTN1","Inh PVALB CA8 (Chandelier)",-0.032454157302299,8.30119691159911,0.81307409881571,0.368561869681169,0.999998866570966,0.999994427475806,"ya_adult_cogact_freq"
"6933","AL157911.1","Inh PVALB CA8 (Chandelier)",-0.0668348692264878,3.74963896619183,0.174352565377535,0.676829285519664,0.999998866570966,0.999994427475806,"ya_adult_cogact_freq"
"6934","PCNX4","Inh PVALB CA8 (Chandelier)",0.125617529161382,6.52136923021695,7.51958969021152,0.00679530210573681,0.999998866570966,0.999994427475806,"ya_adult_cogact_freq"
"6935","DHRS7","Inh PVALB CA8 (Chandelier)",-0.0413568449050204,4.32328011677308,0.195382174506174,0.659068363868058,0.999998866570966,0.999994427475806,"ya_adult_cogact_freq"
"6936","PPM1A","Inh PVALB CA8 (Chandelier)",-0.0116149161386715,6.29610052675209,0.06472880490123,0.850971082056419,0.999998866570966,0.999994427475806,"ya_adult_cogact_freq"
"6937","MNAT1","Inh PVALB CA8 (Chandelier)",0.0358051972218911,7.58945315878371,1.16415195418509,0.480083800288397,0.999998866570966,0.999994427475806,"ya_adult_cogact_freq"
"6938","SLC38A6","Inh PVALB CA8 (Chandelier)",0.0595111959075963,6.04368448124235,1.47707607365072,0.403409500126076,0.999998866570966,0.999994427475806,"ya_adult_cogact_freq"
"6939","PRKCH","Inh PVALB CA8 (Chandelier)",0.265959625549579,3.66594875547371,2.00156699391357,0.159070648316707,0.999998866570966,0.999994427475806,"ya_adult_cogact_freq"
"6940","HIF1A","Inh PVALB CA8 (Chandelier)",-0.0268319475343007,5.83899183313575,0.246984159312658,0.6198856187845,0.999998866570966,0.999994427475806,"ya_adult_cogact_freq"
"6941","SNAPC1","Inh PVALB CA8 (Chandelier)",0.143787297210695,4.32802184149277,2.90502531833334,0.101766846218408,0.999998866570966,0.999994427475806,"ya_adult_cogact_freq"
"6942","SYT16","Inh PVALB CA8 (Chandelier)",0.0107473119127735,8.55113867124767,0.140095702170728,0.708679110425972,0.999998866570966,0.999994427475806,"ya_adult_cogact_freq"
"6943","KCNH5","Inh PVALB CA8 (Chandelier)",0.05493985705327,4.94864741724556,0.202477384182082,0.653334716656193,0.999998866570966,0.999994427475806,"ya_adult_cogact_freq"
"6944","PPP2R5E","Inh PVALB CA8 (Chandelier)",0.0187539966722828,7.79054037286558,0.304090514781251,0.58209496778426,0.999998866570966,0.999994427475806,"ya_adult_cogact_freq"
"6945","WDR89","Inh PVALB CA8 (Chandelier)",0.0605602727250346,4.78081865460942,0.635846448370852,0.541524131225723,0.999998866570966,0.999994427475806,"ya_adult_cogact_freq"
"6946","SGPP1","Inh PVALB CA8 (Chandelier)",0.0403138358074422,5.81657599494238,0.581773280463701,0.446735805202266,0.999998866570966,0.999994427475806,"ya_adult_cogact_freq"
"6947","SYNE2","Inh PVALB CA8 (Chandelier)",0.0204569845987229,4.2194517275615,0.0447585301060879,0.83271662674891,0.999998866570966,0.999994427475806,"ya_adult_cogact_freq"
"6948","ESR2","Inh PVALB CA8 (Chandelier)",0.0648053132659851,4.32275478966241,0.370636882219475,0.543516600333694,0.999998866570966,0.999994427475806,"ya_adult_cogact_freq"
"6949","MTHFD1","Inh PVALB CA8 (Chandelier)",0.0831036061558189,4.32862041740618,0.835891050845669,0.361943778912089,0.999998866570966,0.999994427475806,"ya_adult_cogact_freq"
"6950","ZBTB25","Inh PVALB CA8 (Chandelier)",0.0812717269036093,5.16775882459025,2.11663967702233,0.15215650249525,0.999998866570966,0.999994427475806,"ya_adult_cogact_freq"
"6951","ZBTB1","Inh PVALB CA8 (Chandelier)",0.0118119307313801,6.2535294735264,0.0399223390720406,0.841885011827322,0.999998866570966,0.999994427475806,"ya_adult_cogact_freq"
"6952","SPTB","Inh PVALB CA8 (Chandelier)",0.0286704956710133,6.97927356757674,0.626888986948274,0.429665430928516,0.999998866570966,0.999994427475806,"ya_adult_cogact_freq"
"6953","CHURC1-FNTB","Inh PVALB CA8 (Chandelier)",-0.169043517271978,4.32686699200413,3.5905626206493,0.0599037707827581,0.999998866570966,0.999994427475806,"ya_adult_cogact_freq"
"6954","RAB15","Inh PVALB CA8 (Chandelier)",-0.0395778149634065,5.62492960529908,0.515958272081676,0.588215001295153,0.999998866570966,0.999994427475806,"ya_adult_cogact_freq"
"6955","MAX","Inh PVALB CA8 (Chandelier)",0.00192228663840848,5.62123220348603,0.00106393236914971,0.974019695541706,0.999998866570966,0.999994427475806,"ya_adult_cogact_freq"
"6956","FUT8","Inh PVALB CA8 (Chandelier)",-0.0456768982238123,7.51574925477072,1.39001970249152,0.24014372065551,0.999998866570966,0.999994427475806,"ya_adult_cogact_freq"
"6957","AL359232.1","Inh PVALB CA8 (Chandelier)",-0.045659274558803,5.83627492949449,0.280545205402567,0.597074784127962,0.999998866570966,0.999994427475806,"ya_adult_cogact_freq"
"6958","GPHN","Inh PVALB CA8 (Chandelier)",0.0167847299402964,10.3086195678523,0.345197638410535,0.557668617154006,0.999998866570966,0.999994427475806,"ya_adult_cogact_freq"
"6959","MPP5","Inh PVALB CA8 (Chandelier)",0.000385103928939669,5.40772295388248,3.34290687028011e-05,0.995393994919733,0.999998866570966,0.999994427475806,"ya_adult_cogact_freq"
"6960","ATP6V1D","Inh PVALB CA8 (Chandelier)",-0.16854753183644,5.24462567103487,4.01311930179837,0.0468278012229881,0.999998866570966,0.999994427475806,"ya_adult_cogact_freq"
"6961","EIF2S1","Inh PVALB CA8 (Chandelier)",0.0589232063573509,4.84260173068583,0.635900519517492,0.705520728266936,0.999998866570966,0.999994427475806,"ya_adult_cogact_freq"
"6962","TMEM229B","Inh PVALB CA8 (Chandelier)",-0.00362484411663327,5.13585257675215,0.00262169313387209,0.959227745496529,0.999998866570966,0.999994427475806,"ya_adult_cogact_freq"
"6963","PLEKHH1","Inh PVALB CA8 (Chandelier)",0.0246015670731021,5.21103602949061,0.131880771070203,0.716966957832765,0.999998866570966,0.999994427475806,"ya_adult_cogact_freq"
"6964","PIGH","Inh PVALB CA8 (Chandelier)",0.0598245096289588,4.18225707494693,0.431387817502651,0.51224785860576,0.999998866570966,0.999994427475806,"ya_adult_cogact_freq"
"6965","ARG2","Inh PVALB CA8 (Chandelier)",0.0769403036922906,4.96633781294232,0.983841438194291,0.32274280703061,0.999998866570966,0.999994427475806,"ya_adult_cogact_freq"
"6966","ZFYVE26","Inh PVALB CA8 (Chandelier)",0.0791313205817114,4.64358051219109,1.29594344147381,0.256649133028686,0.999998866570966,0.999994427475806,"ya_adult_cogact_freq"
"6967","RAD51B","Inh PVALB CA8 (Chandelier)",-0.0411973059079662,5.27142394228118,0.210401244213482,0.647072606163416,0.999998866570966,0.999994427475806,"ya_adult_cogact_freq"
"6968","ACTN1","Inh PVALB CA8 (Chandelier)",-0.00963208565768119,6.42037030662543,0.0408244626145665,0.840132586068627,0.999998866570966,0.999994427475806,"ya_adult_cogact_freq"
"6969","DCAF5","Inh PVALB CA8 (Chandelier)",0.0363071692838366,6.67776159999028,0.738986897167325,0.391265666837351,0.999998866570966,0.999994427475806,"ya_adult_cogact_freq"
"6970","EXD2","Inh PVALB CA8 (Chandelier)",0.0141544543716686,5.09909975319592,0.0537465920274822,0.81696247065064,0.999998866570966,0.999994427475806,"ya_adult_cogact_freq"
"6971","AL359317.1","Inh PVALB CA8 (Chandelier)",-0.0905556137040375,3.98665610712566,0.578923130361451,0.447849284242301,0.999998866570966,0.999994427475806,"ya_adult_cogact_freq"
"6972","GALNT16","Inh PVALB CA8 (Chandelier)",0.0684448039029955,5.09430611177788,0.9566472354561,0.329502581182129,0.999998866570966,0.999994427475806,"ya_adult_cogact_freq"
"6973","ERH","Inh PVALB CA8 (Chandelier)",-0.158497097144061,4.69188638084181,4.19280918494472,0.0422230377009646,0.999998866570966,0.999994427475806,"ya_adult_cogact_freq"
"6974","SLC39A9","Inh PVALB CA8 (Chandelier)",-0.0018733383757444,5.21716055479418,0.000810446799716742,0.977323922082498,0.999998866570966,0.999994427475806,"ya_adult_cogact_freq"
"6975","PLEKHD1","Inh PVALB CA8 (Chandelier)",-0.0201178626001221,5.5496523948682,0.071823303359467,0.789043869193221,0.999998866570966,0.999994427475806,"ya_adult_cogact_freq"
"6976","SUSD6","Inh PVALB CA8 (Chandelier)",0.0320888836814956,4.71333795689873,0.192312415326693,0.70207531631858,0.999998866570966,0.999994427475806,"ya_adult_cogact_freq"
"6977","SRSF5","Inh PVALB CA8 (Chandelier)",-0.0549888838288347,7.01372397304453,1.17154215873448,0.280705401880658,0.999998866570966,0.999994427475806,"ya_adult_cogact_freq"
"6978","SLC8A3","Inh PVALB CA8 (Chandelier)",0.0344029601016798,7.88075026949576,0.665507883098146,0.415829197822644,0.999998866570966,0.999994427475806,"ya_adult_cogact_freq"
"6979","AL357153.2","Inh PVALB CA8 (Chandelier)",0.0639419034598194,5.78831798044295,1.15050262343854,0.285051415726001,0.999998866570966,0.999994427475806,"ya_adult_cogact_freq"
"6980","MED6","Inh PVALB CA8 (Chandelier)",0.0926423877498,4.66233709535383,1.49286044396094,0.223561717666609,0.999998866570966,0.999994427475806,"ya_adult_cogact_freq"
"6981","TTC9","Inh PVALB CA8 (Chandelier)",0.0894259812126753,4.38275269844296,1.00572866622863,0.317435365736653,0.999998866570966,0.999994427475806,"ya_adult_cogact_freq"
"6982","MAP3K9","Inh PVALB CA8 (Chandelier)",0.0339738978987724,6.09523154194415,0.532483927755726,0.466626326027167,0.999998866570966,0.999994427475806,"ya_adult_cogact_freq"
"6983","PCNX1","Inh PVALB CA8 (Chandelier)",-0.00503942128395984,7.41830714477438,0.0253503145835124,0.873697112765295,0.999998866570966,0.999994427475806,"ya_adult_cogact_freq"
"6984","SIPA1L1","Inh PVALB CA8 (Chandelier)",-0.0165468828386286,10.1072558643303,0.418773496412434,0.518472614562963,0.999998866570966,0.999994427475806,"ya_adult_cogact_freq"
"6985","RGS6","Inh PVALB CA8 (Chandelier)",0.0198659421575999,8.67361199090594,0.0836936607390937,0.772725648812645,0.999998866570966,0.999994427475806,"ya_adult_cogact_freq"
"6986","ZFYVE1","Inh PVALB CA8 (Chandelier)",-0.120795616590228,4.53756707589713,2.53226320453707,0.113504579842456,0.999998866570966,0.999994427475806,"ya_adult_cogact_freq"
"6987","RBM25","Inh PVALB CA8 (Chandelier)",0.022540896172528,7.16311445495108,0.302157921726042,0.583295560849886,0.999998866570966,0.999994427475806,"ya_adult_cogact_freq"
"6988","PSEN1","Inh PVALB CA8 (Chandelier)",-0.0463961502134632,5.7499286008809,0.725256362919937,0.395691902840554,0.999998866570966,0.999994427475806,"ya_adult_cogact_freq"
"6989","NUMB","Inh PVALB CA8 (Chandelier)",-0.0484952295312677,6.73939937087438,1.50454088311914,0.221767427785437,0.999998866570966,0.999994427475806,"ya_adult_cogact_freq"
"6990","HEATR4","Inh PVALB CA8 (Chandelier)",-0.00178420078281861,4.3160968571045,0.000323750157941949,0.985666702210633,0.999998866570966,0.999994427475806,"ya_adult_cogact_freq"
"6991","AC005225.3","Inh PVALB CA8 (Chandelier)",0.135529287603203,4.06525943725785,1.51495169587502,0.220182782796301,0.999998866570966,0.999994427475806,"ya_adult_cogact_freq"
"6992","DNAL1","Inh PVALB CA8 (Chandelier)",0.13258371394849,4.72119438639528,3.24636019686951,0.0734559851026445,0.999998866570966,0.999994427475806,"ya_adult_cogact_freq"
"6993","PNMA1","Inh PVALB CA8 (Chandelier)",-0.192606572302047,5.11868351672581,4.51804642108787,0.0350667760762035,0.999998866570966,0.999994427475806,"ya_adult_cogact_freq"
"6994","ELMSAN1","Inh PVALB CA8 (Chandelier)",-0.0781604860319412,5.69883421980718,1.83854060745868,0.177023622581958,0.999998866570966,0.999994427475806,"ya_adult_cogact_freq"
"6995","AC005480.1","Inh PVALB CA8 (Chandelier)",0.121431900283901,4.9284842468801,2.553110935632,0.11204096347046,0.999998866570966,0.999994427475806,"ya_adult_cogact_freq"
"6996","ENTPD5","Inh PVALB CA8 (Chandelier)",-0.0503024572513662,3.71027795601382,0.134116076934476,0.714683438190647,0.999998866570966,0.999994427475806,"ya_adult_cogact_freq"
"6997","BBOF1","Inh PVALB CA8 (Chandelier)",-0.0348605623092717,4.71818032868317,0.169819837129102,0.680820927628819,0.999998866570966,0.999994427475806,"ya_adult_cogact_freq"
"6998","ALDH6A1","Inh PVALB CA8 (Chandelier)",-0.00750640170382265,3.98520219907075,0.00450114044738604,0.946592990279376,0.999998866570966,0.999994427475806,"ya_adult_cogact_freq"
"6999","LIN52","Inh PVALB CA8 (Chandelier)",0.0384759190796679,6.08924110820932,0.599989876985066,0.439719612409693,0.999998866570966,0.999994427475806,"ya_adult_cogact_freq"
"7000","ABCD4","Inh PVALB CA8 (Chandelier)",-0.0121180513570357,5.81972025541293,0.0537027736341086,0.904201023265015,0.999998866570966,0.999994427475806,"ya_adult_cogact_freq"
"7001","AREL1","Inh PVALB CA8 (Chandelier)",-0.0899596415026163,4.70103972802263,1.23532129129035,0.268034084523994,0.999998866570966,0.999994427475806,"ya_adult_cogact_freq"
"7002","FCF1","Inh PVALB CA8 (Chandelier)",-0.0296993057985307,4.00198091906156,0.0751182024215672,0.784377288974043,0.999998866570966,0.999994427475806,"ya_adult_cogact_freq"
"7003","YLPM1","Inh PVALB CA8 (Chandelier)",0.0264328246590713,7.06520825837803,0.453936619640586,0.501438944017789,0.999998866570966,0.999994427475806,"ya_adult_cogact_freq"
"7004","DLST","Inh PVALB CA8 (Chandelier)",-0.186834600928289,5.27504484794333,8.5041590850404,0.00405004619324993,0.999998866570966,0.999994427475806,"ya_adult_cogact_freq"
"7005","RPS6KL1","Inh PVALB CA8 (Chandelier)",-0.0742633776275724,5.23768331214773,0.907053116459919,0.342327243245308,0.999998866570966,0.999994427475806,"ya_adult_cogact_freq"
"7006","MLH3","Inh PVALB CA8 (Chandelier)",0.00843865185298807,6.0591129117239,0.029956386822851,0.862806946664563,0.999998866570966,0.999994427475806,"ya_adult_cogact_freq"
"7007","ACYP1","Inh PVALB CA8 (Chandelier)",0.11292975624616,5.3354262267721,2.76339982872657,0.0983916298362881,0.999998866570966,0.999994427475806,"ya_adult_cogact_freq"
"7008","NEK9","Inh PVALB CA8 (Chandelier)",-0.0364135413833279,5.74589163394999,0.459087247440034,0.57419446597022,0.999998866570966,0.999994427475806,"ya_adult_cogact_freq"
"7009","TMED10","Inh PVALB CA8 (Chandelier)",-0.0507179990820124,5.04810875613395,0.600661880426065,0.439464055854996,0.999998866570966,0.999994427475806,"ya_adult_cogact_freq"
"7010","FOS","Inh PVALB CA8 (Chandelier)",-0.129053455227539,3.64183272715329,0.12376328673552,0.725448900161222,0.999998866570966,0.999994427475806,"ya_adult_cogact_freq"
"7011","JDP2","Inh PVALB CA8 (Chandelier)",0.0569477990186144,5.87301284086895,1.09767185659591,0.296350174651753,0.999998866570966,0.999994427475806,"ya_adult_cogact_freq"
"7012","TTLL5","Inh PVALB CA8 (Chandelier)",-0.00870363541820428,7.30302332441346,0.0642210917850192,0.800268381731254,0.999998866570966,0.999994427475806,"ya_adult_cogact_freq"
"7013","ERG28","Inh PVALB CA8 (Chandelier)",-0.237838048057223,4.79661881474186,8.34365953170566,0.00440411358344764,0.999998866570966,0.999994427475806,"ya_adult_cogact_freq"
"7014","IFT43","Inh PVALB CA8 (Chandelier)",-0.0508294867062602,6.60439843209644,1.35281770804462,0.246509623542568,0.999998866570966,0.999994427475806,"ya_adult_cogact_freq"
"7015","GPATCH2L","Inh PVALB CA8 (Chandelier)",-0.0156343749092166,6.61610698041237,0.170414949101013,0.680293323024445,0.999998866570966,0.999994427475806,"ya_adult_cogact_freq"
"7016","VASH1","Inh PVALB CA8 (Chandelier)",-0.0442343944648418,4.35527097576913,0.244730011870022,0.692465357218574,0.999998866570966,0.999994427475806,"ya_adult_cogact_freq"
"7017","ANGEL1","Inh PVALB CA8 (Chandelier)",-0.00104802752035908,4.6691782419263,0.000160714352384829,0.989900954365677,0.999998866570966,0.999994427475806,"ya_adult_cogact_freq"
"7018","IRF2BPL","Inh PVALB CA8 (Chandelier)",0.0477135100081639,4.37117329729828,0.196820249664789,0.65789628889921,0.999998866570966,0.999994427475806,"ya_adult_cogact_freq"
"7019","TMEM63C","Inh PVALB CA8 (Chandelier)",0.136931555620761,4.22975225298202,2.10448383260876,0.148816239310599,0.999998866570966,0.999994427475806,"ya_adult_cogact_freq"
"7020","ZDHHC22","Inh PVALB CA8 (Chandelier)",-0.0874657130374582,4.46574826220218,0.918359414819152,0.339345068535576,0.999998866570966,0.999994427475806,"ya_adult_cogact_freq"
"7021","POMT2","Inh PVALB CA8 (Chandelier)",-0.00274551601784359,4.76823702380816,0.00158470872981249,0.968295272287409,0.999998866570966,0.999994427475806,"ya_adult_cogact_freq"
"7022","TMED8","Inh PVALB CA8 (Chandelier)",-0.00661282189672608,5.89550118574277,0.0158726909274245,0.927967672125859,0.999998866570966,0.999994427475806,"ya_adult_cogact_freq"
"7023","VIPAS39","Inh PVALB CA8 (Chandelier)",-0.105225661351573,4.34629901341083,1.70059406947642,0.194074365226027,0.999998866570966,0.999994427475806,"ya_adult_cogact_freq"
"7024","AHSA1","Inh PVALB CA8 (Chandelier)",-0.0847852213607786,4.72354242582458,0.68936445978665,0.407611914061861,0.999998866570966,0.999994427475806,"ya_adult_cogact_freq"
"7025","SPTLC2","Inh PVALB CA8 (Chandelier)",0.0175685538399366,5.34039476186231,0.0857567063020355,0.910490619136286,0.999998866570966,0.999994427475806,"ya_adult_cogact_freq"
"7026","ALKBH1","Inh PVALB CA8 (Chandelier)",-0.0442799281244636,4.58142110090643,0.308736587176942,0.641711802370078,0.999998866570966,0.999994427475806,"ya_adult_cogact_freq"
"7027","SLIRP","Inh PVALB CA8 (Chandelier)",-0.0743061790098964,4.69124952561443,0.86920178431249,0.352574416664866,0.999998866570966,0.999994427475806,"ya_adult_cogact_freq"
"7028","SNW1","Inh PVALB CA8 (Chandelier)",0.0542608327919001,5.02942082248422,0.735216333061742,0.392474011565294,0.999998866570966,0.999994427475806,"ya_adult_cogact_freq"
"7029","NRXN3","Inh PVALB CA8 (Chandelier)",0.0226924714100775,12.5391311453511,0.637405112504915,0.425829813534802,0.999998866570966,0.999994427475806,"ya_adult_cogact_freq"
"7030","AC008056.1","Inh PVALB CA8 (Chandelier)",-0.216560024036131,4.32564589554329,2.7667712169748,0.0981883189420131,0.999998866570966,0.999994427475806,"ya_adult_cogact_freq"
"7031","CEP128","Inh PVALB CA8 (Chandelier)",0.0282506304244616,5.44871585587778,0.148370280818251,0.700606813512544,0.999998866570966,0.999994427475806,"ya_adult_cogact_freq"
"7032","AC007262.2","Inh PVALB CA8 (Chandelier)",0.0522778862068528,5.05832701726162,0.218163997159319,0.641074854041808,0.999998866570966,0.999994427475806,"ya_adult_cogact_freq"
"7033","GTF2A1","Inh PVALB CA8 (Chandelier)",0.0339876282552077,5.58493939564365,0.369461517581175,0.544155622165429,0.999998866570966,0.999994427475806,"ya_adult_cogact_freq"
"7034","SEL1L","Inh PVALB CA8 (Chandelier)",-0.00142635273771643,5.45763600175263,0.000554267270461186,0.981246429805698,0.999998866570966,0.999994427475806,"ya_adult_cogact_freq"
"7035","FLRT2","Inh PVALB CA8 (Chandelier)",0.0301757077959142,8.34319397190964,0.405106726266749,0.525368825386004,0.999998866570966,0.999994427475806,"ya_adult_cogact_freq"
"7036","LINC02328","Inh PVALB CA8 (Chandelier)",-0.0321295122468544,3.77240693088567,0.0538736593893642,0.816750106421209,0.999998866570966,0.999994427475806,"ya_adult_cogact_freq"
"7037","GALC","Inh PVALB CA8 (Chandelier)",0.171180782314809,4.76325424036237,6.02018831954688,0.015210599092106,0.999998866570966,0.999994427475806,"ya_adult_cogact_freq"
"7038","KCNK10","Inh PVALB CA8 (Chandelier)",0.144466988432619,5.78843862260164,4.91213286433374,0.028072731861536,0.999998866570966,0.999994427475806,"ya_adult_cogact_freq"
"7039","SPATA7","Inh PVALB CA8 (Chandelier)",0.0424273623045084,6.48430083187321,0.661064418449982,0.417386878490747,0.999998866570966,0.999994427475806,"ya_adult_cogact_freq"
"7040","PTPN21","Inh PVALB CA8 (Chandelier)",0.0123517782605233,4.8191120748482,0.0357082717781093,0.850357556628044,0.999998866570966,0.999994427475806,"ya_adult_cogact_freq"
"7041","ZC3H14","Inh PVALB CA8 (Chandelier)",-0.00918719524037875,6.60228148926097,0.0535039755070072,0.817368685231388,0.999998866570966,0.999994427475806,"ya_adult_cogact_freq"
"7042","EML5","Inh PVALB CA8 (Chandelier)",-0.0105472401749911,6.40215703614857,0.0456823476829734,0.831025094806476,0.999998866570966,0.999994427475806,"ya_adult_cogact_freq"
"7043","TTC8","Inh PVALB CA8 (Chandelier)",-0.0435064070942407,5.79827829431121,0.453564722728312,0.501614027314272,0.999998866570966,0.999994427475806,"ya_adult_cogact_freq"
"7044","FOXN3","Inh PVALB CA8 (Chandelier)",-0.0420444657307001,7.3584857452855,0.358062806401698,0.550426197217375,0.999998866570966,0.999994427475806,"ya_adult_cogact_freq"
"7045","EFCAB11","Inh PVALB CA8 (Chandelier)",-0.123963997406131,4.67130913918253,1.28445743615144,0.25875920255076,0.999998866570966,0.999994427475806,"ya_adult_cogact_freq"
"7046","TDP1","Inh PVALB CA8 (Chandelier)",-0.0116935302650478,4.60005658238264,0.0141001382194626,0.905626417654388,0.999998866570966,0.999994427475806,"ya_adult_cogact_freq"
"7047","PSMC1","Inh PVALB CA8 (Chandelier)",0.0281623294084913,4.84233531078109,0.11836205414197,0.731267383884929,0.999998866570966,0.999994427475806,"ya_adult_cogact_freq"
"7048","NRDE2","Inh PVALB CA8 (Chandelier)",-0.0200916625839279,5.57200982946496,0.114479174625833,0.735542634423747,0.999998866570966,0.999994427475806,"ya_adult_cogact_freq"
"7049","CALM1","Inh PVALB CA8 (Chandelier)",-0.0280613013907157,8.60339073183136,0.172872241897553,0.678126132066466,0.999998866570966,0.999994427475806,"ya_adult_cogact_freq"
"7050","TTC7B","Inh PVALB CA8 (Chandelier)",0.000424344563350105,7.7565268975427,0.000138585748010055,0.990621920713858,0.999998866570966,0.999994427475806,"ya_adult_cogact_freq"
"7051","RPS6KA5","Inh PVALB CA8 (Chandelier)",-0.00549963346596583,7.35119400462111,0.00882583182354994,0.925269116858862,0.999998866570966,0.999994427475806,"ya_adult_cogact_freq"
"7052","DGLUCY","Inh PVALB CA8 (Chandelier)",0.0648177789662272,6.33058572787812,1.35251353697975,0.246562521532906,0.999998866570966,0.999994427475806,"ya_adult_cogact_freq"
"7053","PPP4R3A","Inh PVALB CA8 (Chandelier)",0.00727387350578418,5.82076797116605,0.0254381267887801,0.87348040515156,0.999998866570966,0.999994427475806,"ya_adult_cogact_freq"
"7054","TRIP11","Inh PVALB CA8 (Chandelier)",0.0634227813516298,6.68316068312478,2.04677792673007,0.154469532580186,0.999998866570966,0.999994427475806,"ya_adult_cogact_freq"
"7055","ATXN3","Inh PVALB CA8 (Chandelier)",-0.0582406491161723,5.53204801792663,0.980399177343371,0.323588198795603,0.999998866570966,0.999994427475806,"ya_adult_cogact_freq"
"7056","NDUFB1","Inh PVALB CA8 (Chandelier)",0.108873577156983,4.97512658001421,2.07092096486147,0.152074986588816,0.999998866570966,0.999994427475806,"ya_adult_cogact_freq"
"7057","CPSF2","Inh PVALB CA8 (Chandelier)",0.0434535049601807,4.73429662743527,0.333132465888136,0.56462775822876,0.999998866570966,0.999994427475806,"ya_adult_cogact_freq"
"7058","LGMN","Inh PVALB CA8 (Chandelier)",-0.0754081349609186,4.25529150493589,0.551942032909796,0.458609494166895,0.999998866570966,0.999994427475806,"ya_adult_cogact_freq"
"7059","GOLGA5","Inh PVALB CA8 (Chandelier)",0.0357927863080956,4.42177792447343,0.181596824622217,0.670574543758822,0.999998866570966,0.999994427475806,"ya_adult_cogact_freq"
"7060","CHGA","Inh PVALB CA8 (Chandelier)",-0.0342697592283354,5.8840553274264,0.252828056796241,0.615778889163084,0.999998866570966,0.999994427475806,"ya_adult_cogact_freq"
"7061","ITPK1","Inh PVALB CA8 (Chandelier)",-0.00243291476428552,6.41988481390979,0.00288609494935199,0.957223046096055,0.999998866570966,0.999994427475806,"ya_adult_cogact_freq"
"7062","MOAP1","Inh PVALB CA8 (Chandelier)",-0.0710985231106037,5.2077577179105,0.534898017760549,0.465619565016698,0.999998866570966,0.999994427475806,"ya_adult_cogact_freq"
"7063","UBR7","Inh PVALB CA8 (Chandelier)",0.01524863912166,3.98935362142607,0.01895616646852,0.890664513744554,0.999998866570966,0.999994427475806,"ya_adult_cogact_freq"
"7064","BTBD7","Inh PVALB CA8 (Chandelier)",-0.0560762783248243,6.62678303957885,2.14321362463433,0.145154244787365,0.999998866570966,0.999994427475806,"ya_adult_cogact_freq"
"7065","UNC79","Inh PVALB CA8 (Chandelier)",-0.0152463369949229,8.97996544474069,0.304813612243836,0.581647034906802,0.999998866570966,0.999994427475806,"ya_adult_cogact_freq"
"7066","DDX24","Inh PVALB CA8 (Chandelier)",-0.0139853169707752,7.28925991545054,0.0969495213425325,0.755924895006924,0.999998866570966,0.999994427475806,"ya_adult_cogact_freq"
"7067","PPP4R4","Inh PVALB CA8 (Chandelier)",0.0734315481130336,6.15399339660765,1.58002814521381,0.210579798925645,0.999998866570966,0.999994427475806,"ya_adult_cogact_freq"
"7068","DICER1","Inh PVALB CA8 (Chandelier)",0.0445038995161961,6.91952643619822,1.42788702500223,0.254024662172637,0.999998866570966,0.999994427475806,"ya_adult_cogact_freq"
"7069","DICER1-AS1","Inh PVALB CA8 (Chandelier)",-0.0397606467440354,4.10915785130294,0.13042870009884,0.718462115627319,0.999998866570966,0.999994427475806,"ya_adult_cogact_freq"
"7070","CLMN","Inh PVALB CA8 (Chandelier)",-0.0195612888653853,5.05660531926656,0.0334367353743847,0.855140506008738,0.999998866570966,0.999994427475806,"ya_adult_cogact_freq"
"7071","GLRX5","Inh PVALB CA8 (Chandelier)",-0.162926539538137,4.2610015828752,2.44094018896852,0.120171716288927,0.999998866570966,0.999994427475806,"ya_adult_cogact_freq"
"7072","TUNAR","Inh PVALB CA8 (Chandelier)",0.0689895203131457,4.41448534395431,0.417135239227805,0.519290794768152,0.999998866570966,0.999994427475806,"ya_adult_cogact_freq"
"7073","C14orf132","Inh PVALB CA8 (Chandelier)",0.0697354053819959,4.19895881545923,0.453381332858774,0.50170040287469,0.999998866570966,0.999994427475806,"ya_adult_cogact_freq"
"7074","ATG2B","Inh PVALB CA8 (Chandelier)",0.0316394911972107,6.11384148514638,0.468017338744019,0.494885659641153,0.999998866570966,0.999994427475806,"ya_adult_cogact_freq"
"7075","PAPOLA","Inh PVALB CA8 (Chandelier)",-0.0587712624684588,6.84236170719933,1.35358417352788,0.24637639049048,0.999998866570966,0.999994427475806,"ya_adult_cogact_freq"
"7076","VRK1","Inh PVALB CA8 (Chandelier)",0.121485787236312,4.93345751293878,2.54775343579253,0.112415074217894,0.999998866570966,0.999994427475806,"ya_adult_cogact_freq"
"7077","LINC01550","Inh PVALB CA8 (Chandelier)",-0.0320084348162392,4.43645486330078,0.0779986010296228,0.780387157168637,0.999998866570966,0.999994427475806,"ya_adult_cogact_freq"
"7078","BCL11B","Inh PVALB CA8 (Chandelier)",0.0481725605912084,8.38895054483074,2.13858569141111,0.145586389331916,0.999998866570966,0.999994427475806,"ya_adult_cogact_freq"
"7079","SETD3","Inh PVALB CA8 (Chandelier)",-0.00716282050175494,6.22754396242842,0.0244765052494754,0.875874866053112,0.999998866570966,0.999994427475806,"ya_adult_cogact_freq"
"7080","CCNK","Inh PVALB CA8 (Chandelier)",-0.151916536744488,4.63569097868445,4.42612067520223,0.0372236245839102,0.999998866570966,0.999994427475806,"ya_adult_cogact_freq"
"7081","CCDC85C","Inh PVALB CA8 (Chandelier)",-0.0311335451668882,4.30434971910909,0.128360060326802,0.72060848582396,0.999998866570966,0.999994427475806,"ya_adult_cogact_freq"
"7082","AL160313.1","Inh PVALB CA8 (Chandelier)",0.0144213315400436,4.11945347218794,0.0166004157832552,0.897643241943327,0.999998866570966,0.999994427475806,"ya_adult_cogact_freq"
"7083","HHIPL1","Inh PVALB CA8 (Chandelier)",0.134881284148592,4.53609406284569,1.89152972176369,0.170942911885855,0.999998866570966,0.999994427475806,"ya_adult_cogact_freq"
"7084","CYP46A1","Inh PVALB CA8 (Chandelier)",-0.00648729826565713,6.50893666546211,0.0206602143430351,0.885888471275989,0.999998866570966,0.999994427475806,"ya_adult_cogact_freq"
"7085","EML1","Inh PVALB CA8 (Chandelier)",0.0133291666135932,6.07118925991762,0.0540122348883827,0.816518809700693,0.999998866570966,0.999994427475806,"ya_adult_cogact_freq"
"7086","EVL","Inh PVALB CA8 (Chandelier)",-0.015302989412962,7.43007764950656,0.207052512608179,0.940859158783973,0.999998866570966,0.999994427475806,"ya_adult_cogact_freq"
"7087","YY1","Inh PVALB CA8 (Chandelier)",-0.0562386061493564,5.84935732550509,1.29172825279405,0.257421001897143,0.999998866570966,0.999994427475806,"ya_adult_cogact_freq"
"7088","SLC25A29","Inh PVALB CA8 (Chandelier)",-0.0691386404110012,5.14483025424118,0.87921741526942,0.349822641268141,0.999998866570966,0.999994427475806,"ya_adult_cogact_freq"
"7089","WARS","Inh PVALB CA8 (Chandelier)",-0.0199294763036841,4.64821806291212,0.0443744855731709,0.833425186851773,0.999998866570966,0.999994427475806,"ya_adult_cogact_freq"
"7090","WDR25","Inh PVALB CA8 (Chandelier)",0.0264183680868768,4.84933443949678,0.104431530394623,0.746995024829592,0.999998866570966,0.999994427475806,"ya_adult_cogact_freq"
"7091","BEGAIN","Inh PVALB CA8 (Chandelier)",-0.11628165915392,6.15630500373812,2.6072060676114,0.108339991830114,0.999998866570966,0.999994427475806,"ya_adult_cogact_freq"
"7092","MEG3","Inh PVALB CA8 (Chandelier)",0.0284919574935533,6.61697804568326,0.210784717075992,0.64677319814262,0.999998866570966,0.999994427475806,"ya_adult_cogact_freq"
"7093","AL117190.2","Inh PVALB CA8 (Chandelier)",-0.150970805431821,5.3424303580459,2.88585957498733,0.0912946943065314,0.999998866570966,0.999994427475806,"ya_adult_cogact_freq"
"7094","AL117190.1","Inh PVALB CA8 (Chandelier)",0.020061270578229,5.12536263145247,0.0386023604806389,0.844486677662888,0.999998866570966,0.999994427475806,"ya_adult_cogact_freq"
"7095","MEG8","Inh PVALB CA8 (Chandelier)",-0.0340403633082391,8.40175383127614,0.616530572141757,0.433495086020595,0.999998866570966,0.999994427475806,"ya_adult_cogact_freq"
"7096","MEG9","Inh PVALB CA8 (Chandelier)",-0.0283446845392786,4.33283226287779,0.0778541216106222,0.780585390155285,0.999998866570966,0.999994427475806,"ya_adult_cogact_freq"
"7097","PPP2R5C","Inh PVALB CA8 (Chandelier)",-0.0149840539957581,7.22535947222534,0.189169626139849,0.936417146361287,0.999998866570966,0.999994427475806,"ya_adult_cogact_freq"
"7098","DYNC1H1","Inh PVALB CA8 (Chandelier)",-0.0289089046009049,7.81114167337305,0.741280657659569,0.390533211256496,0.999998866570966,0.999994427475806,"ya_adult_cogact_freq"
"7099","HSP90AA1","Inh PVALB CA8 (Chandelier)",-0.0478985207426618,8.19745628474948,0.379500971719888,0.538741672589118,0.999998866570966,0.999994427475806,"ya_adult_cogact_freq"
"7100","WDR20","Inh PVALB CA8 (Chandelier)",0.0696125438654175,5.99939753192607,1.92024609676132,0.167748853545536,0.999998866570966,0.999994427475806,"ya_adult_cogact_freq"
"7101","MOK","Inh PVALB CA8 (Chandelier)",-0.102969393496388,6.23175518413068,3.24381168519198,0.0735679095426957,0.999998866570966,0.999994427475806,"ya_adult_cogact_freq"
"7102","ZNF839","Inh PVALB CA8 (Chandelier)",0.164446866892124,3.89024537220645,2.03192607187999,0.155963978956677,0.999998866570966,0.999994427475806,"ya_adult_cogact_freq"
"7103","CINP","Inh PVALB CA8 (Chandelier)",-0.0260024371806747,4.28014568932398,0.0657532402846183,0.797951344759492,0.999998866570966,0.999994427475806,"ya_adult_cogact_freq"
"7104","TECPR2","Inh PVALB CA8 (Chandelier)",0.0653743440831338,5.87318320347612,1.64888354559113,0.200958437660069,0.999998866570966,0.999994427475806,"ya_adult_cogact_freq"
"7105","RCOR1","Inh PVALB CA8 (Chandelier)",-0.00464771554518187,6.40800827501968,0.00869441505399829,0.925825942778065,0.999998866570966,0.999994427475806,"ya_adult_cogact_freq"
"7106","TRAF3","Inh PVALB CA8 (Chandelier)",0.0660177119137057,6.40465823357513,1.62033179841183,0.204883242500804,0.999998866570966,0.999994427475806,"ya_adult_cogact_freq"
"7107","CDC42BPB","Inh PVALB CA8 (Chandelier)",-0.00426516934956737,6.52349242175319,0.00975141078488286,0.921460399006413,0.999998866570966,0.999994427475806,"ya_adult_cogact_freq"
"7108","TNFAIP2","Inh PVALB CA8 (Chandelier)",-0.0340945122343951,3.86868544290862,0.0665283439388791,0.796790128536054,0.999998866570966,0.999994427475806,"ya_adult_cogact_freq"
"7109","EIF5","Inh PVALB CA8 (Chandelier)",-0.131196312730515,6.00460363564595,3.30837793890166,0.0707883677567817,0.999998866570966,0.999994427475806,"ya_adult_cogact_freq"
"7110","MARK3","Inh PVALB CA8 (Chandelier)",0.0143094471380835,7.74161834498946,0.194904281326798,0.659459003549147,0.999998866570966,0.999994427475806,"ya_adult_cogact_freq"
"7111","CKB","Inh PVALB CA8 (Chandelier)",-0.187869978526383,7.65478469994962,5.58798475235719,0.019278737853901,0.999998866570966,0.999994427475806,"ya_adult_cogact_freq"
"7112","BAG5","Inh PVALB CA8 (Chandelier)",0.0374763430108093,4.20890926457971,0.173701675733349,0.677398701717643,0.999998866570966,0.999994427475806,"ya_adult_cogact_freq"
"7113","KLC1","Inh PVALB CA8 (Chandelier)",0.037729086003211,6.80762623165846,0.391844563504502,0.532219126172462,0.999998866570966,0.999994427475806,"ya_adult_cogact_freq"
"7114","PPP1R13B","Inh PVALB CA8 (Chandelier)",-0.0026682631077078,7.39342446862666,0.00461828017108958,0.94590357168252,0.999998866570966,0.999994427475806,"ya_adult_cogact_freq"
"7115","ATP5MPL","Inh PVALB CA8 (Chandelier)",-0.160273263667884,5.30667281451117,3.68202222811512,0.0567738694527057,0.999998866570966,0.999994427475806,"ya_adult_cogact_freq"
"7116","TMEM179","Inh PVALB CA8 (Chandelier)",0.0910796954778974,5.30384392487357,0.757551589265825,0.38539359120039,0.999998866570966,0.999994427475806,"ya_adult_cogact_freq"
"7117","SIVA1","Inh PVALB CA8 (Chandelier)",0.00979227516577132,4.17435779812109,0.0125653094093928,0.910887848408272,0.999998866570966,0.999994427475806,"ya_adult_cogact_freq"
"7118","AKT1","Inh PVALB CA8 (Chandelier)",0.00539112920284641,4.79731760525064,0.00504376238404537,0.943470545475217,0.999998866570966,0.999994427475806,"ya_adult_cogact_freq"
"7119","CEP170B","Inh PVALB CA8 (Chandelier)",0.0258686044198635,4.57786748814891,0.103793080504792,0.80281608218307,0.999998866570966,0.999994427475806,"ya_adult_cogact_freq"
"7120","BRF1","Inh PVALB CA8 (Chandelier)",0.0357558463003681,5.52197458143453,0.445413934302823,0.505477744189855,0.999998866570966,0.999994427475806,"ya_adult_cogact_freq"
"7121","BTBD6","Inh PVALB CA8 (Chandelier)",-0.124244028497246,3.96503507434171,1.1818364519989,0.27860967432436,0.999998866570966,0.999994427475806,"ya_adult_cogact_freq"
"7122","PACS2","Inh PVALB CA8 (Chandelier)",0.00139752510507028,6.52427317799904,0.00101172140453725,0.974664965712471,0.999998866570966,0.999994427475806,"ya_adult_cogact_freq"
"7123","TEX22","Inh PVALB CA8 (Chandelier)",0.0262564021457746,3.86127910298336,0.0504891405965308,0.822499648661019,0.999998866570966,0.999994427475806,"ya_adult_cogact_freq"
"7124","MTA1","Inh PVALB CA8 (Chandelier)",-0.0412455042354602,4.7900143920399,0.319450841936637,0.760459201159476,0.999998866570966,0.999994427475806,"ya_adult_cogact_freq"
"7125","AC087386.1","Inh PVALB CA8 (Chandelier)",0.100751123841859,4.51017455238262,0.880238104801395,0.349543862589337,0.999998866570966,0.999994427475806,"ya_adult_cogact_freq"
"7126","AC012414.5","Inh PVALB CA8 (Chandelier)",-0.061608336631734,4.11032478958317,0.241309701884019,0.623931722031711,0.999998866570966,0.999994427475806,"ya_adult_cogact_freq"
"7127","NIPA1","Inh PVALB CA8 (Chandelier)",-0.0644469136708235,5.76895338781975,1.87066661283016,0.173307653373952,0.999998866570966,0.999994427475806,"ya_adult_cogact_freq"
"7128","NIPA2","Inh PVALB CA8 (Chandelier)",-0.116896165626467,5.05708725624161,3.06975292132513,0.0816682732836361,0.999998866570966,0.999994427475806,"ya_adult_cogact_freq"
"7129","CYFIP1","Inh PVALB CA8 (Chandelier)",-0.0390204938567274,6.74699798353832,0.703517898744571,0.402849564333132,0.999998866570966,0.999994427475806,"ya_adult_cogact_freq"
"7130","TUBGCP5","Inh PVALB CA8 (Chandelier)",0.0832289586248467,6.08836042914003,1.86274008492166,0.174216017183914,0.999998866570966,0.999994427475806,"ya_adult_cogact_freq"
"7131","MKRN3","Inh PVALB CA8 (Chandelier)",-0.0659660962755982,5.24611776189476,0.538149280490583,0.46426917589486,0.999998866570966,0.999994427475806,"ya_adult_cogact_freq"
"7132","NDN","Inh PVALB CA8 (Chandelier)",-0.0758784476917381,4.59885424368711,0.407595367733597,0.524100962823361,0.999998866570966,0.999994427475806,"ya_adult_cogact_freq"
"7133","AC021439.1","Inh PVALB CA8 (Chandelier)",0.14841423025374,3.98380414556317,1.16661736385104,0.281715082676818,0.999998866570966,0.999994427475806,"ya_adult_cogact_freq"
"7134","PWRN1","Inh PVALB CA8 (Chandelier)",-0.0666389156466395,6.01586198985826,0.391788038355639,0.532248667382037,0.999998866570966,0.999994427475806,"ya_adult_cogact_freq"
"7135","SNRPN","Inh PVALB CA8 (Chandelier)",0.015993704281641,9.04095967443978,0.21317542296052,0.644913987301614,0.999998866570966,0.999994427475806,"ya_adult_cogact_freq"
"7136","AC124312.1","Inh PVALB CA8 (Chandelier)",0.0180214458450095,9.30939230671193,0.551458458655152,0.458806059669859,0.999998866570966,0.999994427475806,"ya_adult_cogact_freq"
"7137","PWAR6","Inh PVALB CA8 (Chandelier)",0.010518712912933,8.45640089429881,0.0830311475000722,0.773602115212443,0.999998866570966,0.999994427475806,"ya_adult_cogact_freq"
"7138","UBE3A","Inh PVALB CA8 (Chandelier)",-0.053503690830923,7.16030532583473,1.9224973964693,0.167501376177949,0.999998866570966,0.999994427475806,"ya_adult_cogact_freq"
"7139","ATP10A","Inh PVALB CA8 (Chandelier)",-0.0599543217198556,3.61159777653782,0.12943018929886,0.719495725650271,0.999998866570966,0.999994427475806,"ya_adult_cogact_freq"
"7140","GABRB3","Inh PVALB CA8 (Chandelier)",-0.00232925619705702,8.45024789285435,0.00471465651545881,0.945342914734867,0.999998866570966,0.999994427475806,"ya_adult_cogact_freq"
"7141","GABRG3","Inh PVALB CA8 (Chandelier)",0.00222582337593231,10.6996392671943,0.00451871570719894,0.9464889823455,0.999998866570966,0.999994427475806,"ya_adult_cogact_freq"
"7142","OCA2","Inh PVALB CA8 (Chandelier)",0.177048193640913,4.60183946473758,1.89531031542016,0.170518409341972,0.999998866570966,0.999994427475806,"ya_adult_cogact_freq"
"7143","HERC2","Inh PVALB CA8 (Chandelier)",0.0214331875304011,7.77629356270902,0.406362896451671,0.524728174124122,0.999998866570966,0.999994427475806,"ya_adult_cogact_freq"
"7144","APBA2","Inh PVALB CA8 (Chandelier)",0.00244424321620019,7.8034231865586,0.00651598793347351,0.9357637054817,0.999998866570966,0.999994427475806,"ya_adult_cogact_freq"
"7145","FAM189A1","Inh PVALB CA8 (Chandelier)",0.0442102675378018,7.18098036156782,0.808904284897803,0.369789564595781,0.999998866570966,0.999994427475806,"ya_adult_cogact_freq"
"7146","TJP1","Inh PVALB CA8 (Chandelier)",0.0329793641924684,7.1886053735644,0.793932266206729,0.420295300995522,0.999998866570966,0.999994427475806,"ya_adult_cogact_freq"
"7147","FAN1","Inh PVALB CA8 (Chandelier)",0.0879881209229876,5.01555297508147,1.76874063423562,0.185421783784142,0.999998866570966,0.999994427475806,"ya_adult_cogact_freq"
"7148","MTMR10","Inh PVALB CA8 (Chandelier)",-0.0137065849353182,4.0675000243785,0.0177372912012901,0.894216463654025,0.999998866570966,0.999994427475806,"ya_adult_cogact_freq"
"7149","KLF13","Inh PVALB CA8 (Chandelier)",-0.0152495134184398,5.26870073343431,0.041151632549101,0.839502027096038,0.999998866570966,0.999994427475806,"ya_adult_cogact_freq"
"7150","OTUD7A","Inh PVALB CA8 (Chandelier)",0.026738776611236,8.84186047293873,0.735288787582687,0.39245074153232,0.999998866570966,0.999994427475806,"ya_adult_cogact_freq"
"7151","LINC02256","Inh PVALB CA8 (Chandelier)",-0.00267968450864781,5.99416916349362,0.00193827537557956,0.964938435037926,0.999998866570966,0.999994427475806,"ya_adult_cogact_freq"
"7152","SCG5","Inh PVALB CA8 (Chandelier)",-0.0543852859152366,6.51696635053833,0.762190496237516,0.383946012553596,0.999998866570966,0.999994427475806,"ya_adult_cogact_freq"
"7153","FMN1","Inh PVALB CA8 (Chandelier)",0.0201142524709516,9.01487337663748,0.312010532070617,0.577226223406583,0.999998866570966,0.999994427475806,"ya_adult_cogact_freq"
"7154","RYR3","Inh PVALB CA8 (Chandelier)",-0.0520880503028618,4.73216476055492,0.22919027378679,0.632775347656145,0.999998866570966,0.999994427475806,"ya_adult_cogact_freq"
"7155","AVEN","Inh PVALB CA8 (Chandelier)",0.0317384858464077,4.65429313564372,0.117674967869222,0.732018131696457,0.999998866570966,0.999994427475806,"ya_adult_cogact_freq"
"7156","EMC7","Inh PVALB CA8 (Chandelier)",-0.188811830233794,4.14567730765409,3.90036269325772,0.0499881239838124,0.999998866570966,0.999994427475806,"ya_adult_cogact_freq"
"7157","KATNBL1","Inh PVALB CA8 (Chandelier)",-0.0219962597476688,6.96774950576188,0.306522652210129,0.59896994556967,0.999998866570966,0.999994427475806,"ya_adult_cogact_freq"
"7158","EMC4","Inh PVALB CA8 (Chandelier)",-0.049582164492452,4.01203027358399,0.243417407823331,0.62242200267013,0.999998866570966,0.999994427475806,"ya_adult_cogact_freq"
"7159","SLC12A6","Inh PVALB CA8 (Chandelier)",-0.00187659827136558,6.24254625775096,0.00123315245819735,0.972030591057383,0.999998866570966,0.999994427475806,"ya_adult_cogact_freq"
"7160","LPCAT4","Inh PVALB CA8 (Chandelier)",-0.0255935566052193,6.23823599992879,0.243354212367338,0.622467150185114,0.999998866570966,0.999994427475806,"ya_adult_cogact_freq"
"7161","GOLGA8A","Inh PVALB CA8 (Chandelier)",0.0765515264069157,6.62891203432353,2.08838980948419,0.150368824154268,0.999998866570966,0.999994427475806,"ya_adult_cogact_freq"
"7162","GOLGA8B","Inh PVALB CA8 (Chandelier)",-0.0978248799982227,6.89375843246722,1.91443046021498,0.168390103041578,0.999998866570966,0.999994427475806,"ya_adult_cogact_freq"
"7163","AC087457.1","Inh PVALB CA8 (Chandelier)",-0.0546828492303951,5.45006055032616,0.525520997794475,0.469549839476333,0.999998866570966,0.999994427475806,"ya_adult_cogact_freq"
"7164","AQR","Inh PVALB CA8 (Chandelier)",0.00723781166066649,5.91583127100806,0.0214567404092267,0.944390206436605,0.999998866570966,0.999994427475806,"ya_adult_cogact_freq"
"7165","ZNF770","Inh PVALB CA8 (Chandelier)",0.113557141657952,4.93476112233401,2.33137893275429,0.128754539326629,0.999998866570966,0.999994427475806,"ya_adult_cogact_freq"
"7166","AC021231.1","Inh PVALB CA8 (Chandelier)",-0.142973717253876,5.21690575441313,2.11900508768879,0.147431037609278,0.999998866570966,0.999994427475806,"ya_adult_cogact_freq"
"7167","DPH6","Inh PVALB CA8 (Chandelier)",-0.00158639473697358,6.75965992222914,0.000412373536973891,0.983823667358444,0.999998866570966,0.999994427475806,"ya_adult_cogact_freq"
"7168","DPH6-DT","Inh PVALB CA8 (Chandelier)",0.100659231723848,5.75918565264677,0.790065715674484,0.375408289113382,0.999998866570966,0.999994427475806,"ya_adult_cogact_freq"
"7169","C15orf41","Inh PVALB CA8 (Chandelier)",-0.0237337923995397,5.91229508884686,0.17470339960913,0.676522884025227,0.999998866570966,0.999994427475806,"ya_adult_cogact_freq"
"7170","SPRED1","Inh PVALB CA8 (Chandelier)",-0.0157937630615613,5.35891704124997,0.0288296511557416,0.865386433256051,0.999998866570966,0.999994427475806,"ya_adult_cogact_freq"
"7171","FAM98B","Inh PVALB CA8 (Chandelier)",-0.0238362182424631,4.65072559803529,0.0887083289556476,0.76621026806146,0.999998866570966,0.999994427475806,"ya_adult_cogact_freq"
"7172","AC013652.1","Inh PVALB CA8 (Chandelier)",0.00300102860875991,5.98858141428467,0.00136052407660527,0.970622235638721,0.999998866570966,0.999994427475806,"ya_adult_cogact_freq"
"7173","FSIP1","Inh PVALB CA8 (Chandelier)",0.0647266946446627,5.48984936601134,0.8300606239141,0.363619055152488,0.999998866570966,0.999994427475806,"ya_adult_cogact_freq"
"7174","GPR176","Inh PVALB CA8 (Chandelier)",-0.0353356140876706,7.25092956011276,0.96464111766683,0.327496082583575,0.999998866570966,0.999994427475806,"ya_adult_cogact_freq"
"7175","EIF2AK4","Inh PVALB CA8 (Chandelier)",-0.0342412484303672,6.38678840568636,0.703143634454478,0.437166766829394,0.999998866570966,0.999994427475806,"ya_adult_cogact_freq"
"7176","SRP14","Inh PVALB CA8 (Chandelier)",-0.178133485812878,5.86760777813146,3.7790144589101,0.0536451748789301,0.999998866570966,0.999994427475806,"ya_adult_cogact_freq"
"7177","PAK6","Inh PVALB CA8 (Chandelier)",0.013118306866407,4.0794893885033,0.0143423510674111,0.904823150730173,0.999998866570966,0.999994427475806,"ya_adult_cogact_freq"
"7178","INAFM2","Inh PVALB CA8 (Chandelier)",-0.217126537891345,3.55108069808167,2.20859333379802,0.139202212417435,0.999998866570966,0.999994427475806,"ya_adult_cogact_freq"
"7179","DISP2","Inh PVALB CA8 (Chandelier)",-0.0608636197716279,5.11487898560578,0.762764398073498,0.383767465410043,0.999998866570966,0.999994427475806,"ya_adult_cogact_freq"
"7180","IVD","Inh PVALB CA8 (Chandelier)",-0.0804221305977311,5.59193113394231,1.81723621004653,0.179538975009096,0.999998866570966,0.999994427475806,"ya_adult_cogact_freq"
"7181","BAHD1","Inh PVALB CA8 (Chandelier)",-0.0099410565189351,4.01567344296742,0.00867700554823183,0.995214351337728,0.999998866570966,0.999994427475806,"ya_adult_cogact_freq"
"7182","CCDC32","Inh PVALB CA8 (Chandelier)",-0.135310378042343,4.79742449971698,2.58477930161377,0.109857623908921,0.999998866570966,0.999994427475806,"ya_adult_cogact_freq"
"7183","RMDN3","Inh PVALB CA8 (Chandelier)",0.060401999241969,4.9207658976512,0.792577349605257,0.430707571485401,0.999998866570966,0.999994427475806,"ya_adult_cogact_freq"
"7184","DNAJC17","Inh PVALB CA8 (Chandelier)",-0.0559316607116302,5.32261872608321,0.75312626966624,0.386781802904063,0.999998866570966,0.999994427475806,"ya_adult_cogact_freq"
"7185","ZFYVE19","Inh PVALB CA8 (Chandelier)",0.00339771748440582,3.93183107727925,0.00118208253870809,0.972615644611715,0.999998866570966,0.999994427475806,"ya_adult_cogact_freq"
"7186","INO80","Inh PVALB CA8 (Chandelier)",0.00889334336488013,6.32683301406116,0.031019394659525,0.860418786650909,0.999998866570966,0.999994427475806,"ya_adult_cogact_freq"
"7187","CHP1","Inh PVALB CA8 (Chandelier)",0.0933098304630132,4.76838609915138,1.23774946473591,0.267566064347892,0.999998866570966,0.999994427475806,"ya_adult_cogact_freq"
"7188","NDUFAF1","Inh PVALB CA8 (Chandelier)",-0.00926970417329443,4.03908595440023,0.00780065398626605,0.929731225603429,0.999998866570966,0.999994427475806,"ya_adult_cogact_freq"
"7189","RTF1","Inh PVALB CA8 (Chandelier)",-0.0215387074939006,6.80668112403218,0.159461966406546,0.690182336162425,0.999998866570966,0.999994427475806,"ya_adult_cogact_freq"
"7190","MGA","Inh PVALB CA8 (Chandelier)",0.0786740566116157,6.19158682759527,2.77823939782028,0.0975001867344875,0.999998866570966,0.999994427475806,"ya_adult_cogact_freq"
"7191","MAPKBP1","Inh PVALB CA8 (Chandelier)",0.0549428949258511,6.24766812017959,1.54001084950487,0.216423998367672,0.999998866570966,0.999994427475806,"ya_adult_cogact_freq"
"7192","VPS39","Inh PVALB CA8 (Chandelier)",-0.0381092750673774,5.33043307661137,0.386818788193091,0.610707740821098,0.999998866570966,0.999994427475806,"ya_adult_cogact_freq"
"7193","TMEM87A","Inh PVALB CA8 (Chandelier)",-0.0333126140126712,5.99026474339675,0.437620267222525,0.509220316515604,0.999998866570966,0.999994427475806,"ya_adult_cogact_freq"
"7194","GANC","Inh PVALB CA8 (Chandelier)",0.0483398802192405,5.48013454377529,0.595627861947092,0.441384036657923,0.999998866570966,0.999994427475806,"ya_adult_cogact_freq"
"7195","ZNF106","Inh PVALB CA8 (Chandelier)",-0.00497554958526168,6.3125783439133,0.0130568167875298,0.909169175457514,0.999998866570966,0.999994427475806,"ya_adult_cogact_freq"
"7196","SNAP23","Inh PVALB CA8 (Chandelier)",0.12610834740227,5.26968464908943,3.38166188742766,0.0677704404823143,0.999998866570966,0.999994427475806,"ya_adult_cogact_freq"
"7197","HAUS2","Inh PVALB CA8 (Chandelier)",0.042775161291757,3.93217944981348,0.156984591968695,0.874143027410011,0.999998866570966,0.999994427475806,"ya_adult_cogact_freq"
"7198","STARD9","Inh PVALB CA8 (Chandelier)",0.109121944965265,4.60753930853472,1.48586361561262,0.224644926526642,0.999998866570966,0.999994427475806,"ya_adult_cogact_freq"
"7199","CDAN1","Inh PVALB CA8 (Chandelier)",0.111706385787383,4.08961277786084,1.42867708863768,0.23930186520714,0.999998866570966,0.999994427475806,"ya_adult_cogact_freq"
"7200","TTBK2","Inh PVALB CA8 (Chandelier)",0.0475174513948464,8.10388989510708,2.83073735791982,0.0944171073292644,0.999998866570966,0.999994427475806,"ya_adult_cogact_freq"
"7201","UBR1","Inh PVALB CA8 (Chandelier)",-0.0194211669269629,8.05113038270022,0.362523769712004,0.547956164599573,0.999998866570966,0.999994427475806,"ya_adult_cogact_freq"
"7202","AC068724.3","Inh PVALB CA8 (Chandelier)",0.0623297312684469,5.04245186823388,0.798377616623886,0.372914508532025,0.999998866570966,0.999994427475806,"ya_adult_cogact_freq"
"7203","TMEM62","Inh PVALB CA8 (Chandelier)",0.134929119923114,5.66548794218379,5.09134956237536,0.0253932381661825,0.999998866570966,0.999994427475806,"ya_adult_cogact_freq"
"7204","CCNDBP1","Inh PVALB CA8 (Chandelier)",-0.0674104215705093,4.90770257929308,0.617514117894824,0.433129222739015,0.999998866570966,0.999994427475806,"ya_adult_cogact_freq"
"7205","ADAL","Inh PVALB CA8 (Chandelier)",0.0863146548045437,5.00805671186161,1.57111275848126,0.211865305561742,0.999998866570966,0.999994427475806,"ya_adult_cogact_freq"
"7206","TUBGCP4","Inh PVALB CA8 (Chandelier)",-0.0865093201416039,4.84337779978435,1.43508466184612,0.232699559591496,0.999998866570966,0.999994427475806,"ya_adult_cogact_freq"
"7207","TP53BP1","Inh PVALB CA8 (Chandelier)",-0.0577573752620478,7.01813254959893,2.0752003604917,0.151654988378285,0.999998866570966,0.999994427475806,"ya_adult_cogact_freq"
"7208","MAP1A","Inh PVALB CA8 (Chandelier)",0.110517618264784,7.45862208178414,3.18725148532854,0.0761000838553469,0.999998866570966,0.999994427475806,"ya_adult_cogact_freq"
"7209","PPIP5K1","Inh PVALB CA8 (Chandelier)",-0.0295749703486213,6.62811029731222,0.47034665405072,0.49381555368008,0.999998866570966,0.999994427475806,"ya_adult_cogact_freq"
"7210","CKMT1B","Inh PVALB CA8 (Chandelier)",-0.00433784028375753,5.29059931093914,0.00324063553936841,0.954674371761933,0.999998866570966,0.999994427475806,"ya_adult_cogact_freq"
"7211","AC011330.3","Inh PVALB CA8 (Chandelier)",0.0091685466639602,5.41754974556877,0.0200527854606277,0.887567056041267,0.999998866570966,0.999994427475806,"ya_adult_cogact_freq"
"7212","CATSPER2","Inh PVALB CA8 (Chandelier)",0.0274895928868325,7.1907162597746,0.439650486009957,0.508240791120703,0.999998866570966,0.999994427475806,"ya_adult_cogact_freq"
"7213","CKMT1A","Inh PVALB CA8 (Chandelier)",0.12009212667539,4.13347536299154,1.48095191454429,0.225409116682312,0.999998866570966,0.999994427475806,"ya_adult_cogact_freq"
"7214","PDIA3","Inh PVALB CA8 (Chandelier)",-0.0576827670277274,5.4545740770138,0.825233325035484,0.365014272581656,0.999998866570966,0.999994427475806,"ya_adult_cogact_freq"
"7215","SERF2","Inh PVALB CA8 (Chandelier)",0.0144443841595379,5.20732997066446,0.0227885977088826,0.880197367544726,0.999998866570966,0.999994427475806,"ya_adult_cogact_freq"
"7216","MFAP1","Inh PVALB CA8 (Chandelier)",-0.0195839584729199,4.13542820122543,0.0401750267488166,0.841392092614947,0.999998866570966,0.999994427475806,"ya_adult_cogact_freq"
"7217","FRMD5","Inh PVALB CA8 (Chandelier)",0.0238181186238645,10.0975249268504,0.634558490460908,0.426862946021406,0.999998866570966,0.999994427475806,"ya_adult_cogact_freq"
"7218","CASC4","Inh PVALB CA8 (Chandelier)",0.0248815075467193,8.23135865268135,0.567291368534378,0.452438838715878,0.999998866570966,0.999994427475806,"ya_adult_cogact_freq"
"7219","AC025043.1","Inh PVALB CA8 (Chandelier)",-0.206671509873603,4.29732444467845,2.26910365193913,0.133938598314378,0.999998866570966,0.999994427475806,"ya_adult_cogact_freq"
"7220","CTDSPL2","Inh PVALB CA8 (Chandelier)",0.0213496321402853,6.24704392460743,0.256520523855821,0.979744820631457,0.999998866570966,0.999994427475806,"ya_adult_cogact_freq"
"7221","EIF3J-DT","Inh PVALB CA8 (Chandelier)",0.00495919518415341,4.83100654932517,0.00481952018875495,0.9447393856783,0.999998866570966,0.999994427475806,"ya_adult_cogact_freq"
"7222","EIF3J","Inh PVALB CA8 (Chandelier)",-0.0696292633363767,5.39921884640991,1.64580897343213,0.201376765682025,0.999998866570966,0.999994427475806,"ya_adult_cogact_freq"
"7223","SPG11","Inh PVALB CA8 (Chandelier)",-0.00377482070624028,6.68302859378217,0.00984700453466075,0.921077636853744,0.999998866570966,0.999994427475806,"ya_adult_cogact_freq"
"7224","B2M","Inh PVALB CA8 (Chandelier)",-0.138815613754259,5.13051739641156,1.6447417401214,0.201522215293676,0.999998866570966,0.999994427475806,"ya_adult_cogact_freq"
"7225","TRIM69","Inh PVALB CA8 (Chandelier)",-0.0316590823735792,5.76856054411427,0.22329127897017,0.637184343365033,0.999998866570966,0.999994427475806,"ya_adult_cogact_freq"
"7226","SORD","Inh PVALB CA8 (Chandelier)",-0.0330069655185483,4.26408347417452,0.163437350550711,0.686548664163679,0.999998866570966,0.999994427475806,"ya_adult_cogact_freq"
"7227","SHF","Inh PVALB CA8 (Chandelier)",0.0322809203273561,4.58791439083138,0.161394269703152,0.752872963375095,0.999998866570966,0.999994427475806,"ya_adult_cogact_freq"
"7228","SPATA5L1","Inh PVALB CA8 (Chandelier)",-0.115463466047927,4.00080716235067,1.17608559904015,0.279777982362034,0.999998866570966,0.999994427475806,"ya_adult_cogact_freq"
"7229","SLC30A4","Inh PVALB CA8 (Chandelier)",0.072042438306094,4.48861067288019,0.668681904643456,0.414721824708796,0.999998866570966,0.999994427475806,"ya_adult_cogact_freq"
"7230","SEMA6D","Inh PVALB CA8 (Chandelier)",0.038040045332141,4.60672861881454,0.137099144595877,0.711669422600122,0.999998866570966,0.999994427475806,"ya_adult_cogact_freq"
"7231","MYEF2","Inh PVALB CA8 (Chandelier)",0.0919845846576826,6.84868655542512,5.94788531137474,0.0158231933762334,0.999998866570966,0.999994427475806,"ya_adult_cogact_freq"
"7232","DUT","Inh PVALB CA8 (Chandelier)",-0.0389380561160806,5.33300466225785,0.370126632383161,0.543793841840223,0.999998866570966,0.999994427475806,"ya_adult_cogact_freq"
"7233","FBN1","Inh PVALB CA8 (Chandelier)",0.0303880021471739,7.03667102574285,0.554056283074998,0.457751652184037,0.999998866570966,0.999994427475806,"ya_adult_cogact_freq"
"7234","EID1","Inh PVALB CA8 (Chandelier)",-0.127975690000193,6.01749130460279,2.55900593603375,0.111630916777928,0.999998866570966,0.999994427475806,"ya_adult_cogact_freq"
"7235","SECISBP2L","Inh PVALB CA8 (Chandelier)",-0.0235939345465076,6.50518859669889,0.41367857885262,0.521024628016655,0.999998866570966,0.999994427475806,"ya_adult_cogact_freq"
"7236","COPS2","Inh PVALB CA8 (Chandelier)",0.00567705653822007,5.56811876625875,0.0118441327337143,0.913472450216077,0.999998866570966,0.999994427475806,"ya_adult_cogact_freq"
"7237","GALK2","Inh PVALB CA8 (Chandelier)",-0.0703939885562912,6.32660552047401,2.81936389741192,0.0950758388187445,0.999998866570966,0.999994427475806,"ya_adult_cogact_freq"
"7238","DTWD1","Inh PVALB CA8 (Chandelier)",0.0658473095856225,5.60662219893869,1.07061163447921,0.302361266307724,0.999998866570966,0.999994427475806,"ya_adult_cogact_freq"
"7239","GABPB1","Inh PVALB CA8 (Chandelier)",-0.0462780079021904,5.35939540621719,0.572283113403879,0.450460252211168,0.999998866570966,0.999994427475806,"ya_adult_cogact_freq"
"7240","GABPB1-AS1","Inh PVALB CA8 (Chandelier)",0.00917312971370592,6.4105183840841,0.0140863017546972,0.90567251496059,0.999998866570966,0.999994427475806,"ya_adult_cogact_freq"
"7241","USP8","Inh PVALB CA8 (Chandelier)",-0.0130954017025039,6.3953276210949,0.0787993663004161,0.779292040530957,0.999998866570966,0.999994427475806,"ya_adult_cogact_freq"
"7242","TRPM7","Inh PVALB CA8 (Chandelier)",-0.00476295695810683,6.55810108213854,0.0130381235264082,0.909233935321435,0.999998866570966,0.999994427475806,"ya_adult_cogact_freq"
"7243","SPPL2A","Inh PVALB CA8 (Chandelier)",0.0538260080020189,5.72003161775913,0.844964373736229,0.35935794679571,0.999998866570966,0.999994427475806,"ya_adult_cogact_freq"
"7244","AC021752.1","Inh PVALB CA8 (Chandelier)",-0.0566320504103495,5.60489125292844,0.815152778890718,0.367951986268652,0.999998866570966,0.999994427475806,"ya_adult_cogact_freq"
"7245","AP4E1","Inh PVALB CA8 (Chandelier)",0.00638551047962306,5.1406108649304,0.00826712626206199,0.927666376697426,0.999998866570966,0.999994427475806,"ya_adult_cogact_freq"
"7246","DMXL2","Inh PVALB CA8 (Chandelier)",0.0910242274603545,6.95409796056561,5.24642410090123,0.0232913025020754,0.999998866570966,0.999994427475806,"ya_adult_cogact_freq"
"7247","SCG3","Inh PVALB CA8 (Chandelier)",-0.0190368005169787,5.62795946285983,0.0665223171266645,0.796799129648976,0.999998866570966,0.999994427475806,"ya_adult_cogact_freq"
"7248","LYSMD2","Inh PVALB CA8 (Chandelier)",-0.0976662103439978,4.83141598137559,1.35735582737566,0.245722061739307,0.999998866570966,0.999994427475806,"ya_adult_cogact_freq"
"7249","TMOD2","Inh PVALB CA8 (Chandelier)",0.00661779980993494,6.77189607543422,0.030605692291785,0.958599354413196,0.999998866570966,0.999994427475806,"ya_adult_cogact_freq"
"7250","TMOD3","Inh PVALB CA8 (Chandelier)",0.000164420794632138,4.88903163812192,5.9830710572321e-06,0.99805138360129,0.999998866570966,0.999994427475806,"ya_adult_cogact_freq"
"7251","LEO1","Inh PVALB CA8 (Chandelier)",-0.0629083199578452,4.58370865141771,0.567999935031607,0.45215715240614,0.999998866570966,0.999994427475806,"ya_adult_cogact_freq"
"7252","MAPK6","Inh PVALB CA8 (Chandelier)",-0.0115650112403864,5.42732404986744,0.0396524551387853,0.842413271224638,0.999998866570966,0.999994427475806,"ya_adult_cogact_freq"
"7253","GNB5","Inh PVALB CA8 (Chandelier)",-0.0366048747889574,7.31361221068598,1.46256562646912,0.228297820097085,0.999998866570966,0.999994427475806,"ya_adult_cogact_freq"
"7254","MYO5A","Inh PVALB CA8 (Chandelier)",0.0156209596472443,8.31764657098971,0.277063536697523,0.599357803057374,0.999998866570966,0.999994427475806,"ya_adult_cogact_freq"
"7255","ARPP19","Inh PVALB CA8 (Chandelier)",0.0318107605244959,5.66596927969002,0.312778141708844,0.576758668772192,0.999998866570966,0.999994427475806,"ya_adult_cogact_freq"
"7256","FAM214A","Inh PVALB CA8 (Chandelier)",0.0812620637518722,6.61882230714556,2.5790429465921,0.110249582606894,0.999998866570966,0.999994427475806,"ya_adult_cogact_freq"
"7257","UNC13C","Inh PVALB CA8 (Chandelier)",0.143033733632077,6.90701737573764,2.82503354417721,0.0947468337440046,0.999998866570966,0.999994427475806,"ya_adult_cogact_freq"
"7258","RSL24D1","Inh PVALB CA8 (Chandelier)",-0.0163114055738153,4.10086246815929,0.0201249685193178,0.887366237763929,0.999998866570966,0.999994427475806,"ya_adult_cogact_freq"
"7259","RAB27A","Inh PVALB CA8 (Chandelier)",0.076308272438507,4.86125275598154,0.578782170281617,0.447904466043468,0.999998866570966,0.999994427475806,"ya_adult_cogact_freq"
"7260","PIGB","Inh PVALB CA8 (Chandelier)",-0.0798199510418403,4.17304061259183,0.668541280682171,0.414770793544142,0.999998866570966,0.999994427475806,"ya_adult_cogact_freq"
"7261","CCPG1","Inh PVALB CA8 (Chandelier)",-0.0411014812814297,7.20515825130477,0.682052205626242,0.410104852331286,0.999998866570966,0.999994427475806,"ya_adult_cogact_freq"
"7262","DNAAF4","Inh PVALB CA8 (Chandelier)",-0.0477348985943883,4.87355796713457,0.356778012089489,0.551141467077295,0.999998866570966,0.999994427475806,"ya_adult_cogact_freq"
"7263","PYGO1","Inh PVALB CA8 (Chandelier)",0.0567372371104486,5.12654099642871,0.732850374493255,0.393234976137649,0.999998866570966,0.999994427475806,"ya_adult_cogact_freq"
"7264","NEDD4","Inh PVALB CA8 (Chandelier)",0.0797768483217705,6.23788858897906,1.16631948242354,0.281776302331214,0.999998866570966,0.999994427475806,"ya_adult_cogact_freq"
"7265","RFX7","Inh PVALB CA8 (Chandelier)",0.0504353687193236,7.64869456797078,1.78873334765805,0.182969673101113,0.999998866570966,0.999994427475806,"ya_adult_cogact_freq"
"7266","TEX9","Inh PVALB CA8 (Chandelier)",-0.0616516956382907,4.69782011488527,0.368243208133668,0.544819464673383,0.999998866570966,0.999994427475806,"ya_adult_cogact_freq"
"7267","MNS1","Inh PVALB CA8 (Chandelier)",-0.0259367479630914,3.99210364043454,0.0515825251461843,0.82062064755874,0.999998866570966,0.999994427475806,"ya_adult_cogact_freq"
"7268","AC090518.1","Inh PVALB CA8 (Chandelier)",0.192916729988643,4.62272759575156,2.01956793388224,0.157220127237978,0.999998866570966,0.999994427475806,"ya_adult_cogact_freq"
"7269","ZNF280D","Inh PVALB CA8 (Chandelier)",0.0207957347859084,6.55196415827069,0.192551795438682,0.661390367358825,0.999998866570966,0.999994427475806,"ya_adult_cogact_freq"
"7270","AC090517.4","Inh PVALB CA8 (Chandelier)",-0.0127902903966675,6.35544461315187,0.0519855349497416,0.819933357014121,0.999998866570966,0.999994427475806,"ya_adult_cogact_freq"
"7271","TCF12","Inh PVALB CA8 (Chandelier)",0.0518964652421188,8.84838241647102,2.62064988558012,0.107441388885183,0.999998866570966,0.999994427475806,"ya_adult_cogact_freq"
"7272","POLR2M","Inh PVALB CA8 (Chandelier)",-0.0630420363623808,4.18739909839786,0.322716279687865,0.570772391564297,0.999998866570966,0.999994427475806,"ya_adult_cogact_freq"
"7273","ALDH1A2","Inh PVALB CA8 (Chandelier)",-0.0718503576456978,5.98362417270308,0.443130547702931,0.506569313627109,0.999998866570966,0.999994427475806,"ya_adult_cogact_freq"
"7274","ADAM10","Inh PVALB CA8 (Chandelier)",0.0730441642145996,6.62595969721214,2.8146939555441,0.0953477745239445,0.999998866570966,0.999994427475806,"ya_adult_cogact_freq"
"7275","MINDY2","Inh PVALB CA8 (Chandelier)",-0.0114270307327942,6.58718500847439,0.0689170174358627,0.819053133179594,0.999998866570966,0.999994427475806,"ya_adult_cogact_freq"
"7276","RNF111","Inh PVALB CA8 (Chandelier)",0.0070787103675587,6.5073571428277,0.0315654691349395,0.942451259098879,0.999998866570966,0.999994427475806,"ya_adult_cogact_freq"
"7277","SLTM","Inh PVALB CA8 (Chandelier)",-0.0542991880870179,6.36411783133268,1.71099224642695,0.19272390612641,0.999998866570966,0.999994427475806,"ya_adult_cogact_freq"
"7278","FAM81A","Inh PVALB CA8 (Chandelier)",0.00385430990696713,6.73504370916183,0.00502474030107188,0.943577064105996,0.999998866570966,0.999994427475806,"ya_adult_cogact_freq"
"7279","GTF2A2","Inh PVALB CA8 (Chandelier)",0.00112677357818755,4.8345830423442,0.000157782779009989,0.989993481161121,0.999998866570966,0.999994427475806,"ya_adult_cogact_freq"
"7280","BNIP2","Inh PVALB CA8 (Chandelier)",0.103157943770006,4.63161566045543,1.69701257296343,0.19454208989991,0.999998866570966,0.999994427475806,"ya_adult_cogact_freq"
"7281","ANXA2","Inh PVALB CA8 (Chandelier)",-0.234694170001391,4.11979899137335,3.40185552178528,0.066963470905152,0.999998866570966,0.999994427475806,"ya_adult_cogact_freq"
"7282","ICE2","Inh PVALB CA8 (Chandelier)",0.110450173322859,5.76645305891534,4.87649873453581,0.0286400423030063,0.999998866570966,0.999994427475806,"ya_adult_cogact_freq"
"7283","RORA-AS1","Inh PVALB CA8 (Chandelier)",-0.347988195366317,5.14451264099928,8.02595460237085,0.00520206726571815,0.999998866570966,0.999994427475806,"ya_adult_cogact_freq"
"7284","RORA","Inh PVALB CA8 (Chandelier)",0.0068928412064606,12.1650261553202,0.054196005353875,0.816212559931222,0.999998866570966,0.999994427475806,"ya_adult_cogact_freq"
"7285","AC012404.1","Inh PVALB CA8 (Chandelier)",-0.185517369981312,5.75886523858064,1.84409397218629,0.176374705046405,0.999998866570966,0.999994427475806,"ya_adult_cogact_freq"
"7286","AC104574.2","Inh PVALB CA8 (Chandelier)",0.104071519709604,3.76890529393395,0.338761645823432,0.561360209434571,0.999998866570966,0.999994427475806,"ya_adult_cogact_freq"
"7287","AC009554.1","Inh PVALB CA8 (Chandelier)",-0.219064988929512,4.22411423250033,2.6440874235533,0.105894462257835,0.999998866570966,0.999994427475806,"ya_adult_cogact_freq"
"7288","VPS13C","Inh PVALB CA8 (Chandelier)",0.0595817549368487,8.39842859364138,3.41841630249748,0.0663094120906412,0.999998866570966,0.999994427475806,"ya_adult_cogact_freq"
"7289","TLN2","Inh PVALB CA8 (Chandelier)",0.0190114453642241,8.39369985019568,0.344088855971774,0.558301281121519,0.999998866570966,0.999994427475806,"ya_adult_cogact_freq"
"7290","TPM1","Inh PVALB CA8 (Chandelier)",0.00989009637651154,6.26386641073534,0.0479729400043308,0.85297609217043,0.999998866570966,0.999994427475806,"ya_adult_cogact_freq"
"7291","LACTB","Inh PVALB CA8 (Chandelier)",0.0154742749959208,4.40834111523452,0.0306460381308888,0.861252695074728,0.999998866570966,0.999994427475806,"ya_adult_cogact_freq"
"7292","RPS27L","Inh PVALB CA8 (Chandelier)",-0.0309274235878979,4.44190541031258,0.111190008852419,0.73922787903899,0.999998866570966,0.999994427475806,"ya_adult_cogact_freq"
"7293","RAB8B","Inh PVALB CA8 (Chandelier)",0.0484206099558137,5.42302067929867,0.529935093318572,0.467693086752868,0.999998866570966,0.999994427475806,"ya_adult_cogact_freq"
"7294","APH1B","Inh PVALB CA8 (Chandelier)",0.0403885295288365,4.95577542768229,0.260069850841356,0.610771579924067,0.999998866570966,0.999994427475806,"ya_adult_cogact_freq"
"7295","USP3","Inh PVALB CA8 (Chandelier)",0.0491436612918721,5.63697213454487,0.569737536393266,0.451467545255055,0.999998866570966,0.999994427475806,"ya_adult_cogact_freq"
"7296","USP3-AS1","Inh PVALB CA8 (Chandelier)",-0.00414474456296152,4.50212870573722,0.0020215436711462,0.964193731952757,0.999998866570966,0.999994427475806,"ya_adult_cogact_freq"
"7297","HERC1","Inh PVALB CA8 (Chandelier)",-0.0143684825719343,8.4555210086318,0.306682885211091,0.580492295052577,0.999998866570966,0.999994427475806,"ya_adult_cogact_freq"
"7298","AC073167.1","Inh PVALB CA8 (Chandelier)",-0.0744407021322934,3.60069367559403,0.216247234901803,0.642543583187298,0.999998866570966,0.999994427475806,"ya_adult_cogact_freq"
"7299","FAM96A","Inh PVALB CA8 (Chandelier)",-0.0373333975920038,4.56618677048433,0.205610865799994,0.650840991737082,0.999998866570966,0.999994427475806,"ya_adult_cogact_freq"
"7300","SNX1","Inh PVALB CA8 (Chandelier)",-0.0664034996336502,5.74402442114217,1.88657542504218,0.173471504411842,0.999998866570966,0.999994427475806,"ya_adult_cogact_freq"
"7301","PPIB","Inh PVALB CA8 (Chandelier)",-0.167943359578614,4.13911183631205,2.47000338589158,0.118003713264656,0.999998866570966,0.999994427475806,"ya_adult_cogact_freq"
"7302","CSNK1G1","Inh PVALB CA8 (Chandelier)",-0.248113067761009,4.41370408239044,8.65847121647416,0.00373721107626339,0.999998866570966,0.999994427475806,"ya_adult_cogact_freq"
"7303","TRIP4","Inh PVALB CA8 (Chandelier)",0.116750677024133,5.17639058776823,2.86396347748972,0.0925212347567921,0.999998866570966,0.999994427475806,"ya_adult_cogact_freq"
"7304","ZNF609","Inh PVALB CA8 (Chandelier)",0.0452285690577301,7.6109494403517,1.23067188059359,0.268933111596646,0.999998866570966,0.999994427475806,"ya_adult_cogact_freq"
"7305","OAZ2","Inh PVALB CA8 (Chandelier)",0.0443556165562629,4.85475912375613,0.310923641565322,0.577889547162002,0.999998866570966,0.999994427475806,"ya_adult_cogact_freq"
"7306","ANKDD1A","Inh PVALB CA8 (Chandelier)",0.0185952557097001,4.79509409370296,0.0577855013061587,0.810337176085045,0.999998866570966,0.999994427475806,"ya_adult_cogact_freq"
"7307","SPG21","Inh PVALB CA8 (Chandelier)",-0.00260313074658245,4.41437391073533,0.000976589822787478,0.975108579436126,0.999998866570966,0.999994427475806,"ya_adult_cogact_freq"
"7308","MTFMT","Inh PVALB CA8 (Chandelier)",-0.0400574920720855,5.87216076613532,0.483532629951011,0.487830422091882,0.999998866570966,0.999994427475806,"ya_adult_cogact_freq"
"7309","UBAP1L","Inh PVALB CA8 (Chandelier)",0.0170076118223978,6.3821026550385,0.150391091857258,0.698674882008692,0.999998866570966,0.999994427475806,"ya_adult_cogact_freq"
"7310","PDCD7","Inh PVALB CA8 (Chandelier)",-0.00369664226019069,6.41450092904717,0.00582257492239466,0.939270689840759,0.999998866570966,0.999994427475806,"ya_adult_cogact_freq"
"7311","CLPX","Inh PVALB CA8 (Chandelier)",0.0449589558872668,4.95593381513531,0.420186422826235,0.559014137610518,0.999998866570966,0.999994427475806,"ya_adult_cogact_freq"
"7312","PARP16","Inh PVALB CA8 (Chandelier)",-0.0585771762931585,5.58214950424669,0.852541418120477,0.357218098823879,0.999998866570966,0.999994427475806,"ya_adult_cogact_freq"
"7313","DPP8","Inh PVALB CA8 (Chandelier)",-0.000173925128496029,6.12952793320501,1.20125674199338e-05,0.997238902437104,0.999998866570966,0.999994427475806,"ya_adult_cogact_freq"
"7314","HACD3","Inh PVALB CA8 (Chandelier)",-0.050576218198163,6.71499513123316,1.59234831510225,0.208818649789657,0.999998866570966,0.999994427475806,"ya_adult_cogact_freq"
"7315","INTS14","Inh PVALB CA8 (Chandelier)",0.141315000001319,4.16615629519644,2.23058345283872,0.153627116715655,0.999998866570966,0.999994427475806,"ya_adult_cogact_freq"
"7316","DENND4A","Inh PVALB CA8 (Chandelier)",0.00273988907701381,7.79715542812943,0.00677535790693304,0.93450055916182,0.999998866570966,0.999994427475806,"ya_adult_cogact_freq"
"7317","RAB11A","Inh PVALB CA8 (Chandelier)",-0.0812017699762312,5.93424594985689,1.27651461986436,0.26023099929101,0.999998866570966,0.999994427475806,"ya_adult_cogact_freq"
"7318","DIS3L","Inh PVALB CA8 (Chandelier)",0.00910302925174857,4.97989235149542,0.0133651367951704,0.908107748870814,0.999998866570966,0.999994427475806,"ya_adult_cogact_freq"
"7319","TIPIN","Inh PVALB CA8 (Chandelier)",0.0137323277350932,4.57835304694877,0.0235538352736345,0.878218078985683,0.999998866570966,0.999994427475806,"ya_adult_cogact_freq"
"7320","MAP2K1","Inh PVALB CA8 (Chandelier)",0.0376639010488925,5.76222394047434,0.405865070735882,0.524981900087337,0.999998866570966,0.999994427475806,"ya_adult_cogact_freq"
"7321","RPL4","Inh PVALB CA8 (Chandelier)",-0.1350678158635,4.96186948561228,2.5434732570135,0.11271495385219,0.999998866570966,0.999994427475806,"ya_adult_cogact_freq"
"7322","SMAD3","Inh PVALB CA8 (Chandelier)",0.0108317898835893,4.49448526818396,0.0120416685006344,0.912756768558169,0.999998866570966,0.999994427475806,"ya_adult_cogact_freq"
"7323","AAGAB","Inh PVALB CA8 (Chandelier)",-0.105033783754403,5.09958373998643,2.37511662874957,0.125248437938115,0.999998866570966,0.999994427475806,"ya_adult_cogact_freq"
"7324","IQCH","Inh PVALB CA8 (Chandelier)",-0.0288716726435284,4.5038398985892,0.0713282209400664,0.78975490951777,0.999998866570966,0.999994427475806,"ya_adult_cogact_freq"
"7325","IQCH-AS1","Inh PVALB CA8 (Chandelier)",0.0967141836330539,4.00360481112742,0.674921450351507,0.412557673666566,0.999998866570966,0.999994427475806,"ya_adult_cogact_freq"
"7326","C15orf61","Inh PVALB CA8 (Chandelier)",-0.115030192124121,4.46823755875592,1.49310401592468,0.22352412297329,0.999998866570966,0.999994427475806,"ya_adult_cogact_freq"
"7327","MAP2K5","Inh PVALB CA8 (Chandelier)",0.00415481434673305,7.53605893779754,0.0117553892439305,0.913795937531173,0.999998866570966,0.999994427475806,"ya_adult_cogact_freq"
"7328","PIAS1","Inh PVALB CA8 (Chandelier)",0.0250175399737118,7.05306686229367,0.64713240841046,0.422327794570522,0.999998866570966,0.999994427475806,"ya_adult_cogact_freq"
"7329","FEM1B","Inh PVALB CA8 (Chandelier)",0.00553708142986486,5.36479476759166,0.00750489864728328,0.931072773237833,0.999998866570966,0.999994427475806,"ya_adult_cogact_freq"
"7330","CORO2B","Inh PVALB CA8 (Chandelier)",0.0361721712368342,6.48098640592797,0.67113945450309,0.413867429300213,0.999998866570966,0.999994427475806,"ya_adult_cogact_freq"
"7331","ANP32A","Inh PVALB CA8 (Chandelier)",-0.0422606728170943,5.75291901285547,0.561668193030939,0.454684129043966,0.999998866570966,0.999994427475806,"ya_adult_cogact_freq"
"7332","SPESP1","Inh PVALB CA8 (Chandelier)",-0.00552382804339554,4.95283150789812,0.00525251591705483,0.942314590377077,0.999998866570966,0.999994427475806,"ya_adult_cogact_freq"
"7333","GLCE","Inh PVALB CA8 (Chandelier)",0.168599969812394,5.21657626309511,5.3910674075752,0.0214947526683032,0.999998866570966,0.999994427475806,"ya_adult_cogact_freq"
"7334","RPLP1","Inh PVALB CA8 (Chandelier)",-0.113168707436127,4.95272398938063,1.30597814497768,0.254823153813371,0.999998866570966,0.999994427475806,"ya_adult_cogact_freq"
"7335","DRAIC","Inh PVALB CA8 (Chandelier)",-0.0906913149691198,4.74074935035424,0.817027315452239,0.367403208171674,0.999998866570966,0.999994427475806,"ya_adult_cogact_freq"
"7336","TLE3","Inh PVALB CA8 (Chandelier)",-0.0371098790885929,4.17467634229691,0.141853664874578,0.706941761911442,0.999998866570966,0.999994427475806,"ya_adult_cogact_freq"
"7337","LARP6","Inh PVALB CA8 (Chandelier)",-0.0551217618394517,4.33388146744566,0.294496703839724,0.588104768465423,0.999998866570966,0.999994427475806,"ya_adult_cogact_freq"
"7338","LRRC49","Inh PVALB CA8 (Chandelier)",-0.0237716297400434,6.93926070509996,0.295327809297639,0.587579155736237,0.999998866570966,0.999994427475806,"ya_adult_cogact_freq"
"7339","THSD4-AS1","Inh PVALB CA8 (Chandelier)",-0.0335487202198237,4.14337719817023,0.0939675288215857,0.759589243197031,0.999998866570966,0.999994427475806,"ya_adult_cogact_freq"
"7340","MYO9A","Inh PVALB CA8 (Chandelier)",0.0195879557298211,7.74525742799858,0.321249418253411,0.571648233125679,0.999998866570966,0.999994427475806,"ya_adult_cogact_freq"
"7341","PKM","Inh PVALB CA8 (Chandelier)",-0.0353415066112133,7.22905972904903,0.346746990134368,0.556786855138211,0.999998866570966,0.999994427475806,"ya_adult_cogact_freq"
"7342","PARP6","Inh PVALB CA8 (Chandelier)",0.01726371874503,5.05678084513917,0.0761340352215874,0.782960832124936,0.999998866570966,0.999994427475806,"ya_adult_cogact_freq"
"7343","AC009690.2","Inh PVALB CA8 (Chandelier)",-0.260752830074056,3.87087892312207,3.63855190909333,0.0582390402471433,0.999998866570966,0.999994427475806,"ya_adult_cogact_freq"
"7344","AC009690.1","Inh PVALB CA8 (Chandelier)",-0.0391103408245799,6.22533550816253,0.416989083088076,0.519363898938646,0.999998866570966,0.999994427475806,"ya_adult_cogact_freq"
"7345","ARIH1","Inh PVALB CA8 (Chandelier)",-0.0406871509082276,7.8885082982564,1.43097290766278,0.233366993270601,0.999998866570966,0.999994427475806,"ya_adult_cogact_freq"
"7346","BBS4","Inh PVALB CA8 (Chandelier)",-0.0476070739257977,4.71773414658014,0.442047818424197,0.56133679632135,0.999998866570966,0.999994427475806,"ya_adult_cogact_freq"
"7347","ADPGK","Inh PVALB CA8 (Chandelier)",-0.0861994853552877,4.75256374437692,1.21643365458718,0.271709958568268,0.999998866570966,0.999994427475806,"ya_adult_cogact_freq"
"7348","NEO1","Inh PVALB CA8 (Chandelier)",-0.0203647322960653,6.25540398307794,0.146970637643054,0.701953776605576,0.999998866570966,0.999994427475806,"ya_adult_cogact_freq"
"7349","NPTN","Inh PVALB CA8 (Chandelier)",0.0120166999065495,7.48418819936443,0.102104046205378,0.749734011094572,0.999998866570966,0.999994427475806,"ya_adult_cogact_freq"
"7350","CD276","Inh PVALB CA8 (Chandelier)",-0.0657632558984114,4.84409701673079,0.710544687705917,0.400515416668267,0.999998866570966,0.999994427475806,"ya_adult_cogact_freq"
"7351","C15orf59","Inh PVALB CA8 (Chandelier)",-0.0954397635565029,4.51790227253789,1.22809619579737,0.26943278674455,0.999998866570966,0.999994427475806,"ya_adult_cogact_freq"
"7352","STOML1","Inh PVALB CA8 (Chandelier)",-0.055516257464483,3.92678444817272,0.246929942500028,0.619924001860166,0.999998866570966,0.999994427475806,"ya_adult_cogact_freq"
"7353","CLK3","Inh PVALB CA8 (Chandelier)",-0.100588384437506,4.33620445528491,1.27124344865221,0.261213505505839,0.999998866570966,0.999994427475806,"ya_adult_cogact_freq"
"7354","EDC3","Inh PVALB CA8 (Chandelier)",0.00552104684013343,4.86664426164289,0.00707043448319096,0.933092769706053,0.999998866570966,0.999994427475806,"ya_adult_cogact_freq"
"7355","CSK","Inh PVALB CA8 (Chandelier)",0.0299710772255465,4.45985321414988,0.119112441150141,0.730450250699904,0.999998866570966,0.999994427475806,"ya_adult_cogact_freq"
"7356","ULK3","Inh PVALB CA8 (Chandelier)",-0.0686507342010924,4.98181180711261,0.808093920518531,0.370028820481895,0.999998866570966,0.999994427475806,"ya_adult_cogact_freq"
"7357","FAM219B","Inh PVALB CA8 (Chandelier)",-0.0579820838033193,4.62290479346172,0.636421258680315,0.426186458366861,0.999998866570966,0.999994427475806,"ya_adult_cogact_freq"
"7358","COX5A","Inh PVALB CA8 (Chandelier)",-0.201810510913241,4.88440309590718,5.24035713064337,0.0233700102022397,0.999998866570966,0.999994427475806,"ya_adult_cogact_freq"
"7359","RPP25","Inh PVALB CA8 (Chandelier)",-0.257562228577588,3.81193476948148,3.53786363314767,0.0617909425795299,0.999998866570966,0.999994427475806,"ya_adult_cogact_freq"
"7360","SCAMP5","Inh PVALB CA8 (Chandelier)",-0.0430254513302524,7.61757776383843,1.1909076059071,0.276779381755979,0.999998866570966,0.999994427475806,"ya_adult_cogact_freq"
"7361","PPCDC","Inh PVALB CA8 (Chandelier)",0.0893864652017389,5.23489760640097,1.59086572579701,0.209029651023211,0.999998866570966,0.999994427475806,"ya_adult_cogact_freq"
"7362","NEIL1","Inh PVALB CA8 (Chandelier)",-0.090086438230142,4.8841797026564,1.28966877577878,0.257799174801429,0.999998866570966,0.999994427475806,"ya_adult_cogact_freq"
"7363","MAN2C1","Inh PVALB CA8 (Chandelier)",0.0475926559551784,5.22994237338702,0.436069202014022,0.509970869256287,0.999998866570966,0.999994427475806,"ya_adult_cogact_freq"
"7364","SIN3A","Inh PVALB CA8 (Chandelier)",0.0849394628965695,5.22069630396304,1.76137731009955,0.186334571426697,0.999998866570966,0.999994427475806,"ya_adult_cogact_freq"
"7365","PTPN9","Inh PVALB CA8 (Chandelier)",0.0278366632573952,6.52526003372042,0.267050963704209,0.606027079838583,0.999998866570966,0.999994427475806,"ya_adult_cogact_freq"
"7366","UBE2Q2","Inh PVALB CA8 (Chandelier)",-0.00821851765851689,4.62294011802788,0.0121469257679399,0.977083413670269,0.999998866570966,0.999994427475806,"ya_adult_cogact_freq"
"7367","FBXO22","Inh PVALB CA8 (Chandelier)",0.0514605437494959,6.26808387302219,0.970611778022004,0.326008046177997,0.999998866570966,0.999994427475806,"ya_adult_cogact_freq"
"7368","NRG4","Inh PVALB CA8 (Chandelier)",0.0424988422112315,3.96105401976091,0.10715380532125,0.743833906953811,0.999998866570966,0.999994427475806,"ya_adult_cogact_freq"
"7369","TMEM266","Inh PVALB CA8 (Chandelier)",0.0940875687003233,5.54067822827334,1.47651610934955,0.226101966376241,0.999998866570966,0.999994427475806,"ya_adult_cogact_freq"
"7370","ETFA","Inh PVALB CA8 (Chandelier)",0.0329763767570938,5.40151221310653,0.299587358547034,0.632074222007597,0.999998866570966,0.999994427475806,"ya_adult_cogact_freq"
"7371","SCAPER","Inh PVALB CA8 (Chandelier)",0.00927642870652234,8.23218033508496,0.0614313396413048,0.804564073310579,0.999998866570966,0.999994427475806,"ya_adult_cogact_freq"
"7372","RCN2","Inh PVALB CA8 (Chandelier)",-0.0189637126817476,5.85351920788448,0.111976929987474,0.738340734429999,0.999998866570966,0.999994427475806,"ya_adult_cogact_freq"
"7373","TSPAN3","Inh PVALB CA8 (Chandelier)",0.0742378635989135,6.17042393680531,2.39787159963772,0.123466778537704,0.999998866570966,0.999994427475806,"ya_adult_cogact_freq"
"7374","PEAK1","Inh PVALB CA8 (Chandelier)",0.12067215600675,6.06480249305617,3.4044965589724,0.0668586998995844,0.999998866570966,0.999994427475806,"ya_adult_cogact_freq"
"7375","HMG20A","Inh PVALB CA8 (Chandelier)",-0.00912042420381985,5.91288436657128,0.0430000221553214,0.835987664484718,0.999998866570966,0.999994427475806,"ya_adult_cogact_freq"
"7376","LINGO1","Inh PVALB CA8 (Chandelier)",0.0841413046491234,7.63876272195242,0.40730052198972,0.524250889737533,0.999998866570966,0.999994427475806,"ya_adult_cogact_freq"
"7377","TBC1D2B","Inh PVALB CA8 (Chandelier)",0.00776809815569528,5.28623140358833,0.0163726559023173,0.898343967187844,0.999998866570966,0.999994427475806,"ya_adult_cogact_freq"
"7378","IDH3A","Inh PVALB CA8 (Chandelier)",-0.0648424740057763,6.12625752200902,1.63033902219355,0.203497351492605,0.999998866570966,0.999994427475806,"ya_adult_cogact_freq"
"7379","DNAJA4","Inh PVALB CA8 (Chandelier)",0.0786642775055813,5.35789563627292,0.43086357977345,0.512503945325967,0.999998866570966,0.999994427475806,"ya_adult_cogact_freq"
"7380","WDR61","Inh PVALB CA8 (Chandelier)",-0.125339302228556,5.57914445337263,3.30615339700648,0.0708822195625835,0.999998866570966,0.999994427475806,"ya_adult_cogact_freq"
"7381","IREB2","Inh PVALB CA8 (Chandelier)",0.0439967354630786,6.14735538602631,1.14476429888248,0.286251617288172,0.999998866570966,0.999994427475806,"ya_adult_cogact_freq"
"7382","PSMA4","Inh PVALB CA8 (Chandelier)",0.0438627615831349,4.9932271255481,0.444294634214024,0.539408226309809,0.999998866570966,0.999994427475806,"ya_adult_cogact_freq"
"7383","CHRNA5","Inh PVALB CA8 (Chandelier)",-0.112489692813947,3.72422301953233,0.586153417657498,0.445032991400021,0.999998866570966,0.999994427475806,"ya_adult_cogact_freq"
"7384","MORF4L1","Inh PVALB CA8 (Chandelier)",0.0414899974715756,6.60155067555022,0.61848526895981,0.432768432622531,0.999998866570966,0.999994427475806,"ya_adult_cogact_freq"
"7385","RASGRF1","Inh PVALB CA8 (Chandelier)",0.0589650091802534,7.32614150830722,1.93370988865169,0.166275087031524,0.999998866570966,0.999994427475806,"ya_adult_cogact_freq"
"7386","ANKRD34C-AS1","Inh PVALB CA8 (Chandelier)",0.0118766060500713,7.82164819730917,0.0673217753159671,0.795608905927449,0.999998866570966,0.999994427475806,"ya_adult_cogact_freq"
"7387","TMED3","Inh PVALB CA8 (Chandelier)",-0.0558754177091298,4.4379587849111,0.366247732320479,0.545910032301965,0.999998866570966,0.999994427475806,"ya_adult_cogact_freq"
"7388","ZFAND6","Inh PVALB CA8 (Chandelier)",-0.0192121709561551,5.14416430436161,0.0871724236370726,0.94716380640576,0.999998866570966,0.999994427475806,"ya_adult_cogact_freq"
"7389","CTXND1","Inh PVALB CA8 (Chandelier)",-0.0888685765949492,4.42249877936703,0.61143987157036,0.435396320816936,0.999998866570966,0.999994427475806,"ya_adult_cogact_freq"
"7390","AC016705.2","Inh PVALB CA8 (Chandelier)",0.119814321590425,4.22030199175995,1.55978934393207,0.213511575959199,0.999998866570966,0.999994427475806,"ya_adult_cogact_freq"
"7391","ARNT2","Inh PVALB CA8 (Chandelier)",0.00806939456633204,7.88497631824292,0.0486206533420651,0.825760834466786,0.999998866570966,0.999994427475806,"ya_adult_cogact_freq"
"7392","ABHD17C","Inh PVALB CA8 (Chandelier)",0.0441630992991852,5.19951509028867,0.410773154036657,0.522489914033213,0.999998866570966,0.999994427475806,"ya_adult_cogact_freq"
"7393","CEMIP","Inh PVALB CA8 (Chandelier)",0.0468776011053913,5.7273892509342,0.215666830610035,0.642989883571003,0.999998866570966,0.999994427475806,"ya_adult_cogact_freq"
"7394","MESD","Inh PVALB CA8 (Chandelier)",-0.165561168225743,4.49763636695856,3.56311955403139,0.0608786669553475,0.999998866570966,0.999994427475806,"ya_adult_cogact_freq"
"7395","TLNRD1","Inh PVALB CA8 (Chandelier)",0.102423245410609,4.5241940249254,1.65895742855369,0.199594973205402,0.999998866570966,0.999994427475806,"ya_adult_cogact_freq"
"7396","CFAP161","Inh PVALB CA8 (Chandelier)",-0.0152774474795219,7.63371673780139,0.0485969367747787,0.825802647319744,0.999998866570966,0.999994427475806,"ya_adult_cogact_freq"
"7397","IL16","Inh PVALB CA8 (Chandelier)",0.132889076282038,4.44780425790809,0.971213435690925,0.325858598310494,0.999998866570966,0.999994427475806,"ya_adult_cogact_freq"
"7398","TMC3-AS1","Inh PVALB CA8 (Chandelier)",-0.017278611419902,4.33970925967079,0.0307059984846011,0.861118419367081,0.999998866570966,0.999994427475806,"ya_adult_cogact_freq"
"7399","AC060809.1","Inh PVALB CA8 (Chandelier)",-0.11350196169018,3.72736442298451,0.720860480960376,0.397124296224694,0.999998866570966,0.999994427475806,"ya_adult_cogact_freq"
"7400","AC104041.1","Inh PVALB CA8 (Chandelier)",0.0873742672994637,3.72837253153966,0.217011093821446,0.641957325658453,0.999998866570966,0.999994427475806,"ya_adult_cogact_freq"
"7401","EFL1","Inh PVALB CA8 (Chandelier)",-0.0482732758741224,4.91236858344689,0.383900540444083,0.536400229108344,0.999998866570966,0.999994427475806,"ya_adult_cogact_freq"
"7402","SAXO2","Inh PVALB CA8 (Chandelier)",0.0874698152297266,4.49935178643354,0.758403264069163,0.385127240961771,0.999998866570966,0.999994427475806,"ya_adult_cogact_freq"
"7403","CPEB1","Inh PVALB CA8 (Chandelier)",0.029048628327918,4.54218227553114,0.0912158292697289,0.763027491552691,0.999998866570966,0.999994427475806,"ya_adult_cogact_freq"
"7404","AP3B2","Inh PVALB CA8 (Chandelier)",-0.0364836190186379,6.42796418746499,0.697565152231606,0.755552291166521,0.999998866570966,0.999994427475806,"ya_adult_cogact_freq"
"7405","SNHG21","Inh PVALB CA8 (Chandelier)",-0.128262770149795,3.80091966740956,1.38740542492003,0.240584430284943,0.999998866570966,0.999994427475806,"ya_adult_cogact_freq"
"7406","WHAMM","Inh PVALB CA8 (Chandelier)",0.0169103651936929,4.80988085146253,0.0642436174799535,0.800234104624572,0.999998866570966,0.999994427475806,"ya_adult_cogact_freq"
"7407","HOMER2","Inh PVALB CA8 (Chandelier)",0.212914112830487,4.82656178286384,6.07905366152826,0.0147301080391317,0.999998866570966,0.999994427475806,"ya_adult_cogact_freq"
"7408","C15orf40","Inh PVALB CA8 (Chandelier)",-0.080910307902725,4.56352662371499,0.897822385555768,0.344788378057693,0.999998866570966,0.999994427475806,"ya_adult_cogact_freq"
"7409","BTBD1","Inh PVALB CA8 (Chandelier)",0.0240166304283308,5.44204408571051,0.152316551574173,0.696847960253495,0.999998866570966,0.999994427475806,"ya_adult_cogact_freq"
"7410","TM6SF1","Inh PVALB CA8 (Chandelier)",-0.0484072227805478,4.73654280629992,0.258078446491316,0.6121396913643,0.999998866570966,0.999994427475806,"ya_adult_cogact_freq"
"7411","HDGFL3","Inh PVALB CA8 (Chandelier)",0.000718714296617417,6.65421413561603,0.000330489496126187,0.985518302581388,0.999998866570966,0.999994427475806,"ya_adult_cogact_freq"
"7412","AC103876.1","Inh PVALB CA8 (Chandelier)",-0.107275127331749,4.13626126419013,1.02279446577035,0.31337676605777,0.999998866570966,0.999994427475806,"ya_adult_cogact_freq"
"7413","SH3GL3","Inh PVALB CA8 (Chandelier)",-0.00173375922195162,7.49817283343048,0.00175605433549718,0.966626189113667,0.999998866570966,0.999994427475806,"ya_adult_cogact_freq"
"7414","ADAMTSL3","Inh PVALB CA8 (Chandelier)",0.155321636037543,4.45870047906202,2.13819293801919,0.145623130902437,0.999998866570966,0.999994427475806,"ya_adult_cogact_freq"
"7415","UBE2Q2L","Inh PVALB CA8 (Chandelier)",0.0203428923225778,4.14394956161158,0.0396805781200183,0.842358137407544,0.999998866570966,0.999994427475806,"ya_adult_cogact_freq"
"7416","AC048382.5","Inh PVALB CA8 (Chandelier)",-0.385199107681297,3.97199015115782,11.1650202842564,0.00103658513003318,0.999998866570966,0.999994427475806,"ya_adult_cogact_freq"
"7417","WDR73","Inh PVALB CA8 (Chandelier)",-0.0407980316914666,5.04838836325224,0.402785199415534,0.526556497924771,0.999998866570966,0.999994427475806,"ya_adult_cogact_freq"
"7418","SEC11A","Inh PVALB CA8 (Chandelier)",-0.0557453497606866,4.84456473157961,0.57193739171522,0.467196675033931,0.999998866570966,0.999994427475806,"ya_adult_cogact_freq"
"7419","ZNF592","Inh PVALB CA8 (Chandelier)",-0.0641383931002997,4.98658519956862,0.948063421276476,0.331675501912803,0.999998866570966,0.999994427475806,"ya_adult_cogact_freq"
"7420","PDE8A","Inh PVALB CA8 (Chandelier)",-0.0214978851524011,7.43942344792679,0.228690422608423,0.633146222115007,0.999998866570966,0.999994427475806,"ya_adult_cogact_freq"
"7421","AGBL1","Inh PVALB CA8 (Chandelier)",0.0858979757513408,5.13881996773913,0.471219663518788,0.493415490635102,0.999998866570966,0.999994427475806,"ya_adult_cogact_freq"
"7422","NTRK3","Inh PVALB CA8 (Chandelier)",-0.0222954806633456,9.10084968388712,0.45535852928212,0.500770492224243,0.999998866570966,0.999994427475806,"ya_adult_cogact_freq"
"7423","MRPS11","Inh PVALB CA8 (Chandelier)",-0.00130549876197575,4.74520104812332,0.000286584148802095,0.986514411018268,0.999998866570966,0.999994427475806,"ya_adult_cogact_freq"
"7424","DET1","Inh PVALB CA8 (Chandelier)",0.0104876339000337,4.18108483099869,0.010865333019379,0.917111272779201,0.999998866570966,0.999994427475806,"ya_adult_cogact_freq"
"7425","ABHD2","Inh PVALB CA8 (Chandelier)",0.00129125543853213,7.29547566410067,0.00131774897431678,0.97108753730248,0.999998866570966,0.999994427475806,"ya_adult_cogact_freq"
"7426","POLG","Inh PVALB CA8 (Chandelier)",-0.100181758206388,4.38349070943545,1.35298043450674,0.246481329734668,0.999998866570966,0.999994427475806,"ya_adult_cogact_freq"
"7427","MIR9-3HG","Inh PVALB CA8 (Chandelier)",0.0455605540188444,6.84388434805052,0.832054501508379,0.363044937177531,0.999998866570966,0.999994427475806,"ya_adult_cogact_freq"
"7428","ZNF710","Inh PVALB CA8 (Chandelier)",-0.0626854504063292,4.61103895438773,0.641212841648897,0.424453759712927,0.999998866570966,0.999994427475806,"ya_adult_cogact_freq"
"7429","IDH2","Inh PVALB CA8 (Chandelier)",-0.0592094521162804,4.62336961824085,0.52793671022544,0.573276183919933,0.999998866570966,0.999994427475806,"ya_adult_cogact_freq"
"7430","SEMA4B","Inh PVALB CA8 (Chandelier)",0.0096178928850538,5.51044173662492,0.0255232343368658,0.873270737998344,0.999998866570966,0.999994427475806,"ya_adult_cogact_freq"
"7431","AC091167.6","Inh PVALB CA8 (Chandelier)",-0.0854760683025202,5.17908715658109,1.19646872050258,0.275664838597359,0.999998866570966,0.999994427475806,"ya_adult_cogact_freq"
"7432","IQGAP1","Inh PVALB CA8 (Chandelier)",0.045978518697691,4.86342928525868,0.481775472627912,0.579127470498871,0.999998866570966,0.999994427475806,"ya_adult_cogact_freq"
"7433","CRTC3","Inh PVALB CA8 (Chandelier)",-0.0401428905941041,6.6584708152533,1.09176932643656,0.297648066867643,0.999998866570966,0.999994427475806,"ya_adult_cogact_freq"
"7434","FURIN","Inh PVALB CA8 (Chandelier)",-0.162573700115255,4.12268348003346,2.54411318339662,0.112670062600832,0.999998866570966,0.999994427475806,"ya_adult_cogact_freq"
"7435","MAN2A2","Inh PVALB CA8 (Chandelier)",-0.178978657251823,5.26344648173942,6.54912924372235,0.0114160186462523,0.999998866570966,0.999994427475806,"ya_adult_cogact_freq"
"7436","UNC45A","Inh PVALB CA8 (Chandelier)",-0.129603708839099,5.03513374724645,2.61917524939657,0.107539551261856,0.999998866570966,0.999994427475806,"ya_adult_cogact_freq"
"7437","PRC1-AS1","Inh PVALB CA8 (Chandelier)",-0.0192357518660154,4.26219228197865,0.0485588975837903,0.825869733640745,0.999998866570966,0.999994427475806,"ya_adult_cogact_freq"
"7438","SLCO3A1","Inh PVALB CA8 (Chandelier)",0.0179577039124249,7.91384346902553,0.229876224549922,0.632267201997712,0.999998866570966,0.999994427475806,"ya_adult_cogact_freq"
"7439","FAM174B","Inh PVALB CA8 (Chandelier)",0.0810668650381252,5.10685754881291,1.27171404657779,0.261125601731889,0.999998866570966,0.999994427475806,"ya_adult_cogact_freq"
"7440","AC013394.1","Inh PVALB CA8 (Chandelier)",-0.0150229024499517,5.64115192279505,0.07877370921772,0.833083165909984,0.999998866570966,0.999994427475806,"ya_adult_cogact_freq"
"7441","CHD2","Inh PVALB CA8 (Chandelier)",0.00493267879028369,6.79329002819186,0.010913132305709,0.916929813761508,0.999998866570966,0.999994427475806,"ya_adult_cogact_freq"
"7442","AC091078.1","Inh PVALB CA8 (Chandelier)",0.0751627458219609,4.27556508277104,0.209665128059808,0.647648278583753,0.999998866570966,0.999994427475806,"ya_adult_cogact_freq"
"7443","AC110023.1","Inh PVALB CA8 (Chandelier)",-0.0348149090398655,4.40078422553212,0.0342094267003186,0.853495180174819,0.999998866570966,0.999994427475806,"ya_adult_cogact_freq"
"7444","IGF1R","Inh PVALB CA8 (Chandelier)",0.0312949088271628,7.74730394224224,0.600487647272863,0.439530293077694,0.999998866570966,0.999994427475806,"ya_adult_cogact_freq"
"7445","AC036108.1","Inh PVALB CA8 (Chandelier)",0.0284634781887397,4.58297055023006,0.0636517051649526,0.801136945710904,0.999998866570966,0.999994427475806,"ya_adult_cogact_freq"
"7446","LRRC28","Inh PVALB CA8 (Chandelier)",-0.0173517672070421,6.40104097071427,0.13607874917616,0.712696172175628,0.999998866570966,0.999994427475806,"ya_adult_cogact_freq"
"7447","MEF2A","Inh PVALB CA8 (Chandelier)",0.00249035687734625,7.77071386583282,0.00707884492065394,0.933053082055127,0.999998866570966,0.999994427475806,"ya_adult_cogact_freq"
"7448","LYSMD4","Inh PVALB CA8 (Chandelier)",0.0883496054801988,4.63330234631597,1.08878530146154,0.29830701266283,0.999998866570966,0.999994427475806,"ya_adult_cogact_freq"
"7449","AC090825.1","Inh PVALB CA8 (Chandelier)",0.137115238097657,4.70371781659339,0.871283430286117,0.352000051464364,0.999998866570966,0.999994427475806,"ya_adult_cogact_freq"
"7450","ADAMTS17","Inh PVALB CA8 (Chandelier)",0.0215960016362172,8.65491629037602,0.231478665748343,0.631083755598961,0.999998866570966,0.999994427475806,"ya_adult_cogact_freq"
"7451","LINS1","Inh PVALB CA8 (Chandelier)",0.0763000249540927,4.85508887202134,1.03775685854287,0.309874331471843,0.999998866570966,0.999994427475806,"ya_adult_cogact_freq"
"7452","ASB7","Inh PVALB CA8 (Chandelier)",-0.0568738804501473,4.63379709758072,0.543135425409934,0.46221037095622,0.999998866570966,0.999994427475806,"ya_adult_cogact_freq"
"7453","AC090907.2","Inh PVALB CA8 (Chandelier)",-0.0214715378903298,4.53526225912835,0.0508731276381635,0.821837345319614,0.999998866570966,0.999994427475806,"ya_adult_cogact_freq"
"7454","CHSY1","Inh PVALB CA8 (Chandelier)",0.0223080412322144,6.01775522442786,0.196361479648529,0.803831784637983,0.999998866570966,0.999994427475806,"ya_adult_cogact_freq"
"7455","SELENOS","Inh PVALB CA8 (Chandelier)",-0.111809118330237,3.98303221266561,0.923742627325123,0.337937525087599,0.999998866570966,0.999994427475806,"ya_adult_cogact_freq"
"7456","SNRPA1","Inh PVALB CA8 (Chandelier)",-0.017356114396127,5.1231513901982,0.050408962178103,0.822638274582456,0.999998866570966,0.999994427475806,"ya_adult_cogact_freq"
"7457","PCSK6","Inh PVALB CA8 (Chandelier)",-0.179119446883079,5.23098282155381,3.11008072918694,0.0797087705087056,0.999998866570966,0.999994427475806,"ya_adult_cogact_freq"
"7458","TM2D3","Inh PVALB CA8 (Chandelier)",-0.119311974605462,5.80264224860787,4.12763323019337,0.0438350099076852,0.999998866570966,0.999994427475806,"ya_adult_cogact_freq"
"7459","TARSL2","Inh PVALB CA8 (Chandelier)",-0.020412907388897,6.42276548168837,0.230771602222445,0.631605317194933,0.999998866570966,0.999994427475806,"ya_adult_cogact_freq"
"7460","MPG","Inh PVALB CA8 (Chandelier)",-0.221182255739471,4.36099283060369,4.54789660969125,0.0344775826081175,0.999998866570966,0.999994427475806,"ya_adult_cogact_freq"
"7461","NPRL3","Inh PVALB CA8 (Chandelier)",-0.0311444205832165,5.94869104802964,0.534786494494908,0.928045174170232,0.999998866570966,0.999994427475806,"ya_adult_cogact_freq"
"7462","LUC7L","Inh PVALB CA8 (Chandelier)",0.0135766216443041,6.90999287307162,0.0652381259735255,0.79872710069912,0.999998866570966,0.999994427475806,"ya_adult_cogact_freq"
"7463","FAM234A","Inh PVALB CA8 (Chandelier)",0.18477790012404,4.39229145495169,2.94038031343875,0.0883173307856557,0.999998866570966,0.999994427475806,"ya_adult_cogact_freq"
"7464","RGS11","Inh PVALB CA8 (Chandelier)",-0.106539320613097,5.95848468933389,3.08424466562796,0.0809581582893498,0.999998866570966,0.999994427475806,"ya_adult_cogact_freq"
"7465","ARHGDIG","Inh PVALB CA8 (Chandelier)",-0.0554687038032405,5.34324845782535,0.338349822653403,0.561598021822868,0.999998866570966,0.999994427475806,"ya_adult_cogact_freq"
"7466","PDIA2","Inh PVALB CA8 (Chandelier)",0.0941350723680324,5.56706143447205,1.43986537910012,0.231926454483213,0.999998866570966,0.999994427475806,"ya_adult_cogact_freq"
"7467","AXIN1","Inh PVALB CA8 (Chandelier)",0.0210148709683085,5.01348455824771,0.106070045853686,0.771487521551156,0.999998866570966,0.999994427475806,"ya_adult_cogact_freq"
"7468","NME4","Inh PVALB CA8 (Chandelier)",-0.0616078371526011,4.67655065864112,0.49365774477691,0.48331630174629,0.999998866570966,0.999994427475806,"ya_adult_cogact_freq"
"7469","RAB11FIP3","Inh PVALB CA8 (Chandelier)",0.022637349293186,7.34177082843289,0.27970054191897,0.59762697761814,0.999998866570966,0.999994427475806,"ya_adult_cogact_freq"
"7470","CAPN15","Inh PVALB CA8 (Chandelier)",-0.158228312828616,4.42250546906837,3.07093009692462,0.081610337742091,0.999998866570966,0.999994427475806,"ya_adult_cogact_freq"
"7471","PIGQ","Inh PVALB CA8 (Chandelier)",0.00823412917585973,4.65441872271514,0.0100673972938342,0.920202261060501,0.999998866570966,0.999994427475806,"ya_adult_cogact_freq"
"7472","RAB40C","Inh PVALB CA8 (Chandelier)",-0.00760576222510009,5.3439305148581,0.0147035958889086,0.949361776613918,0.999998866570966,0.999994427475806,"ya_adult_cogact_freq"
"7473","METTL26","Inh PVALB CA8 (Chandelier)",-0.0599164581292593,4.24833352855762,0.349618060851739,0.55515987823476,0.999998866570966,0.999994427475806,"ya_adult_cogact_freq"
"7474","MCRIP2","Inh PVALB CA8 (Chandelier)",-0.0620103974168942,4.83830971021045,0.472576138840174,0.492794957395538,0.999998866570966,0.999994427475806,"ya_adult_cogact_freq"
"7475","RHOT2","Inh PVALB CA8 (Chandelier)",-0.0759741635519289,5.35358142672517,1.10698220189783,0.294317756153421,0.999998866570966,0.999994427475806,"ya_adult_cogact_freq"
"7476","RHBDL1","Inh PVALB CA8 (Chandelier)",-0.0322391749234111,5.08716472952689,0.162664432373062,0.68725108721303,0.999998866570966,0.999994427475806,"ya_adult_cogact_freq"
"7477","STUB1","Inh PVALB CA8 (Chandelier)",-0.137643408473959,4.65621689846821,1.9926442454604,0.15999717615332,0.999998866570966,0.999994427475806,"ya_adult_cogact_freq"
"7478","FBXL16","Inh PVALB CA8 (Chandelier)",-0.0908231085794168,5.35935307266609,1.74777723966528,0.188034370651374,0.999998866570966,0.999994427475806,"ya_adult_cogact_freq"
"7479","METRN","Inh PVALB CA8 (Chandelier)",-0.0960187319441237,4.1799894165055,0.838980363626971,0.361060458791693,0.999998866570966,0.999994427475806,"ya_adult_cogact_freq"
"7480","FAM173A","Inh PVALB CA8 (Chandelier)",-0.138320709437467,4.56338363387107,1.91986869282754,0.167790381536288,0.999998866570966,0.999994427475806,"ya_adult_cogact_freq"
"7481","HAGHL","Inh PVALB CA8 (Chandelier)",0.0121501250547669,5.08982718069254,0.0265572757695375,0.870751422623012,0.999998866570966,0.999994427475806,"ya_adult_cogact_freq"
"7482","NARFL","Inh PVALB CA8 (Chandelier)",0.0153042878272829,4.60579600981964,0.0358243186605612,0.850117497974814,0.999998866570966,0.999994427475806,"ya_adult_cogact_freq"
"7483","LMF1","Inh PVALB CA8 (Chandelier)",0.0520384541917885,5.24684814430236,0.524777159642068,0.469863901121005,0.999998866570966,0.999994427475806,"ya_adult_cogact_freq"
"7484","UBE2I","Inh PVALB CA8 (Chandelier)",-0.0935179768368824,5.42136324319178,2.73983301450073,0.0998258360844313,0.999998866570966,0.999994427475806,"ya_adult_cogact_freq"
"7485","GNPTG","Inh PVALB CA8 (Chandelier)",-0.132933544962211,4.74461402627757,3.14079094308916,0.0782508881011071,0.999998866570966,0.999994427475806,"ya_adult_cogact_freq"
"7486","UNKL","Inh PVALB CA8 (Chandelier)",-0.0533336326852789,4.9914670717505,0.683883755776737,0.467969788984224,0.999998866570966,0.999994427475806,"ya_adult_cogact_freq"
"7487","CLCN7","Inh PVALB CA8 (Chandelier)",-0.0475912065044609,5.09616343968923,0.575181040500792,0.449317815914141,0.999998866570966,0.999994427475806,"ya_adult_cogact_freq"
"7488","TELO2","Inh PVALB CA8 (Chandelier)",-0.0547250959232091,3.90739410775681,0.241290530269666,0.623945491925106,0.999998866570966,0.999994427475806,"ya_adult_cogact_freq"
"7489","IFT140","Inh PVALB CA8 (Chandelier)",0.00109603997410305,5.25016605034408,0.000206643933202956,0.988548536636409,0.999998866570966,0.999994427475806,"ya_adult_cogact_freq"
"7490","MAPK8IP3","Inh PVALB CA8 (Chandelier)",0.0213261792813309,7.0610468383305,0.337598341913518,0.56203247384416,0.999998866570966,0.999994427475806,"ya_adult_cogact_freq"
"7491","NME3","Inh PVALB CA8 (Chandelier)",-0.0866013767138825,5.2468203546587,1.2721603745972,0.261042265474406,0.999998866570966,0.999994427475806,"ya_adult_cogact_freq"
"7492","MRPS34","Inh PVALB CA8 (Chandelier)",-0.125207259733238,4.00228041895627,1.12247532690416,0.290975271717467,0.999998866570966,0.999994427475806,"ya_adult_cogact_freq"
"7493","SPSB3","Inh PVALB CA8 (Chandelier)",-0.0675302417670447,5.10828115164174,0.680777599358907,0.410541701898815,0.999998866570966,0.999994427475806,"ya_adult_cogact_freq"
"7494","HAGH","Inh PVALB CA8 (Chandelier)",0.000579300825468281,6.62171480039438,0.000153647244445696,0.990125481995787,0.999998866570966,0.999994427475806,"ya_adult_cogact_freq"
"7495","FAHD1","Inh PVALB CA8 (Chandelier)",-0.0604340534911971,4.10547460973019,0.327818626117796,0.567746244263655,0.999998866570966,0.999994427475806,"ya_adult_cogact_freq"
"7496","NDUFB10","Inh PVALB CA8 (Chandelier)",0.0184018308106671,4.26774947168163,0.0236708633329494,0.877918303176557,0.999998866570966,0.999994427475806,"ya_adult_cogact_freq"
"7497","RPS2","Inh PVALB CA8 (Chandelier)",-0.0924139759250112,4.7264167546842,0.810144338706109,0.369423864739726,0.999998866570966,0.999994427475806,"ya_adult_cogact_freq"
"7498","SYNGR3","Inh PVALB CA8 (Chandelier)",0.00923904642234534,5.82021679675806,0.0171347795786474,0.896018166390629,0.999998866570966,0.999994427475806,"ya_adult_cogact_freq"
"7499","TSC2","Inh PVALB CA8 (Chandelier)",0.00282617888728274,5.5334161530661,0.0020666870617024,0.963796415836106,0.999998866570966,0.999994427475806,"ya_adult_cogact_freq"
"7500","PKD1","Inh PVALB CA8 (Chandelier)",-0.0249463170634304,7.57740393652657,0.295326202584436,0.587580170937956,0.999998866570966,0.999994427475806,"ya_adult_cogact_freq"
"7501","RAB26","Inh PVALB CA8 (Chandelier)",-0.0789829598241583,5.19257247314799,1.39187919261233,0.239830853048314,0.999998866570966,0.999994427475806,"ya_adult_cogact_freq"
"7502","TRAF7","Inh PVALB CA8 (Chandelier)",-0.195205075832494,4.03156620806378,3.42059260446259,0.0662239737589719,0.999998866570966,0.999994427475806,"ya_adult_cogact_freq"
"7503","CASKIN1","Inh PVALB CA8 (Chandelier)",0.03646820016952,6.25672314360075,0.758601554006579,0.385065266120355,0.999998866570966,0.999994427475806,"ya_adult_cogact_freq"
"7504","MLST8","Inh PVALB CA8 (Chandelier)",0.00659787024273032,4.34899640394549,0.00480911824220758,0.944798956014266,0.999998866570966,0.999994427475806,"ya_adult_cogact_freq"
"7505","BRICD5","Inh PVALB CA8 (Chandelier)",0.0279218437497792,4.38667426128182,0.0935810801924562,0.760068757187951,0.999998866570966,0.999994427475806,"ya_adult_cogact_freq"
"7506","PGP","Inh PVALB CA8 (Chandelier)",-0.0822367307120228,6.78000323647609,1.78240559490588,0.183741649121356,0.999998866570966,0.999994427475806,"ya_adult_cogact_freq"
"7507","ECI1","Inh PVALB CA8 (Chandelier)",-0.0722265159831992,4.44345113450457,0.622114567408821,0.431424171024852,0.999998866570966,0.999994427475806,"ya_adult_cogact_freq"
"7508","RNPS1","Inh PVALB CA8 (Chandelier)",-0.0549916213764023,6.49533209579105,1.42827148395932,0.233806765796078,0.999998866570966,0.999994427475806,"ya_adult_cogact_freq"
"7509","ABCA3","Inh PVALB CA8 (Chandelier)",-0.00180111103881302,6.6644646563,0.00188075776311452,0.972522962472218,0.999998866570966,0.999994427475806,"ya_adult_cogact_freq"
"7510","CCNF","Inh PVALB CA8 (Chandelier)",0.0808175583148226,4.05028549020132,0.628907705350033,0.428925078129638,0.999998866570966,0.999994427475806,"ya_adult_cogact_freq"
"7511","PDPK1","Inh PVALB CA8 (Chandelier)",-0.00291077804319653,6.49042170169495,0.00445746829205935,0.946852322596576,0.999998866570966,0.999994427475806,"ya_adult_cogact_freq"
"7512","AC093525.4","Inh PVALB CA8 (Chandelier)",-0.0133829579358426,4.38699637078043,0.0217343035294729,0.8829808401613,0.999998866570966,0.999994427475806,"ya_adult_cogact_freq"
"7513","KCTD5","Inh PVALB CA8 (Chandelier)",-0.0806148014220471,3.9677266601075,0.639370037529203,0.425118880786465,0.999998866570966,0.999994427475806,"ya_adult_cogact_freq"
"7514","SRRM2","Inh PVALB CA8 (Chandelier)",0.0386472571021217,7.68043372812053,1.30763171714115,0.254523808414053,0.999998866570966,0.999994427475806,"ya_adult_cogact_freq"
"7515","ELOB","Inh PVALB CA8 (Chandelier)",-0.0804662494620534,4.59831574924217,0.584926455960831,0.445508962621586,0.999998866570966,0.999994427475806,"ya_adult_cogact_freq"
"7516","FLYWCH2","Inh PVALB CA8 (Chandelier)",-0.129759219644152,4.57061408711437,2.652156134151,0.105367626721888,0.999998866570966,0.999994427475806,"ya_adult_cogact_freq"
"7517","FLYWCH1","Inh PVALB CA8 (Chandelier)",-0.0102706385880783,5.80229880868,0.0385190682674183,0.844652385182836,0.999998866570966,0.999994427475806,"ya_adult_cogact_freq"
"7518","HCFC1R1","Inh PVALB CA8 (Chandelier)",-0.0811880800926716,4.7069077235553,0.854306281089089,0.356722208933912,0.999998866570966,0.999994427475806,"ya_adult_cogact_freq"
"7519","MMP25-AS1","Inh PVALB CA8 (Chandelier)",-0.104921865971864,4.12566400295114,0.826641523903312,0.364606496679731,0.999998866570966,0.999994427475806,"ya_adult_cogact_freq"
"7520","ZNF213-AS1","Inh PVALB CA8 (Chandelier)",-0.0262701647018048,4.12972619428276,0.0707689825487371,0.790561279329064,0.999998866570966,0.999994427475806,"ya_adult_cogact_freq"
"7521","ZNF213","Inh PVALB CA8 (Chandelier)",-0.0539596317540084,4.00744077282479,0.205537548619843,0.650899077180109,0.999998866570966,0.999994427475806,"ya_adult_cogact_freq"
"7522","ZNF263","Inh PVALB CA8 (Chandelier)",0.0354142381480408,3.98843850846206,0.094326147270805,0.759145225979499,0.999998866570966,0.999994427475806,"ya_adult_cogact_freq"
"7523","ZNF75A","Inh PVALB CA8 (Chandelier)",-0.0491810102640173,5.07507752506258,0.462679791485832,0.497352601382739,0.999998866570966,0.999994427475806,"ya_adult_cogact_freq"
"7524","AC025283.3","Inh PVALB CA8 (Chandelier)",-0.0749633674270956,4.07589779519051,0.547010494992825,0.460620389639109,0.999998866570966,0.999994427475806,"ya_adult_cogact_freq"
"7525","CLUAP1","Inh PVALB CA8 (Chandelier)",0.0119696526672312,6.02219944169505,0.0653333649130417,0.798583426692198,0.999998866570966,0.999994427475806,"ya_adult_cogact_freq"
"7526","SLX4","Inh PVALB CA8 (Chandelier)",-0.0868250760268945,3.90335493522898,0.555300688618679,0.457247932904348,0.999998866570966,0.999994427475806,"ya_adult_cogact_freq"
"7527","DNASE1","Inh PVALB CA8 (Chandelier)",0.157815654383108,5.36504385779208,7.47436291322476,0.00696018354598651,0.999998866570966,0.999994427475806,"ya_adult_cogact_freq"
"7528","TRAP1","Inh PVALB CA8 (Chandelier)",-0.00824914031832259,6.4971253940837,0.0280461919951949,0.867210747177291,0.999998866570966,0.999994427475806,"ya_adult_cogact_freq"
"7529","CREBBP","Inh PVALB CA8 (Chandelier)",0.034828843868424,7.24530284677166,1.157143430921,0.283670461061088,0.999998866570966,0.999994427475806,"ya_adult_cogact_freq"
"7530","ADCY9","Inh PVALB CA8 (Chandelier)",0.0390642905661926,7.22287109968026,0.762871718592799,0.383734089970626,0.999998866570966,0.999994427475806,"ya_adult_cogact_freq"
"7531","SRL","Inh PVALB CA8 (Chandelier)",0.120378628649453,4.62435189367039,1.95520826979493,0.163952695456559,0.999998866570966,0.999994427475806,"ya_adult_cogact_freq"
"7532","TFAP4","Inh PVALB CA8 (Chandelier)",0.0295491142882396,3.96303971010318,0.0774281150503676,0.781171049677594,0.999998866570966,0.999994427475806,"ya_adult_cogact_freq"
"7533","DNAJA3","Inh PVALB CA8 (Chandelier)",-0.0304198558794842,4.88639601077022,0.195057393188027,0.668656926504045,0.999998866570966,0.999994427475806,"ya_adult_cogact_freq"
"7534","NMRAL1","Inh PVALB CA8 (Chandelier)",0.15939274236583,4.34504902642914,3.44130907871887,0.0654165929360156,0.999998866570966,0.999994427475806,"ya_adult_cogact_freq"
"7535","HMOX2","Inh PVALB CA8 (Chandelier)",0.0766649394100417,4.94015424617365,1.18356880188783,0.278258954411901,0.999998866570966,0.999994427475806,"ya_adult_cogact_freq"
"7536","CDIP1","Inh PVALB CA8 (Chandelier)",0.0398353265853661,5.70064082407081,0.30002547063189,0.584626134294959,0.999998866570966,0.999994427475806,"ya_adult_cogact_freq"
"7537","UBALD1","Inh PVALB CA8 (Chandelier)",0.180089595263329,4.25416821446498,3.74395243900882,0.0547543309617568,0.999998866570966,0.999994427475806,"ya_adult_cogact_freq"
"7538","MGRN1","Inh PVALB CA8 (Chandelier)",-0.0827790605589916,5.87861779881871,2.4594382274952,0.118786742647031,0.999998866570966,0.999994427475806,"ya_adult_cogact_freq"
"7539","NUDT16L1","Inh PVALB CA8 (Chandelier)",-0.0637300885744666,4.15237717870761,0.410061771809101,0.522849799043334,0.999998866570966,0.999994427475806,"ya_adult_cogact_freq"
"7540","ANKS3","Inh PVALB CA8 (Chandelier)",-0.0321053175299813,5.77648721464559,0.391771559266724,0.532257280253035,0.999998866570966,0.999994427475806,"ya_adult_cogact_freq"
"7541","ZNF500","Inh PVALB CA8 (Chandelier)",-0.0128539974004419,4.47653467821332,0.0213085611746551,0.88412437473381,0.999998866570966,0.999994427475806,"ya_adult_cogact_freq"
"7542","ROGDI","Inh PVALB CA8 (Chandelier)",-0.153315577571964,4.61553153703417,3.9429179238815,0.0487694675349753,0.999998866570966,0.999994427475806,"ya_adult_cogact_freq"
"7543","GLYR1","Inh PVALB CA8 (Chandelier)",-0.0409160580062534,5.88694418294671,0.694042095684489,0.406028878493213,0.999998866570966,0.999994427475806,"ya_adult_cogact_freq"
"7544","UBN1","Inh PVALB CA8 (Chandelier)",0.00986358270775925,4.83099946005242,0.0208171608558687,0.885458870093352,0.999998866570966,0.999994427475806,"ya_adult_cogact_freq"
"7545","NAGPA","Inh PVALB CA8 (Chandelier)",-0.0685987017233453,4.4837158758765,0.590881266117909,0.443206301155344,0.999998866570966,0.999994427475806,"ya_adult_cogact_freq"
"7546","ALG1","Inh PVALB CA8 (Chandelier)",0.0535042448257016,3.90703957484967,0.225790640968976,0.63530766200332,0.999998866570966,0.999994427475806,"ya_adult_cogact_freq"
"7547","RBFOX1","Inh PVALB CA8 (Chandelier)",-0.00672631271694025,13.2073095722992,0.065455032924541,0.798400045003978,0.999998866570966,0.999994427475806,"ya_adult_cogact_freq"
"7548","METTL22","Inh PVALB CA8 (Chandelier)",-0.0403958584077314,4.57568999158257,0.218017150582508,0.641187097243878,0.999998866570966,0.999994427475806,"ya_adult_cogact_freq"
"7549","ABAT","Inh PVALB CA8 (Chandelier)",-0.0114797685077414,7.23275635820215,0.131775906858712,0.926232794586426,0.999998866570966,0.999994427475806,"ya_adult_cogact_freq"
"7550","PMM2","Inh PVALB CA8 (Chandelier)",0.0345395588243211,4.86030969414259,0.181283272724571,0.670842186636184,0.999998866570966,0.999994427475806,"ya_adult_cogact_freq"
"7551","USP7","Inh PVALB CA8 (Chandelier)",0.0361522055252416,5.95348981170216,0.530658454480106,0.467389940387544,0.999998866570966,0.999994427475806,"ya_adult_cogact_freq"
"7552","C16orf72","Inh PVALB CA8 (Chandelier)",0.00968869436450973,5.27982972442686,0.0298932068455934,0.969971812334915,0.999998866570966,0.999994427475806,"ya_adult_cogact_freq"
"7553","GRIN2A","Inh PVALB CA8 (Chandelier)",0.100167459292568,7.92212338472353,1.48172856569462,0.225288072034123,0.999998866570966,0.999994427475806,"ya_adult_cogact_freq"
"7554","ATF7IP2","Inh PVALB CA8 (Chandelier)",0.0538118014751705,6.02686531039785,0.52592669779101,0.469378688762361,0.999998866570966,0.999994427475806,"ya_adult_cogact_freq"
"7555","NUBP1","Inh PVALB CA8 (Chandelier)",-0.138542840327,4.30720308368687,2.4149622489606,0.122147276304119,0.999998866570966,0.999994427475806,"ya_adult_cogact_freq"
"7556","TVP23A","Inh PVALB CA8 (Chandelier)",-0.0353505893099586,5.98107515872622,0.355310953311549,0.551960349255892,0.999998866570966,0.999994427475806,"ya_adult_cogact_freq"
"7557","DEXI","Inh PVALB CA8 (Chandelier)",-0.113723507305965,4.94205191873074,2.27587724749284,0.13336349536983,0.999998866570966,0.999994427475806,"ya_adult_cogact_freq"
"7558","CLEC16A","Inh PVALB CA8 (Chandelier)",-0.0124331104222084,8.30248438257508,0.0798537189988765,0.77785924083345,0.999998866570966,0.999994427475806,"ya_adult_cogact_freq"
"7559","AC007220.1","Inh PVALB CA8 (Chandelier)",0.0181022856970783,4.43480456920553,0.0328595784856555,0.856382332879376,0.999998866570966,0.999994427475806,"ya_adult_cogact_freq"
"7560","SNN","Inh PVALB CA8 (Chandelier)",-0.0991711176243675,4.86679097206962,0.988468260423304,0.321611108049932,0.999998866570966,0.999994427475806,"ya_adult_cogact_freq"
"7561","TXNDC11","Inh PVALB CA8 (Chandelier)",-0.0760022555499604,5.58957251124954,2.64106446761072,0.203652481002143,0.999998866570966,0.999994427475806,"ya_adult_cogact_freq"
"7562","ZC3H7A","Inh PVALB CA8 (Chandelier)",0.0530780626491922,5.64471279767633,1.1420428233389,0.286823085992943,0.999998866570966,0.999994427475806,"ya_adult_cogact_freq"
"7563","RSL1D1","Inh PVALB CA8 (Chandelier)",-0.137741478826695,4.47883022419096,2.16840343728168,0.142827480104063,0.999998866570966,0.999994427475806,"ya_adult_cogact_freq"
"7564","AC007216.4","Inh PVALB CA8 (Chandelier)",-0.0769366498639292,4.80590931116548,1.11269871170875,0.293078755585848,0.999998866570966,0.999994427475806,"ya_adult_cogact_freq"
"7565","GSPT1","Inh PVALB CA8 (Chandelier)",-0.00955556947486336,5.88365215825441,0.0389966985334649,0.843704662786313,0.999998866570966,0.999994427475806,"ya_adult_cogact_freq"
"7566","SNX29","Inh PVALB CA8 (Chandelier)",-0.0473753766141798,6.77915586536041,1.26826110808488,0.262732329994693,0.999998866570966,0.999994427475806,"ya_adult_cogact_freq"
"7567","CPPED1","Inh PVALB CA8 (Chandelier)",0.126032889012529,4.83254430152459,2.05131755011225,0.154016013896297,0.999998866570966,0.999994427475806,"ya_adult_cogact_freq"
"7568","SHISA9","Inh PVALB CA8 (Chandelier)",-0.0193765552299922,8.95110966423321,0.204601401415945,0.651641839673871,0.999998866570966,0.999994427475806,"ya_adult_cogact_freq"
"7569","U91319.1","Inh PVALB CA8 (Chandelier)",-0.0486678612540855,6.71722563238442,0.673026989278587,0.413212980599279,0.999998866570966,0.999994427475806,"ya_adult_cogact_freq"
"7570","ERCC4","Inh PVALB CA8 (Chandelier)",-0.140776916247798,4.75843112472702,3.71541686912096,0.0556751459893547,0.999998866570966,0.999994427475806,"ya_adult_cogact_freq"
"7571","MKL2","Inh PVALB CA8 (Chandelier)",0.0189173084416567,7.30515560514966,0.19783751127978,0.657070283397987,0.999998866570966,0.999994427475806,"ya_adult_cogact_freq"
"7572","MIR193BHG","Inh PVALB CA8 (Chandelier)",0.167002699472808,4.1233477649453,2.33318875460666,0.128607293923464,0.999998866570966,0.999994427475806,"ya_adult_cogact_freq"
"7573","PARN","Inh PVALB CA8 (Chandelier)",0.0182890976903709,5.96873666978951,0.109684769314818,0.740934601577834,0.999998866570966,0.999994427475806,"ya_adult_cogact_freq"
"7574","BFAR","Inh PVALB CA8 (Chandelier)",-0.0976164165319853,4.83019050879662,1.89148371409803,0.170948085368949,0.999998866570966,0.999994427475806,"ya_adult_cogact_freq"
"7575","NOMO1","Inh PVALB CA8 (Chandelier)",-0.0399610170867249,4.50593208769032,0.239035340313788,0.625570031550553,0.999998866570966,0.999994427475806,"ya_adult_cogact_freq"
"7576","NPIPA1","Inh PVALB CA8 (Chandelier)",0.025097735074765,5.10741440411081,0.0756901032282082,0.783578583206582,0.999998866570966,0.999994427475806,"ya_adult_cogact_freq"
"7577","PDXDC1","Inh PVALB CA8 (Chandelier)",-0.0603090867023228,7.14348667511915,1.30457488350146,0.255077528216842,0.999998866570966,0.999994427475806,"ya_adult_cogact_freq"
"7578","NTAN1","Inh PVALB CA8 (Chandelier)",-0.0995133729346826,5.44312207214349,2.7759580829271,0.0976366498546507,0.999998866570966,0.999994427475806,"ya_adult_cogact_freq"
"7579","RRN3","Inh PVALB CA8 (Chandelier)",0.014564049794124,5.18198212763607,0.0559079705074273,0.813385532215515,0.999998866570966,0.999994427475806,"ya_adult_cogact_freq"
"7580","NPIPA5","Inh PVALB CA8 (Chandelier)",0.218218300253492,3.58504039939478,2.02594879013909,0.156570100909423,0.999998866570966,0.999994427475806,"ya_adult_cogact_freq"
"7581","C16orf45","Inh PVALB CA8 (Chandelier)",-0.00778880102930732,6.86781958316964,0.0339376213691845,0.854071735296418,0.999998866570966,0.999994427475806,"ya_adult_cogact_freq"
"7582","MARF1","Inh PVALB CA8 (Chandelier)",0.0165020963460339,5.48142093361892,0.085369021903242,0.816022885301238,0.999998866570966,0.999994427475806,"ya_adult_cogact_freq"
"7583","FOPNL","Inh PVALB CA8 (Chandelier)",0.090062654632316,4.23718383617414,1.07960171609121,0.300346855968494,0.999998866570966,0.999994427475806,"ya_adult_cogact_freq"
"7584","ABCC1","Inh PVALB CA8 (Chandelier)",-0.000636636387684856,5.23624910511821,0.000109929447437762,0.99164755307616,0.999998866570966,0.999994427475806,"ya_adult_cogact_freq"
"7585","XYLT1","Inh PVALB CA8 (Chandelier)",0.00329727427978113,6.64191743136108,0.00273882893667458,0.958327675736305,0.999998866570966,0.999994427475806,"ya_adult_cogact_freq"
"7586","NPIPA8","Inh PVALB CA8 (Chandelier)",-0.0215866313955623,3.52283253263525,0.0157627593115967,0.900245146771762,0.999998866570966,0.999994427475806,"ya_adult_cogact_freq"
"7587","RPS15A","Inh PVALB CA8 (Chandelier)",-0.0187908797823189,3.72803678533706,0.0191750406637035,0.890039139114332,0.999998866570966,0.999994427475806,"ya_adult_cogact_freq"
"7588","SMG1","Inh PVALB CA8 (Chandelier)",0.0259162245425675,6.96080939494833,0.524551514504137,0.71923818251748,0.999998866570966,0.999994427475806,"ya_adult_cogact_freq"
"7589","TMC7","Inh PVALB CA8 (Chandelier)",-0.0678900385705962,4.43806124071885,0.544559033526187,0.461625233530276,0.999998866570966,0.999994427475806,"ya_adult_cogact_freq"
"7590","COQ7","Inh PVALB CA8 (Chandelier)",-0.129210431061676,4.14915248630716,1.76594008612024,0.185768332802697,0.999998866570966,0.999994427475806,"ya_adult_cogact_freq"
"7591","SYT17","Inh PVALB CA8 (Chandelier)",0.0389248268946129,6.99225037638761,0.68801355756612,0.408070785882526,0.999998866570966,0.999994427475806,"ya_adult_cogact_freq"
"7592","GDE1","Inh PVALB CA8 (Chandelier)",-0.0587656598443883,4.99324994114399,0.653063243011456,0.42021379773635,0.999998866570966,0.999994427475806,"ya_adult_cogact_freq"
"7593","CCP110","Inh PVALB CA8 (Chandelier)",0.00939823105108562,5.84765537379333,0.0397294009204558,0.84226247077443,0.999998866570966,0.999994427475806,"ya_adult_cogact_freq"
"7594","VPS35L","Inh PVALB CA8 (Chandelier)",-0.0232526434286078,6.37264365945987,0.213818958503423,0.644415684235545,0.999998866570966,0.999994427475806,"ya_adult_cogact_freq"
"7595","KNOP1","Inh PVALB CA8 (Chandelier)",0.00715864759818607,5.0880614999064,0.00805670552731015,0.928590336211641,0.999998866570966,0.999994427475806,"ya_adult_cogact_freq"
"7596","IQCK","Inh PVALB CA8 (Chandelier)",0.0772193023329795,6.19705872474733,1.9666948700115,0.162727169219685,0.999998866570966,0.999994427475806,"ya_adult_cogact_freq"
"7597","GPRC5B","Inh PVALB CA8 (Chandelier)",-0.00507511358504844,5.98576736867322,0.00903473759485771,0.924392502105354,0.999998866570966,0.999994427475806,"ya_adult_cogact_freq"
"7598","THUMPD1","Inh PVALB CA8 (Chandelier)",0.0344326021175013,4.94138469847044,0.239109641874294,0.901871227769833,0.999998866570966,0.999994427475806,"ya_adult_cogact_freq"
"7599","ERI2","Inh PVALB CA8 (Chandelier)",-0.0931105211956694,3.99839943440239,0.553150584664909,0.458118820804215,0.999998866570966,0.999994427475806,"ya_adult_cogact_freq"
"7600","LYRM1","Inh PVALB CA8 (Chandelier)",-0.00702219802467837,4.11643376881981,0.00557465803135421,0.940575167936087,0.999998866570966,0.999994427475806,"ya_adult_cogact_freq"
"7601","METTL9","Inh PVALB CA8 (Chandelier)",-0.032059010583088,5.60824466064368,0.313130123306928,0.576544527203757,0.999998866570966,0.999994427475806,"ya_adult_cogact_freq"
"7602","NPIPB4","Inh PVALB CA8 (Chandelier)",0.0346752131137166,4.48810414993059,0.147660485848395,0.70128897684048,0.999998866570966,0.999994427475806,"ya_adult_cogact_freq"
"7603","UQCRC2","Inh PVALB CA8 (Chandelier)",-0.00659080045659151,6.56949101053413,0.0197343173668955,0.888457489712943,0.999998866570966,0.999994427475806,"ya_adult_cogact_freq"
"7604","MOSMO","Inh PVALB CA8 (Chandelier)",0.0352439050667853,7.1003438307568,0.70269417296454,0.403124489644644,0.999998866570966,0.999994427475806,"ya_adult_cogact_freq"
"7605","EEF2K","Inh PVALB CA8 (Chandelier)",0.00937511823614069,5.13361563844686,0.0175467583447703,0.894782803925467,0.999998866570966,0.999994427475806,"ya_adult_cogact_freq"
"7606","POLR3E","Inh PVALB CA8 (Chandelier)",-0.0723754643769787,4.56423510429419,0.899960699295396,0.356018371212534,0.999998866570966,0.999994427475806,"ya_adult_cogact_freq"
"7607","CDR2","Inh PVALB CA8 (Chandelier)",0.0290364297091944,7.86704938866433,0.544142230045053,0.461796427360109,0.999998866570966,0.999994427475806,"ya_adult_cogact_freq"
"7608","NPIPB5","Inh PVALB CA8 (Chandelier)",0.0720577529628744,6.08571290406481,1.27434945088675,0.260634011583544,0.999998866570966,0.999994427475806,"ya_adult_cogact_freq"
"7609","HS3ST2","Inh PVALB CA8 (Chandelier)",0.0613452729845119,7.30192115101763,0.593737062570236,0.442108540406115,0.999998866570966,0.999994427475806,"ya_adult_cogact_freq"
"7610","USP31","Inh PVALB CA8 (Chandelier)",0.0744983181929222,5.9241637004531,3.04375584803444,0.0913627051815171,0.999998866570966,0.999994427475806,"ya_adult_cogact_freq"
"7611","COG7","Inh PVALB CA8 (Chandelier)",-0.111192496043662,5.69958539596813,3.94394050552586,0.0487405765507157,0.999998866570966,0.999994427475806,"ya_adult_cogact_freq"
"7612","GGA2","Inh PVALB CA8 (Chandelier)",-0.0201267894080007,7.0786745664265,0.310644045347643,0.928348814691215,0.999998866570966,0.999994427475806,"ya_adult_cogact_freq"
"7613","EARS2","Inh PVALB CA8 (Chandelier)",0.043131690346813,4.09389035811331,0.223304763322587,0.637174184011776,0.999998866570966,0.999994427475806,"ya_adult_cogact_freq"
"7614","UBFD1","Inh PVALB CA8 (Chandelier)",-0.0144947794274429,4.46662048284333,0.0237947429254757,0.877601802128742,0.999998866570966,0.999994427475806,"ya_adult_cogact_freq"
"7615","NDUFAB1","Inh PVALB CA8 (Chandelier)",-0.0430118638229848,4.44843725575926,0.251466537268893,0.616730329130503,0.999998866570966,0.999994427475806,"ya_adult_cogact_freq"
"7616","PALB2","Inh PVALB CA8 (Chandelier)",0.179422984320026,4.04837217823018,2.78060602640505,0.0973588420848755,0.999998866570966,0.999994427475806,"ya_adult_cogact_freq"
"7617","DCTN5","Inh PVALB CA8 (Chandelier)",-0.033103413303411,5.73811568965752,0.325208861858708,0.569290133401016,0.999998866570966,0.999994427475806,"ya_adult_cogact_freq"
"7618","PRKCB","Inh PVALB CA8 (Chandelier)",0.0708467946716287,6.87766886335252,2.4685982887478,0.118107518324036,0.999998866570966,0.999994427475806,"ya_adult_cogact_freq"
"7619","CACNG3","Inh PVALB CA8 (Chandelier)",0.0503430058015315,7.53035417716564,1.18367434384252,0.278237605197285,0.999998866570966,0.999994427475806,"ya_adult_cogact_freq"
"7620","RBBP6","Inh PVALB CA8 (Chandelier)",0.039465277386867,6.49052495426173,0.723285778489332,0.396333087343362,0.999998866570966,0.999994427475806,"ya_adult_cogact_freq"
"7621","TNRC6A","Inh PVALB CA8 (Chandelier)",0.000199814288342416,9.57940504323602,5.32659744801691e-05,0.994185856220947,0.999998866570966,0.999994427475806,"ya_adult_cogact_freq"
"7622","AC008731.1","Inh PVALB CA8 (Chandelier)",-0.225112374092764,3.69593008060875,2.32942373450625,0.128913825291275,0.999998866570966,0.999994427475806,"ya_adult_cogact_freq"
"7623","ARHGAP17","Inh PVALB CA8 (Chandelier)",0.061722279913823,5.6578738036234,1.18123426151862,0.278731721081236,0.999998866570966,0.999994427475806,"ya_adult_cogact_freq"
"7624","LCMT1","Inh PVALB CA8 (Chandelier)",0.0734932713872141,5.58190497338437,1.72617430556302,0.190771952990929,0.999998866570966,0.999994427475806,"ya_adult_cogact_freq"
"7625","HS3ST4","Inh PVALB CA8 (Chandelier)",-0.0392435397392861,6.83940947436849,0.104529015533683,0.746881043247547,0.999998866570966,0.999994427475806,"ya_adult_cogact_freq"
"7626","IL21R-AS1","Inh PVALB CA8 (Chandelier)",-0.131207256639828,3.92288229432747,0.788135415441946,0.375990792489371,0.999998866570966,0.999994427475806,"ya_adult_cogact_freq"
"7627","GTF3C1","Inh PVALB CA8 (Chandelier)",5.8862692250703e-05,6.99029524040738,1.92053015535086e-06,0.998895984593706,0.999998866570966,0.999994427475806,"ya_adult_cogact_freq"
"7628","KIAA0556","Inh PVALB CA8 (Chandelier)",-0.0350793725972951,5.87488659424693,0.441674708571092,0.551610379615145,0.999998866570966,0.999994427475806,"ya_adult_cogact_freq"
"7629","GSG1L","Inh PVALB CA8 (Chandelier)",-0.0127828014873261,7.7472794343111,0.106824167497876,0.744214300598962,0.999998866570966,0.999994427475806,"ya_adult_cogact_freq"
"7630","XPO6","Inh PVALB CA8 (Chandelier)",0.00664979384940497,6.28356574321439,0.0271619001626243,0.869301618159922,0.999998866570966,0.999994427475806,"ya_adult_cogact_freq"
"7631","SBK1","Inh PVALB CA8 (Chandelier)",0.0313446975418356,4.84886013884521,0.187176362948194,0.665856984032037,0.999998866570966,0.999994427475806,"ya_adult_cogact_freq"
"7632","SGF29","Inh PVALB CA8 (Chandelier)",0.0659651738662118,3.96200670323109,0.397119103375287,0.529475524323672,0.999998866570966,0.999994427475806,"ya_adult_cogact_freq"
"7633","SULT1A1","Inh PVALB CA8 (Chandelier)",0.0092928920154751,5.5970463237616,0.0211257941964563,0.884618860796137,0.999998866570966,0.999994427475806,"ya_adult_cogact_freq"
"7634","ATXN2L","Inh PVALB CA8 (Chandelier)",-0.0139605617849705,5.73309680735983,0.0568334547412103,0.811876265310934,0.999998866570966,0.999994427475806,"ya_adult_cogact_freq"
"7635","TUFM","Inh PVALB CA8 (Chandelier)",-0.192834739529932,4.56683532965425,3.80875006449006,0.0527233447115028,0.999998866570966,0.999994427475806,"ya_adult_cogact_freq"
"7636","SH2B1","Inh PVALB CA8 (Chandelier)",0.109559836642881,5.54599613884173,3.25969783828132,0.0728732290937203,0.999998866570966,0.999994427475806,"ya_adult_cogact_freq"
"7637","NFATC2IP","Inh PVALB CA8 (Chandelier)",0.0252176132844516,6.0302234730145,0.242944881521369,0.622759757350013,0.999998866570966,0.999994427475806,"ya_adult_cogact_freq"
"7638","SPNS1","Inh PVALB CA8 (Chandelier)",-0.101441422453672,4.1259018049697,0.981766262219038,0.323252102052932,0.999998866570966,0.999994427475806,"ya_adult_cogact_freq"
"7639","MAZ","Inh PVALB CA8 (Chandelier)",0.0973908694871737,4.65243328121344,1.29516048212156,0.256792287719856,0.999998866570966,0.999994427475806,"ya_adult_cogact_freq"
"7640","CDIPT","Inh PVALB CA8 (Chandelier)",-0.0897392772217321,4.65600180203809,1.10944230438899,0.293783726657393,0.999998866570966,0.999994427475806,"ya_adult_cogact_freq"
"7641","SEZ6L2","Inh PVALB CA8 (Chandelier)",0.00150916387971173,6.76632936466056,0.000735230492799469,0.978401533473576,0.999998866570966,0.999994427475806,"ya_adult_cogact_freq"
"7642","ASPHD1","Inh PVALB CA8 (Chandelier)",0.0059501726177622,5.25506771270866,0.0066915877517073,0.934905820680764,0.999998866570966,0.999994427475806,"ya_adult_cogact_freq"
"7643","KCTD13","Inh PVALB CA8 (Chandelier)",0.0367404292469568,4.79879925497112,0.209432729848969,0.647830277411636,0.999998866570966,0.999994427475806,"ya_adult_cogact_freq"
"7644","TMEM219","Inh PVALB CA8 (Chandelier)",0.0901438441250978,4.02332378779889,0.76975481365164,0.381602139571554,0.999998866570966,0.999994427475806,"ya_adult_cogact_freq"
"7645","TAOK2","Inh PVALB CA8 (Chandelier)",0.0100364938114011,4.58942937146633,0.0141047432645371,0.905611080660707,0.999998866570966,0.999994427475806,"ya_adult_cogact_freq"
"7646","INO80E","Inh PVALB CA8 (Chandelier)",-0.0972880824205206,4.004783867586,0.95506469369042,0.355205913345604,0.999998866570966,0.999994427475806,"ya_adult_cogact_freq"
"7647","FAM57B","Inh PVALB CA8 (Chandelier)",0.0322589980245953,4.48202613389893,0.137595771887235,0.711171275221333,0.999998866570966,0.999994427475806,"ya_adult_cogact_freq"
"7648","PPP4C","Inh PVALB CA8 (Chandelier)",0.0424322564506287,4.0480290627058,0.178335281010809,0.773421298234788,0.999998866570966,0.999994427475806,"ya_adult_cogact_freq"
"7649","YPEL3","Inh PVALB CA8 (Chandelier)",-0.0450593471770495,6.45597661264884,0.433131755364058,0.511397558039241,0.999998866570966,0.999994427475806,"ya_adult_cogact_freq"
"7650","MAPK3","Inh PVALB CA8 (Chandelier)",-0.121270678143285,4.57914530514877,1.64345421514721,0.201697853487423,0.999998866570966,0.999994427475806,"ya_adult_cogact_freq"
"7651","TBC1D10B","Inh PVALB CA8 (Chandelier)",0.0740470064952633,4.23613338785133,0.770409458627412,0.382765616926181,0.999998866570966,0.999994427475806,"ya_adult_cogact_freq"
"7652","SEPT1","Inh PVALB CA8 (Chandelier)",-0.0715472430198093,3.74502535680876,0.276543432731355,0.599700421054911,0.999998866570966,0.999994427475806,"ya_adult_cogact_freq"
"7653","ZNF771","Inh PVALB CA8 (Chandelier)",-0.139681296908057,4.72475412657814,3.63112050316527,0.0584935501592468,0.999998866570966,0.999994427475806,"ya_adult_cogact_freq"
"7654","ZNF785","Inh PVALB CA8 (Chandelier)",-0.0341970503101646,5.15459984686817,0.237932298627333,0.626368077515247,0.999998866570966,0.999994427475806,"ya_adult_cogact_freq"
"7655","AC093249.2","Inh PVALB CA8 (Chandelier)",0.10447608114139,3.82499998801101,0.78690074225299,0.37636404738441,0.999998866570966,0.999994427475806,"ya_adult_cogact_freq"
"7656","FBRS","Inh PVALB CA8 (Chandelier)",0.054122892673685,4.23806290781597,0.315178626050952,0.575301372102232,0.999998866570966,0.999994427475806,"ya_adult_cogact_freq"
"7657","RNF40","Inh PVALB CA8 (Chandelier)",0.0517303198590987,4.55023264501543,0.517225916259799,0.47307152972587,0.999998866570966,0.999994427475806,"ya_adult_cogact_freq"
"7658","BCL7C","Inh PVALB CA8 (Chandelier)",0.0333281259204316,5.54335159811774,0.256704390706744,0.613087559627214,0.999998866570966,0.999994427475806,"ya_adult_cogact_freq"
"7659","MIR762HG","Inh PVALB CA8 (Chandelier)",-0.0411735474932198,4.14522636966913,0.166663161465039,0.683637768221959,0.999998866570966,0.999994427475806,"ya_adult_cogact_freq"
"7660","FBXL19","Inh PVALB CA8 (Chandelier)",0.0952607113819063,4.76861276120908,1.89264671940832,0.170817363023146,0.999998866570966,0.999994427475806,"ya_adult_cogact_freq"
"7661","STX1B","Inh PVALB CA8 (Chandelier)",-0.0871954753892098,5.81701206099017,1.74629579330807,0.188220624379867,0.999998866570966,0.999994427475806,"ya_adult_cogact_freq"
"7662","KAT8","Inh PVALB CA8 (Chandelier)",-0.0734947973613793,5.61502274109641,1.60850291705249,0.321884463204767,0.999998866570966,0.999994427475806,"ya_adult_cogact_freq"
"7663","FUS","Inh PVALB CA8 (Chandelier)",-0.0691657187809651,6.91339038227109,2.86251133916644,0.092603214838796,0.999998866570966,0.999994427475806,"ya_adult_cogact_freq"
"7664","C16orf58","Inh PVALB CA8 (Chandelier)",-0.0269439643388948,4.42152895301185,0.095962085761398,0.880357855243633,0.999998866570966,0.999994427475806,"ya_adult_cogact_freq"
"7665","ZNF720","Inh PVALB CA8 (Chandelier)",-0.0418391903453609,5.02280604543024,0.369041074650809,0.544384546856149,0.999998866570966,0.999994427475806,"ya_adult_cogact_freq"
"7666","VPS35","Inh PVALB CA8 (Chandelier)",-0.0268704632421826,5.73013549044088,0.215194700436262,0.643353466104601,0.999998866570966,0.999994427475806,"ya_adult_cogact_freq"
"7667","C16orf87","Inh PVALB CA8 (Chandelier)",-0.00813696484301554,4.6326850399255,0.00959871961167207,0.922075733383641,0.999998866570966,0.999994427475806,"ya_adult_cogact_freq"
"7668","GPT2","Inh PVALB CA8 (Chandelier)",-0.0131225648585414,5.89089100788705,0.0556937250691682,0.813736798000862,0.999998866570966,0.999994427475806,"ya_adult_cogact_freq"
"7669","DNAJA2","Inh PVALB CA8 (Chandelier)",-0.0617429817665994,4.39311289832359,0.561487388377126,0.481921574423053,0.999998866570966,0.999994427475806,"ya_adult_cogact_freq"
"7670","NETO2","Inh PVALB CA8 (Chandelier)",0.0496107051671289,7.36657976246411,1.14456364809418,0.286293701192995,0.999998866570966,0.999994427475806,"ya_adult_cogact_freq"
"7671","ITFG1","Inh PVALB CA8 (Chandelier)",0.0616279355157849,8.12126692573627,3.5165588465205,0.0625719303782162,0.999998866570966,0.999994427475806,"ya_adult_cogact_freq"
"7672","PHKB","Inh PVALB CA8 (Chandelier)",0.00887239442754258,6.93720430350462,0.0474233159366578,0.827885295589746,0.999998866570966,0.999994427475806,"ya_adult_cogact_freq"
"7673","LONP2","Inh PVALB CA8 (Chandelier)",-0.00764884207143754,7.31208604133862,0.0630989682670805,0.879814226075527,0.999998866570966,0.999994427475806,"ya_adult_cogact_freq"
"7674","SIAH1","Inh PVALB CA8 (Chandelier)",-0.0682075655157239,4.87833105469314,0.915044644717334,0.340215722829685,0.999998866570966,0.999994427475806,"ya_adult_cogact_freq"
"7675","N4BP1","Inh PVALB CA8 (Chandelier)",0.0183943604712812,6.25167840764171,0.148967236254736,0.907710924332236,0.999998866570966,0.999994427475806,"ya_adult_cogact_freq"
"7676","HEATR3","Inh PVALB CA8 (Chandelier)",-0.108259091465551,4.59405390883295,1.82640355834923,0.17845154447806,0.999998866570966,0.999994427475806,"ya_adult_cogact_freq"
"7677","TENT4B","Inh PVALB CA8 (Chandelier)",-0.0304280285980471,5.67630163598459,0.215705451476289,0.642960163474994,0.999998866570966,0.999994427475806,"ya_adult_cogact_freq"
"7678","BRD7","Inh PVALB CA8 (Chandelier)",-0.027869076153062,4.86631363922322,0.170913024823474,0.679852576070578,0.999998866570966,0.999994427475806,"ya_adult_cogact_freq"
"7679","CYLD","Inh PVALB CA8 (Chandelier)",-0.011779087325482,5.97882072066846,0.0549868584979216,0.992045792922619,0.999998866570966,0.999994427475806,"ya_adult_cogact_freq"
"7680","TOX3","Inh PVALB CA8 (Chandelier)",-0.00490058101966823,8.02465128053768,0.0103228138270529,0.919199796811045,0.999998866570966,0.999994427475806,"ya_adult_cogact_freq"
"7681","CHD9","Inh PVALB CA8 (Chandelier)",0.0099425247372805,8.43990162617177,0.133268074451604,0.715547172748561,0.999998866570966,0.999994427475806,"ya_adult_cogact_freq"
"7682","RBL2","Inh PVALB CA8 (Chandelier)",-0.0124113070441945,6.10843336279568,0.0728263749885842,0.787611264441132,0.999998866570966,0.999994427475806,"ya_adult_cogact_freq"
"7683","AKTIP","Inh PVALB CA8 (Chandelier)",0.0517095821915286,4.86755847435315,0.423135947351965,0.516304950410471,0.999998866570966,0.999994427475806,"ya_adult_cogact_freq"
"7684","RPGRIP1L","Inh PVALB CA8 (Chandelier)",-0.00682974262951316,5.28704315347976,0.00969184063945605,0.921699879611444,0.999998866570966,0.999994427475806,"ya_adult_cogact_freq"
"7685","FTO","Inh PVALB CA8 (Chandelier)",-0.0397921165200608,8.32290657077529,2.0239250600941,0.15677592692874,0.999998866570966,0.999994427475806,"ya_adult_cogact_freq"
"7686","AC007495.1","Inh PVALB CA8 (Chandelier)",0.00633789611338028,5.57999080405037,0.00896972731909302,0.924664193202298,0.999998866570966,0.999994427475806,"ya_adult_cogact_freq"
"7687","GNAO1","Inh PVALB CA8 (Chandelier)",0.0548709604152357,8.04528566171639,2.28977526709645,0.132192193939534,0.999998866570966,0.999994427475806,"ya_adult_cogact_freq"
"7688","AMFR","Inh PVALB CA8 (Chandelier)",-0.0346941721578279,5.08993930574475,0.266592913994061,0.698326277317921,0.999998866570966,0.999994427475806,"ya_adult_cogact_freq"
"7689","NUDT21","Inh PVALB CA8 (Chandelier)",0.0979059630791063,5.17899655203346,2.01743198019361,0.157438410235013,0.999998866570966,0.999994427475806,"ya_adult_cogact_freq"
"7690","OGFOD1","Inh PVALB CA8 (Chandelier)",-0.0417685091727251,4.50961278249475,0.240448274492957,0.624551108851656,0.999998866570966,0.999994427475806,"ya_adult_cogact_freq"
"7691","BBS2","Inh PVALB CA8 (Chandelier)",-0.0127784346189079,6.07252335590261,0.0678264965452914,0.96577506999161,0.999998866570966,0.999994427475806,"ya_adult_cogact_freq"
"7692","MT3","Inh PVALB CA8 (Chandelier)",-0.0815453389283538,4.41928482418005,0.615091949193262,0.434031082015186,0.999998866570966,0.999994427475806,"ya_adult_cogact_freq"
"7693","NUP93","Inh PVALB CA8 (Chandelier)",-0.0286978508747577,6.84054319489314,0.70492846374298,0.402379413236098,0.999998866570966,0.999994427475806,"ya_adult_cogact_freq"
"7694","HERPUD1","Inh PVALB CA8 (Chandelier)",-0.0595270623798377,5.05099114200078,0.416602111030591,0.519557541864549,0.999998866570966,0.999994427475806,"ya_adult_cogact_freq"
"7695","FAM192A","Inh PVALB CA8 (Chandelier)",0.0459800254537435,5.12967040690053,0.606763629812391,0.437154050019111,0.999998866570966,0.999994427475806,"ya_adult_cogact_freq"
"7696","RSPRY1","Inh PVALB CA8 (Chandelier)",0.0322585992158725,5.02297512336035,0.275137067375793,0.600628928941124,0.999998866570966,0.999994427475806,"ya_adult_cogact_freq"
"7697","ARL2BP","Inh PVALB CA8 (Chandelier)",0.0692258362118456,5.16525165643992,1.04754715512754,0.307610304537535,0.999998866570966,0.999994427475806,"ya_adult_cogact_freq"
"7698","CX3CL1","Inh PVALB CA8 (Chandelier)",0.034895791766473,5.41357621096571,0.242029844552202,0.623414975548812,0.999998866570966,0.999994427475806,"ya_adult_cogact_freq"
"7699","CIAPIN1","Inh PVALB CA8 (Chandelier)",0.0146604840022258,4.77117203270084,0.0415863870949732,0.917770230100247,0.999998866570966,0.999994427475806,"ya_adult_cogact_freq"
"7700","COQ9","Inh PVALB CA8 (Chandelier)",-0.0567723428467737,5.56819382309351,0.889713611798917,0.346970273534019,0.999998866570966,0.999994427475806,"ya_adult_cogact_freq"
"7701","POLR2C","Inh PVALB CA8 (Chandelier)",-0.109400565632313,4.45012331357542,1.84514131097868,0.176252632418856,0.999998866570966,0.999994427475806,"ya_adult_cogact_freq"
"7702","DOK4","Inh PVALB CA8 (Chandelier)",0.0416646241787989,4.18195834951114,0.185181584994242,0.667533893199458,0.999998866570966,0.999994427475806,"ya_adult_cogact_freq"
"7703","KATNB1","Inh PVALB CA8 (Chandelier)",-0.200321600211712,4.10164095880126,3.72728153939662,0.0552902865445074,0.999998866570966,0.999994427475806,"ya_adult_cogact_freq"
"7704","CSNK2A2","Inh PVALB CA8 (Chandelier)",0.0727187047558315,4.78645079770575,1.00057318051593,0.318675065367017,0.999998866570966,0.999994427475806,"ya_adult_cogact_freq"
"7705","CCDC113","Inh PVALB CA8 (Chandelier)",-0.00164114575366695,3.61757985129136,0.000180548673011078,0.989295935701663,0.999998866570966,0.999994427475806,"ya_adult_cogact_freq"
"7706","NDRG4","Inh PVALB CA8 (Chandelier)",-0.0342981877660784,7.36999289358036,0.29275553093115,0.589209054727188,0.999998866570966,0.999994427475806,"ya_adult_cogact_freq"
"7707","CNOT1","Inh PVALB CA8 (Chandelier)",-0.0280323678052883,5.78022248668897,0.340282329141376,0.772766103355573,0.999998866570966,0.999994427475806,"ya_adult_cogact_freq"
"7708","SLC38A7","Inh PVALB CA8 (Chandelier)",-0.0526624816269349,4.78318357902053,0.470765477752896,0.493623556464934,0.999998866570966,0.999994427475806,"ya_adult_cogact_freq"
"7709","GOT2","Inh PVALB CA8 (Chandelier)",0.0659845791609985,5.40464443655749,1.37311936666039,0.243010329695379,0.999998866570966,0.999994427475806,"ya_adult_cogact_freq"
"7710","AC092378.1","Inh PVALB CA8 (Chandelier)",0.0388548385393438,6.19256883032196,0.25044176063657,0.617448581041072,0.999998866570966,0.999994427475806,"ya_adult_cogact_freq"
"7711","CDH8","Inh PVALB CA8 (Chandelier)",0.0724497011524968,3.4754722774729,0.15051866230998,0.698553424889627,0.999998866570966,0.999994427475806,"ya_adult_cogact_freq"
"7712","CDH11","Inh PVALB CA8 (Chandelier)",0.0281860866048574,5.8017307319891,0.159863959555859,0.689812522757343,0.999998866570966,0.999994427475806,"ya_adult_cogact_freq"
"7713","BEAN1","Inh PVALB CA8 (Chandelier)",-0.0436933448233997,4.23432114276051,0.19689027777426,0.657839344968675,0.999998866570966,0.999994427475806,"ya_adult_cogact_freq"
"7714","AC010542.3","Inh PVALB CA8 (Chandelier)",0.0218568549812476,4.29608335869087,0.0498237856623738,0.823653552818202,0.999998866570966,0.999994427475806,"ya_adult_cogact_freq"
"7715","TK2","Inh PVALB CA8 (Chandelier)",0.0019899788259108,4.04551644081704,0.000360094040104488,0.984883667043586,0.999998866570966,0.999994427475806,"ya_adult_cogact_freq"
"7716","CMTM4","Inh PVALB CA8 (Chandelier)",-0.0518786446668743,5.50948278956602,0.867343466003069,0.353088249158575,0.999998866570966,0.999994427475806,"ya_adult_cogact_freq"
"7717","DYNC1LI2","Inh PVALB CA8 (Chandelier)",-0.0506313145978999,6.13622883112266,1.60443624418179,0.207107742405745,0.999998866570966,0.999994427475806,"ya_adult_cogact_freq"
"7718","NAE1","Inh PVALB CA8 (Chandelier)",-0.00343472770252571,6.08183330965396,0.00491934862666148,0.944170936679672,0.999998866570966,0.999994427475806,"ya_adult_cogact_freq"
"7719","CA7","Inh PVALB CA8 (Chandelier)",-0.108761933003844,4.45086486719202,1.42623153069717,0.234139524454347,0.999998866570966,0.999994427475806,"ya_adult_cogact_freq"
"7720","PDP2","Inh PVALB CA8 (Chandelier)",0.0904136305815393,4.11096718167268,0.806447539931959,0.370515574811104,0.999998866570966,0.999994427475806,"ya_adult_cogact_freq"
"7721","FAM96B","Inh PVALB CA8 (Chandelier)",-0.0853248301731391,4.16491854605709,0.594489474467304,0.441820016027717,0.999998866570966,0.999994427475806,"ya_adult_cogact_freq"
"7722","CES2","Inh PVALB CA8 (Chandelier)",-0.00948869221225723,4.46895125628676,0.01488124562101,0.903060311064617,0.999998866570966,0.999994427475806,"ya_adult_cogact_freq"
"7723","CES4A","Inh PVALB CA8 (Chandelier)",-0.0970573224994953,4.31004420220895,0.811208412708563,0.369110466318318,0.999998866570966,0.999994427475806,"ya_adult_cogact_freq"
"7724","C16orf70","Inh PVALB CA8 (Chandelier)",0.0247798276861425,4.49816461765458,0.090624431842596,0.763773810524719,0.999998866570966,0.999994427475806,"ya_adult_cogact_freq"
"7725","HSF4","Inh PVALB CA8 (Chandelier)",-0.0631668226964321,4.75484058157137,0.620276664518206,0.432104117694824,0.999998866570966,0.999994427475806,"ya_adult_cogact_freq"
"7726","NOL3","Inh PVALB CA8 (Chandelier)",0.0397646984051376,3.8285130228594,0.117088235400952,0.732661170091626,0.999998866570966,0.999994427475806,"ya_adult_cogact_freq"
"7727","KIAA0895L","Inh PVALB CA8 (Chandelier)",-0.131710237470179,4.75741928166557,2.88228542066418,0.0914936823004374,0.999998866570966,0.999994427475806,"ya_adult_cogact_freq"
"7728","E2F4","Inh PVALB CA8 (Chandelier)",-0.0388125527557836,4.28304444000418,0.160489629718632,0.689238009955246,0.999998866570966,0.999994427475806,"ya_adult_cogact_freq"
"7729","LRRC29","Inh PVALB CA8 (Chandelier)",-0.0818881283693832,4.24349778234711,0.576271623369137,0.448889055092634,0.999998866570966,0.999994427475806,"ya_adult_cogact_freq"
"7730","SLC9A5","Inh PVALB CA8 (Chandelier)",-0.0194227220014662,4.95761667229483,0.0768967981295787,0.989580603371321,0.999998866570966,0.999994427475806,"ya_adult_cogact_freq"
"7731","ATP6V0D1","Inh PVALB CA8 (Chandelier)",-0.141669040566055,5.17459731306643,3.45361873127354,0.0649418800900821,0.999998866570966,0.999994427475806,"ya_adult_cogact_freq"
"7732","AC009061.2","Inh PVALB CA8 (Chandelier)",0.0521351042549797,5.27330146682289,0.400446085073583,0.527758039200971,0.999998866570966,0.999994427475806,"ya_adult_cogact_freq"
"7733","RIPOR1","Inh PVALB CA8 (Chandelier)",-0.0210679639312353,5.7733568144622,0.136682590151591,0.712088044301037,0.999998866570966,0.999994427475806,"ya_adult_cogact_freq"
"7734","AC027682.4","Inh PVALB CA8 (Chandelier)",0.016307686559922,4.32752337725735,0.0323624503507506,0.857461029722948,0.999998866570966,0.999994427475806,"ya_adult_cogact_freq"
"7735","CTCF","Inh PVALB CA8 (Chandelier)",0.00570788375338538,5.59827644466978,0.0095761469484919,0.957856847560684,0.999998866570966,0.999994427475806,"ya_adult_cogact_freq"
"7736","CARMIL2","Inh PVALB CA8 (Chandelier)",0.0662951251437468,4.05354007506887,0.381698651152307,0.537569738021143,0.999998866570966,0.999994427475806,"ya_adult_cogact_freq"
"7737","ACD","Inh PVALB CA8 (Chandelier)",-0.0642085297147721,3.58283260492458,0.252289239665928,0.61615503374564,0.999998866570966,0.999994427475806,"ya_adult_cogact_freq"
"7738","GFOD2","Inh PVALB CA8 (Chandelier)",-0.092351765074161,5.1778046347108,1.67991131339681,0.196793838324903,0.999998866570966,0.999994427475806,"ya_adult_cogact_freq"
"7739","RANBP10","Inh PVALB CA8 (Chandelier)",-0.0435927715607549,5.59956631317126,0.455821873012112,0.500552998819227,0.999998866570966,0.999994427475806,"ya_adult_cogact_freq"
"7740","CENPT","Inh PVALB CA8 (Chandelier)",0.03789327032115,4.30537411402939,0.211558849025349,0.646169775438865,0.999998866570966,0.999994427475806,"ya_adult_cogact_freq"
"7741","NUTF2","Inh PVALB CA8 (Chandelier)",-0.000112759267231801,4.03289366955651,4.81566336919634e-06,0.99825179475825,0.999998866570966,0.999994427475806,"ya_adult_cogact_freq"
"7742","PSKH1","Inh PVALB CA8 (Chandelier)",0.0468454907622229,4.0563952104409,0.170226756063537,0.680460051321197,0.999998866570966,0.999994427475806,"ya_adult_cogact_freq"
"7743","DUS2","Inh PVALB CA8 (Chandelier)",-0.129070023477268,4.15721826898171,1.57102928747242,0.211877385456214,0.999998866570966,0.999994427475806,"ya_adult_cogact_freq"
"7744","NFATC3","Inh PVALB CA8 (Chandelier)",0.0296153155953632,6.70163571456067,0.313815308946124,0.576128121456971,0.999998866570966,0.999994427475806,"ya_adult_cogact_freq"
"7745","SLC7A6","Inh PVALB CA8 (Chandelier)",0.0100524441800219,6.01908266943078,0.0351851427598929,0.851444769092778,0.999998866570966,0.999994427475806,"ya_adult_cogact_freq"
"7746","SLC7A6OS","Inh PVALB CA8 (Chandelier)",-0.170333203482463,4.7311418048105,4.69201764913333,0.0317763100505815,0.999998866570966,0.999994427475806,"ya_adult_cogact_freq"
"7747","PRMT7","Inh PVALB CA8 (Chandelier)",0.0374665569560892,5.66287457692365,0.32563865617561,0.569035310635315,0.999998866570966,0.999994427475806,"ya_adult_cogact_freq"
"7748","SMPD3","Inh PVALB CA8 (Chandelier)",-0.0155623221153315,6.18322926954706,0.0837031005257403,0.7727131877466,0.999998866570966,0.999994427475806,"ya_adult_cogact_freq"
"7749","ZFP90","Inh PVALB CA8 (Chandelier)",0.00388284953076536,6.4421831082152,0.0061062317619715,0.937811969259655,0.999998866570966,0.999994427475806,"ya_adult_cogact_freq"
"7750","CDH3","Inh PVALB CA8 (Chandelier)",0.053990212939635,4.80569244977679,0.350366741968368,0.554737099766371,0.999998866570966,0.999994427475806,"ya_adult_cogact_freq"
"7751","TANGO6","Inh PVALB CA8 (Chandelier)",0.0316685408684827,6.22128287236142,0.300407272998391,0.584387451739731,0.999998866570966,0.999994427475806,"ya_adult_cogact_freq"
"7752","CHTF8","Inh PVALB CA8 (Chandelier)",0.0102447009699148,4.11487303326115,0.01137791519388,0.919528967779681,0.999998866570966,0.999994427475806,"ya_adult_cogact_freq"
"7753","UTP4","Inh PVALB CA8 (Chandelier)",0.0706185041868991,4.42097572013034,0.621778351579435,0.43154843479749,0.999998866570966,0.999994427475806,"ya_adult_cogact_freq"
"7754","SNTB2","Inh PVALB CA8 (Chandelier)",0.0584241435100017,5.29955895935018,0.801906851439706,0.371862700884862,0.999998866570966,0.999994427475806,"ya_adult_cogact_freq"
"7755","VPS4A","Inh PVALB CA8 (Chandelier)",0.0231319093190341,4.60144793645778,0.0746416946704221,0.785045271628589,0.999998866570966,0.999994427475806,"ya_adult_cogact_freq"
"7756","TERF2","Inh PVALB CA8 (Chandelier)",-0.0491306753152942,4.5232066875211,0.328840258852777,0.567144088831819,0.999998866570966,0.999994427475806,"ya_adult_cogact_freq"
"7757","CYB5B","Inh PVALB CA8 (Chandelier)",0.0103428421714291,5.60092535827335,0.0382665197183287,0.845155964156657,0.999998866570966,0.999994427475806,"ya_adult_cogact_freq"
"7758","NFAT5","Inh PVALB CA8 (Chandelier)",0.00718540250306937,8.03123254482964,0.0572848679221716,0.811144819694429,0.999998866570966,0.999994427475806,"ya_adult_cogact_freq"
"7759","WWP2","Inh PVALB CA8 (Chandelier)",0.00350851612140854,5.44977903356917,0.00261179599611628,0.959304710290005,0.999998866570966,0.999994427475806,"ya_adult_cogact_freq"
"7760","PDPR","Inh PVALB CA8 (Chandelier)",0.0504043502593135,5.73500607783288,0.644642097484168,0.423220211781924,0.999998866570966,0.999994427475806,"ya_adult_cogact_freq"
"7761","EXOSC6","Inh PVALB CA8 (Chandelier)",0.0507764797029703,5.24195968961455,0.451420971628507,0.502625312740441,0.999998866570966,0.999994427475806,"ya_adult_cogact_freq"
"7762","AARS","Inh PVALB CA8 (Chandelier)",-0.101051739893184,6.05315840554342,3.37754344913694,0.0679363047932936,0.999998866570966,0.999994427475806,"ya_adult_cogact_freq"
"7763","AC012184.2","Inh PVALB CA8 (Chandelier)",0.101914858298579,3.93878407265091,0.663961829514381,0.416370190505596,0.999998866570966,0.999994427475806,"ya_adult_cogact_freq"
"7764","ST3GAL2","Inh PVALB CA8 (Chandelier)",0.0385813360120353,4.9938860353118,0.256228581388119,0.613416532167826,0.999998866570966,0.999994427475806,"ya_adult_cogact_freq"
"7765","COG4","Inh PVALB CA8 (Chandelier)",0.00813684037520789,4.66556615296178,0.0107287656266613,0.917631954487951,0.999998866570966,0.999994427475806,"ya_adult_cogact_freq"
"7766","SF3B3","Inh PVALB CA8 (Chandelier)",0.0891962377310393,5.54491059059004,2.90957300824069,0.0899864172449806,0.999998866570966,0.999994427475806,"ya_adult_cogact_freq"
"7767","IL34","Inh PVALB CA8 (Chandelier)",-0.0874305189657547,5.03653452965346,1.41437829622175,0.236084492096807,0.999998866570966,0.999994427475806,"ya_adult_cogact_freq"
"7768","MTSS1L","Inh PVALB CA8 (Chandelier)",0.0188324573764182,6.69583727874479,0.195288730559344,0.98273722681564,0.999998866570966,0.999994427475806,"ya_adult_cogact_freq"
"7769","VAC14","Inh PVALB CA8 (Chandelier)",-0.0231295605888689,4.81052602443511,0.0846099540581339,0.771519621827746,0.999998866570966,0.999994427475806,"ya_adult_cogact_freq"
"7770","HYDIN","Inh PVALB CA8 (Chandelier)",0.0438812121000295,6.54140995992855,0.49058215531389,0.484680147884589,0.999998866570966,0.999994427475806,"ya_adult_cogact_freq"
"7771","CMTR2","Inh PVALB CA8 (Chandelier)",-0.100026522634696,3.60098815064471,0.56859896117668,0.451919228223691,0.999998866570966,0.999994427475806,"ya_adult_cogact_freq"
"7772","PHLPP2","Inh PVALB CA8 (Chandelier)",0.0518258510017146,6.20686760627548,1.53692814339126,0.216882212368833,0.999998866570966,0.999994427475806,"ya_adult_cogact_freq"
"7773","AP1G1","Inh PVALB CA8 (Chandelier)",-0.0353471903777658,6.24271579059383,0.806105000669304,0.370616959813664,0.999998866570966,0.999994427475806,"ya_adult_cogact_freq"
"7774","IST1","Inh PVALB CA8 (Chandelier)",0.0183411878838298,5.98430102860695,0.163036150685485,0.762389431203228,0.999998866570966,0.999994427475806,"ya_adult_cogact_freq"
"7775","ZNF821","Inh PVALB CA8 (Chandelier)",-0.0300897096451645,6.2003109157881,0.355678639815834,0.55175489901045,0.999998866570966,0.999994427475806,"ya_adult_cogact_freq"
"7776","TXNL4B","Inh PVALB CA8 (Chandelier)",-0.108342290118378,3.90038900871265,1.01447645748079,0.315346369950699,0.999998866570966,0.999994427475806,"ya_adult_cogact_freq"
"7777","LINC01572","Inh PVALB CA8 (Chandelier)",-0.110068822115907,4.00559202621192,0.790717318841058,0.375211943593848,0.999998866570966,0.999994427475806,"ya_adult_cogact_freq"
"7778","AC004158.1","Inh PVALB CA8 (Chandelier)",0.0846235212166461,4.6614118923479,0.78735223002817,0.376227497106548,0.999998866570966,0.999994427475806,"ya_adult_cogact_freq"
"7779","ZFHX3","Inh PVALB CA8 (Chandelier)",0.00180544389042162,5.63829523335669,0.000707144390110132,0.97881798564734,0.999998866570966,0.999994427475806,"ya_adult_cogact_freq"
"7780","AC138627.1","Inh PVALB CA8 (Chandelier)",0.00170088094957407,4.14810428759439,0.0002243577258505,0.988067845095916,0.999998866570966,0.999994427475806,"ya_adult_cogact_freq"
"7781","PSMD7","Inh PVALB CA8 (Chandelier)",-0.122863050376945,4.95853103121345,2.17147636403874,0.142546544336243,0.999998866570966,0.999994427475806,"ya_adult_cogact_freq"
"7782","NPIPB15","Inh PVALB CA8 (Chandelier)",-0.0356709783459826,3.56235254778741,0.0410810649889318,0.839637811501785,0.999998866570966,0.999994427475806,"ya_adult_cogact_freq"
"7783","GLG1","Inh PVALB CA8 (Chandelier)",0.0224497866865889,7.69487796387354,0.487290825795419,0.486146746329964,0.999998866570966,0.999994427475806,"ya_adult_cogact_freq"
"7784","WDR59","Inh PVALB CA8 (Chandelier)",0.045639680921726,7.0220951939824,1.59630069304622,0.2082573893521,0.999998866570966,0.999994427475806,"ya_adult_cogact_freq"
"7785","ZNRF1","Inh PVALB CA8 (Chandelier)",0.0013837029445487,6.25966009500615,0.000904612934559193,0.97604312185824,0.999998866570966,0.999994427475806,"ya_adult_cogact_freq"
"7786","BCAR1","Inh PVALB CA8 (Chandelier)",-0.119774238048526,5.23707588567008,3.50289753581947,0.0630783079591191,0.999998866570966,0.999994427475806,"ya_adult_cogact_freq"
"7787","CFDP1","Inh PVALB CA8 (Chandelier)",0.0201925856001832,6.41524397530637,0.228212018833931,0.663594709138232,0.999998866570966,0.999994427475806,"ya_adult_cogact_freq"
"7788","GABARAPL2","Inh PVALB CA8 (Chandelier)",-0.173848281924919,5.10321970798614,2.9099749400169,0.0899644202710233,0.999998866570966,0.999994427475806,"ya_adult_cogact_freq"
"7789","ADAT1","Inh PVALB CA8 (Chandelier)",0.100169635716637,4.13814921770283,0.958128757642412,0.329129475346137,0.999998866570966,0.999994427475806,"ya_adult_cogact_freq"
"7790","KARS","Inh PVALB CA8 (Chandelier)",-0.0405183838240195,4.05782847781312,0.164724012450812,0.685383630829352,0.999998866570966,0.999994427475806,"ya_adult_cogact_freq"
"7791","TERF2IP","Inh PVALB CA8 (Chandelier)",0.0116233333205245,7.18790846414151,0.0473303407280767,0.828051433491543,0.999998866570966,0.999994427475806,"ya_adult_cogact_freq"
"7792","CNTNAP4","Inh PVALB CA8 (Chandelier)",0.0341207786392286,8.34502735481565,0.554610538550092,0.457527188121067,0.999998866570966,0.999994427475806,"ya_adult_cogact_freq"
"7793","AC104151.1","Inh PVALB CA8 (Chandelier)",-0.047279660368447,6.46814965018298,0.59519966014004,0.441547951174754,0.999998866570966,0.999994427475806,"ya_adult_cogact_freq"
"7794","AC106729.1","Inh PVALB CA8 (Chandelier)",-0.0485980169862062,4.37068833235522,0.102136442428471,0.749695652102072,0.999998866570966,0.999994427475806,"ya_adult_cogact_freq"
"7795","WWOX","Inh PVALB CA8 (Chandelier)",0.00451087240948711,8.93203303147475,0.00849664434757314,0.926671980108547,0.999998866570966,0.999994427475806,"ya_adult_cogact_freq"
"7796","AC092376.2","Inh PVALB CA8 (Chandelier)",0.00692592664932777,4.92432375958788,0.00731116085258281,0.931966054929566,0.999998866570966,0.999994427475806,"ya_adult_cogact_freq"
"7797","MAF","Inh PVALB CA8 (Chandelier)",0.0781142841840394,6.59061808785913,1.32536449279048,0.251340881842184,0.999998866570966,0.999994427475806,"ya_adult_cogact_freq"
"7798","CDYL2","Inh PVALB CA8 (Chandelier)",-0.174404760957217,4.5196062437775,3.44416110535005,0.0653062747242417,0.999998866570966,0.999994427475806,"ya_adult_cogact_freq"
"7799","CMC2","Inh PVALB CA8 (Chandelier)",-0.0763820234281452,6.57505391836505,2.3847811199305,0.12448823686372,0.999998866570966,0.999994427475806,"ya_adult_cogact_freq"
"7800","ATMIN","Inh PVALB CA8 (Chandelier)",0.0652036601472887,4.68180201854699,0.617370016268912,0.433182796738323,0.999998866570966,0.999994427475806,"ya_adult_cogact_freq"
"7801","GAN","Inh PVALB CA8 (Chandelier)",-0.0536440855995958,6.28770599709933,1.16717006536594,0.281601538022046,0.999998866570966,0.999994427475806,"ya_adult_cogact_freq"
"7802","CMIP","Inh PVALB CA8 (Chandelier)",-0.0440325222609785,7.77375810781141,1.26323117682581,0.262715815435235,0.999998866570966,0.999994427475806,"ya_adult_cogact_freq"
"7803","PLCG2","Inh PVALB CA8 (Chandelier)",0.251646573471076,5.88440812885057,3.46510369525048,0.0645023165108293,0.999998866570966,0.999994427475806,"ya_adult_cogact_freq"
"7804","AC092142.1","Inh PVALB CA8 (Chandelier)",0.0476743544747629,4.62593698098492,0.364217076570489,0.652572206457379,0.999998866570966,0.999994427475806,"ya_adult_cogact_freq"
"7805","MPHOSPH6","Inh PVALB CA8 (Chandelier)",0.0274727012199757,5.25773561741431,0.166005633958126,0.684228421888043,0.999998866570966,0.999994427475806,"ya_adult_cogact_freq"
"7806","CDH13","Inh PVALB CA8 (Chandelier)",0.174342529897815,4.12474404710049,1.31469973579156,0.253249192038124,0.999998866570966,0.999994427475806,"ya_adult_cogact_freq"
"7807","HSBP1","Inh PVALB CA8 (Chandelier)",-0.0363956014127001,4.60193012997241,0.168590922814621,0.681913872984268,0.999998866570966,0.999994427475806,"ya_adult_cogact_freq"
"7808","MBTPS1","Inh PVALB CA8 (Chandelier)",-0.0298831600253768,6.27728082750095,0.495759281497095,0.482388039850433,0.999998866570966,0.999994427475806,"ya_adult_cogact_freq"
"7809","HSDL1","Inh PVALB CA8 (Chandelier)",-0.053096797325598,4.38650321668112,0.434241843441865,0.510857585000506,0.999998866570966,0.999994427475806,"ya_adult_cogact_freq"
"7810","TLDC1","Inh PVALB CA8 (Chandelier)",-0.109019679242173,4.95478650764102,2.22469702278207,0.137778929832145,0.999998866570966,0.999994427475806,"ya_adult_cogact_freq"
"7811","COTL1","Inh PVALB CA8 (Chandelier)",-0.0913944459373457,4.66124496699166,1.23667030926524,0.267773940235862,0.999998866570966,0.999994427475806,"ya_adult_cogact_freq"
"7812","KLHL36","Inh PVALB CA8 (Chandelier)",0.113761454969864,4.61386575896206,2.14912184342661,0.144604667109537,0.999998866570966,0.999994427475806,"ya_adult_cogact_freq"
"7813","USP10","Inh PVALB CA8 (Chandelier)",0.0328369229543208,5.95908836106423,0.519999931329908,0.517326791776367,0.999998866570966,0.999994427475806,"ya_adult_cogact_freq"
"7814","ZDHHC7","Inh PVALB CA8 (Chandelier)",-0.0161722056621307,4.34151550137457,0.0352935050781459,0.851218877289981,0.999998866570966,0.999994427475806,"ya_adult_cogact_freq"
"7815","KIAA0513","Inh PVALB CA8 (Chandelier)",-0.0404891610099968,5.90612825017105,0.58180989354776,0.51497653187273,0.999998866570966,0.999994427475806,"ya_adult_cogact_freq"
"7816","GSE1","Inh PVALB CA8 (Chandelier)",0.00157304500794746,6.99722581746095,0.00131192113821801,0.971151513641428,0.999998866570966,0.999994427475806,"ya_adult_cogact_freq"
"7817","EMC8","Inh PVALB CA8 (Chandelier)",-0.0229513321537453,4.16307889110925,0.0592141411469358,0.843967580853162,0.999998866570966,0.999994427475806,"ya_adult_cogact_freq"
"7818","COX4I1","Inh PVALB CA8 (Chandelier)",-0.198225748022254,5.68439196064454,4.97575651832278,0.0270889945392527,0.999998866570966,0.999994427475806,"ya_adult_cogact_freq"
"7819","C16orf95","Inh PVALB CA8 (Chandelier)",0.0146888414005871,4.64368672108844,0.025501293537791,0.873324756026697,0.999998866570966,0.999994427475806,"ya_adult_cogact_freq"
"7820","FBXO31","Inh PVALB CA8 (Chandelier)",0.0049057487299267,4.83397168580254,0.00500265518933878,0.943700989422819,0.999998866570966,0.999994427475806,"ya_adult_cogact_freq"
"7821","MAP1LC3B","Inh PVALB CA8 (Chandelier)",0.0800278732109429,5.92137594590448,1.71604193947014,0.192072072034754,0.999998866570966,0.999994427475806,"ya_adult_cogact_freq"
"7822","ZCCHC14","Inh PVALB CA8 (Chandelier)",0.0233433617613579,6.63772958842626,0.25294402753268,0.615697996518951,0.999998866570966,0.999994427475806,"ya_adult_cogact_freq"
"7823","JPH3","Inh PVALB CA8 (Chandelier)",0.0177996626632872,6.06954225127181,0.140803662593142,0.707977963361345,0.999998866570966,0.999994427475806,"ya_adult_cogact_freq"
"7824","KLHDC4","Inh PVALB CA8 (Chandelier)",-0.0368027459056599,4.95510582883026,0.197419903527023,0.657409067772165,0.999998866570966,0.999994427475806,"ya_adult_cogact_freq"
"7825","SLC7A5","Inh PVALB CA8 (Chandelier)",0.059304059710955,5.33789685113787,0.391163172276895,0.532575433269014,0.999998866570966,0.999994427475806,"ya_adult_cogact_freq"
"7826","BANP","Inh PVALB CA8 (Chandelier)",0.043289736139715,5.87817066868876,0.53386180323741,0.466051275017478,0.999998866570966,0.999994427475806,"ya_adult_cogact_freq"
"7827","ZFPM1","Inh PVALB CA8 (Chandelier)",-0.0821105497359358,4.1871044418805,0.693872580141689,0.406086089015645,0.999998866570966,0.999994427475806,"ya_adult_cogact_freq"
"7828","ZC3H18","Inh PVALB CA8 (Chandelier)",-0.00767404092040692,4.98511176150114,0.010299821679217,0.919289519919081,0.999998866570966,0.999994427475806,"ya_adult_cogact_freq"
"7829","MVD","Inh PVALB CA8 (Chandelier)",-0.00794586430634253,4.85927896084372,0.0111442092060389,0.916058196136728,0.999998866570966,0.999994427475806,"ya_adult_cogact_freq"
"7830","SNAI3-AS1","Inh PVALB CA8 (Chandelier)",-0.0806221291027813,4.3337096077859,0.758308952063552,0.385156722859262,0.999998866570966,0.999994427475806,"ya_adult_cogact_freq"
"7831","GALNS","Inh PVALB CA8 (Chandelier)",-0.017310635500203,4.61285158399058,0.0429073613959745,0.83616194400034,0.999998866570966,0.999994427475806,"ya_adult_cogact_freq"
"7832","ACSF3","Inh PVALB CA8 (Chandelier)",0.123946614304676,4.58005536196892,2.92846390541254,0.0889588891372902,0.999998866570966,0.999994427475806,"ya_adult_cogact_freq"
"7833","ANKRD11","Inh PVALB CA8 (Chandelier)",-0.0295457296265086,7.74714579050876,0.796435655094154,0.37349505169102,0.999998866570966,0.999994427475806,"ya_adult_cogact_freq"
"7834","SPG7","Inh PVALB CA8 (Chandelier)",0.0263766473747938,6.60222947991061,0.288466344350387,0.591947579773674,0.999998866570966,0.999994427475806,"ya_adult_cogact_freq"
"7835","RPL13","Inh PVALB CA8 (Chandelier)",-0.0658564777268596,5.93316719185178,0.540104172480189,0.463460245228055,0.999998866570966,0.999994427475806,"ya_adult_cogact_freq"
"7836","CHMP1A","Inh PVALB CA8 (Chandelier)",-0.139380775617669,4.20581019065433,2.18315219623292,0.141484805677156,0.999998866570966,0.999994427475806,"ya_adult_cogact_freq"
"7837","SPATA33","Inh PVALB CA8 (Chandelier)",0.0207593730111971,4.02795707060068,0.0409850546738712,0.914050088445951,0.999998866570966,0.999994427475806,"ya_adult_cogact_freq"
"7838","CDK10","Inh PVALB CA8 (Chandelier)",0.100912228006895,4.89936248531533,1.96099712701443,0.163333748574836,0.999998866570966,0.999994427475806,"ya_adult_cogact_freq"
"7839","SPATA2L","Inh PVALB CA8 (Chandelier)",-0.0214257618406598,3.68675260209457,0.0178488877434719,0.893886190882078,0.999998866570966,0.999994427475806,"ya_adult_cogact_freq"
"7840","VPS9D1","Inh PVALB CA8 (Chandelier)",-0.104715703755452,5.9859099126066,2.8258054207077,0.0947021391618869,0.999998866570966,0.999994427475806,"ya_adult_cogact_freq"
"7841","ZNF276","Inh PVALB CA8 (Chandelier)",-0.0653686691009078,4.7090864993409,0.678610669027682,0.573059710274588,0.999998866570966,0.999994427475806,"ya_adult_cogact_freq"
"7842","SPIRE2","Inh PVALB CA8 (Chandelier)",-0.0295800023746985,5.56539401073815,0.284295127035151,0.68919709188522,0.999998866570966,0.999994427475806,"ya_adult_cogact_freq"
"7843","TCF25","Inh PVALB CA8 (Chandelier)",-0.0182212489131017,7.7523499488178,0.237984461741153,0.626330286136056,0.999998866570966,0.999994427475806,"ya_adult_cogact_freq"
"7844","DEF8","Inh PVALB CA8 (Chandelier)",0.0931252388779091,5.0186135406777,1.77442290694733,0.189866910897384,0.999998866570966,0.999994427475806,"ya_adult_cogact_freq"
"7845","GAS8","Inh PVALB CA8 (Chandelier)",0.0798980783175022,5.48379472882374,0.936231753621203,0.334702198366182,0.999998866570966,0.999994427475806,"ya_adult_cogact_freq"
"7846","FAM157C","Inh PVALB CA8 (Chandelier)",-0.200579487856754,5.19538716369341,5.59893921403661,0.0191626981165566,0.999998866570966,0.999994427475806,"ya_adult_cogact_freq"
"7847","LINC02193","Inh PVALB CA8 (Chandelier)",0.0573878135394882,3.83505310112406,0.224625974024641,0.636180576211242,0.999998866570966,0.999994427475806,"ya_adult_cogact_freq"
"7848","C17orf97","Inh PVALB CA8 (Chandelier)",0.0868020264746436,3.93460546092435,0.539058306653625,0.463892741483638,0.999998866570966,0.999994427475806,"ya_adult_cogact_freq"
"7849","VPS53","Inh PVALB CA8 (Chandelier)",-0.0184817367909004,7.4470792921962,0.304809465837813,0.581649601477298,0.999998866570966,0.999994427475806,"ya_adult_cogact_freq"
"7850","GLOD4","Inh PVALB CA8 (Chandelier)",-0.0305546703246406,4.54618646227079,0.149630676103587,0.699400090751417,0.999998866570966,0.999994427475806,"ya_adult_cogact_freq"
"7851","NXN","Inh PVALB CA8 (Chandelier)",-0.0379450235628101,5.2587776364511,0.120475034281322,0.728973793655654,0.999998866570966,0.999994427475806,"ya_adult_cogact_freq"
"7852","TIMM22","Inh PVALB CA8 (Chandelier)",-0.100579078159828,4.06578155776482,0.917999041707257,0.339439577675799,0.999998866570966,0.999994427475806,"ya_adult_cogact_freq"
"7853","ABR","Inh PVALB CA8 (Chandelier)",-0.0258659218014609,7.7541733987659,0.436839046859378,0.50959810560407,0.999998866570966,0.999994427475806,"ya_adult_cogact_freq"
"7854","YWHAE","Inh PVALB CA8 (Chandelier)",0.00677233738260584,6.488056111925,0.0228979597125365,0.879912441983283,0.999998866570966,0.999994427475806,"ya_adult_cogact_freq"
"7855","CRK","Inh PVALB CA8 (Chandelier)",0.0262048327456131,5.64602103464154,0.279640602610522,0.597666203137109,0.999998866570966,0.999994427475806,"ya_adult_cogact_freq"
"7856","PITPNA","Inh PVALB CA8 (Chandelier)",-0.040631769627183,6.6042429489322,1.02461763945342,0.329300100014846,0.999998866570966,0.999994427475806,"ya_adult_cogact_freq"
"7857","SLC43A2","Inh PVALB CA8 (Chandelier)",0.0050627472807538,6.2146946416888,0.0147499097519948,0.903486913001294,0.999998866570966,0.999994427475806,"ya_adult_cogact_freq"
"7858","PRPF8","Inh PVALB CA8 (Chandelier)",-0.0424463731515761,5.95453399691143,0.622045572625033,0.431449666722786,0.999998866570966,0.999994427475806,"ya_adult_cogact_freq"
"7859","SMYD4","Inh PVALB CA8 (Chandelier)",0.0405592963085888,4.8373341897332,0.269611765857029,0.604306417995137,0.999998866570966,0.999994427475806,"ya_adult_cogact_freq"
"7860","RPA1","Inh PVALB CA8 (Chandelier)",0.0219055208368364,4.91757384771057,0.0941118145788012,0.780636166273485,0.999998866570966,0.999994427475806,"ya_adult_cogact_freq"
"7861","RTN4RL1","Inh PVALB CA8 (Chandelier)",0.0922143102228073,7.04737200584208,3.01973255456029,0.084171958855994,0.999998866570966,0.999994427475806,"ya_adult_cogact_freq"
"7862","DPH1","Inh PVALB CA8 (Chandelier)",-0.105762121918119,3.90026367652503,0.91066275262187,0.341371313078899,0.999998866570966,0.999994427475806,"ya_adult_cogact_freq"
"7863","SMG6","Inh PVALB CA8 (Chandelier)",-0.0142543613506516,7.07546815627334,0.125175092479576,0.723951648214083,0.999998866570966,0.999994427475806,"ya_adult_cogact_freq"
"7864","TSR1","Inh PVALB CA8 (Chandelier)",-0.0400727840566533,4.08745738604098,0.175310437332615,0.67599358010242,0.999998866570966,0.999994427475806,"ya_adult_cogact_freq"
"7865","SGSM2","Inh PVALB CA8 (Chandelier)",-0.0601323278465875,6.51140028479475,1.76631770915583,0.185721560286905,0.999998866570966,0.999994427475806,"ya_adult_cogact_freq"
"7866","MNT","Inh PVALB CA8 (Chandelier)",0.125025311616705,4.17530032010431,1.56120898234364,0.213304342899272,0.999998866570966,0.999994427475806,"ya_adult_cogact_freq"
"7867","METTL16","Inh PVALB CA8 (Chandelier)",-0.0712628811141869,5.58428108921494,1.39332898491465,0.239587265043692,0.999998866570966,0.999994427475806,"ya_adult_cogact_freq"
"7868","PAFAH1B1","Inh PVALB CA8 (Chandelier)",-0.0357807364909844,7.8012468327897,1.13533756496115,0.288237328806015,0.999998866570966,0.999994427475806,"ya_adult_cogact_freq"
"7869","CLUH","Inh PVALB CA8 (Chandelier)",-0.100525537188059,4.97144182806644,2.09164765806505,0.185411063051215,0.999998866570966,0.999994427475806,"ya_adult_cogact_freq"
"7870","RAP1GAP2","Inh PVALB CA8 (Chandelier)",-0.0716343506687931,7.08210849815288,3.19917588771423,0.0755584738401291,0.999998866570966,0.999994427475806,"ya_adult_cogact_freq"
"7871","NCBP3","Inh PVALB CA8 (Chandelier)",-0.0393195009979649,5.39537151668552,0.583334326029517,0.446127774276893,0.999998866570966,0.999994427475806,"ya_adult_cogact_freq"
"7872","CAMKK1","Inh PVALB CA8 (Chandelier)",0.040564153956747,5.21855324948415,0.324126832215174,0.569932653466105,0.999998866570966,0.999994427475806,"ya_adult_cogact_freq"
"7873","ZZEF1","Inh PVALB CA8 (Chandelier)",0.003215828997136,6.49448870653586,0.00605696111895554,0.938062860932439,0.999998866570966,0.999994427475806,"ya_adult_cogact_freq"
"7874","CYB5D2","Inh PVALB CA8 (Chandelier)",-0.0203184857974286,5.73395195281817,0.132255433041403,0.995055215514174,0.999998866570966,0.999994427475806,"ya_adult_cogact_freq"
"7875","ANKFY1","Inh PVALB CA8 (Chandelier)",0.0518756749716818,6.43783955298199,1.27411492307739,0.260677711965045,0.999998866570966,0.999994427475806,"ya_adult_cogact_freq"
"7876","UBE2G1","Inh PVALB CA8 (Chandelier)",-0.00154656811976049,6.01310202184192,0.00076231327146295,0.978007432660442,0.999998866570966,0.999994427475806,"ya_adult_cogact_freq"
"7877","SPNS2","Inh PVALB CA8 (Chandelier)",0.000405310925409079,5.10114498666023,3.61989484539139e-05,0.995206971079905,0.999998866570966,0.999994427475806,"ya_adult_cogact_freq"
"7878","MYBBP1A","Inh PVALB CA8 (Chandelier)",-0.0561855694249527,3.82761536333583,0.28130193842081,0.59658097880601,0.999998866570966,0.999994427475806,"ya_adult_cogact_freq"
"7879","PELP1","Inh PVALB CA8 (Chandelier)",0.0225849066364585,4.77047484431893,0.105146928662491,0.746159929260703,0.999998866570966,0.999994427475806,"ya_adult_cogact_freq"
"7880","ARRB2","Inh PVALB CA8 (Chandelier)",0.0141235222115505,4.58508085417522,0.0326501593238667,0.856835707934338,0.999998866570966,0.999994427475806,"ya_adult_cogact_freq"
"7881","MINK1","Inh PVALB CA8 (Chandelier)",-0.0396041181934855,5.77274001445838,0.53341754187454,0.466236561241359,0.999998866570966,0.999994427475806,"ya_adult_cogact_freq"
"7882","SLC25A11","Inh PVALB CA8 (Chandelier)",-0.0685600804223957,4.19526850258451,0.375292605747461,0.540998963427133,0.999998866570966,0.999994427475806,"ya_adult_cogact_freq"
"7883","RNF167","Inh PVALB CA8 (Chandelier)",-0.0536864211354677,4.072450604178,0.258884278841605,0.611585279319845,0.999998866570966,0.999994427475806,"ya_adult_cogact_freq"
"7884","PFN1","Inh PVALB CA8 (Chandelier)",-0.214768150554449,3.85142790777434,2.38044660497295,0.124828545038081,0.999998866570966,0.999994427475806,"ya_adult_cogact_freq"
"7885","SPAG7","Inh PVALB CA8 (Chandelier)",-0.118472657587272,4.13024432115681,1.44957166141109,0.230366400812825,0.999998866570966,0.999994427475806,"ya_adult_cogact_freq"
"7886","CAMTA2","Inh PVALB CA8 (Chandelier)",0.0644150299707456,5.2450697203811,0.887752476545472,0.347500797663854,0.999998866570966,0.999994427475806,"ya_adult_cogact_freq"
"7887","KIF1C","Inh PVALB CA8 (Chandelier)",-0.100773155733638,4.71371689354752,1.71423707976297,0.192304751984155,0.999998866570966,0.999994427475806,"ya_adult_cogact_freq"
"7888","ZNF594","Inh PVALB CA8 (Chandelier)",-0.0114889581463584,4.53268364866653,0.0208818663294896,0.885282236777713,0.999998866570966,0.999994427475806,"ya_adult_cogact_freq"
"7889","AC087500.1","Inh PVALB CA8 (Chandelier)",0.117331419895055,5.65705928807773,3.23774747851112,0.0738349783915532,0.999998866570966,0.999994427475806,"ya_adult_cogact_freq"
"7890","RABEP1","Inh PVALB CA8 (Chandelier)",0.0324358422707171,7.34950400678523,1.15577047877485,0.283955265294267,0.999998866570966,0.999994427475806,"ya_adult_cogact_freq"
"7891","NUP88","Inh PVALB CA8 (Chandelier)",-0.021180391117913,5.59131210367389,0.126310102868776,0.722754822865131,0.999998866570966,0.999994427475806,"ya_adult_cogact_freq"
"7892","RPAIN","Inh PVALB CA8 (Chandelier)",-0.0356546032088312,4.99074464299494,0.282696051434501,0.595673477850611,0.999998866570966,0.999994427475806,"ya_adult_cogact_freq"
"7893","C1QBP","Inh PVALB CA8 (Chandelier)",-0.0163690900691614,4.37126129071073,0.0263066637083311,0.871357318925764,0.999998866570966,0.999994427475806,"ya_adult_cogact_freq"
"7894","NLRP1","Inh PVALB CA8 (Chandelier)",-0.213837537188227,4.7719577416216,4.3640151569327,0.0382809866138427,0.999998866570966,0.999994427475806,"ya_adult_cogact_freq"
"7895","WSCD1","Inh PVALB CA8 (Chandelier)",-0.128916841263058,3.78612375492489,0.887305252158268,0.347621935285432,0.999998866570966,0.999994427475806,"ya_adult_cogact_freq"
"7896","PITPNM3","Inh PVALB CA8 (Chandelier)",-0.104658386610822,5.81702973012763,3.27821617741572,0.0720724006900873,0.999998866570966,0.999994427475806,"ya_adult_cogact_freq"
"7897","KIAA0753","Inh PVALB CA8 (Chandelier)",-0.054509270406022,5.37641634110714,0.827467141822478,0.534489732311168,0.999998866570966,0.999994427475806,"ya_adult_cogact_freq"
"7898","MED31","Inh PVALB CA8 (Chandelier)",-0.0857571909734361,4.4543166004616,1.11717283348671,0.292113710208131,0.999998866570966,0.999994427475806,"ya_adult_cogact_freq"
"7899","C17orf100","Inh PVALB CA8 (Chandelier)",-0.0441188640446332,4.29341042221986,0.254598968753521,0.614546157685609,0.999998866570966,0.999994427475806,"ya_adult_cogact_freq"
"7900","ALOX12-AS1","Inh PVALB CA8 (Chandelier)",0.191348037352741,5.41004561082217,6.56279535272687,0.0113321623982365,0.999998866570966,0.999994427475806,"ya_adult_cogact_freq"
"7901","ASGR1","Inh PVALB CA8 (Chandelier)",-0.0576848791674738,4.32900291634459,0.337013888094331,0.562370810747796,0.999998866570966,0.999994427475806,"ya_adult_cogact_freq"
"7902","DLG4","Inh PVALB CA8 (Chandelier)",0.0755092946446623,5.4284865750981,1.151029314475,0.284941577686765,0.999998866570966,0.999994427475806,"ya_adult_cogact_freq"
"7903","ACADVL","Inh PVALB CA8 (Chandelier)",-0.0221269228844598,5.60656664793725,0.121607340651843,0.727753972770499,0.999998866570966,0.999994427475806,"ya_adult_cogact_freq"
"7904","DVL2","Inh PVALB CA8 (Chandelier)",0.00643291907926535,4.03722255187167,0.0038685887083308,0.950482432306032,0.999998866570966,0.999994427475806,"ya_adult_cogact_freq"
"7905","ELP5","Inh PVALB CA8 (Chandelier)",-0.0482489327052211,3.89268020681872,0.173064250489403,0.677957554681914,0.999998866570966,0.999994427475806,"ya_adult_cogact_freq"
"7906","EIF5A","Inh PVALB CA8 (Chandelier)",0.0778772091673039,4.46536180944267,0.504747139926565,0.478451019874626,0.999998866570966,0.999994427475806,"ya_adult_cogact_freq"
"7907","NLGN2","Inh PVALB CA8 (Chandelier)",-0.0445864128082785,5.19397363445014,0.540755290634264,0.463191314660428,0.999998866570966,0.999994427475806,"ya_adult_cogact_freq"
"7908","ZBTB4","Inh PVALB CA8 (Chandelier)",0.0199810988546467,6.39323452615251,0.235703844255253,0.627987373593431,0.999998866570966,0.999994427475806,"ya_adult_cogact_freq"
"7909","POLR2A","Inh PVALB CA8 (Chandelier)",0.0720546827671789,4.86805271420522,0.845704279138992,0.359148208968017,0.999998866570966,0.999994427475806,"ya_adult_cogact_freq"
"7910","EIF4A1","Inh PVALB CA8 (Chandelier)",0.0694891107516515,4.53962497502011,0.511660051322685,0.475458657979179,0.999998866570966,0.999994427475806,"ya_adult_cogact_freq"
"7911","SOX15","Inh PVALB CA8 (Chandelier)",-0.0533838646610853,3.68352344945519,0.156453675525471,0.692967129313238,0.999998866570966,0.999994427475806,"ya_adult_cogact_freq"
"7912","FXR2","Inh PVALB CA8 (Chandelier)",0.0450526786291739,4.67753526757346,0.334302222783665,0.563945733429998,0.999998866570966,0.999994427475806,"ya_adult_cogact_freq"
"7913","SAT2","Inh PVALB CA8 (Chandelier)",-0.162217728537676,5.54919451005576,4.62415446956027,0.0330193377497257,0.999998866570966,0.999994427475806,"ya_adult_cogact_freq"
"7914","ATP1B2","Inh PVALB CA8 (Chandelier)",-0.000149126510063112,6.49336935052188,8.41411368100969e-06,0.997689168476849,0.999998866570966,0.999994427475806,"ya_adult_cogact_freq"
"7915","EFNB3","Inh PVALB CA8 (Chandelier)",-0.130383732760674,3.91264182172749,1.11544089812734,0.292486794377908,0.999998866570966,0.999994427475806,"ya_adult_cogact_freq"
"7916","DNAH2","Inh PVALB CA8 (Chandelier)",-0.02654107439831,3.81457462140486,0.0436159354854052,0.834834180007448,0.999998866570966,0.999994427475806,"ya_adult_cogact_freq"
"7917","KDM6B","Inh PVALB CA8 (Chandelier)",0.0652913214627301,4.67329209043981,0.561764814551834,0.454645400604061,0.999998866570966,0.999994427475806,"ya_adult_cogact_freq"
"7918","NAA38","Inh PVALB CA8 (Chandelier)",-0.154708286960721,5.05324866474654,4.50374815163408,0.0353527594368801,0.999998866570966,0.999994427475806,"ya_adult_cogact_freq"
"7919","CHD3","Inh PVALB CA8 (Chandelier)",0.040123984056374,5.076308904467,0.31245814533629,0.576953488350022,0.999998866570966,0.999994427475806,"ya_adult_cogact_freq"
"7920","KCNAB3","Inh PVALB CA8 (Chandelier)",-0.0147912602648359,6.38720459608432,0.0800332387175939,0.777616304609168,0.999998866570966,0.999994427475806,"ya_adult_cogact_freq"
"7921","CNTROB","Inh PVALB CA8 (Chandelier)",-0.165470065956984,4.27283086474436,3.24750242372795,0.0734058811546522,0.999998866570966,0.999994427475806,"ya_adult_cogact_freq"
"7922","PER1","Inh PVALB CA8 (Chandelier)",0.067796529797277,4.86724182446622,0.55454204152254,0.457554918801496,0.999998866570966,0.999994427475806,"ya_adult_cogact_freq"
"7923","CTC1","Inh PVALB CA8 (Chandelier)",-0.0424531615245314,4.54447030318439,0.258042625515361,0.612164361460172,0.999998866570966,0.999994427475806,"ya_adult_cogact_freq"
"7924","RANGRF","Inh PVALB CA8 (Chandelier)",-0.266872187974819,3.70812745779937,4.02981132308899,0.0463783509507825,0.999998866570966,0.999994427475806,"ya_adult_cogact_freq"
"7925","NDEL1","Inh PVALB CA8 (Chandelier)",-0.0581372019883064,5.05568451120345,0.732701290098896,0.524054489152872,0.999998866570966,0.999994427475806,"ya_adult_cogact_freq"
"7926","MYH10","Inh PVALB CA8 (Chandelier)",0.0358541071465055,7.89155001177382,1.61047564392571,0.206259191352769,0.999998866570966,0.999994427475806,"ya_adult_cogact_freq"
"7927","STX8","Inh PVALB CA8 (Chandelier)",0.0402008321461235,6.51313656646321,0.79137143433427,0.375014986781639,0.999998866570966,0.999994427475806,"ya_adult_cogact_freq"
"7928","GAS7","Inh PVALB CA8 (Chandelier)",-0.0185379391746275,6.0419608685296,0.130354583929044,0.718538683053474,0.999998866570966,0.999994427475806,"ya_adult_cogact_freq"
"7929","SHISA6","Inh PVALB CA8 (Chandelier)",-0.116813791820508,3.8961272688417,0.775372416481787,0.379874629519248,0.999998866570966,0.999994427475806,"ya_adult_cogact_freq"
"7930","MAP2K4","Inh PVALB CA8 (Chandelier)",0.0256211529125902,7.60987814188221,0.346439152733151,0.556961838924903,0.999998866570966,0.999994427475806,"ya_adult_cogact_freq"
"7931","ARHGAP44","Inh PVALB CA8 (Chandelier)",-0.0391160096990853,7.90346460053436,1.770839851976,0.185162515851799,0.999998866570966,0.999994427475806,"ya_adult_cogact_freq"
"7932","ELAC2","Inh PVALB CA8 (Chandelier)",-0.0244978205307597,3.86005539780347,0.0524481338419976,0.819147890426032,0.999998866570966,0.999994427475806,"ya_adult_cogact_freq"
"7933","COX10","Inh PVALB CA8 (Chandelier)",0.0359613853252051,5.54389150396668,0.411281007235077,0.52223326256753,0.999998866570966,0.999994427475806,"ya_adult_cogact_freq"
"7934","TRIM16","Inh PVALB CA8 (Chandelier)",-0.0591296509370661,4.65745404283837,0.449920959261827,0.503335000063883,0.999998866570966,0.999994427475806,"ya_adult_cogact_freq"
"7935","ZSWIM7","Inh PVALB CA8 (Chandelier)",0.0190619140655788,4.43382258051527,0.0495409205578363,0.824146567267659,0.999998866570966,0.999994427475806,"ya_adult_cogact_freq"
"7936","TTC19","Inh PVALB CA8 (Chandelier)",-0.0316592071858373,6.89939974315457,0.65883394912922,0.418172066357685,0.999998866570966,0.999994427475806,"ya_adult_cogact_freq"
"7937","NCOR1","Inh PVALB CA8 (Chandelier)",0.0275154493722543,7.6094420286861,0.871408144413852,0.351965681275457,0.999998866570966,0.999994427475806,"ya_adult_cogact_freq"
"7938","PIGL","Inh PVALB CA8 (Chandelier)",-0.0855027401981099,6.13126973931947,1.29952232089704,0.255996038983539,0.999998866570966,0.999994427475806,"ya_adult_cogact_freq"
"7939","CENPV","Inh PVALB CA8 (Chandelier)",-0.104061023017688,5.04829093342443,2.25503456139091,0.135142074561873,0.999998866570966,0.999994427475806,"ya_adult_cogact_freq"
"7940","UBB","Inh PVALB CA8 (Chandelier)",-0.107577486308773,5.6193588416531,1.07631061113752,0.301082268576621,0.999998866570966,0.999994427475806,"ya_adult_cogact_freq"
"7941","AC098850.3","Inh PVALB CA8 (Chandelier)",-0.0123366229557163,7.50131777615134,0.047699086980192,0.827393520020637,0.999998866570966,0.999994427475806,"ya_adult_cogact_freq"
"7942","MPRIP","Inh PVALB CA8 (Chandelier)",-0.0306318009773922,7.47283801084972,0.919675229859502,0.339000293248255,0.999998866570966,0.999994427475806,"ya_adult_cogact_freq"
"7943","PLD6","Inh PVALB CA8 (Chandelier)",-0.092298696571131,3.83369401799766,0.608941507070877,0.436334066424986,0.999998866570966,0.999994427475806,"ya_adult_cogact_freq"
"7944","COPS3","Inh PVALB CA8 (Chandelier)",-0.138519868474055,4.41769287920796,2.60739871597417,0.108327056295035,0.999998866570966,0.999994427475806,"ya_adult_cogact_freq"
"7945","NT5M","Inh PVALB CA8 (Chandelier)",-0.0448539949808317,4.96090525152076,0.275468892107635,0.600409579596747,0.999998866570966,0.999994427475806,"ya_adult_cogact_freq"
"7946","MED9","Inh PVALB CA8 (Chandelier)",-0.0763599951293343,4.75902830254586,1.09761401172397,0.296362858508672,0.999998866570966,0.999994427475806,"ya_adult_cogact_freq"
"7947","RASD1","Inh PVALB CA8 (Chandelier)",-0.103059692845488,4.12141992874412,0.605358094038266,0.437684500114985,0.999998866570966,0.999994427475806,"ya_adult_cogact_freq"
"7948","PEMT","Inh PVALB CA8 (Chandelier)",-0.0107107476951246,4.63967195133609,0.0210598551717681,0.884797798375605,0.999998866570966,0.999994427475806,"ya_adult_cogact_freq"
"7949","RAI1","Inh PVALB CA8 (Chandelier)",-0.0433849604832135,6.62423250531513,0.851072072916202,0.357631680597551,0.999998866570966,0.999994427475806,"ya_adult_cogact_freq"
"7950","SMCR5","Inh PVALB CA8 (Chandelier)",-0.280115862244434,3.42828968794147,2.70459959238393,0.102013200560472,0.999998866570966,0.999994427475806,"ya_adult_cogact_freq"
"7951","SREBF1","Inh PVALB CA8 (Chandelier)",-0.0698194079352555,4.4409842670011,0.435848523623562,0.510077810338156,0.999998866570966,0.999994427475806,"ya_adult_cogact_freq"
"7952","TOM1L2","Inh PVALB CA8 (Chandelier)",-0.000841938190964594,7.35697651153154,0.000653161294185045,0.979642363306948,0.999998866570966,0.999994427475806,"ya_adult_cogact_freq"
"7953","ATPAF2","Inh PVALB CA8 (Chandelier)",-0.0811032356705301,4.88872299484472,1.30222430419807,0.255504332782634,0.999998866570966,0.999994427475806,"ya_adult_cogact_freq"
"7954","GID4","Inh PVALB CA8 (Chandelier)",0.219304982595922,4.07017977863905,5.5313388427876,0.019890605823945,0.999998866570966,0.999994427475806,"ya_adult_cogact_freq"
"7955","DRG2","Inh PVALB CA8 (Chandelier)",-0.183872205113483,4.06717756101875,3.93062031740406,0.0491183454895777,0.999998866570966,0.999994427475806,"ya_adult_cogact_freq"
"7956","ALKBH5","Inh PVALB CA8 (Chandelier)",-0.0518480709435249,5.44761716791382,0.644794337236226,0.423165574396114,0.999998866570966,0.999994427475806,"ya_adult_cogact_freq"
"7957","FLII","Inh PVALB CA8 (Chandelier)",0.0563087590714927,4.03993219445971,0.261027720648199,0.610115867224216,0.999998866570966,0.999994427475806,"ya_adult_cogact_freq"
"7958","TOP3A","Inh PVALB CA8 (Chandelier)",0.0193502439477545,5.2754612989028,0.0869285318470808,0.768499213198585,0.999998866570966,0.999994427475806,"ya_adult_cogact_freq"
"7959","SHMT1","Inh PVALB CA8 (Chandelier)",-0.00874291364635917,4.19243805483503,0.00621592648025017,0.937257023931437,0.999998866570966,0.999994427475806,"ya_adult_cogact_freq"
"7960","ZNF286B","Inh PVALB CA8 (Chandelier)",-0.0935611057931812,3.98294198829428,0.780901878171135,0.37818504685211,0.999998866570966,0.999994427475806,"ya_adult_cogact_freq"
"7961","PRPSAP2","Inh PVALB CA8 (Chandelier)",0.031666468068693,5.46172272493349,0.280909087529522,0.596837226793239,0.999998866570966,0.999994427475806,"ya_adult_cogact_freq"
"7962","EPN2","Inh PVALB CA8 (Chandelier)",-0.0300365632548666,6.59923512775264,0.466420657118389,0.495621450984174,0.999998866570966,0.999994427475806,"ya_adult_cogact_freq"
"7963","B9D1","Inh PVALB CA8 (Chandelier)",-0.0454629194137168,4.610719715333,0.299007466857608,0.585263503523035,0.999998866570966,0.999994427475806,"ya_adult_cogact_freq"
"7964","RNF112","Inh PVALB CA8 (Chandelier)",0.059475300720778,3.98823502517192,0.418963463177385,0.518377888253174,0.999998866570966,0.999994427475806,"ya_adult_cogact_freq"
"7965","SLC47A1","Inh PVALB CA8 (Chandelier)",0.0187620356325717,4.42289434197244,0.041828058177897,0.838206569231459,0.999998866570966,0.999994427475806,"ya_adult_cogact_freq"
"7966","ALDH3A2","Inh PVALB CA8 (Chandelier)",0.0825942589756103,4.55743627835207,1.13803989695569,0.287666294030883,0.999998866570966,0.999994427475806,"ya_adult_cogact_freq"
"7967","ULK2","Inh PVALB CA8 (Chandelier)",0.0302860079666002,6.59892910257175,0.508462848655382,0.476838798889883,0.999998866570966,0.999994427475806,"ya_adult_cogact_freq"
"7968","AKAP10","Inh PVALB CA8 (Chandelier)",0.0242923821628063,6.2933032618944,0.366536267883822,0.54575209079894,0.999998866570966,0.999994427475806,"ya_adult_cogact_freq"
"7969","SPECC1","Inh PVALB CA8 (Chandelier)",-0.0260069151028775,8.12154503712817,0.511753203851461,0.475418544572105,0.999998866570966,0.999994427475806,"ya_adult_cogact_freq"
"7970","CCDC144NL","Inh PVALB CA8 (Chandelier)",0.125005367654884,4.03596402726962,0.715450555189874,0.398897472735878,0.999998866570966,0.999994427475806,"ya_adult_cogact_freq"
"7971","CCDC144NL-AS1","Inh PVALB CA8 (Chandelier)",-0.277855829788963,4.08693596305108,4.17094108457729,0.0427567590592844,0.999998866570966,0.999994427475806,"ya_adult_cogact_freq"
"7972","USP22","Inh PVALB CA8 (Chandelier)",0.00813195450367367,7.33046548473958,0.0372571249534832,0.847186119752878,0.999998866570966,0.999994427475806,"ya_adult_cogact_freq"
"7973","LINC01563","Inh PVALB CA8 (Chandelier)",-0.0390246623481887,5.04666345891456,0.298515951498749,0.585571745046295,0.999998866570966,0.999994427475806,"ya_adult_cogact_freq"
"7974","DHRS7B","Inh PVALB CA8 (Chandelier)",0.118285076880903,6.2297586742543,3.29887132007818,0.0711903876718113,0.999998866570966,0.999994427475806,"ya_adult_cogact_freq"
"7975","AC087294.1","Inh PVALB CA8 (Chandelier)",0.205991360288327,3.84113340775575,3.02345126108935,0.0839829749153655,0.999998866570966,0.999994427475806,"ya_adult_cogact_freq"
"7976","MAP2K3","Inh PVALB CA8 (Chandelier)",0.124508065627823,4.21999425618121,1.39378968208263,0.23950992404217,0.999998866570966,0.999994427475806,"ya_adult_cogact_freq"
"7977","KCNJ12","Inh PVALB CA8 (Chandelier)",-0.082871078420317,4.71645236810745,1.16865266430132,0.281297246591582,0.999998866570966,0.999994427475806,"ya_adult_cogact_freq"
"7978","C17orf51","Inh PVALB CA8 (Chandelier)",0.00733511158543629,6.18207329737856,0.0256074878891485,0.964397701245641,0.999998866570966,0.999994427475806,"ya_adult_cogact_freq"
"7979","MTRNR2L1","Inh PVALB CA8 (Chandelier)",0.184206841198993,3.83223792005514,0.352636141163217,0.553459295688805,0.999998866570966,0.999994427475806,"ya_adult_cogact_freq"
"7980","WSB1","Inh PVALB CA8 (Chandelier)",-0.14234211630266,7.38929208392625,4.58393155009802,0.0337802093311206,0.999998866570966,0.999994427475806,"ya_adult_cogact_freq"
"7981","KSR1","Inh PVALB CA8 (Chandelier)",0.043550269600833,6.14315270354037,0.574694640892634,0.44950924981557,0.999998866570966,0.999994427475806,"ya_adult_cogact_freq"
"7982","AC005697.1","Inh PVALB CA8 (Chandelier)",0.0540501424745714,4.75165220985978,0.159047885897896,0.690563835258817,0.999998866570966,0.999994427475806,"ya_adult_cogact_freq"
"7983","NLK","Inh PVALB CA8 (Chandelier)",0.0308351413071956,6.6386523834979,0.446557400953034,0.504932632059526,0.999998866570966,0.999994427475806,"ya_adult_cogact_freq"
"7984","IFT20","Inh PVALB CA8 (Chandelier)",-0.0393451236405812,5.68137546924105,0.557662437756776,0.45629433931905,0.999998866570966,0.999994427475806,"ya_adult_cogact_freq"
"7985","TNFAIP1","Inh PVALB CA8 (Chandelier)",0.00924078908662393,4.1112911137094,0.00783030658081901,0.929598145800906,0.999998866570966,0.999994427475806,"ya_adult_cogact_freq"
"7986","POLDIP2","Inh PVALB CA8 (Chandelier)",-0.088974717777278,4.32042610174379,0.904691644063969,0.342954591291871,0.999998866570966,0.999994427475806,"ya_adult_cogact_freq"
"7987","SARM1","Inh PVALB CA8 (Chandelier)",-0.0042641574483757,6.19738363626767,0.00595358164584282,0.93859263980088,0.999998866570966,0.999994427475806,"ya_adult_cogact_freq"
"7988","AC005726.1","Inh PVALB CA8 (Chandelier)",0.0780898436361254,6.32074754443837,1.39770966838621,0.23885307803139,0.999998866570966,0.999994427475806,"ya_adult_cogact_freq"
"7989","AC005726.5","Inh PVALB CA8 (Chandelier)",-0.174260518120618,3.87228701788068,1.15113304197112,0.284919952350043,0.999998866570966,0.999994427475806,"ya_adult_cogact_freq"
"7990","KIAA0100","Inh PVALB CA8 (Chandelier)",0.0450361604804918,5.0098966390074,0.470577745626104,0.570945225374199,0.999998866570966,0.999994427475806,"ya_adult_cogact_freq"
"7991","SDF2","Inh PVALB CA8 (Chandelier)",0.0462342443375609,3.95039859917782,0.14950601870837,0.69951917867916,0.999998866570966,0.999994427475806,"ya_adult_cogact_freq"
"7992","SUPT6H","Inh PVALB CA8 (Chandelier)",0.0472628427817812,5.51268010408619,0.83561088075719,0.362024035590343,0.999998866570966,0.999994427475806,"ya_adult_cogact_freq"
"7993","RPL23A","Inh PVALB CA8 (Chandelier)",-0.0108757312475785,4.55287147254638,0.00882414181137145,0.925276250961056,0.999998866570966,0.999994427475806,"ya_adult_cogact_freq"
"7994","FAM222B","Inh PVALB CA8 (Chandelier)",0.0213042621586348,6.89142871908415,0.195716235309054,0.65879563499695,0.999998866570966,0.999994427475806,"ya_adult_cogact_freq"
"7995","ERAL1","Inh PVALB CA8 (Chandelier)",-0.176526086872802,3.85986570372401,2.5773712212913,0.110364101511757,0.999998866570966,0.999994427475806,"ya_adult_cogact_freq"
"7996","FLOT2","Inh PVALB CA8 (Chandelier)",-0.0434115649066136,5.12604534362855,0.451915983425682,0.724625923942329,0.999998866570966,0.999994427475806,"ya_adult_cogact_freq"
"7997","PHF12","Inh PVALB CA8 (Chandelier)",0.00152270148898018,5.33762415838697,0.000889900926412105,0.976238670976277,0.999998866570966,0.999994427475806,"ya_adult_cogact_freq"
"7998","SEZ6","Inh PVALB CA8 (Chandelier)",-0.111549232686949,6.57226693329451,5.86323848252596,0.0165731585943078,0.999998866570966,0.999994427475806,"ya_adult_cogact_freq"
"7999","MYO18A","Inh PVALB CA8 (Chandelier)",0.0731677584187463,5.43800550478331,1.24637747210118,0.265911325229307,0.999998866570966,0.999994427475806,"ya_adult_cogact_freq"
"8000","NUFIP2","Inh PVALB CA8 (Chandelier)",0.0250599144414098,6.12663056702173,0.248861890160571,0.618559502525848,0.999998866570966,0.999994427475806,"ya_adult_cogact_freq"
"8001","TAOK1","Inh PVALB CA8 (Chandelier)",0.0126261655366688,7.59571676729682,0.159630558643499,0.690027174029908,0.999998866570966,0.999994427475806,"ya_adult_cogact_freq"
"8002","GIT1","Inh PVALB CA8 (Chandelier)",0.0417507042827298,5.15024195744344,0.496832011450682,0.485631576045544,0.999998866570966,0.999994427475806,"ya_adult_cogact_freq"
"8003","CORO6","Inh PVALB CA8 (Chandelier)",-0.0594707892444127,6.18616343243924,1.20289159251279,0.27438463903843,0.999998866570966,0.999994427475806,"ya_adult_cogact_freq"
"8004","SSH2","Inh PVALB CA8 (Chandelier)",0.0294220138868267,8.14232219694285,0.818598265608776,0.36694418691209,0.999998866570966,0.999994427475806,"ya_adult_cogact_freq"
"8005","EFCAB5","Inh PVALB CA8 (Chandelier)",0.0652640800636936,4.33250096914391,0.335188158247735,0.563430250072201,0.999998866570966,0.999994427475806,"ya_adult_cogact_freq"
"8006","NSRP1","Inh PVALB CA8 (Chandelier)",0.0425288143568353,5.78165110235836,0.659285386562399,0.580294161015715,0.999998866570966,0.999994427475806,"ya_adult_cogact_freq"
"8007","BLMH","Inh PVALB CA8 (Chandelier)",0.0882126651866961,4.81682562496853,1.35373762137341,0.246349727632301,0.999998866570966,0.999994427475806,"ya_adult_cogact_freq"
"8008","CPD","Inh PVALB CA8 (Chandelier)",-0.000318006819540715,6.10871429116052,4.0077668993388e-05,0.994956720743991,0.999998866570966,0.999994427475806,"ya_adult_cogact_freq"
"8009","GOSR1","Inh PVALB CA8 (Chandelier)",0.00757068082247475,5.90855670249387,0.0227540887690079,0.998866937894691,0.999998866570966,0.999994427475806,"ya_adult_cogact_freq"
"8010","AC127024.2","Inh PVALB CA8 (Chandelier)",-0.0327983304678352,4.593385453532,0.105317522005855,0.745961257129503,0.999998866570966,0.999994427475806,"ya_adult_cogact_freq"
"8011","CRLF3","Inh PVALB CA8 (Chandelier)",-0.143954033322472,6.20989169361097,3.29599919291631,0.0713123306591066,0.999998866570966,0.999994427475806,"ya_adult_cogact_freq"
"8012","ATAD5","Inh PVALB CA8 (Chandelier)",0.024878390931746,4.45986300621212,0.0798954978982959,0.777802676947718,0.999998866570966,0.999994427475806,"ya_adult_cogact_freq"
"8013","AC130324.2","Inh PVALB CA8 (Chandelier)",0.0376301186999502,4.16276072821711,0.108688173668075,0.742071761585938,0.999998866570966,0.999994427475806,"ya_adult_cogact_freq"
"8014","TEFM","Inh PVALB CA8 (Chandelier)",-0.0368210988780133,5.14208881194132,0.334050641624921,0.564092282762011,0.999998866570966,0.999994427475806,"ya_adult_cogact_freq"
"8015","NF1","Inh PVALB CA8 (Chandelier)",0.010908514296382,9.16345672379414,0.137437170930778,0.711330250264071,0.999998866570966,0.999994427475806,"ya_adult_cogact_freq"
"8016","OMG","Inh PVALB CA8 (Chandelier)",-0.0452655848970698,4.17838447415723,0.17830984627188,0.673393960564705,0.999998866570966,0.999994427475806,"ya_adult_cogact_freq"
"8017","RAB11FIP4","Inh PVALB CA8 (Chandelier)",0.0250857256235238,6.72607598078587,0.37231519943635,0.589272200698728,0.999998866570966,0.999994427475806,"ya_adult_cogact_freq"
"8018","COPRS","Inh PVALB CA8 (Chandelier)",-0.0883656514363205,4.24480753081926,0.662533663490956,0.416870864988499,0.999998866570966,0.999994427475806,"ya_adult_cogact_freq"
"8019","UTP6","Inh PVALB CA8 (Chandelier)",0.069768330223164,4.88120728902569,0.794115228327969,0.374190406272011,0.999998866570966,0.999994427475806,"ya_adult_cogact_freq"
"8020","SUZ12","Inh PVALB CA8 (Chandelier)",-0.0458813312749866,6.78271226085626,1.17208821483186,0.280593733087478,0.999998866570966,0.999994427475806,"ya_adult_cogact_freq"
"8021","LRRC37B","Inh PVALB CA8 (Chandelier)",0.0325500062154517,5.74662772563589,0.256620254714812,0.61314570297039,0.999998866570966,0.999994427475806,"ya_adult_cogact_freq"
"8022","RHOT1","Inh PVALB CA8 (Chandelier)",-0.0234554011724209,7.31722386307785,0.411521765349765,0.794775714107797,0.999998866570966,0.999994427475806,"ya_adult_cogact_freq"
"8023","RHBDL3","Inh PVALB CA8 (Chandelier)",0.0496920353855174,6.20343479384243,0.473142918428763,0.492536067155568,0.999998866570966,0.999994427475806,"ya_adult_cogact_freq"
"8024","C17orf75","Inh PVALB CA8 (Chandelier)",0.086131128592532,4.63068180357407,1.65798158220039,0.254219484470246,0.999998866570966,0.999994427475806,"ya_adult_cogact_freq"
"8025","ZNF207","Inh PVALB CA8 (Chandelier)",0.0611318884577577,6.86657848907414,3.15405808576341,0.0776300541541347,0.999998866570966,0.999994427475806,"ya_adult_cogact_freq"
"8026","PSMD11","Inh PVALB CA8 (Chandelier)",-0.00315709295221435,5.74948101510354,0.00407150113235105,0.94920212636011,0.999998866570966,0.999994427475806,"ya_adult_cogact_freq"
"8027","CDK5R1","Inh PVALB CA8 (Chandelier)",-0.0293186336174413,6.15786903220547,0.201328418281867,0.654254919106542,0.999998866570966,0.999994427475806,"ya_adult_cogact_freq"
"8028","MYO1D","Inh PVALB CA8 (Chandelier)",0.0378703800421693,4.58560676688657,0.161538732534179,0.688277597725348,0.999998866570966,0.999994427475806,"ya_adult_cogact_freq"
"8029","ASIC2","Inh PVALB CA8 (Chandelier)",-0.0418029140736123,4.95288285224601,0.119257477940335,0.730292645636468,0.999998866570966,0.999994427475806,"ya_adult_cogact_freq"
"8030","LINC02001","Inh PVALB CA8 (Chandelier)",-0.0720457179899752,3.98883531313533,0.385884294286499,0.535350552323708,0.999998866570966,0.999994427475806,"ya_adult_cogact_freq"
"8031","AP2B1","Inh PVALB CA8 (Chandelier)",-0.00151616576039144,6.78526674605421,0.00140602820000045,0.970135219354945,0.999998866570966,0.999994427475806,"ya_adult_cogact_freq"
"8032","TAF15","Inh PVALB CA8 (Chandelier)",-0.0208564644002748,7.4078795595471,0.358891534941084,0.968858005767355,0.999998866570966,0.999994427475806,"ya_adult_cogact_freq"
"8033","AC015849.3","Inh PVALB CA8 (Chandelier)",-0.614356629452071,3.52474650069402,14.3998968645302,0.00020898036614874,0.708518021345499,0.999994427475806,"ya_adult_cogact_freq"
"8034","ZNHIT3","Inh PVALB CA8 (Chandelier)",-0.0325869718043383,4.24808727931688,0.13243758454662,0.746852403560471,0.999998866570966,0.999994427475806,"ya_adult_cogact_freq"
"8035","MYO19","Inh PVALB CA8 (Chandelier)",0.00956651682942684,5.58591338103923,0.0309782942581022,0.980873808965373,0.999998866570966,0.999994427475806,"ya_adult_cogact_freq"
"8036","GGNBP2","Inh PVALB CA8 (Chandelier)",0.0415821033630343,5.7376826350324,0.645741397836263,0.579283419737821,0.999998866570966,0.999994427475806,"ya_adult_cogact_freq"
"8037","DHRS11","Inh PVALB CA8 (Chandelier)",0.0427979115911313,4.33230451974477,0.212608515860042,0.645353712540354,0.999998866570966,0.999994427475806,"ya_adult_cogact_freq"
"8038","AATF","Inh PVALB CA8 (Chandelier)",-0.0201971647437479,4.97887965909638,0.0812094702607286,0.776031796904765,0.999998866570966,0.999994427475806,"ya_adult_cogact_freq"
"8039","ACACA","Inh PVALB CA8 (Chandelier)",0.00806893568485662,8.01323219577788,0.0689122000249536,0.793263340301514,0.999998866570966,0.999994427475806,"ya_adult_cogact_freq"
"8040","TADA2A","Inh PVALB CA8 (Chandelier)",-0.0635829641175318,5.21531310402758,1.07616582701115,0.301114674860834,0.999998866570966,0.999994427475806,"ya_adult_cogact_freq"
"8041","DUSP14","Inh PVALB CA8 (Chandelier)",-0.0721132275942887,3.81692009454093,0.300401817297082,0.584390860963585,0.999998866570966,0.999994427475806,"ya_adult_cogact_freq"
"8042","SYNRG","Inh PVALB CA8 (Chandelier)",0.0102357158756321,6.03840034474057,0.0585784808361528,0.957803431169558,0.999998866570966,0.999994427475806,"ya_adult_cogact_freq"
"8043","DDX52","Inh PVALB CA8 (Chandelier)",0.0891107938203476,5.02460724124969,1.51472313719812,0.220217425375111,0.999998866570966,0.999994427475806,"ya_adult_cogact_freq"
"8044","MRPL45","Inh PVALB CA8 (Chandelier)",0.000833972494937559,4.70997047170365,0.000106338114302935,0.991785115891939,0.999998866570966,0.999994427475806,"ya_adult_cogact_freq"
"8045","SOCS7","Inh PVALB CA8 (Chandelier)",-0.0728928462565996,5.8563686032254,2.10776166766461,0.154364090100214,0.999998866570966,0.999994427475806,"ya_adult_cogact_freq"
"8046","ARHGAP23","Inh PVALB CA8 (Chandelier)",0.0348998306462185,5.7449282753807,0.434639884068916,0.510664209975183,0.999998866570966,0.999994427475806,"ya_adult_cogact_freq"
"8047","SRCIN1","Inh PVALB CA8 (Chandelier)",0.0335665423222437,7.2775626113389,0.702692541379774,0.40312503447205,0.999998866570966,0.999994427475806,"ya_adult_cogact_freq"
"8048","MLLT6","Inh PVALB CA8 (Chandelier)",-0.0228998861515853,5.39469012987241,0.152702692792921,0.696483185220778,0.999998866570966,0.999994427475806,"ya_adult_cogact_freq"
"8049","PCGF2","Inh PVALB CA8 (Chandelier)",-0.0773558552839922,4.09807437573199,0.614558938231186,0.505109439986323,0.999998866570966,0.999994427475806,"ya_adult_cogact_freq"
"8050","PIP4K2B","Inh PVALB CA8 (Chandelier)",0.00634850226625429,5.69835084011411,0.0132787552586022,0.90840386473932,0.999998866570966,0.999994427475806,"ya_adult_cogact_freq"
"8051","CWC25","Inh PVALB CA8 (Chandelier)",0.0536163890923358,4.27545062325486,0.281968305812556,0.596146846329783,0.999998866570966,0.999994427475806,"ya_adult_cogact_freq"
"8052","RPL23","Inh PVALB CA8 (Chandelier)",0.0143728592112275,4.21852099262316,0.0198453810360993,0.888146130195715,0.999998866570966,0.999994427475806,"ya_adult_cogact_freq"
"8053","LASP1","Inh PVALB CA8 (Chandelier)",-0.00823444205297586,5.51677904518636,0.0229400959985812,0.956392431665659,0.999998866570966,0.999994427475806,"ya_adult_cogact_freq"
"8054","LINC00672","Inh PVALB CA8 (Chandelier)",-0.079755771850048,4.27115365523458,0.683511949778467,0.409605393240173,0.999998866570966,0.999994427475806,"ya_adult_cogact_freq"
"8055","PLXDC1","Inh PVALB CA8 (Chandelier)",0.100627734194149,5.67731928553308,3.59399892261186,0.0597828848267654,0.999998866570966,0.999994427475806,"ya_adult_cogact_freq"
"8056","RPL19","Inh PVALB CA8 (Chandelier)",-0.149147405870621,4.94621576775543,2.09859662199137,0.149382047134113,0.999998866570966,0.999994427475806,"ya_adult_cogact_freq"
"8057","STAC2","Inh PVALB CA8 (Chandelier)",0.109270527850132,5.82433805978784,3.0093312852669,0.0847030172837885,0.999998866570966,0.999994427475806,"ya_adult_cogact_freq"
"8058","FBXL20","Inh PVALB CA8 (Chandelier)",0.0195162544572937,7.63807214998815,0.283774503131943,0.594973426172293,0.999998866570966,0.999994427475806,"ya_adult_cogact_freq"
"8059","MED1","Inh PVALB CA8 (Chandelier)",-0.0598523513151592,4.67965324231211,0.61645397970819,0.433523596996052,0.999998866570966,0.999994427475806,"ya_adult_cogact_freq"
"8060","CDK12","Inh PVALB CA8 (Chandelier)",0.0018429316557546,6.55295296834767,0.00178302161407591,0.966371060946972,0.999998866570966,0.999994427475806,"ya_adult_cogact_freq"
"8061","STARD3","Inh PVALB CA8 (Chandelier)",0.00753881054822872,4.6798572578142,0.0104584625023422,0.918672492613654,0.999998866570966,0.999994427475806,"ya_adult_cogact_freq"
"8062","GSDMB","Inh PVALB CA8 (Chandelier)",0.0214098138322931,4.28216786810304,0.0460663192830827,0.830327299738986,0.999998866570966,0.999994427475806,"ya_adult_cogact_freq"
"8063","PSMD3","Inh PVALB CA8 (Chandelier)",-0.173370577139105,4.98144967378642,5.77059259961682,0.0174366094649685,0.999998866570966,0.999994427475806,"ya_adult_cogact_freq"
"8064","MED24","Inh PVALB CA8 (Chandelier)",0.0703619228405343,5.36503148256014,1.45985822531438,0.228726962318508,0.999998866570966,0.999994427475806,"ya_adult_cogact_freq"
"8065","THRA","Inh PVALB CA8 (Chandelier)",-0.030541219263763,5.66688145522243,0.249562296284356,0.618066453566106,0.999998866570966,0.999994427475806,"ya_adult_cogact_freq"
"8066","NR1D1","Inh PVALB CA8 (Chandelier)",0.0710005412468831,5.04319722968867,0.57726795758252,0.44849790713261,0.999998866570966,0.999994427475806,"ya_adult_cogact_freq"
"8067","MSL1","Inh PVALB CA8 (Chandelier)",-0.0574138370528991,5.58948978062713,1.13921790771883,0.287417819598707,0.999998866570966,0.999994427475806,"ya_adult_cogact_freq"
"8068","CASC3","Inh PVALB CA8 (Chandelier)",-0.0550616427253811,5.91799628408413,1.36753608873602,0.243966570716654,0.999998866570966,0.999994427475806,"ya_adult_cogact_freq"
"8069","RAPGEFL1","Inh PVALB CA8 (Chandelier)",-0.0410771451364101,5.94668967256301,0.66997180442614,0.591673331283401,0.999998866570966,0.999994427475806,"ya_adult_cogact_freq"
"8070","WIPF2","Inh PVALB CA8 (Chandelier)",0.0237896584004238,6.49754998386008,0.284163278272368,0.844374700871832,0.999998866570966,0.999994427475806,"ya_adult_cogact_freq"
"8071","KRT10","Inh PVALB CA8 (Chandelier)",-0.0448847126868921,4.03721691731486,0.140216520081078,0.708559312433041,0.999998866570966,0.999994427475806,"ya_adult_cogact_freq"
"8072","EIF1","Inh PVALB CA8 (Chandelier)",-0.0842095552080018,6.68602043731888,1.09319175280935,0.297334622590688,0.999998866570966,0.999994427475806,"ya_adult_cogact_freq"
"8073","NT5C3B","Inh PVALB CA8 (Chandelier)",-0.193549001940117,4.36063512021974,3.44342977352934,0.0653345439783311,0.999998866570966,0.999994427475806,"ya_adult_cogact_freq"
"8074","ACLY","Inh PVALB CA8 (Chandelier)",-0.0804440365002927,4.35123849141202,0.993726475017138,0.32033135064365,0.999998866570966,0.999994427475806,"ya_adult_cogact_freq"
"8075","CNP","Inh PVALB CA8 (Chandelier)",0.0221073350165971,4.34778838429776,0.0506689485519191,0.822189186409639,0.999998866570966,0.999994427475806,"ya_adult_cogact_freq"
"8076","DNAJC7","Inh PVALB CA8 (Chandelier)",-0.0122935358949019,5.93001898315037,0.0579247824474383,0.810113140413287,0.999998866570966,0.999994427475806,"ya_adult_cogact_freq"
"8077","KAT2A","Inh PVALB CA8 (Chandelier)",-0.0548171067022892,5.92545261512469,1.0578988862044,0.305239884215367,0.999998866570966,0.999994427475806,"ya_adult_cogact_freq"
"8078","STAT5B","Inh PVALB CA8 (Chandelier)",0.00161054756070727,6.24039414191681,0.00125360514915085,0.971799695572839,0.999998866570966,0.999994427475806,"ya_adult_cogact_freq"
"8079","STAT3","Inh PVALB CA8 (Chandelier)",0.0335497382703731,5.81738893965774,0.37255162171636,0.542478566550326,0.999998866570966,0.999994427475806,"ya_adult_cogact_freq"
"8080","ATP6V0A1","Inh PVALB CA8 (Chandelier)",-0.0413627615940571,7.40473222085627,1.27750016673217,0.260047812498682,0.999998866570966,0.999994427475806,"ya_adult_cogact_freq"
"8081","MLX","Inh PVALB CA8 (Chandelier)",-0.25488337665203,3.76914732178472,4.22179629450329,0.0415264430996442,0.999998866570966,0.999994427475806,"ya_adult_cogact_freq"
"8082","RETREG3","Inh PVALB CA8 (Chandelier)",0.0751844711966769,5.31919668673734,1.50351555192175,0.221924236981196,0.999998866570966,0.999994427475806,"ya_adult_cogact_freq"
"8083","TUBG2","Inh PVALB CA8 (Chandelier)",-0.0452701837330261,5.2954028059612,0.621345338511803,0.431708554739805,0.999998866570966,0.999994427475806,"ya_adult_cogact_freq"
"8084","PLEKHH3","Inh PVALB CA8 (Chandelier)",-0.21107638626221,4.24983361479721,5.6766877162822,0.0183597887829625,0.999998866570966,0.999994427475806,"ya_adult_cogact_freq"
"8085","CNTNAP1","Inh PVALB CA8 (Chandelier)",-0.0201137324534378,5.48694749405279,0.114038761697649,0.736032631352033,0.999998866570966,0.999994427475806,"ya_adult_cogact_freq"
"8086","EZH1","Inh PVALB CA8 (Chandelier)",0.00816590236298484,5.8240877163761,0.03176886123312,0.858760300740751,0.999998866570966,0.999994427475806,"ya_adult_cogact_freq"
"8087","COA3","Inh PVALB CA8 (Chandelier)",-0.121899449428522,3.63071370007009,0.734910765273532,0.392572171898385,0.999998866570966,0.999994427475806,"ya_adult_cogact_freq"
"8088","BECN1","Inh PVALB CA8 (Chandelier)",0.0552297587247719,4.29533686036656,0.436290881133647,0.509863482377918,0.999998866570966,0.999994427475806,"ya_adult_cogact_freq"
"8089","RUNDC1","Inh PVALB CA8 (Chandelier)",0.0134675273592207,4.44705961674605,0.0192549854691526,0.889811625877861,0.999998866570966,0.999994427475806,"ya_adult_cogact_freq"
"8090","RPL27","Inh PVALB CA8 (Chandelier)",-0.133306635624559,4.14587639553867,1.19777278593674,0.275404303772769,0.999998866570966,0.999994427475806,"ya_adult_cogact_freq"
"8091","BRCA1","Inh PVALB CA8 (Chandelier)",-0.149686937051447,4.11510578466727,2.40489892309901,0.12292230513085,0.999998866570966,0.999994427475806,"ya_adult_cogact_freq"
"8092","NBR1","Inh PVALB CA8 (Chandelier)",0.0866522424612833,5.39564204095434,1.99268435904748,0.159992996961516,0.999998866570966,0.999994427475806,"ya_adult_cogact_freq"
"8093","DHX8","Inh PVALB CA8 (Chandelier)",-0.0738602460902992,4.48061708067639,0.76619797490098,0.382701711651333,0.999998866570966,0.999994427475806,"ya_adult_cogact_freq"
"8094","AC068675.1","Inh PVALB CA8 (Chandelier)",0.0344799189908304,4.61227532228707,0.135572940480007,0.71320675342771,0.999998866570966,0.999994427475806,"ya_adult_cogact_freq"
"8095","DUSP3","Inh PVALB CA8 (Chandelier)",0.0123943718373373,4.77662892499485,0.026498380752948,0.957579289236096,0.999998866570966,0.999994427475806,"ya_adult_cogact_freq"
"8096","MPP2","Inh PVALB CA8 (Chandelier)",-0.0488085860662091,5.3785686959814,0.678844956137253,0.411205396356809,0.999998866570966,0.999994427475806,"ya_adult_cogact_freq"
"8097","LSM12","Inh PVALB CA8 (Chandelier)",-0.116618315764305,4.77342850880907,2.20126302092184,0.139855586985565,0.999998866570966,0.999994427475806,"ya_adult_cogact_freq"
"8098","HDAC5","Inh PVALB CA8 (Chandelier)",-0.018459776017389,6.26450778506678,0.143816727050652,0.705016194908734,0.999998866570966,0.999994427475806,"ya_adult_cogact_freq"
"8099","TMUB2","Inh PVALB CA8 (Chandelier)",-0.0630061317067641,4.30899611139619,0.431886866762865,0.512004283357058,0.999998866570966,0.999994427475806,"ya_adult_cogact_freq"
"8100","ATXN7L3","Inh PVALB CA8 (Chandelier)",-0.0131077179933876,4.50963178273961,0.0231551722936142,0.879245046666142,0.999998866570966,0.999994427475806,"ya_adult_cogact_freq"
"8101","UBTF","Inh PVALB CA8 (Chandelier)",-0.0243925124633819,4.79567371838155,0.103662142119128,0.74789667893878,0.999998866570966,0.999994427475806,"ya_adult_cogact_freq"
"8102","RUNDC3A","Inh PVALB CA8 (Chandelier)",0.00618508461998371,5.41501926491863,0.00839554139500481,0.927108322266879,0.999998866570966,0.999994427475806,"ya_adult_cogact_freq"
"8103","SLC25A39","Inh PVALB CA8 (Chandelier)",0.0215630693020481,4.64430890837278,0.0585844519165645,0.809055905437596,0.999998866570966,0.999994427475806,"ya_adult_cogact_freq"
"8104","FAM171A2","Inh PVALB CA8 (Chandelier)",-0.0676220303274837,4.33941307456622,0.460987007064234,0.498139337271656,0.999998866570966,0.999994427475806,"ya_adult_cogact_freq"
"8105","GPATCH8","Inh PVALB CA8 (Chandelier)",0.0315616511796605,8.78628174135967,1.24096168148875,0.266948498007614,0.999998866570966,0.999994427475806,"ya_adult_cogact_freq"
"8106","DBF4B","Inh PVALB CA8 (Chandelier)",-0.0208221084845697,4.32317400552224,0.0392310702251814,0.843241824123899,0.999998866570966,0.999994427475806,"ya_adult_cogact_freq"
"8107","ADAM11","Inh PVALB CA8 (Chandelier)",-0.00611254943372167,5.65487679183722,0.0124371925756985,0.911341407856372,0.999998866570966,0.999994427475806,"ya_adult_cogact_freq"
"8108","GJC1","Inh PVALB CA8 (Chandelier)",-0.174644357075122,4.21638878866993,3.7707936674233,0.0539030573122348,0.999998866570966,0.999994427475806,"ya_adult_cogact_freq"
"8109","EFTUD2","Inh PVALB CA8 (Chandelier)",-0.0237502703694051,5.11749365392433,0.157763990288559,0.691750383386482,0.999998866570966,0.999994427475806,"ya_adult_cogact_freq"
"8110","C1QL1","Inh PVALB CA8 (Chandelier)",-0.0263900850565392,7.26333751662458,0.189554257486899,0.663871822004549,0.999998866570966,0.999994427475806,"ya_adult_cogact_freq"
"8111","DCAKD","Inh PVALB CA8 (Chandelier)",-0.103275836897909,5.62508740765009,1.99405165658545,0.159850621445262,0.999998866570966,0.999994427475806,"ya_adult_cogact_freq"
"8112","NMT1","Inh PVALB CA8 (Chandelier)",0.0328989732740053,6.64889357699563,0.620194009216289,0.468610337020992,0.999998866570966,0.999994427475806,"ya_adult_cogact_freq"
"8113","PLCD3","Inh PVALB CA8 (Chandelier)",0.0294393219529454,4.52681294736443,0.123540747726367,0.725685782662299,0.999998866570966,0.999994427475806,"ya_adult_cogact_freq"
"8114","ACBD4","Inh PVALB CA8 (Chandelier)",0.0581195532710081,4.21096739253657,0.300955209765061,0.584045255550397,0.999998866570966,0.999994427475806,"ya_adult_cogact_freq"
"8115","HEXIM1","Inh PVALB CA8 (Chandelier)",-0.0259785269242339,4.53177905464421,0.0733626997142587,0.786849617921715,0.999998866570966,0.999994427475806,"ya_adult_cogact_freq"
"8116","AC138150.1","Inh PVALB CA8 (Chandelier)",-0.088203068455639,4.16615004803162,0.572171502898327,0.450504342911056,0.999998866570966,0.999994427475806,"ya_adult_cogact_freq"
"8117","AC008105.3","Inh PVALB CA8 (Chandelier)",-0.0182539583502925,6.18152225982964,0.106592262271167,0.744482302946984,0.999998866570966,0.999994427475806,"ya_adult_cogact_freq"
"8118","FMNL1","Inh PVALB CA8 (Chandelier)",-0.0218058178082608,4.12477869243835,0.0492272753014693,0.927118216085695,0.999998866570966,0.999994427475806,"ya_adult_cogact_freq"
"8119","MAP3K14","Inh PVALB CA8 (Chandelier)",-0.0625313966879388,5.21035767893748,0.782364904312079,0.377739786662702,0.999998866570966,0.999994427475806,"ya_adult_cogact_freq"
"8120","ARHGAP27","Inh PVALB CA8 (Chandelier)",0.00164851471242508,4.16899623008524,0.000251686233148985,0.987362065263773,0.999998866570966,0.999994427475806,"ya_adult_cogact_freq"
"8121","PLEKHM1","Inh PVALB CA8 (Chandelier)",0.148354798452409,4.92893085957104,3.51050138916635,0.0627959175781029,0.999998866570966,0.999994427475806,"ya_adult_cogact_freq"
"8122","LINC02210-CRHR1","Inh PVALB CA8 (Chandelier)",0.0548200212542572,6.4650371328579,0.973317752598156,0.325336616598605,0.999998866570966,0.999994427475806,"ya_adult_cogact_freq"
"8123","MAPT-AS1","Inh PVALB CA8 (Chandelier)",-0.0404642575028059,4.75363323725547,0.21383224611411,0.644405404963927,0.999998866570966,0.999994427475806,"ya_adult_cogact_freq"
"8124","MAPT","Inh PVALB CA8 (Chandelier)",-0.00104458021241297,8.42913522302208,0.00115511608373046,0.972929679323013,0.999998866570966,0.999994427475806,"ya_adult_cogact_freq"
"8125","KANSL1","Inh PVALB CA8 (Chandelier)",-0.0228547037262317,7.94953722070174,0.206647062361449,0.650021399499601,0.999998866570966,0.999994427475806,"ya_adult_cogact_freq"
"8126","ARL17B","Inh PVALB CA8 (Chandelier)",-0.252910499622943,5.80992018660779,3.00702049886281,0.084821494931853,0.999998866570966,0.999994427475806,"ya_adult_cogact_freq"
"8127","LRRC37A","Inh PVALB CA8 (Chandelier)",-0.125521102809723,4.04952062475636,1.06428266708876,0.303789934141545,0.999998866570966,0.999994427475806,"ya_adult_cogact_freq"
"8128","LRRC37A2","Inh PVALB CA8 (Chandelier)",-0.129805527614386,5.71889533712474,1.37647481598104,0.24243785923582,0.999998866570966,0.999994427475806,"ya_adult_cogact_freq"
"8129","ARL17A","Inh PVALB CA8 (Chandelier)",0.111334923559788,4.71751551070551,1.43295944991427,0.233044240664092,0.999998866570966,0.999994427475806,"ya_adult_cogact_freq"
"8130","NSF","Inh PVALB CA8 (Chandelier)",0.0242091609102377,8.94212710323442,0.299622352173107,0.584878357126024,0.999998866570966,0.999994427475806,"ya_adult_cogact_freq"
"8131","WNT3","Inh PVALB CA8 (Chandelier)",-0.0351585430493939,4.72219108357609,0.174086295607797,0.677062074457278,0.999998866570966,0.999994427475806,"ya_adult_cogact_freq"
"8132","AC005670.2","Inh PVALB CA8 (Chandelier)",-0.097421045104589,4.98100944220095,1.66426631832408,0.1988808409493,0.999998866570966,0.999994427475806,"ya_adult_cogact_freq"
"8133","CDC27","Inh PVALB CA8 (Chandelier)",-0.0627751952222851,7.08149443781904,3.94389360027157,0.048741901364783,0.999998866570966,0.999994427475806,"ya_adult_cogact_freq"
"8134","AC040934.1","Inh PVALB CA8 (Chandelier)",0.0627623447173304,4.38200415827386,0.45136943154544,0.502649669002374,0.999998866570966,0.999994427475806,"ya_adult_cogact_freq"
"8135","NPEPPS","Inh PVALB CA8 (Chandelier)",-0.0169134935119699,7.58476195336859,0.262192447544686,0.609320592665306,0.999998866570966,0.999994427475806,"ya_adult_cogact_freq"
"8136","AC025682.1","Inh PVALB CA8 (Chandelier)",0.0315922016666741,4.9689154838221,0.199914447705601,0.81947544210979,0.999998866570966,0.999994427475806,"ya_adult_cogact_freq"
"8137","KPNB1","Inh PVALB CA8 (Chandelier)",-0.0267905836317263,6.4900660696604,0.388914941340664,0.533754131559181,0.999998866570966,0.999994427475806,"ya_adult_cogact_freq"
"8138","TBKBP1","Inh PVALB CA8 (Chandelier)",-0.112277330721973,4.34460033138637,1.63907713374872,0.239152069654997,0.999998866570966,0.999994427475806,"ya_adult_cogact_freq"
"8139","OSBPL7","Inh PVALB CA8 (Chandelier)",0.0469849166364566,3.90481908293052,0.187785862467861,0.674852143984656,0.999998866570966,0.999994427475806,"ya_adult_cogact_freq"
"8140","SP2","Inh PVALB CA8 (Chandelier)",0.0464277785736693,3.95215269497557,0.215627989813927,0.701391561239298,0.999998866570966,0.999994427475806,"ya_adult_cogact_freq"
"8141","CDK5RAP3","Inh PVALB CA8 (Chandelier)",-0.198736467079046,4.73409482089584,5.0152272873705,0.0264969671183585,0.999998866570966,0.999994427475806,"ya_adult_cogact_freq"
"8142","NFE2L1","Inh PVALB CA8 (Chandelier)",0.031721960383076,5.52643263833812,0.250992272496723,0.617062506573462,0.999998866570966,0.999994427475806,"ya_adult_cogact_freq"
"8143","CBX1","Inh PVALB CA8 (Chandelier)",0.0585485931790832,5.16781576662549,0.917400221556245,0.339596699131736,0.999998866570966,0.999994427475806,"ya_adult_cogact_freq"
"8144","CALCOCO2","Inh PVALB CA8 (Chandelier)",0.056353356814826,4.87650658972704,0.681303547530396,0.410361358806493,0.999998866570966,0.999994427475806,"ya_adult_cogact_freq"
"8145","ATP5MC1","Inh PVALB CA8 (Chandelier)",-0.194434236272605,4.54913055921167,3.34828124558144,0.0691274955818942,0.999998866570966,0.999994427475806,"ya_adult_cogact_freq"
"8146","UBE2Z","Inh PVALB CA8 (Chandelier)",-0.101176634948069,5.28279306508461,2.89247749007959,0.0909274983712016,0.999998866570966,0.999994427475806,"ya_adult_cogact_freq"
"8147","SNF8","Inh PVALB CA8 (Chandelier)",-0.0348194045709081,4.85751117225957,0.24611936344199,0.836027406783462,0.999998866570966,0.999994427475806,"ya_adult_cogact_freq"
"8148","ZNF652","Inh PVALB CA8 (Chandelier)",0.00165455970745249,6.83547983964125,0.0017128437569089,0.967039116306393,0.999998866570966,0.999994427475806,"ya_adult_cogact_freq"
"8149","PHB","Inh PVALB CA8 (Chandelier)",-0.136955777753174,3.85593850794356,1.31301536555192,0.253552224890194,0.999998866570966,0.999994427475806,"ya_adult_cogact_freq"
"8150","SPOP","Inh PVALB CA8 (Chandelier)",0.00161668131005256,6.26534698510481,0.0012451794144362,0.971894585631208,0.999998866570966,0.999994427475806,"ya_adult_cogact_freq"
"8151","KAT7","Inh PVALB CA8 (Chandelier)",0.0203769575390219,4.92834094933049,0.105486207795212,0.762103332012243,0.999998866570966,0.999994427475806,"ya_adult_cogact_freq"
"8152","ITGA3","Inh PVALB CA8 (Chandelier)",-0.0599187567489079,5.14393149320865,0.841339405587308,0.408318744189728,0.999998866570966,0.999994427475806,"ya_adult_cogact_freq"
"8153","PDK2","Inh PVALB CA8 (Chandelier)",-0.0928758547614092,4.51568055196182,0.935027492464443,0.335012342007741,0.999998866570966,0.999994427475806,"ya_adult_cogact_freq"
"8154","PPP1R9B","Inh PVALB CA8 (Chandelier)",0.128944442325912,4.37773998709476,1.85306135630803,0.17533268317618,0.999998866570966,0.999994427475806,"ya_adult_cogact_freq"
"8155","XYLT2","Inh PVALB CA8 (Chandelier)",0.032698264553027,4.19771816025627,0.0908535031089599,0.76348441765985,0.999998866570966,0.999994427475806,"ya_adult_cogact_freq"
"8156","MRPL27","Inh PVALB CA8 (Chandelier)",-0.15932131840503,4.17606374430796,2.04675725655768,0.154471601067783,0.999998866570966,0.999994427475806,"ya_adult_cogact_freq"
"8157","RSAD1","Inh PVALB CA8 (Chandelier)",0.0770354959795932,5.05265590612161,1.2738567579581,0.260725827335496,0.999998866570966,0.999994427475806,"ya_adult_cogact_freq"
"8158","SPATA20","Inh PVALB CA8 (Chandelier)",-0.0164871958833144,4.40988401286172,0.0278033475281708,0.867781526452761,0.999998866570966,0.999994427475806,"ya_adult_cogact_freq"
"8159","CACNA1G","Inh PVALB CA8 (Chandelier)",-0.233911089523956,5.11150865476013,4.73032506385632,0.0310965174707881,0.999998866570966,0.999994427475806,"ya_adult_cogact_freq"
"8160","ANKRD40","Inh PVALB CA8 (Chandelier)",0.0220007231945088,4.49164737590847,0.0730140845005505,0.984676429761919,0.999998866570966,0.999994427475806,"ya_adult_cogact_freq"
"8161","LUC7L3","Inh PVALB CA8 (Chandelier)",0.0337681812340717,8.43590847990877,0.955812276131927,0.329713106143555,0.999998866570966,0.999994427475806,"ya_adult_cogact_freq"
"8162","TOB1","Inh PVALB CA8 (Chandelier)",0.00435501006544494,4.53025620247238,0.00192227242769929,0.965083380428831,0.999998866570966,0.999994427475806,"ya_adult_cogact_freq"
"8163","SPAG9","Inh PVALB CA8 (Chandelier)",0.049504785389337,7.52560727419585,2.94020525077324,0.088326719136993,0.999998866570966,0.999994427475806,"ya_adult_cogact_freq"
"8164","MBTD1","Inh PVALB CA8 (Chandelier)",0.0596559509394768,6.47311707840031,1.74176433889781,0.188791683109324,0.999998866570966,0.999994427475806,"ya_adult_cogact_freq"
"8165","UTP18","Inh PVALB CA8 (Chandelier)",-0.0486505077199079,4.99767117191519,0.563959136835989,0.453767257939016,0.999998866570966,0.999994427475806,"ya_adult_cogact_freq"
"8166","TOM1L1","Inh PVALB CA8 (Chandelier)",-0.265633418695056,4.47409881480449,5.37118720399283,0.0217328230809518,0.999998866570966,0.999994427475806,"ya_adult_cogact_freq"
"8167","COX11","Inh PVALB CA8 (Chandelier)",0.0953591090121515,5.06347358304461,2.14923156943339,0.229635376290863,0.999998866570966,0.999994427475806,"ya_adult_cogact_freq"
"8168","STXBP4","Inh PVALB CA8 (Chandelier)",0.0238421311061372,5.09728144865394,0.0980690587781804,0.754565163609772,0.999998866570966,0.999994427475806,"ya_adult_cogact_freq"
"8169","HLF","Inh PVALB CA8 (Chandelier)",0.0909973373839356,5.55357472321999,1.67846248270336,0.196986017731856,0.999998866570966,0.999994427475806,"ya_adult_cogact_freq"
"8170","PCTP","Inh PVALB CA8 (Chandelier)",-0.0325200265619425,6.31403532036687,0.2905654943793,0.590604069180179,0.999998866570966,0.999994427475806,"ya_adult_cogact_freq"
"8171","ANKFN1","Inh PVALB CA8 (Chandelier)",-0.0381852034160735,6.90940888751275,0.17840319080953,0.673313472738269,0.999998866570966,0.999994427475806,"ya_adult_cogact_freq"
"8172","NOG","Inh PVALB CA8 (Chandelier)",-0.0553063981402341,5.21998127133677,0.327832876647589,0.567737836357282,0.999998866570966,0.999994427475806,"ya_adult_cogact_freq"
"8173","C17orf67","Inh PVALB CA8 (Chandelier)",-0.098755220028022,4.55590602571668,0.861371418388471,0.354746529806333,0.999998866570966,0.999994427475806,"ya_adult_cogact_freq"
"8174","DGKE","Inh PVALB CA8 (Chandelier)",0.0544119132450565,6.62101872677744,1.51181912926341,0.220658156895338,0.999998866570966,0.999994427475806,"ya_adult_cogact_freq"
"8175","TRIM25","Inh PVALB CA8 (Chandelier)",0.112325348644722,4.1492284986291,1.42234663346391,0.234774828543689,0.999998866570966,0.999994427475806,"ya_adult_cogact_freq"
"8176","COIL","Inh PVALB CA8 (Chandelier)",-0.117225103212393,4.54013914825037,2.13243723041862,0.146162780908656,0.999998866570966,0.999994427475806,"ya_adult_cogact_freq"
"8177","AKAP1","Inh PVALB CA8 (Chandelier)",-0.0208004495687019,5.67317082112052,0.15557803282933,0.69378353333731,0.999998866570966,0.999994427475806,"ya_adult_cogact_freq"
"8178","MSI2","Inh PVALB CA8 (Chandelier)",0.00333357271838608,8.62933351843176,0.00959564950735133,0.922088156170132,0.999998866570966,0.999994427475806,"ya_adult_cogact_freq"
"8179","MRPS23","Inh PVALB CA8 (Chandelier)",-0.00884064145609572,4.18783952136971,0.00755919500788671,0.930824514845786,0.999998866570966,0.999994427475806,"ya_adult_cogact_freq"
"8180","CUEDC1","Inh PVALB CA8 (Chandelier)",-0.0207387062256217,5.32357882996319,0.0965088332484326,0.756462494452832,0.999998866570966,0.999994427475806,"ya_adult_cogact_freq"
"8181","VEZF1","Inh PVALB CA8 (Chandelier)",0.0384664769578668,4.51322681653076,0.203156023390461,0.652792672246739,0.999998866570966,0.999994427475806,"ya_adult_cogact_freq"
"8182","AC015813.2","Inh PVALB CA8 (Chandelier)",0.176825557464936,5.26731732089077,7.31238396410551,0.00758539740704746,0.999998866570966,0.999994427475806,"ya_adult_cogact_freq"
"8183","DYNLL2","Inh PVALB CA8 (Chandelier)",-0.00820460561107883,5.7753036201299,0.011106802812632,0.916198668213089,0.999998866570966,0.999994427475806,"ya_adult_cogact_freq"
"8184","TSPOAP1","Inh PVALB CA8 (Chandelier)",-0.0443140741317812,6.58672648762415,0.891653416318955,0.346446605953799,0.999998866570966,0.999994427475806,"ya_adult_cogact_freq"
"8185","MTMR4","Inh PVALB CA8 (Chandelier)",-0.147826509375474,5.8085391294298,6.27971105214209,0.0132075217438424,0.999998866570966,0.999994427475806,"ya_adult_cogact_freq"
"8186","SEPT4","Inh PVALB CA8 (Chandelier)",-0.106272947941975,5.79774980510147,3.03987147469835,0.0831540176742652,0.999998866570966,0.999994427475806,"ya_adult_cogact_freq"
"8187","RAD51C","Inh PVALB CA8 (Chandelier)",-0.0549968714521354,4.66038477141967,0.560485802180346,0.455158484485543,0.999998866570966,0.999994427475806,"ya_adult_cogact_freq"
"8188","PPM1E","Inh PVALB CA8 (Chandelier)",0.00673029909299585,9.31630712992633,0.0354570342057649,0.85087866368529,0.999998866570966,0.999994427475806,"ya_adult_cogact_freq"
"8189","TRIM37","Inh PVALB CA8 (Chandelier)",0.0451189782110491,7.08336391868848,1.88227791890103,0.171986918938898,0.999998866570966,0.999994427475806,"ya_adult_cogact_freq"
"8190","AC099850.1","Inh PVALB CA8 (Chandelier)",-0.0915603188746366,4.18094819804365,0.899559266897072,0.344323451344562,0.999998866570966,0.999994427475806,"ya_adult_cogact_freq"
"8191","SKA2","Inh PVALB CA8 (Chandelier)",-0.0940173520961142,4.9967388188376,2.29497730158307,0.131756759038664,0.999998866570966,0.999994427475806,"ya_adult_cogact_freq"
"8192","GDPD1","Inh PVALB CA8 (Chandelier)",0.00171736253734022,6.64609266507318,0.00165513272873312,0.967598837833299,0.999998866570966,0.999994427475806,"ya_adult_cogact_freq"
"8193","YPEL2","Inh PVALB CA8 (Chandelier)",-0.0601786165296914,6.01389569816383,1.70927483197758,0.211890806542752,0.999998866570966,0.999994427475806,"ya_adult_cogact_freq"
"8194","DHX40","Inh PVALB CA8 (Chandelier)",0.0439561139905478,4.96060647459235,0.347257632499833,0.556496821865947,0.999998866570966,0.999994427475806,"ya_adult_cogact_freq"
"8195","CLTC","Inh PVALB CA8 (Chandelier)",0.0401901257995817,7.08340105628241,1.16203793769862,0.282658105599295,0.999998866570966,0.999994427475806,"ya_adult_cogact_freq"
"8196","PTRH2","Inh PVALB CA8 (Chandelier)",-0.0878449972594052,4.54899577660853,1.10922867356404,0.293830051301955,0.999998866570966,0.999994427475806,"ya_adult_cogact_freq"
"8197","VMP1","Inh PVALB CA8 (Chandelier)",0.0723839463282,6.64791639531177,2.37877880314066,0.124959763825553,0.999998866570966,0.999994427475806,"ya_adult_cogact_freq"
"8198","TUBD1","Inh PVALB CA8 (Chandelier)",-0.00844402048880739,4.50939467067102,0.00779384804705608,0.929761806371496,0.999998866570966,0.999994427475806,"ya_adult_cogact_freq"
"8199","RPS6KB1","Inh PVALB CA8 (Chandelier)",0.0458632946206191,5.51252484625722,0.683774661510285,0.409515600455064,0.999998866570966,0.999994427475806,"ya_adult_cogact_freq"
"8200","HEATR6","Inh PVALB CA8 (Chandelier)",-0.0369833783607641,4.63720486741315,0.213368744906727,0.644764198189633,0.999998866570966,0.999994427475806,"ya_adult_cogact_freq"
"8201","CA4","Inh PVALB CA8 (Chandelier)",-0.180370788557091,5.07669172214386,3.4065494523801,0.0667773829463277,0.999998866570966,0.999994427475806,"ya_adult_cogact_freq"
"8202","USP32","Inh PVALB CA8 (Chandelier)",0.0405914000336715,7.07034142837479,0.846889273246243,0.358812656448999,0.999998866570966,0.999994427475806,"ya_adult_cogact_freq"
"8203","APPBP2","Inh PVALB CA8 (Chandelier)",0.00372630526532415,6.63405814772892,0.00981886126265551,0.921190128290868,0.999998866570966,0.999994427475806,"ya_adult_cogact_freq"
"8204","PPM1D","Inh PVALB CA8 (Chandelier)",0.0616077037948326,4.98044833096997,0.833366878240092,0.362667738439367,0.999998866570966,0.999994427475806,"ya_adult_cogact_freq"
"8205","BCAS3","Inh PVALB CA8 (Chandelier)",0.00507790607654632,8.3155307454132,0.0181973240842885,0.892861693900721,0.999998866570966,0.999994427475806,"ya_adult_cogact_freq"
"8206","BRIP1","Inh PVALB CA8 (Chandelier)",0.0790479575582661,4.17907570222475,0.509523960412023,0.476380022021077,0.999998866570966,0.999994427475806,"ya_adult_cogact_freq"
"8207","INTS2","Inh PVALB CA8 (Chandelier)",0.0923223780048832,4.95229530611848,2.0468366899949,0.154463652246698,0.999998866570966,0.999994427475806,"ya_adult_cogact_freq"
"8208","MED13","Inh PVALB CA8 (Chandelier)",0.00523848728440133,7.16443229594284,0.0218334976106103,0.882716055075922,0.999998866570966,0.999994427475806,"ya_adult_cogact_freq"
"8209","METTL2A","Inh PVALB CA8 (Chandelier)",-0.0397626223343925,3.95322555297198,0.133889147888567,0.714914272898513,0.999998866570966,0.999994427475806,"ya_adult_cogact_freq"
"8210","TLK2","Inh PVALB CA8 (Chandelier)",0.0206699627384212,6.21526327311526,0.187045985105177,0.716045344306384,0.999998866570966,0.999994427475806,"ya_adult_cogact_freq"
"8211","TANC2","Inh PVALB CA8 (Chandelier)",0.00451445333377365,8.5154659976686,0.023249274436003,0.879001826054515,0.999998866570966,0.999994427475806,"ya_adult_cogact_freq"
"8212","CYB561","Inh PVALB CA8 (Chandelier)",-0.0197642714904074,4.82954202845306,0.0338312695994919,0.85429797898732,0.999998866570966,0.999994427475806,"ya_adult_cogact_freq"
"8213","DCAF7","Inh PVALB CA8 (Chandelier)",0.0305896145618137,5.98014631903538,0.374163363680148,0.541607633340715,0.999998866570966,0.999994427475806,"ya_adult_cogact_freq"
"8214","MAP3K3","Inh PVALB CA8 (Chandelier)",-0.0142189684781273,6.0984600313041,0.0737657673800325,0.786279178165068,0.999998866570966,0.999994427475806,"ya_adult_cogact_freq"
"8215","CCDC47","Inh PVALB CA8 (Chandelier)",0.145704239130302,4.29361670005422,2.37179773324956,0.125510698541161,0.999998866570966,0.999994427475806,"ya_adult_cogact_freq"
"8216","DDX42","Inh PVALB CA8 (Chandelier)",-0.00342016187018033,5.45050895392251,0.00453313551997042,0.946403799552645,0.999998866570966,0.999994427475806,"ya_adult_cogact_freq"
"8217","PSMC5","Inh PVALB CA8 (Chandelier)",0.104045393368092,3.78457642029502,0.733442175178493,0.393044435299572,0.999998866570966,0.999994427475806,"ya_adult_cogact_freq"
"8218","TEX2","Inh PVALB CA8 (Chandelier)",-0.0475266529109961,4.16675256530811,0.215251404135435,0.643309773557268,0.999998866570966,0.999994427475806,"ya_adult_cogact_freq"
"8219","DDX5","Inh PVALB CA8 (Chandelier)",-0.0778260113713724,7.40340471375527,2.28703882884323,0.132421897035632,0.999998866570966,0.999994427475806,"ya_adult_cogact_freq"
"8220","CEP95","Inh PVALB CA8 (Chandelier)",-0.0633506755804997,6.34463618251556,2.09099427325375,0.150116324628208,0.999998866570966,0.999994427475806,"ya_adult_cogact_freq"
"8221","SMURF2","Inh PVALB CA8 (Chandelier)",-0.0253330638604824,5.49951575374046,0.204436401546614,0.698168599275262,0.999998866570966,0.999994427475806,"ya_adult_cogact_freq"
"8222","LRRC37A3","Inh PVALB CA8 (Chandelier)",-0.0991224597626133,7.41835848738102,3.4630641275443,0.064580142160463,0.999998866570966,0.999994427475806,"ya_adult_cogact_freq"
"8223","GNA13","Inh PVALB CA8 (Chandelier)",0.0640983623524263,5.11292547354511,1.09156312395021,0.321089750042877,0.999998866570966,0.999994427475806,"ya_adult_cogact_freq"
"8224","CEP112","Inh PVALB CA8 (Chandelier)",-0.084775628742978,4.84549059241399,0.836574418753106,0.361748126977326,0.999998866570966,0.999994427475806,"ya_adult_cogact_freq"
"8225","PRKCA","Inh PVALB CA8 (Chandelier)",0.0252483415162148,7.44396501367476,0.163213308820826,0.686752072501688,0.999998866570966,0.999994427475806,"ya_adult_cogact_freq"
"8226","CACNG5","Inh PVALB CA8 (Chandelier)",-0.127270002531153,4.43154365469084,0.796986931544368,0.373330120111537,0.999998866570966,0.999994427475806,"ya_adult_cogact_freq"
"8227","CACNG4","Inh PVALB CA8 (Chandelier)",-0.0148654402555454,6.3614444904467,0.069576798152662,0.792291766101847,0.999998866570966,0.999994427475806,"ya_adult_cogact_freq"
"8228","HELZ","Inh PVALB CA8 (Chandelier)",0.0410679723633341,7.3679133578709,1.63843239512082,0.202384643826752,0.999998866570966,0.999994427475806,"ya_adult_cogact_freq"
"8229","PSMD12","Inh PVALB CA8 (Chandelier)",-0.0740772772869223,5.39248866883317,1.43944837296639,0.231993765427736,0.999998866570966,0.999994427475806,"ya_adult_cogact_freq"
"8230","PITPNC1","Inh PVALB CA8 (Chandelier)",0.0260524411681253,8.11354770565595,0.171631983836337,0.679217694795555,0.999998866570966,0.999994427475806,"ya_adult_cogact_freq"
"8231","NOL11","Inh PVALB CA8 (Chandelier)",-0.114667781427548,4.29075912615156,1.65167430672993,0.236287204602626,0.999998866570966,0.999994427475806,"ya_adult_cogact_freq"
"8232","BPTF","Inh PVALB CA8 (Chandelier)",0.0600464353939583,8.06709565263445,3.12536909041812,0.078979340639778,0.999998866570966,0.999994427475806,"ya_adult_cogact_freq"
"8233","KPNA2","Inh PVALB CA8 (Chandelier)",-0.0269412406183487,3.97856937618991,0.0549299973534645,0.814994805888654,0.999998866570966,0.999994427475806,"ya_adult_cogact_freq"
"8234","AMZ2","Inh PVALB CA8 (Chandelier)",0.0343597701951836,4.11235819405573,0.122627449082474,0.726660467095425,0.999998866570966,0.999994427475806,"ya_adult_cogact_freq"
"8235","ARSG","Inh PVALB CA8 (Chandelier)",0.0308573721788842,5.86018775646773,0.224112630230234,0.636566206677935,0.999998866570966,0.999994427475806,"ya_adult_cogact_freq"
"8236","WIPI1","Inh PVALB CA8 (Chandelier)",-0.113571998109272,4.9438710048229,1.98976501973319,0.160297473003018,0.999998866570966,0.999994427475806,"ya_adult_cogact_freq"
"8237","PRKAR1A","Inh PVALB CA8 (Chandelier)",-0.042053237005427,6.46672293853712,0.452540715523838,0.502096654274966,0.999998866570966,0.999994427475806,"ya_adult_cogact_freq"
"8238","ABCA9","Inh PVALB CA8 (Chandelier)",0.105092857425086,5.58373196947283,2.53643484731451,0.113210016890313,0.999998866570966,0.999994427475806,"ya_adult_cogact_freq"
"8239","ABCA6","Inh PVALB CA8 (Chandelier)",0.110073599676347,5.74500533357508,2.35460222050662,0.12687939381468,0.999998866570966,0.999994427475806,"ya_adult_cogact_freq"
"8240","ABCA10","Inh PVALB CA8 (Chandelier)",0.0122090099797049,6.89904994025399,0.055611127993722,0.81387241043912,0.999998866570966,0.999994427475806,"ya_adult_cogact_freq"
"8241","ABCA5","Inh PVALB CA8 (Chandelier)",-0.00164300806913172,7.51155061177213,0.00212160142230134,0.963318920503454,0.999998866570966,0.999994427475806,"ya_adult_cogact_freq"
"8242","MAP2K6","Inh PVALB CA8 (Chandelier)",0.004831153689118,4.48142107705416,0.00266196484883155,0.958916065869058,0.999998866570966,0.999994427475806,"ya_adult_cogact_freq"
"8243","LINC00511","Inh PVALB CA8 (Chandelier)",0.0853208542976047,4.90983996134767,0.634828524911636,0.426764778989245,0.999998866570966,0.999994427475806,"ya_adult_cogact_freq"
"8244","SLC39A11","Inh PVALB CA8 (Chandelier)",0.119350568518722,4.13111661323592,0.900207612655935,0.344150121306205,0.999998866570966,0.999994427475806,"ya_adult_cogact_freq"
"8245","COG1","Inh PVALB CA8 (Chandelier)",-0.133152801246071,4.77616273899472,2.9478934807112,0.0879154374356413,0.999998866570966,0.999994427475806,"ya_adult_cogact_freq"
"8246","FAM104A","Inh PVALB CA8 (Chandelier)",-0.0400225024592727,4.50976148045969,0.212864316627693,0.645155210984543,0.999998866570966,0.999994427475806,"ya_adult_cogact_freq"
"8247","C17orf80","Inh PVALB CA8 (Chandelier)",0.10361262910708,4.32523760061674,1.47235459801833,0.226754316080599,0.999998866570966,0.999994427475806,"ya_adult_cogact_freq"
"8248","SDK2","Inh PVALB CA8 (Chandelier)",0.0117413815266794,3.72590797819948,0.00724277753276744,0.932284196824003,0.999998866570966,0.999994427475806,"ya_adult_cogact_freq"
"8249","RPL38","Inh PVALB CA8 (Chandelier)",-0.0465594672285811,4.01148755094835,0.14871748572654,0.700273807776069,0.999998866570966,0.999994427475806,"ya_adult_cogact_freq"
"8250","RAB37","Inh PVALB CA8 (Chandelier)",0.0917148428372979,5.53220026678907,1.23643231651677,0.267819811659642,0.999998866570966,0.999994427475806,"ya_adult_cogact_freq"
"8251","NAT9","Inh PVALB CA8 (Chandelier)",-0.107546353224414,4.32246267185073,1.5050906427013,0.22168340520878,0.999998866570966,0.999994427475806,"ya_adult_cogact_freq"
"8252","GRIN2C","Inh PVALB CA8 (Chandelier)",-0.111085116187876,5.73931131096067,1.97110606081801,0.162259335807481,0.999998866570966,0.999994427475806,"ya_adult_cogact_freq"
"8253","FADS6","Inh PVALB CA8 (Chandelier)",0.0997219945744706,4.01983619297121,0.969240662030312,0.32634896380392,0.999998866570966,0.999994427475806,"ya_adult_cogact_freq"
"8254","HID1","Inh PVALB CA8 (Chandelier)",0.0219500446107639,5.00292842223274,0.102712729418241,0.749014413194945,0.999998866570966,0.999994427475806,"ya_adult_cogact_freq"
"8255","CDR2L","Inh PVALB CA8 (Chandelier)",0.00883788846359575,4.52599592489566,0.00907151112321602,0.924239254758901,0.999998866570966,0.999994427475806,"ya_adult_cogact_freq"
"8256","KCTD2","Inh PVALB CA8 (Chandelier)",0.00625040673724634,5.43076903247721,0.0099028077995352,0.920855064771584,0.999998866570966,0.999994427475806,"ya_adult_cogact_freq"
"8257","ATP5PD","Inh PVALB CA8 (Chandelier)",-0.0485819317475941,4.4064167659572,0.268386999025359,0.605128066615222,0.999998866570966,0.999994427475806,"ya_adult_cogact_freq"
"8258","JPT1","Inh PVALB CA8 (Chandelier)",0.0557542723925995,4.32643459879917,0.418944710757968,0.518387237729031,0.999998866570966,0.999994427475806,"ya_adult_cogact_freq"
"8259","NUP85","Inh PVALB CA8 (Chandelier)",-0.0552307863486525,4.38050191178386,0.345754000544337,0.557351675934086,0.999998866570966,0.999994427475806,"ya_adult_cogact_freq"
"8260","GGA3","Inh PVALB CA8 (Chandelier)",0.0775770229286722,4.89414618986397,1.33112594470945,0.250317349360831,0.999998866570966,0.999994427475806,"ya_adult_cogact_freq"
"8261","MRPS7","Inh PVALB CA8 (Chandelier)",-0.11954555448208,4.23690220130796,1.047539549061,0.30761205505012,0.999998866570966,0.999994427475806,"ya_adult_cogact_freq"
"8262","SLC25A19","Inh PVALB CA8 (Chandelier)",-0.075362962101,3.36806945460165,0.239748817193592,0.625055049493666,0.999998866570966,0.999994427475806,"ya_adult_cogact_freq"
"8263","GRB2","Inh PVALB CA8 (Chandelier)",0.0257026333977828,6.00288026535836,0.324114739909877,0.848833204526062,0.999998866570966,0.999994427475806,"ya_adult_cogact_freq"
"8264","TMEM94","Inh PVALB CA8 (Chandelier)",-0.057719223870427,5.16305037322482,0.881077352202691,0.349314868447622,0.999998866570966,0.999994427475806,"ya_adult_cogact_freq"
"8265","TSEN54","Inh PVALB CA8 (Chandelier)",-0.0701642061405896,4.44428445913408,0.593687256579326,0.442127649600805,0.999998866570966,0.999994427475806,"ya_adult_cogact_freq"
"8266","SAP30BP","Inh PVALB CA8 (Chandelier)",-0.0709778288783525,4.47603331708264,0.674909760736972,0.412561712455624,0.999998866570966,0.999994427475806,"ya_adult_cogact_freq"
"8267","H3F3B","Inh PVALB CA8 (Chandelier)",-0.176316938410111,6.06287442738665,3.52032974457237,0.062432927693581,0.999998866570966,0.999994427475806,"ya_adult_cogact_freq"
"8268","UNK","Inh PVALB CA8 (Chandelier)",0.028299369005669,5.58003432625155,0.219726545697622,0.63988335224709,0.999998866570966,0.999994427475806,"ya_adult_cogact_freq"
"8269","WBP2","Inh PVALB CA8 (Chandelier)",-0.127316258138295,5.48205965225831,2.79851539822904,0.0962964995593463,0.999998866570966,0.999994427475806,"ya_adult_cogact_freq"
"8270","FBF1","Inh PVALB CA8 (Chandelier)",-0.14436739815435,4.17392089397554,2.29895437333678,0.13142494840447,0.999998866570966,0.999994427475806,"ya_adult_cogact_freq"
"8271","ACOX1","Inh PVALB CA8 (Chandelier)",0.0538518801455363,4.79009264079081,0.563246582423106,0.454052120562496,0.999998866570966,0.999994427475806,"ya_adult_cogact_freq"
"8272","SRP68","Inh PVALB CA8 (Chandelier)",-0.0249030602380017,4.45278484146716,0.106264822123705,0.875639734540641,0.999998866570966,0.999994427475806,"ya_adult_cogact_freq"
"8273","EXOC7","Inh PVALB CA8 (Chandelier)",0.0380822216717093,5.60330581778136,0.377817075520419,0.539642802250884,0.999998866570966,0.999994427475806,"ya_adult_cogact_freq"
"8274","RNF157","Inh PVALB CA8 (Chandelier)",0.0158566759122147,7.40412409250163,0.272913841294251,0.602102940661875,0.999998866570966,0.999994427475806,"ya_adult_cogact_freq"
"8275","QRICH2","Inh PVALB CA8 (Chandelier)",-0.00157187824886215,5.54964717409901,0.000587929550685421,0.980685452658166,0.999998866570966,0.999994427475806,"ya_adult_cogact_freq"
"8276","PRPSAP1","Inh PVALB CA8 (Chandelier)",-0.00939807874453341,6.73116954188766,0.0462604776026354,0.829975612250593,0.999998866570966,0.999994427475806,"ya_adult_cogact_freq"
"8277","UBE2O","Inh PVALB CA8 (Chandelier)",0.0416755725319375,7.1016863642755,1.21464881248802,0.272060593759233,0.999998866570966,0.999994427475806,"ya_adult_cogact_freq"
"8278","CYGB","Inh PVALB CA8 (Chandelier)",-0.0913692957317588,5.16966205010716,1.10636084009123,0.294452836732867,0.999998866570966,0.999994427475806,"ya_adult_cogact_freq"
"8279","PRCD","Inh PVALB CA8 (Chandelier)",-0.0623744348654165,4.00231477270897,0.339997175691712,0.560647898031811,0.999998866570966,0.999994427475806,"ya_adult_cogact_freq"
"8280","MXRA7","Inh PVALB CA8 (Chandelier)",-0.0591147099618641,5.62120037629856,1.34938665795498,0.247107124271494,0.999998866570966,0.999994427475806,"ya_adult_cogact_freq"
"8281","JMJD6","Inh PVALB CA8 (Chandelier)",-0.0773225371183406,4.1602991706711,0.580659659468795,0.4471703530893,0.999998866570966,0.999994427475806,"ya_adult_cogact_freq"
"8282","SRSF2","Inh PVALB CA8 (Chandelier)",-0.0697160919491119,5.46240492506178,1.43344619024636,0.232965243053185,0.999998866570966,0.999994427475806,"ya_adult_cogact_freq"
"8283","MFSD11","Inh PVALB CA8 (Chandelier)",-0.0572327669987574,6.56368856589256,1.31614077320506,0.25299029290528,0.999998866570966,0.999994427475806,"ya_adult_cogact_freq"
"8284","MGAT5B","Inh PVALB CA8 (Chandelier)",-0.005027909867655,6.12892619876428,0.00820875623489581,0.927921479964746,0.999998866570966,0.999994427475806,"ya_adult_cogact_freq"
"8285","SEC14L1","Inh PVALB CA8 (Chandelier)",-0.0043839481769461,7.35195728473134,0.015306921236246,0.901690618351082,0.999998866570966,0.999994427475806,"ya_adult_cogact_freq"
"8286","SEPT9","Inh PVALB CA8 (Chandelier)",0.0675112991095007,5.60673507478886,1.10972470411355,0.293722504294685,0.999998866570966,0.999994427475806,"ya_adult_cogact_freq"
"8287","TNRC6C","Inh PVALB CA8 (Chandelier)",0.0123300411711624,7.92046753590747,0.177216785652087,0.6743383236582,0.999998866570966,0.999994427475806,"ya_adult_cogact_freq"
"8288","PGS1","Inh PVALB CA8 (Chandelier)",0.0162828919658378,4.55547705341628,0.0451033353277689,0.832083164543571,0.999998866570966,0.999994427475806,"ya_adult_cogact_freq"
"8289","CYTH1","Inh PVALB CA8 (Chandelier)",-0.0779929555170856,6.62285137583805,3.88878634775284,0.0503252284261376,0.999998866570966,0.999994427475806,"ya_adult_cogact_freq"
"8290","USP36","Inh PVALB CA8 (Chandelier)",-0.0808595516239738,5.8570575419205,2.58863739169074,0.164594778871874,0.999998866570966,0.999994427475806,"ya_adult_cogact_freq"
"8291","TIMP2","Inh PVALB CA8 (Chandelier)",0.0219584534280205,5.04903566212833,0.0512095989719259,0.821259153961055,0.999998866570966,0.999994427475806,"ya_adult_cogact_freq"
"8292","ENGASE","Inh PVALB CA8 (Chandelier)",0.00857347581424806,4.18480320250555,0.00804770275652491,0.943175635722446,0.999998866570966,0.999994427475806,"ya_adult_cogact_freq"
"8293","RBFOX3","Inh PVALB CA8 (Chandelier)",-0.0602331105955129,5.79304555752933,0.52621880360874,0.46925552190464,0.999998866570966,0.999994427475806,"ya_adult_cogact_freq"
"8294","CBX4","Inh PVALB CA8 (Chandelier)",0.043583282420691,3.77882542179296,0.102832793226012,0.74887274923777,0.999998866570966,0.999994427475806,"ya_adult_cogact_freq"
"8295","TBC1D16","Inh PVALB CA8 (Chandelier)",0.065644964509675,4.26799121896995,0.462568941476758,0.497404055351487,0.999998866570966,0.999994427475806,"ya_adult_cogact_freq"
"8296","CCDC40","Inh PVALB CA8 (Chandelier)",0.0719604774371659,4.27599892614097,0.57886628380928,0.447871536748489,0.999998866570966,0.999994427475806,"ya_adult_cogact_freq"
"8297","GAA","Inh PVALB CA8 (Chandelier)",-0.151844256744535,4.52413027854084,2.82132575068317,0.0949618522632234,0.999998866570966,0.999994427475806,"ya_adult_cogact_freq"
"8298","SLC26A11","Inh PVALB CA8 (Chandelier)",-0.0399064083060614,4.98497504048152,0.327041719745212,0.635265880180689,0.999998866570966,0.999994427475806,"ya_adult_cogact_freq"
"8299","RNF213","Inh PVALB CA8 (Chandelier)",0.000872591543073685,4.32236932050465,4.51185352612108e-05,0.994648951115901,0.999998866570966,0.999994427475806,"ya_adult_cogact_freq"
"8300","AC124319.2","Inh PVALB CA8 (Chandelier)",-0.00748701239208309,6.29266581184359,0.02092672848111,0.88515993582562,0.999998866570966,0.999994427475806,"ya_adult_cogact_freq"
"8301","ENDOV","Inh PVALB CA8 (Chandelier)",0.0191757481817801,4.60339544971723,0.0585424448454334,0.809123040614548,0.999998866570966,0.999994427475806,"ya_adult_cogact_freq"
"8302","RPTOR","Inh PVALB CA8 (Chandelier)",0.0119383975558881,7.25621010289905,0.114984977107581,0.734981180986067,0.999998866570966,0.999994427475806,"ya_adult_cogact_freq"
"8303","BAIAP2","Inh PVALB CA8 (Chandelier)",-0.0155942033429464,4.5971020432689,0.0297750230535426,0.863218735324125,0.999998866570966,0.999994427475806,"ya_adult_cogact_freq"
"8304","AATK","Inh PVALB CA8 (Chandelier)",-0.000193020130801503,6.26688389204091,1.32692829759537e-05,0.997098066407131,0.999998866570966,0.999994427475806,"ya_adult_cogact_freq"
"8305","NDUFAF8","Inh PVALB CA8 (Chandelier)",-0.0426883598485828,4.7643300393567,0.268607144896022,0.604980204006372,0.999998866570966,0.999994427475806,"ya_adult_cogact_freq"
"8306","SLC38A10","Inh PVALB CA8 (Chandelier)",-0.0608404831220156,4.60536934801308,0.582332581507722,0.585700182158571,0.999998866570966,0.999994427475806,"ya_adult_cogact_freq"
"8307","AC110285.2","Inh PVALB CA8 (Chandelier)",-0.000881215670882345,3.98245062866779,2.85987642101752e-05,0.99573973848374,0.999998866570966,0.999994427475806,"ya_adult_cogact_freq"
"8308","BAHCC1","Inh PVALB CA8 (Chandelier)",0.0608606697249151,5.40063368331726,1.19837449138635,0.275284196066305,0.999998866570966,0.999994427475806,"ya_adult_cogact_freq"
"8309","ACTG1","Inh PVALB CA8 (Chandelier)",-0.141472273266891,6.09386452654578,2.80011938252802,0.0962019786760974,0.999998866570966,0.999994427475806,"ya_adult_cogact_freq"
"8310","FAAP100","Inh PVALB CA8 (Chandelier)",-0.0972704081606901,4.07604371362493,0.763293223744948,0.383603046808514,0.999998866570966,0.999994427475806,"ya_adult_cogact_freq"
"8311","NPLOC4","Inh PVALB CA8 (Chandelier)",0.0725123080748803,6.0776130122019,2.01659281724726,0.157524263223135,0.999998866570966,0.999994427475806,"ya_adult_cogact_freq"
"8312","ARL16","Inh PVALB CA8 (Chandelier)",-0.14565256359395,3.82290891630542,1.32938414168177,0.250626239671936,0.999998866570966,0.999994427475806,"ya_adult_cogact_freq"
"8313","HGS","Inh PVALB CA8 (Chandelier)",0.0118203931721179,4.72032085608087,0.0236456315207657,0.943598333471516,0.999998866570966,0.999994427475806,"ya_adult_cogact_freq"
"8314","MCRIP1","Inh PVALB CA8 (Chandelier)",0.0528333561491037,4.73556686382852,0.34042786596339,0.56040000320709,0.999998866570966,0.999994427475806,"ya_adult_cogact_freq"
"8315","P4HB","Inh PVALB CA8 (Chandelier)",0.00457081235440736,4.7970586345725,0.00374265052314915,0.951294071193671,0.999998866570966,0.999994427475806,"ya_adult_cogact_freq"
"8316","ARHGDIA","Inh PVALB CA8 (Chandelier)",-0.0048114679788585,4.22457217383744,0.00250546206126997,0.960141020444636,0.999998866570966,0.999994427475806,"ya_adult_cogact_freq"
"8317","ANAPC11","Inh PVALB CA8 (Chandelier)",-0.235916616537496,3.85315664735028,3.93126779343478,0.0490999106484716,0.999998866570966,0.999994427475806,"ya_adult_cogact_freq"
"8318","MAFG","Inh PVALB CA8 (Chandelier)",0.101827120612618,4.39037519411463,1.39406789978012,0.239463232157416,0.999998866570966,0.999994427475806,"ya_adult_cogact_freq"
"8319","AC145207.1","Inh PVALB CA8 (Chandelier)",0.0211667416883073,4.19669020104622,0.0481152927559271,0.826654123399837,0.999998866570966,0.999994427475806,"ya_adult_cogact_freq"
"8320","ASPSCR1","Inh PVALB CA8 (Chandelier)",-0.00363519384735879,4.50035254526828,0.00194260678616578,0.964899306833025,0.999998866570966,0.999994427475806,"ya_adult_cogact_freq"
"8321","RAC3","Inh PVALB CA8 (Chandelier)",-0.0924022964221763,3.89998934261793,0.537629523106128,0.464484631276799,0.999998866570966,0.999994427475806,"ya_adult_cogact_freq"
"8322","DCXR","Inh PVALB CA8 (Chandelier)",-0.0174767592353082,3.79328723527384,0.0167842019208374,0.897081361552869,0.999998866570966,0.999994427475806,"ya_adult_cogact_freq"
"8323","RFNG","Inh PVALB CA8 (Chandelier)",-0.00446623202489139,4.53977684136867,0.00241976226575923,0.96082808078785,0.999998866570966,0.999994427475806,"ya_adult_cogact_freq"
"8324","GPS1","Inh PVALB CA8 (Chandelier)",-0.0245644452766802,4.59766816802717,0.0953626698303193,0.757867045633112,0.999998866570966,0.999994427475806,"ya_adult_cogact_freq"
"8325","DUS1L","Inh PVALB CA8 (Chandelier)",-0.0979831755722937,4.53179762068258,1.31725049603228,0.252791141671208,0.999998866570966,0.999994427475806,"ya_adult_cogact_freq"
"8326","FASN","Inh PVALB CA8 (Chandelier)",0.023384348505721,4.40244898183399,0.0670713385110681,0.795980937939803,0.999998866570966,0.999994427475806,"ya_adult_cogact_freq"
"8327","CCDC57","Inh PVALB CA8 (Chandelier)",-0.0167852307777046,6.80669333389655,0.133345847264067,0.715467827508267,0.999998866570966,0.999994427475806,"ya_adult_cogact_freq"
"8328","CSNK1D","Inh PVALB CA8 (Chandelier)",-0.0610357576685782,5.62973508647908,1.38059817005134,0.241736641027306,0.999998866570966,0.999994427475806,"ya_adult_cogact_freq"
"8329","OGFOD3","Inh PVALB CA8 (Chandelier)",-0.0427645587551935,4.74579158683558,0.361472169042018,0.548536562387362,0.999998866570966,0.999994427475806,"ya_adult_cogact_freq"
"8330","HEXDC","Inh PVALB CA8 (Chandelier)",-0.0395250840231627,4.89841056692407,0.333851790258014,0.564208168451457,0.999998866570966,0.999994427475806,"ya_adult_cogact_freq"
"8331","NARF","Inh PVALB CA8 (Chandelier)",0.0173013707798881,5.53034589407264,0.0894461209619545,0.765268750323121,0.999998866570966,0.999994427475806,"ya_adult_cogact_freq"
"8332","FOXK2","Inh PVALB CA8 (Chandelier)",-0.0150822413238136,6.93685794647209,0.142187956888486,0.706612783616771,0.999998866570966,0.999994427475806,"ya_adult_cogact_freq"
"8333","WDR45B","Inh PVALB CA8 (Chandelier)",0.0490092386614753,5.71619840374135,0.966271393943322,0.327088880141092,0.999998866570966,0.999994427475806,"ya_adult_cogact_freq"
"8334","RAB40B","Inh PVALB CA8 (Chandelier)",0.012904237453767,4.99873762043396,0.0398179192771636,0.842089177799562,0.999998866570966,0.999994427475806,"ya_adult_cogact_freq"
"8335","FN3KRP","Inh PVALB CA8 (Chandelier)",-0.0541219063107911,4.10715539391015,0.272107303064918,0.60263957139525,0.999998866570966,0.999994427475806,"ya_adult_cogact_freq"
"8336","FN3K","Inh PVALB CA8 (Chandelier)",-0.10654250329005,4.98523686580426,1.39724467078448,0.238930879296899,0.999998866570966,0.999994427475806,"ya_adult_cogact_freq"
"8337","TBCD","Inh PVALB CA8 (Chandelier)",-0.0105906443121406,6.72707957277443,0.0665870686325356,0.796702445294438,0.999998866570966,0.999994427475806,"ya_adult_cogact_freq"
"8338","METRNL","Inh PVALB CA8 (Chandelier)",-0.145474780330703,3.89831873569449,1.32793153888337,0.250884203674579,0.999998866570966,0.999994427475806,"ya_adult_cogact_freq"
"8339","USP14","Inh PVALB CA8 (Chandelier)",-0.0290340864769624,6.06323968374471,0.387310636484041,0.534598133189823,0.999998866570966,0.999994427475806,"ya_adult_cogact_freq"
"8340","THOC1","Inh PVALB CA8 (Chandelier)",-0.0136233815829796,6.03448689511156,0.0730420126179236,0.981030385139497,0.999998866570966,0.999994427475806,"ya_adult_cogact_freq"
"8341","ENOSF1","Inh PVALB CA8 (Chandelier)",-0.167743467175716,4.41841614714236,1.39647571364884,0.239059605696805,0.999998866570966,0.999994427475806,"ya_adult_cogact_freq"
"8342","YES1","Inh PVALB CA8 (Chandelier)",0.0824428453933201,5.0981595286645,1.23100301323582,0.268868957384966,0.999998866570966,0.999994427475806,"ya_adult_cogact_freq"
"8343","AP005230.1","Inh PVALB CA8 (Chandelier)",0.0328551954765859,4.0204661911622,0.0456457494782602,0.831091764922758,0.999998866570966,0.999994427475806,"ya_adult_cogact_freq"
"8344","METTL4","Inh PVALB CA8 (Chandelier)",0.0544032038788342,4.63016599137937,0.449709104187292,0.518507476578464,0.999998866570966,0.999994427475806,"ya_adult_cogact_freq"
"8345","SMCHD1","Inh PVALB CA8 (Chandelier)",0.00466877888936152,7.44306375179642,0.0204168149089088,0.996043575258565,0.999998866570966,0.999994427475806,"ya_adult_cogact_freq"
"8346","AP001011.1","Inh PVALB CA8 (Chandelier)",-0.203583826820319,3.60615857516191,1.78100985080064,0.183912439835383,0.999998866570966,0.999994427475806,"ya_adult_cogact_freq"
"8347","LPIN2","Inh PVALB CA8 (Chandelier)",0.0505971212219704,6.18774990991118,1.02704635119407,0.312376214464924,0.999998866570966,0.999994427475806,"ya_adult_cogact_freq"
"8348","MYOM1","Inh PVALB CA8 (Chandelier)",-0.0776147324443206,4.50349867915297,0.495114714450243,0.482672435609576,0.999998866570966,0.999994427475806,"ya_adult_cogact_freq"
"8349","MYL12B","Inh PVALB CA8 (Chandelier)",-0.241765530611432,4.41819464515868,5.68612209240312,0.0182647771476786,0.999998866570966,0.999994427475806,"ya_adult_cogact_freq"
"8350","DLGAP1","Inh PVALB CA8 (Chandelier)",-0.00390871669350128,12.396337238693,0.0206402674527272,0.885943189956749,0.999998866570966,0.999994427475806,"ya_adult_cogact_freq"
"8351","DLGAP1-AS4","Inh PVALB CA8 (Chandelier)",-0.219476217008083,4.20116031051656,2.74363302758343,0.099593029498352,0.999998866570966,0.999994427475806,"ya_adult_cogact_freq"
"8352","DLGAP1-AS5","Inh PVALB CA8 (Chandelier)",-0.338364378460754,4.09849767495651,5.10496318806146,0.0252009891136433,0.999998866570966,0.999994427475806,"ya_adult_cogact_freq"
"8353","AP005203.1","Inh PVALB CA8 (Chandelier)",0.0194251856386939,4.5495105137815,0.0299490525297825,0.862823574313402,0.999998866570966,0.999994427475806,"ya_adult_cogact_freq"
"8354","LINC00667","Inh PVALB CA8 (Chandelier)",0.149076638402599,4.9846419402338,5.17498384042607,0.0242360081439454,0.999998866570966,0.999994427475806,"ya_adult_cogact_freq"
"8355","EPB41L3","Inh PVALB CA8 (Chandelier)",0.0335139090104955,8.80104965761049,1.20900079397788,0.273173922189546,0.999998866570966,0.999994427475806,"ya_adult_cogact_freq"
"8356","L3MBTL4","Inh PVALB CA8 (Chandelier)",-0.162638606755727,6.38039889715045,3.88302742102474,0.0504938319751788,0.999998866570966,0.999994427475806,"ya_adult_cogact_freq"
"8357","PTPRM","Inh PVALB CA8 (Chandelier)",0.0105577767030035,7.77777739445329,0.0290367313965535,0.864908513878479,0.999998866570966,0.999994427475806,"ya_adult_cogact_freq"
"8358","RAB12","Inh PVALB CA8 (Chandelier)",-0.0132659307335989,5.8088706806262,0.0657506523495719,0.873025405263678,0.999998866570966,0.999994427475806,"ya_adult_cogact_freq"
"8359","MTCL1","Inh PVALB CA8 (Chandelier)",0.0587745001458546,6.96619841888813,1.40564221871906,0.237530598519054,0.999998866570966,0.999994427475806,"ya_adult_cogact_freq"
"8360","NDUFV2","Inh PVALB CA8 (Chandelier)",-0.0508175538760371,5.2927884234548,0.582942002870431,0.446280463703654,0.999998866570966,0.999994427475806,"ya_adult_cogact_freq"
"8361","NDUFV2-AS1","Inh PVALB CA8 (Chandelier)",0.0252484844572003,4.01633045005798,0.0421911787232001,0.837515638686342,0.999998866570966,0.999994427475806,"ya_adult_cogact_freq"
"8362","ANKRD12","Inh PVALB CA8 (Chandelier)",0.0460388907690248,8.23418596849397,1.56599007015688,0.212608187092998,0.999998866570966,0.999994427475806,"ya_adult_cogact_freq"
"8363","TWSG1","Inh PVALB CA8 (Chandelier)",-0.0108687581674044,4.81046118031219,0.0211617430205344,0.944166901159107,0.999998866570966,0.999994427475806,"ya_adult_cogact_freq"
"8364","RALBP1","Inh PVALB CA8 (Chandelier)",0.0116444081195827,5.47752518306385,0.0423767853899665,0.837163670942254,0.999998866570966,0.999994427475806,"ya_adult_cogact_freq"
"8365","PPP4R1","Inh PVALB CA8 (Chandelier)",-0.00242985396870633,5.88555527719672,0.00287294616719915,0.957320507187572,0.999998866570966,0.999994427475806,"ya_adult_cogact_freq"
"8366","VAPA","Inh PVALB CA8 (Chandelier)",-0.00860002115048346,6.57657723488722,0.0387815938337489,0.900496517682752,0.999998866570966,0.999994427475806,"ya_adult_cogact_freq"
"8367","NAPG","Inh PVALB CA8 (Chandelier)",-0.0651249968558662,5.68239798291906,1.42479191187125,0.234374703315674,0.999998866570966,0.999994427475806,"ya_adult_cogact_freq"
"8368","GNAL","Inh PVALB CA8 (Chandelier)",0.016644221679177,8.25798791026066,0.351989910895609,0.553822593069736,0.999998866570966,0.999994427475806,"ya_adult_cogact_freq"
"8369","MPPE1","Inh PVALB CA8 (Chandelier)",0.116816683044603,4.87216598680771,2.2897913526663,0.132190845006093,0.999998866570966,0.999994427475806,"ya_adult_cogact_freq"
"8370","AFG3L2","Inh PVALB CA8 (Chandelier)",-0.0102375332376271,5.56034474334419,0.0359343656953157,0.849890222661961,0.999998866570966,0.999994427475806,"ya_adult_cogact_freq"
"8371","PRELID3A","Inh PVALB CA8 (Chandelier)",-0.000255972490862582,4.53953195083995,4.89945521667152e-06,0.999945231121746,0.999998866570966,0.999994427475806,"ya_adult_cogact_freq"
"8372","SPIRE1","Inh PVALB CA8 (Chandelier)",0.0169304988192344,7.45272153305526,0.224236857818015,0.636472835717857,0.999998866570966,0.999994427475806,"ya_adult_cogact_freq"
"8373","PSMG2","Inh PVALB CA8 (Chandelier)",-0.0239213721750822,6.09355382040981,0.236515270014072,0.831607456313691,0.999998866570966,0.999994427475806,"ya_adult_cogact_freq"
"8374","CEP76","Inh PVALB CA8 (Chandelier)",-0.020046513934435,4.40503836477017,0.0634021183234149,0.801518977925843,0.999998866570966,0.999994427475806,"ya_adult_cogact_freq"
"8375","PTPN2","Inh PVALB CA8 (Chandelier)",0.0172400765273075,5.79159737908787,0.0981941695366928,0.754413741286079,0.999998866570966,0.999994427475806,"ya_adult_cogact_freq"
"8376","CEP192","Inh PVALB CA8 (Chandelier)",0.0189415998006764,6.80124406740938,0.181880246494025,0.670332854399931,0.999998866570966,0.999994427475806,"ya_adult_cogact_freq"
"8377","LDLRAD4","Inh PVALB CA8 (Chandelier)",-0.0307795596630546,9.07496535523617,0.852990665441038,0.357091779419189,0.999998866570966,0.999994427475806,"ya_adult_cogact_freq"
"8378","FAM210A","Inh PVALB CA8 (Chandelier)",-0.0209487138410034,5.20773309892843,0.078250394970963,0.780042155956693,0.999998866570966,0.999994427475806,"ya_adult_cogact_freq"
"8379","RNMT","Inh PVALB CA8 (Chandelier)",-0.0150920859826132,6.33610967780994,0.126225323650407,0.722844009455637,0.999998866570966,0.999994427475806,"ya_adult_cogact_freq"
"8380","ZNF519","Inh PVALB CA8 (Chandelier)",0.0440334993255654,5.41594400200155,0.382861061468054,0.536951756612509,0.999998866570966,0.999994427475806,"ya_adult_cogact_freq"
"8381","ROCK1","Inh PVALB CA8 (Chandelier)",0.0141498898031405,7.07436104555843,0.105886936000257,0.745299405816726,0.999998866570966,0.999994427475806,"ya_adult_cogact_freq"
"8382","ESCO1","Inh PVALB CA8 (Chandelier)",-0.0684202369395302,5.88628577569554,1.77873483635069,0.184191220784978,0.999998866570966,0.999994427475806,"ya_adult_cogact_freq"
"8383","SNRPD1","Inh PVALB CA8 (Chandelier)",-0.127269900082862,4.36638922652603,2.03541735933234,0.15561119081039,0.999998866570966,0.999994427475806,"ya_adult_cogact_freq"
"8384","ABHD3","Inh PVALB CA8 (Chandelier)",0.0679199359175445,4.83250722505747,0.27819539676681,0.598613609692668,0.999998866570966,0.999994427475806,"ya_adult_cogact_freq"
"8385","MIB1","Inh PVALB CA8 (Chandelier)",0.0498712093191361,7.04673211633527,0.753988693687274,0.386510701785293,0.999998866570966,0.999994427475806,"ya_adult_cogact_freq"
"8386","CABLES1","Inh PVALB CA8 (Chandelier)",-0.0273876666101846,5.32923706610764,0.104960034114838,0.746377790360488,0.999998866570966,0.999994427475806,"ya_adult_cogact_freq"
"8387","TMEM241","Inh PVALB CA8 (Chandelier)",0.070905263156422,5.20433071206698,0.842244427743006,0.360130417339589,0.999998866570966,0.999994427475806,"ya_adult_cogact_freq"
"8388","RIOK3","Inh PVALB CA8 (Chandelier)",-0.0787819556737133,5.31583521107517,2.00601702410072,0.158610864982734,0.999998866570966,0.999994427475806,"ya_adult_cogact_freq"
"8389","RMC1","Inh PVALB CA8 (Chandelier)",0.179030026275154,4.35510539744053,4.22960833280987,0.041340804281774,0.999998866570966,0.999994427475806,"ya_adult_cogact_freq"
"8390","NPC1","Inh PVALB CA8 (Chandelier)",-0.0706756115771741,4.9534080718355,0.929520139794094,0.336435637898825,0.999998866570966,0.999994427475806,"ya_adult_cogact_freq"
"8391","ANKRD29","Inh PVALB CA8 (Chandelier)",0.0331830477571156,5.97659922179071,0.453294036436713,0.501741527910256,0.999998866570966,0.999994427475806,"ya_adult_cogact_freq"
"8392","LAMA3","Inh PVALB CA8 (Chandelier)",0.0163720219497274,3.9915447590099,0.0152159960277371,0.901981547371068,0.999998866570966,0.999994427475806,"ya_adult_cogact_freq"
"8393","TTC39C","Inh PVALB CA8 (Chandelier)",0.0187143505478359,6.78389059990074,0.186895020503541,0.66609284962759,0.999998866570966,0.999994427475806,"ya_adult_cogact_freq"
"8394","OSBPL1A","Inh PVALB CA8 (Chandelier)",-0.00688498642986002,7.53083035528395,0.0340813442352698,0.853766573193019,0.999998866570966,0.999994427475806,"ya_adult_cogact_freq"
"8395","IMPACT","Inh PVALB CA8 (Chandelier)",0.0232128973851291,4.26647644725538,0.0575002090522619,0.810796966282291,0.999998866570966,0.999994427475806,"ya_adult_cogact_freq"
"8396","ZNF521","Inh PVALB CA8 (Chandelier)",-0.0110624174603911,5.31074661724058,0.013939373202718,0.906163442880767,0.999998866570966,0.999994427475806,"ya_adult_cogact_freq"
"8397","SS18","Inh PVALB CA8 (Chandelier)",0.0596481514993445,5.14983505898834,1.03638664926325,0.310192932339216,0.999998866570966,0.999994427475806,"ya_adult_cogact_freq"
"8398","TAF4B","Inh PVALB CA8 (Chandelier)",0.0160785746429835,4.81763020499538,0.0436260605886317,0.834815288936977,0.999998866570966,0.999994427475806,"ya_adult_cogact_freq"
"8399","KCTD1","Inh PVALB CA8 (Chandelier)",0.0485165400614365,6.66080168769903,0.606054961208307,0.437421378411345,0.999998866570966,0.999994427475806,"ya_adult_cogact_freq"
"8400","AQP4-AS1","Inh PVALB CA8 (Chandelier)",0.0809016471117129,5.16774900534244,0.408706796457572,0.523536495475824,0.999998866570966,0.999994427475806,"ya_adult_cogact_freq"
"8401","CDH2","Inh PVALB CA8 (Chandelier)",0.058939637866001,7.16639681035839,1.51138520120646,0.220724103857939,0.999998866570966,0.999994427475806,"ya_adult_cogact_freq"
"8402","B4GALT6","Inh PVALB CA8 (Chandelier)",0.00352488264417463,5.78192911628646,0.00431038463522866,0.963431937168812,0.999998866570966,0.999994427475806,"ya_adult_cogact_freq"
"8403","TRAPPC8","Inh PVALB CA8 (Chandelier)",-0.0995465131762122,6.09421163035572,4.22907952644872,0.0413533425717432,0.999998866570966,0.999994427475806,"ya_adult_cogact_freq"
"8404","RNF138","Inh PVALB CA8 (Chandelier)",-0.0429339534212087,5.20440152122419,0.512007975936453,0.47530886265128,0.999998866570966,0.999994427475806,"ya_adult_cogact_freq"
"8405","GAREM1","Inh PVALB CA8 (Chandelier)",0.00358465766032803,7.17548474486594,0.00362188980150193,0.952085319262426,0.999998866570966,0.999994427475806,"ya_adult_cogact_freq"
"8406","AC025887.2","Inh PVALB CA8 (Chandelier)",0.105986297156377,4.32824412553094,0.672066822141164,0.41354569891142,0.999998866570966,0.999994427475806,"ya_adult_cogact_freq"
"8407","ASXL3","Inh PVALB CA8 (Chandelier)",-0.215345374230968,3.76146963169512,2.04007279981305,0.155142187534754,0.999998866570966,0.999994427475806,"ya_adult_cogact_freq"
"8408","NOL4","Inh PVALB CA8 (Chandelier)",0.0181790583224972,8.44678681277176,0.213034516184892,0.645023216222169,0.999998866570966,0.999994427475806,"ya_adult_cogact_freq"
"8409","DTNA","Inh PVALB CA8 (Chandelier)",0.0160663279539041,9.68750696082251,0.291491009631271,0.590013705957519,0.999998866570966,0.999994427475806,"ya_adult_cogact_freq"
"8410","MAPRE2","Inh PVALB CA8 (Chandelier)",0.00664894456930795,8.05994077536522,0.0402024430514995,0.841338708582132,0.999998866570966,0.999994427475806,"ya_adult_cogact_freq"
"8411","ZNF397","Inh PVALB CA8 (Chandelier)",-0.00794078905399466,5.33754963098665,0.0198366984963112,0.888170439040728,0.999998866570966,0.999994427475806,"ya_adult_cogact_freq"
"8412","ZSCAN30","Inh PVALB CA8 (Chandelier)",-0.0755861075094845,4.84151599020008,1.00540487416663,0.350505914513761,0.999998866570966,0.999994427475806,"ya_adult_cogact_freq"
"8413","ZNF24","Inh PVALB CA8 (Chandelier)",-0.0334146778593432,5.51868176738366,0.257118553300553,0.612801521416862,0.999998866570966,0.999994427475806,"ya_adult_cogact_freq"
"8414","GALNT1","Inh PVALB CA8 (Chandelier)",0.0138136414828438,7.05248662245477,0.128344120958734,0.763546674766122,0.999998866570966,0.999994427475806,"ya_adult_cogact_freq"
"8415","RPRD1A","Inh PVALB CA8 (Chandelier)",0.0399016116072373,6.81498722642682,1.08243960972259,0.323909305068497,0.999998866570966,0.999994427475806,"ya_adult_cogact_freq"
"8416","SLC39A6","Inh PVALB CA8 (Chandelier)",-0.00636804056348318,4.72330606977078,0.00618987200082348,0.937388384402028,0.999998866570966,0.999994427475806,"ya_adult_cogact_freq"
"8417","ELP2","Inh PVALB CA8 (Chandelier)",-0.0524389146134084,6.4345660567563,1.26318119211958,0.262725221446264,0.999998866570966,0.999994427475806,"ya_adult_cogact_freq"
"8418","FHOD3","Inh PVALB CA8 (Chandelier)",-0.00102214791229705,7.30971504526767,0.00056529262589332,0.981060862441325,0.999998866570966,0.999994427475806,"ya_adult_cogact_freq"
"8419","TPGS2","Inh PVALB CA8 (Chandelier)",0.114946611988287,5.1721147998315,3.49187156172391,0.108520739029584,0.999998866570966,0.999994427475806,"ya_adult_cogact_freq"
"8420","KIAA1328","Inh PVALB CA8 (Chandelier)",-0.0046607374888777,7.11649627959955,0.00977428969223339,0.921368618879115,0.999998866570966,0.999994427475806,"ya_adult_cogact_freq"
"8421","CELF4","Inh PVALB CA8 (Chandelier)",0.00779011479530601,8.6887955831469,0.0766897444042933,0.782190264609739,0.999998866570966,0.999994427475806,"ya_adult_cogact_freq"
"8422","PIK3C3","Inh PVALB CA8 (Chandelier)",-0.0380339406951916,6.51780920385015,0.971972271109759,0.325670238589025,0.999998866570966,0.999994427475806,"ya_adult_cogact_freq"
"8423","LINC00907","Inh PVALB CA8 (Chandelier)",-0.067421358554462,4.48841839997604,0.295243727514009,0.587632287620244,0.999998866570966,0.999994427475806,"ya_adult_cogact_freq"
"8424","SYT4","Inh PVALB CA8 (Chandelier)",-0.0357415791665071,5.52995232868668,0.305206249104539,0.581404101123665,0.999998866570966,0.999994427475806,"ya_adult_cogact_freq"
"8425","SETBP1","Inh PVALB CA8 (Chandelier)",0.00431841762765312,9.51305009484235,0.0194322170483373,0.889308956967243,0.999998866570966,0.999994427475806,"ya_adult_cogact_freq"
"8426","SLC14A2","Inh PVALB CA8 (Chandelier)",0.129369997926858,3.74612309861088,0.595100028940871,0.441586103234868,0.999998866570966,0.999994427475806,"ya_adult_cogact_freq"
"8427","SLC14A2-AS1","Inh PVALB CA8 (Chandelier)",-0.0764556519476234,3.47301561956196,0.190081667715254,0.663433529185308,0.999998866570966,0.999994427475806,"ya_adult_cogact_freq"
"8428","EPG5","Inh PVALB CA8 (Chandelier)",0.0116618912473771,5.94611460199285,0.0529361208675395,0.88068027325264,0.999998866570966,0.999994427475806,"ya_adult_cogact_freq"
"8429","ATP5F1A","Inh PVALB CA8 (Chandelier)",-0.0175038611548319,6.01611058967362,0.0811880731935763,0.776060509797393,0.999998866570966,0.999994427475806,"ya_adult_cogact_freq"
"8430","C18orf25","Inh PVALB CA8 (Chandelier)",0.0451195747011442,5.61268920670051,0.739029027826307,0.391252195625292,0.999998866570966,0.999994427475806,"ya_adult_cogact_freq"
"8431","RNF165","Inh PVALB CA8 (Chandelier)",-0.0620623252122337,5.65162652051464,1.05825787386699,0.305158108411826,0.999998866570966,0.999994427475806,"ya_adult_cogact_freq"
"8432","ST8SIA5","Inh PVALB CA8 (Chandelier)",-0.0278127999155803,7.23661908856276,0.60919313954031,0.71137769288021,0.999998866570966,0.999994427475806,"ya_adult_cogact_freq"
"8433","PIAS2","Inh PVALB CA8 (Chandelier)",0.0186233272388589,7.18258782537968,0.260577116671983,0.610424140126069,0.999998866570966,0.999994427475806,"ya_adult_cogact_freq"
"8434","KATNAL2","Inh PVALB CA8 (Chandelier)",-0.0106495222649481,6.16035900933477,0.0272244438761143,0.869152597197283,0.999998866570966,0.999994427475806,"ya_adult_cogact_freq"
"8435","SMAD2","Inh PVALB CA8 (Chandelier)",0.00422248937439514,6.13800889819812,0.0080255572826011,0.988391193928043,0.999998866570966,0.999994427475806,"ya_adult_cogact_freq"
"8436","ZBTB7C","Inh PVALB CA8 (Chandelier)",0.0202650986961169,6.26717915484557,0.0578923906295388,0.81016521764949,0.999998866570966,0.999994427475806,"ya_adult_cogact_freq"
"8437","CTIF","Inh PVALB CA8 (Chandelier)",0.00900586304181288,7.69842458756111,0.0681084744687658,0.794445021198321,0.999998866570966,0.999994427475806,"ya_adult_cogact_freq"
"8438","SMAD7","Inh PVALB CA8 (Chandelier)",0.186132465772104,4.02402141274946,2.40103878888544,0.123221052919696,0.999998866570966,0.999994427475806,"ya_adult_cogact_freq"
"8439","DYM","Inh PVALB CA8 (Chandelier)",0.02739422536602,8.04695069098231,0.842917427768851,0.359939069944134,0.999998866570966,0.999994427475806,"ya_adult_cogact_freq"
"8440","SNHG22","Inh PVALB CA8 (Chandelier)",0.133797015966748,5.06294815113926,3.17166210771828,0.0768145220654943,0.999998866570966,0.999994427475806,"ya_adult_cogact_freq"
"8441","MBD1","Inh PVALB CA8 (Chandelier)",-0.058614776875425,4.54496166422373,0.574784675873374,0.552488028307526,0.999998866570966,0.999994427475806,"ya_adult_cogact_freq"
"8442","CXXC1","Inh PVALB CA8 (Chandelier)",0.0636534680396601,4.19324161097192,0.404677508822648,0.525588048102319,0.999998866570966,0.999994427475806,"ya_adult_cogact_freq"
"8443","MAPK4","Inh PVALB CA8 (Chandelier)",0.0928220047535796,4.88484769058997,1.04449282694027,0.308314296603168,0.999998866570966,0.999994427475806,"ya_adult_cogact_freq"
"8444","ME2","Inh PVALB CA8 (Chandelier)",-0.0181175113962955,6.18501113773957,0.11785752917359,0.73181841664645,0.999998866570966,0.999994427475806,"ya_adult_cogact_freq"
"8445","AC091551.1","Inh PVALB CA8 (Chandelier)",-0.00165954966168358,3.99261628491213,0.000149242005075469,0.990268061036367,0.999998866570966,0.999994427475806,"ya_adult_cogact_freq"
"8446","SMAD4","Inh PVALB CA8 (Chandelier)",0.0560317044623346,4.7093550139516,0.613651769282363,0.434568673985057,0.999998866570966,0.999994427475806,"ya_adult_cogact_freq"
"8447","DCC","Inh PVALB CA8 (Chandelier)",0.274189719086193,6.32797463719162,4.30412002863548,0.0396137688811244,0.999998866570966,0.999994427475806,"ya_adult_cogact_freq"
"8448","MBD2","Inh PVALB CA8 (Chandelier)",0.0136462929048318,5.34291921289824,0.0465676357776246,0.829420817008887,0.999998866570966,0.999994427475806,"ya_adult_cogact_freq"
"8449","POLI","Inh PVALB CA8 (Chandelier)",0.0826558243346329,4.79482648196191,1.26795290430973,0.261829184816883,0.999998866570966,0.999994427475806,"ya_adult_cogact_freq"
"8450","RAB27B","Inh PVALB CA8 (Chandelier)",-0.0085259514535873,5.99089292566608,0.0152654799174153,0.901823107027005,0.999998866570966,0.999994427475806,"ya_adult_cogact_freq"
"8451","TCF4","Inh PVALB CA8 (Chandelier)",0.0446601343559865,10.1914288530407,1.8615537712097,0.174352441065698,0.999998866570966,0.999994427475806,"ya_adult_cogact_freq"
"8452","TXNL1","Inh PVALB CA8 (Chandelier)",0.0861486092203221,5.9347071748125,3.67928971469018,0.131689745630644,0.999998866570966,0.999994427475806,"ya_adult_cogact_freq"
"8453","WDR7","Inh PVALB CA8 (Chandelier)",-0.00130358409219339,7.68332834997631,0.00195110562561176,0.9648226585771,0.999998866570966,0.999994427475806,"ya_adult_cogact_freq"
"8454","ST8SIA3","Inh PVALB CA8 (Chandelier)",0.0677298610188921,5.76122132027384,1.54500287056347,0.215684444184257,0.999998866570966,0.999994427475806,"ya_adult_cogact_freq"
"8455","FECH","Inh PVALB CA8 (Chandelier)",0.0659856750615195,4.30495541450152,0.764183664954114,0.383326424301442,0.999998866570966,0.999994427475806,"ya_adult_cogact_freq"
"8456","NARS","Inh PVALB CA8 (Chandelier)",-0.0247153683566828,5.54065293325621,0.15241265334336,0.696757126246656,0.999998866570966,0.999994427475806,"ya_adult_cogact_freq"
"8457","AC027097.2","Inh PVALB CA8 (Chandelier)",0.282301416566987,4.17923437410387,5.6694119800338,0.0184334134242765,0.999998866570966,0.999994427475806,"ya_adult_cogact_freq"
"8458","ATP8B1","Inh PVALB CA8 (Chandelier)",-0.0960381579722283,3.4778219339777,0.423979958748999,0.515887406812638,0.999998866570966,0.999994427475806,"ya_adult_cogact_freq"
"8459","NEDD4L","Inh PVALB CA8 (Chandelier)",0.0783177962573378,6.42098670625014,2.61119299902102,0.108072634467303,0.999998866570966,0.999994427475806,"ya_adult_cogact_freq"
"8460","MALT1","Inh PVALB CA8 (Chandelier)",-0.0384029836816462,5.71472149101284,0.507798184003011,0.561559173519569,0.999998866570966,0.999994427475806,"ya_adult_cogact_freq"
"8461","ZNF532","Inh PVALB CA8 (Chandelier)",0.014227629144513,7.20506979220169,0.140044318197393,0.708730078489383,0.999998866570966,0.999994427475806,"ya_adult_cogact_freq"
"8462","SEC11C","Inh PVALB CA8 (Chandelier)",-0.147817775535198,4.32658947652754,2.13696219640497,0.145738333469551,0.999998866570966,0.999994427475806,"ya_adult_cogact_freq"
"8463","LMAN1","Inh PVALB CA8 (Chandelier)",0.123434973830016,4.77010520085609,2.64013766082276,0.106153418579341,0.999998866570966,0.999994427475806,"ya_adult_cogact_freq"
"8464","CDH20","Inh PVALB CA8 (Chandelier)",0.00656203682677819,8.94411386479928,0.0164668951763955,0.89805343384253,0.999998866570966,0.999994427475806,"ya_adult_cogact_freq"
"8465","RNF152","Inh PVALB CA8 (Chandelier)",0.0871678504653032,4.3035060547249,0.582470873596533,0.446463931535366,0.999998866570966,0.999994427475806,"ya_adult_cogact_freq"
"8466","PIGN","Inh PVALB CA8 (Chandelier)",-0.0322668479874966,5.70466625977791,0.345104253438181,0.557721849209721,0.999998866570966,0.999994427475806,"ya_adult_cogact_freq"
"8467","KIAA1468","Inh PVALB CA8 (Chandelier)",0.0127194255839751,6.5006195142308,0.103678868149884,0.799141767182753,0.999998866570966,0.999994427475806,"ya_adult_cogact_freq"
"8468","ZCCHC2","Inh PVALB CA8 (Chandelier)",-0.0126627439979043,5.76520666827221,0.038585890529189,0.844519429427679,0.999998866570966,0.999994427475806,"ya_adult_cogact_freq"
"8469","PHLPP1","Inh PVALB CA8 (Chandelier)",0.027061295794644,6.43596390505481,0.295691815734037,0.58734925051814,0.999998866570966,0.999994427475806,"ya_adult_cogact_freq"
"8470","BCL2","Inh PVALB CA8 (Chandelier)",-0.0884612539087329,5.40851154664834,0.775742350340589,0.379761258626443,0.999998866570966,0.999994427475806,"ya_adult_cogact_freq"
"8471","KDSR","Inh PVALB CA8 (Chandelier)",0.0152023548529837,5.57921861519648,0.0750585669396074,0.804449747858295,0.999998866570966,0.999994427475806,"ya_adult_cogact_freq"
"8472","VPS4B","Inh PVALB CA8 (Chandelier)",0.0668958391584968,5.29989913994262,1.38616534811748,0.24079382627712,0.999998866570966,0.999994427475806,"ya_adult_cogact_freq"
"8473","CDH7","Inh PVALB CA8 (Chandelier)",0.148998395877837,5.42793178946036,3.2853772354082,0.0717652782889319,0.999998866570966,0.999994427475806,"ya_adult_cogact_freq"
"8474","DSEL","Inh PVALB CA8 (Chandelier)",-0.0737990636256613,5.39648673695268,0.923780807428734,0.337927570357993,0.999998866570966,0.999994427475806,"ya_adult_cogact_freq"
"8475","AC114689.3","Inh PVALB CA8 (Chandelier)",0.00668495245484034,4.58632339254425,0.00242936778748846,0.960750472302379,0.999998866570966,0.999994427475806,"ya_adult_cogact_freq"
"8476","TMX3","Inh PVALB CA8 (Chandelier)",-0.012779273202296,5.33541975814243,0.0497464059501666,0.837620244020913,0.999998866570966,0.999994427475806,"ya_adult_cogact_freq"
"8477","CCDC102B","Inh PVALB CA8 (Chandelier)",0.0549139361356444,4.16169038606635,0.17668493314302,0.67479906542884,0.999998866570966,0.999994427475806,"ya_adult_cogact_freq"
"8478","DOK6","Inh PVALB CA8 (Chandelier)",0.00992409568070595,7.01023790509705,0.042099812974914,0.837689192879999,0.999998866570966,0.999994427475806,"ya_adult_cogact_freq"
"8479","RTTN","Inh PVALB CA8 (Chandelier)",0.0376632254221806,5.46387413048977,0.343192029686609,0.558814008399792,0.999998866570966,0.999994427475806,"ya_adult_cogact_freq"
"8480","SOCS6","Inh PVALB CA8 (Chandelier)",0.0703357746287694,5.00207547033058,0.987182178365119,0.321925148795981,0.999998866570966,0.999994427475806,"ya_adult_cogact_freq"
"8481","CBLN2","Inh PVALB CA8 (Chandelier)",0.204892351973044,3.38673886352336,1.40975865520158,0.236847850482656,0.999998866570966,0.999994427475806,"ya_adult_cogact_freq"
"8482","NETO1","Inh PVALB CA8 (Chandelier)",0.0444580121478,4.66778811056045,0.125675427113555,0.723423314247951,0.999998866570966,0.999994427475806,"ya_adult_cogact_freq"
"8483","FBXO15","Inh PVALB CA8 (Chandelier)",0.0485766292010795,4.12583372471074,0.170139824379106,0.680537104280055,0.999998866570966,0.999994427475806,"ya_adult_cogact_freq"
"8484","TIMM21","Inh PVALB CA8 (Chandelier)",0.00038316240704509,4.45061679251228,4.67084175209557e-06,0.998278282296502,0.999998866570966,0.999994427475806,"ya_adult_cogact_freq"
"8485","CYB5A","Inh PVALB CA8 (Chandelier)",0.11290391019244,3.74582696507867,0.875554009447314,0.350825729532765,0.999998866570966,0.999994427475806,"ya_adult_cogact_freq"
"8486","CNDP2","Inh PVALB CA8 (Chandelier)",-0.0874791070113393,4.4055598117698,1.01128863151793,0.316105526852166,0.999998866570966,0.999994427475806,"ya_adult_cogact_freq"
"8487","LINC00909","Inh PVALB CA8 (Chandelier)",0.0538183191332536,4.14279022254214,0.279071321013828,0.598039021434052,0.999998866570966,0.999994427475806,"ya_adult_cogact_freq"
"8488","ZNF407","Inh PVALB CA8 (Chandelier)",0.0980701613308317,6.62642978974466,3.77826491368155,0.053668632997641,0.999998866570966,0.999994427475806,"ya_adult_cogact_freq"
"8489","ZADH2","Inh PVALB CA8 (Chandelier)",0.0314452685617819,4.87319445046323,0.168829745548662,0.681701110020155,0.999998866570966,0.999994427475806,"ya_adult_cogact_freq"
"8490","TSHZ1","Inh PVALB CA8 (Chandelier)",0.0349329895315492,4.8449914824613,0.145747383916342,0.703137030599024,0.999998866570966,0.999994427475806,"ya_adult_cogact_freq"
"8491","ZNF516","Inh PVALB CA8 (Chandelier)",-0.0302336157067614,6.46466064697121,0.29610335171413,0.587089546747234,0.999998866570966,0.999994427475806,"ya_adult_cogact_freq"
"8492","ZNF236-DT","Inh PVALB CA8 (Chandelier)",0.0524372305996793,4.03203635565458,0.263018746650138,0.608757748467007,0.999998866570966,0.999994427475806,"ya_adult_cogact_freq"
"8493","ZNF236","Inh PVALB CA8 (Chandelier)",-0.0336640234765124,5.58143424113127,0.311184576702315,0.577730161116253,0.999998866570966,0.999994427475806,"ya_adult_cogact_freq"
"8494","MBP","Inh PVALB CA8 (Chandelier)",-0.0693358860803656,5.5295339753251,0.646492488322395,0.422556843169038,0.999998866570966,0.999994427475806,"ya_adult_cogact_freq"
"8495","ATP9B","Inh PVALB CA8 (Chandelier)",0.0144274087892152,7.44754811587277,0.194792896591104,0.854019429087107,0.999998866570966,0.999994427475806,"ya_adult_cogact_freq"
"8496","PQLC1","Inh PVALB CA8 (Chandelier)",-0.0148510157699411,5.56999425587474,0.0706427042518938,0.790743832816757,0.999998866570966,0.999994427475806,"ya_adult_cogact_freq"
"8497","HSBP1L1","Inh PVALB CA8 (Chandelier)",-0.234624547729272,4.32496217641624,6.44334885005518,0.0120872755878936,0.999998866570966,0.999994427475806,"ya_adult_cogact_freq"
"8498","TXNL4A","Inh PVALB CA8 (Chandelier)",-0.013811119032834,5.55248160972254,0.0682107227777346,0.794294277977601,0.999998866570966,0.999994427475806,"ya_adult_cogact_freq"
"8499","ADNP2","Inh PVALB CA8 (Chandelier)",0.0171829259634314,5.68547605151822,0.0729362140847443,0.787455035010026,0.999998866570966,0.999994427475806,"ya_adult_cogact_freq"
"8500","PARD6G","Inh PVALB CA8 (Chandelier)",0.0278087269664261,5.15170216492242,0.171286981197202,0.679522156626553,0.999998866570966,0.999994427475806,"ya_adult_cogact_freq"
"8501","ZCCHC3","Inh PVALB CA8 (Chandelier)",0.118724842424248,4.015083045351,1.2983316791916,0.256213084582877,0.999998866570966,0.999994427475806,"ya_adult_cogact_freq"
"8502","NRSN2-AS1","Inh PVALB CA8 (Chandelier)",0.0589891914506277,5.32042702526129,0.672080140714189,0.413541081022952,0.999998866570966,0.999994427475806,"ya_adult_cogact_freq"
"8503","SOX12","Inh PVALB CA8 (Chandelier)",0.0252913367534983,4.99458841756473,0.143711607892194,0.805367887410622,0.999998866570966,0.999994427475806,"ya_adult_cogact_freq"
"8504","NRSN2","Inh PVALB CA8 (Chandelier)",-0.105518940909489,5.70786160070049,3.05391037707315,0.0824523494073863,0.999998866570966,0.999994427475806,"ya_adult_cogact_freq"
"8505","TRIB3","Inh PVALB CA8 (Chandelier)",-0.00896272524584079,3.62697193569439,0.00276371325588751,0.958138966240585,0.999998866570966,0.999994427475806,"ya_adult_cogact_freq"
"8506","RBCK1","Inh PVALB CA8 (Chandelier)",0.0466615490384414,4.89312864025987,0.466650868721811,0.623550614300639,0.999998866570966,0.999994427475806,"ya_adult_cogact_freq"
"8507","TBC1D20","Inh PVALB CA8 (Chandelier)",-0.000282123868641544,5.03664454617879,4.09712156104025e-05,0.994900810530753,0.999998866570966,0.999994427475806,"ya_adult_cogact_freq"
"8508","CSNK2A1","Inh PVALB CA8 (Chandelier)",-0.0839573412041777,6.5575260602389,5.68207827357637,0.018305438614534,0.999998866570966,0.999994427475806,"ya_adult_cogact_freq"
"8509","PSMF1","Inh PVALB CA8 (Chandelier)",0.0201176928565363,5.52433535251485,0.134727125913909,0.714062972262538,0.999998866570966,0.999994427475806,"ya_adult_cogact_freq"
"8510","TMEM74B","Inh PVALB CA8 (Chandelier)",0.0129899509190174,4.73060308039702,0.0273797281822823,0.868783364743034,0.999998866570966,0.999994427475806,"ya_adult_cogact_freq"
"8511","SNPH","Inh PVALB CA8 (Chandelier)",0.0382323250283485,5.95222703821883,0.473163728231908,0.492526566128812,0.999998866570966,0.999994427475806,"ya_adult_cogact_freq"
"8512","AL136531.2","Inh PVALB CA8 (Chandelier)",0.0078859510323326,5.02536182442748,0.00623570954420273,0.937157467369041,0.999998866570966,0.999994427475806,"ya_adult_cogact_freq"
"8513","SDCBP2-AS1","Inh PVALB CA8 (Chandelier)",-0.0293160555782161,4.52395745118356,0.10222646745077,0.749589092503962,0.999998866570966,0.999994427475806,"ya_adult_cogact_freq"
"8514","NSFL1C","Inh PVALB CA8 (Chandelier)",-0.032495900935657,6.00011137152448,0.408395015220197,0.523694732209234,0.999998866570966,0.999994427475806,"ya_adult_cogact_freq"
"8515","AL117335.1","Inh PVALB CA8 (Chandelier)",-0.118038121062568,4.11428611731743,1.14194185587822,0.286844315681782,0.999998866570966,0.999994427475806,"ya_adult_cogact_freq"
"8516","SIRPA","Inh PVALB CA8 (Chandelier)",0.00633448768557452,7.00942331586174,0.0212028003003258,0.884410251302804,0.999998866570966,0.999994427475806,"ya_adult_cogact_freq"
"8517","STK35","Inh PVALB CA8 (Chandelier)",0.0418733153514915,5.12524849881073,0.445261767088462,0.505550361493064,0.999998866570966,0.999994427475806,"ya_adult_cogact_freq"
"8518","AL049650.1","Inh PVALB CA8 (Chandelier)",-0.00584808756753,4.38775832728914,0.00377009551050437,0.951116041121545,0.999998866570966,0.999994427475806,"ya_adult_cogact_freq"
"8519","NOP56","Inh PVALB CA8 (Chandelier)",-0.0627251320241199,5.18731788036224,0.91712633955819,0.33966859445528,0.999998866570966,0.999994427475806,"ya_adult_cogact_freq"
"8520","EBF4","Inh PVALB CA8 (Chandelier)",0.0650655246501619,4.73395646558005,0.619460409266453,0.432406621871397,0.999998866570966,0.999994427475806,"ya_adult_cogact_freq"
"8521","PTPRA","Inh PVALB CA8 (Chandelier)",0.0200290491586308,7.54320942083547,0.50148069093052,0.479875710397236,0.999998866570966,0.999994427475806,"ya_adult_cogact_freq"
"8522","MRPS26","Inh PVALB CA8 (Chandelier)",0.00852814996456005,4.54869559464413,0.00848081194012769,0.92674013635815,0.999998866570966,0.999994427475806,"ya_adult_cogact_freq"
"8523","UBOX5","Inh PVALB CA8 (Chandelier)",-0.09594740981864,4.38131218777646,1.29672584281904,0.256506179406187,0.999998866570966,0.999994427475806,"ya_adult_cogact_freq"
"8524","LZTS3","Inh PVALB CA8 (Chandelier)",-0.00244282515279711,6.11504540723247,0.00245041176272174,0.960580981827822,0.999998866570966,0.999994427475806,"ya_adult_cogact_freq"
"8525","DDRGK1","Inh PVALB CA8 (Chandelier)",-0.00109896752293196,4.67534960519682,0.000130959041871471,0.990883609603274,0.999998866570966,0.999994427475806,"ya_adult_cogact_freq"
"8526","ITPA","Inh PVALB CA8 (Chandelier)",0.0165233460397671,4.00423798398712,0.0249922894425098,0.890976618817931,0.999998866570966,0.999994427475806,"ya_adult_cogact_freq"
"8527","C20orf194","Inh PVALB CA8 (Chandelier)",0.00036388522514117,7.93778128883528,0.000100211621998459,0.992025261415052,0.999998866570966,0.999994427475806,"ya_adult_cogact_freq"
"8528","ATRN","Inh PVALB CA8 (Chandelier)",-0.0440929812188674,6.82423570326601,1.28976733642721,0.257781060797161,0.999998866570966,0.999994427475806,"ya_adult_cogact_freq"
"8529","C20orf27","Inh PVALB CA8 (Chandelier)",-0.0305683281300092,3.95432071998013,0.090389579719336,0.764070921141527,0.999998866570966,0.999994427475806,"ya_adult_cogact_freq"
"8530","CDC25B","Inh PVALB CA8 (Chandelier)",-0.0450629500251719,5.14743955321484,0.414691127795133,0.520515682171615,0.999998866570966,0.999994427475806,"ya_adult_cogact_freq"
"8531","MAVS","Inh PVALB CA8 (Chandelier)",0.0121241408380442,5.27905169365652,0.0299911892928692,0.862728074205298,0.999998866570966,0.999994427475806,"ya_adult_cogact_freq"
"8532","PANK2","Inh PVALB CA8 (Chandelier)",0.0101049777787566,5.58036617999417,0.0350299160961339,0.985857415354384,0.999998866570966,0.999994427475806,"ya_adult_cogact_freq"
"8533","RNF24","Inh PVALB CA8 (Chandelier)",-0.00384718358919749,7.45874853988143,0.0100531158069509,0.920258690477189,0.999998866570966,0.999994427475806,"ya_adult_cogact_freq"
"8534","PRNP","Inh PVALB CA8 (Chandelier)",0.0199674448915475,7.82491538636817,0.126461596731622,0.722595537327221,0.999998866570966,0.999994427475806,"ya_adult_cogact_freq"
"8535","SLC23A2","Inh PVALB CA8 (Chandelier)",0.0163049956326814,8.1528302273066,0.354745726115624,0.625199794247203,0.999998866570966,0.999994427475806,"ya_adult_cogact_freq"
"8536","TMEM230","Inh PVALB CA8 (Chandelier)",-0.0105186848254723,5.80182837907251,0.0548710768201978,0.81509224189924,0.999998866570966,0.999994427475806,"ya_adult_cogact_freq"
"8537","CDS2","Inh PVALB CA8 (Chandelier)",0.100612922321797,6.27366886610561,5.33948582258186,0.0221181799680684,0.999998866570966,0.999994427475806,"ya_adult_cogact_freq"
"8538","LINC00658","Inh PVALB CA8 (Chandelier)",0.13332806264488,3.63593670521025,0.740107425132273,0.390907607074519,0.999998866570966,0.999994427475806,"ya_adult_cogact_freq"
"8539","GPCPD1","Inh PVALB CA8 (Chandelier)",-0.00345198060588084,4.75053509005417,0.0013793190632677,0.970420105015071,0.999998866570966,0.999994427475806,"ya_adult_cogact_freq"
"8540","SHLD1","Inh PVALB CA8 (Chandelier)",0.232585463099428,4.61993826291291,5.16553699202516,0.0243639050566674,0.999998866570966,0.999994427475806,"ya_adult_cogact_freq"
"8541","CHGB","Inh PVALB CA8 (Chandelier)",-0.249217917475513,4.54054575850623,4.66090337744549,0.0323399797906723,0.999998866570966,0.999994427475806,"ya_adult_cogact_freq"
"8542","CRLS1","Inh PVALB CA8 (Chandelier)",0.0227114641718053,4.96150792796155,0.103852173094073,0.747673636907796,0.999998866570966,0.999994427475806,"ya_adult_cogact_freq"
"8543","BMP2","Inh PVALB CA8 (Chandelier)",-0.170034413353408,3.84869836921567,2.05180063254246,0.15396784257464,0.999998866570966,0.999994427475806,"ya_adult_cogact_freq"
"8544","TMX4","Inh PVALB CA8 (Chandelier)",-0.0661940823910604,5.66205293232298,1.17066194978426,0.280885524076668,0.999998866570966,0.999994427475806,"ya_adult_cogact_freq"
"8545","PLCB1","Inh PVALB CA8 (Chandelier)",0.0687506152659522,10.7865863787661,3.62785076031847,0.0586059097385203,0.999998866570966,0.999994427475806,"ya_adult_cogact_freq"
"8546","PLCB4","Inh PVALB CA8 (Chandelier)",0.0747421616219772,5.53733245427747,0.998052030039832,0.319283636060335,0.999998866570966,0.999994427475806,"ya_adult_cogact_freq"
"8547","PAK5","Inh PVALB CA8 (Chandelier)",0.0118620093998134,7.75777159208223,0.114027945951174,0.736044678050521,0.999998866570966,0.999994427475806,"ya_adult_cogact_freq"
"8548","SNAP25-AS1","Inh PVALB CA8 (Chandelier)",-0.19538059921355,6.18785777104124,6.14671565226528,0.0141972654502393,0.999998866570966,0.999994427475806,"ya_adult_cogact_freq"
"8549","AL354824.1","Inh PVALB CA8 (Chandelier)",0.101591071716521,3.95449559795349,0.805544408625921,0.370782968234666,0.999998866570966,0.999994427475806,"ya_adult_cogact_freq"
"8550","SNAP25","Inh PVALB CA8 (Chandelier)",0.000370200976934762,8.99312126578059,9.90893245588086e-05,0.992070041297613,0.999998866570966,0.999994427475806,"ya_adult_cogact_freq"
"8551","MKKS","Inh PVALB CA8 (Chandelier)",0.0830191041663194,4.66459219232623,1.05117045239634,0.306777890656554,0.999998866570966,0.999994427475806,"ya_adult_cogact_freq"
"8552","SLX4IP","Inh PVALB CA8 (Chandelier)",-0.0100089161489443,5.38261690377506,0.0165587692014217,0.897771004859341,0.999998866570966,0.999994427475806,"ya_adult_cogact_freq"
"8553","AL050403.2","Inh PVALB CA8 (Chandelier)",-0.240209864337607,3.77719149574958,1.12270204531186,0.290926722721764,0.999998866570966,0.999994427475806,"ya_adult_cogact_freq"
"8554","BTBD3","Inh PVALB CA8 (Chandelier)",0.0267750139368735,6.33863719026368,0.245338511667307,0.621053013579019,0.999998866570966,0.999994427475806,"ya_adult_cogact_freq"
"8555","TASP1","Inh PVALB CA8 (Chandelier)",0.0852499930518595,6.55357749082429,3.03008245389887,0.0836471263488205,0.999998866570966,0.999994427475806,"ya_adult_cogact_freq"
"8556","ESF1","Inh PVALB CA8 (Chandelier)",-0.0467103338262705,6.27879336139094,0.837622687803723,0.361448287066884,0.999998866570966,0.999994427475806,"ya_adult_cogact_freq"
"8557","NDUFAF5","Inh PVALB CA8 (Chandelier)",-0.0156152361676168,5.71571242227579,0.0832616053655482,0.773296804475342,0.999998866570966,0.999994427475806,"ya_adult_cogact_freq"
"8558","MACROD2","Inh PVALB CA8 (Chandelier)",0.0208766218728871,9.78573999914322,0.284652654882254,0.594404656052964,0.999998866570966,0.999994427475806,"ya_adult_cogact_freq"
"8559","FLRT3","Inh PVALB CA8 (Chandelier)",0.164041656634072,4.64805313024768,3.18142378004147,0.0763663113052208,0.999998866570966,0.999994427475806,"ya_adult_cogact_freq"
"8560","KIF16B","Inh PVALB CA8 (Chandelier)",0.0438796982759027,6.75863124286323,0.934892214235548,0.335047205514339,0.999998866570966,0.999994427475806,"ya_adult_cogact_freq"
"8561","SNRPB2","Inh PVALB CA8 (Chandelier)",-0.0861342559232679,4.32464362113843,0.925357744279766,0.353548515359687,0.999998866570966,0.999994427475806,"ya_adult_cogact_freq"
"8562","PCSK2","Inh PVALB CA8 (Chandelier)",-0.0454785678162136,8.33240982398677,1.26979258980649,0.261484746371117,0.999998866570966,0.999994427475806,"ya_adult_cogact_freq"
"8563","DSTN","Inh PVALB CA8 (Chandelier)",0.00292594984203694,5.80947981327325,0.00330781908514332,0.954207461367304,0.999998866570966,0.999994427475806,"ya_adult_cogact_freq"
"8564","RRBP1","Inh PVALB CA8 (Chandelier)",0.122619139965017,4.42561446619318,1.61204748282223,0.206039022973459,0.999998866570966,0.999994427475806,"ya_adult_cogact_freq"
"8565","SNX5","Inh PVALB CA8 (Chandelier)",-0.0492108469193836,4.56853665673286,0.359726104451837,0.615800681054118,0.999998866570966,0.999994427475806,"ya_adult_cogact_freq"
"8566","KAT14","Inh PVALB CA8 (Chandelier)",0.109391339679665,4.39437067777225,1.7163170599014,0.192036633003367,0.999998866570966,0.999994427475806,"ya_adult_cogact_freq"
"8567","ZNF133","Inh PVALB CA8 (Chandelier)",-0.00507460861053211,6.10427629327265,0.00991619882872737,0.920801748765182,0.999998866570966,0.999994427475806,"ya_adult_cogact_freq"
"8568","DZANK1","Inh PVALB CA8 (Chandelier)",0.00265663206793712,5.46571301654448,0.0020325789930964,0.964096200706646,0.999998866570966,0.999994427475806,"ya_adult_cogact_freq"
"8569","POLR3F","Inh PVALB CA8 (Chandelier)",-0.146350701197722,4.59544316787799,3.50215698914057,0.0631058831687182,0.999998866570966,0.999994427475806,"ya_adult_cogact_freq"
"8570","SEC23B","Inh PVALB CA8 (Chandelier)",0.0499966668806935,4.61802669129627,0.371688816612719,0.542945862834211,0.999998866570966,0.999994427475806,"ya_adult_cogact_freq"
"8571","DTD1","Inh PVALB CA8 (Chandelier)",-0.0855159866926889,4.45180331999749,0.822968857736214,0.36567133442252,0.999998866570966,0.999994427475806,"ya_adult_cogact_freq"
"8572","SLC24A3","Inh PVALB CA8 (Chandelier)",-0.0385013110025245,9.04209916881518,1.45617309573586,0.229312654072148,0.999998866570966,0.999994427475806,"ya_adult_cogact_freq"
"8573","AL121761.1","Inh PVALB CA8 (Chandelier)",0.0498949305013888,3.67356119389118,0.119182229795114,0.73037440106237,0.999998866570966,0.999994427475806,"ya_adult_cogact_freq"
"8574","RIN2","Inh PVALB CA8 (Chandelier)",0.0530919020070423,5.1330807510651,0.352859653460883,0.553333746570763,0.999998866570966,0.999994427475806,"ya_adult_cogact_freq"
"8575","NAA20","Inh PVALB CA8 (Chandelier)",0.0800517238224753,4.70665029759754,0.999240087404612,0.318996664294945,0.999998866570966,0.999994427475806,"ya_adult_cogact_freq"
"8576","CFAP61","Inh PVALB CA8 (Chandelier)",-0.00268084932856668,4.54169983222369,0.000801510645636922,0.977449250379328,0.999998866570966,0.999994427475806,"ya_adult_cogact_freq"
"8577","RALGAPA2","Inh PVALB CA8 (Chandelier)",0.101244838065775,7.69188137281219,4.74967315903048,0.0307590121248179,0.999998866570966,0.999994427475806,"ya_adult_cogact_freq"
"8578","KIZ","Inh PVALB CA8 (Chandelier)",-0.00875292641316267,6.43372880040587,0.0318886511804892,0.858497097265277,0.999998866570966,0.999994427475806,"ya_adult_cogact_freq"
"8579","XRN2","Inh PVALB CA8 (Chandelier)",0.0502364985950562,5.94781827009183,1.14197424111765,0.286837506055673,0.999998866570966,0.999994427475806,"ya_adult_cogact_freq"
"8580","NAPB","Inh PVALB CA8 (Chandelier)",-0.0404600016771939,6.2363568074941,0.637378035402101,0.425839622887437,0.999998866570966,0.999994427475806,"ya_adult_cogact_freq"
"8581","SYNDIG1","Inh PVALB CA8 (Chandelier)",0.0014715478966221,6.3382734818987,0.000505762496211341,0.982085644647262,0.999998866570966,0.999994427475806,"ya_adult_cogact_freq"
"8582","APMAP","Inh PVALB CA8 (Chandelier)",-0.173568680472655,4.58967744544254,4.59682174586978,0.033534378817363,0.999998866570966,0.999994427475806,"ya_adult_cogact_freq"
"8583","ENTPD6","Inh PVALB CA8 (Chandelier)",-0.00540207534339242,5.36124819684801,0.00881610095490716,0.959264020037773,0.999998866570966,0.999994427475806,"ya_adult_cogact_freq"
"8584","PYGB","Inh PVALB CA8 (Chandelier)",-0.0713301384095738,6.4058411025319,1.88944715584112,0.171177274582512,0.999998866570966,0.999994427475806,"ya_adult_cogact_freq"
"8585","ABHD12","Inh PVALB CA8 (Chandelier)",-0.0350491640554442,6.52494033123979,0.968378737054504,0.326563518141264,0.999998866570966,0.999994427475806,"ya_adult_cogact_freq"
"8586","NINL","Inh PVALB CA8 (Chandelier)",0.038880717854942,5.98971379665809,0.601249986630445,0.471690232507092,0.999998866570966,0.999994427475806,"ya_adult_cogact_freq"
"8587","ZNF337-AS1","Inh PVALB CA8 (Chandelier)",0.0204987280220024,3.80226251318171,0.0239804977877776,0.877128792169615,0.999998866570966,0.999994427475806,"ya_adult_cogact_freq"
"8588","ZNF337","Inh PVALB CA8 (Chandelier)",-0.0506871070133214,5.61832715450034,0.778249521450589,0.378994168343297,0.999998866570966,0.999994427475806,"ya_adult_cogact_freq"
"8589","FAM182B","Inh PVALB CA8 (Chandelier)",0.0521548511854179,6.87768661511012,0.603764428716729,0.438287148747872,0.999998866570966,0.999994427475806,"ya_adult_cogact_freq"
"8590","HM13","Inh PVALB CA8 (Chandelier)",-0.0270146006452864,6.29633736852708,0.26211801084599,0.609371351170728,0.999998866570966,0.999994427475806,"ya_adult_cogact_freq"
"8591","BCL2L1","Inh PVALB CA8 (Chandelier)",0.0146740568128684,6.28022619738834,0.111960562995449,0.738359150575997,0.999998866570966,0.999994427475806,"ya_adult_cogact_freq"
"8592","TTLL9","Inh PVALB CA8 (Chandelier)",-0.0722175288650177,4.33542503670283,0.547306162313403,0.460499432488365,0.999998866570966,0.999994427475806,"ya_adult_cogact_freq"
"8593","XKR7","Inh PVALB CA8 (Chandelier)",0.0842821380681396,4.0757907986682,0.609640424746923,0.436071420174625,0.999998866570966,0.999994427475806,"ya_adult_cogact_freq"
"8594","TM9SF4","Inh PVALB CA8 (Chandelier)",0.000145277193125556,5.91027763945492,1.32629657883746e-05,0.997098757256806,0.999998866570966,0.999994427475806,"ya_adult_cogact_freq"
"8595","POFUT1","Inh PVALB CA8 (Chandelier)",-0.0639037025512788,4.01015010239157,0.385928524835409,0.535327191006561,0.999998866570966,0.999994427475806,"ya_adult_cogact_freq"
"8596","KIF3B","Inh PVALB CA8 (Chandelier)",-0.0988683600083635,5.76115759953986,3.5122298229694,0.0627319172856477,0.999998866570966,0.999994427475806,"ya_adult_cogact_freq"
"8597","ASXL1","Inh PVALB CA8 (Chandelier)",0.0350886750846428,6.70605780149172,0.813308566940539,0.649359927714952,0.999998866570966,0.999994427475806,"ya_adult_cogact_freq"
"8598","NOL4L","Inh PVALB CA8 (Chandelier)",0.0767863697487954,5.17377679106211,0.955073069013494,0.329899638502762,0.999998866570966,0.999994427475806,"ya_adult_cogact_freq"
"8599","FO393400.1","Inh PVALB CA8 (Chandelier)",0.1065986126899,5.01575906390663,1.48373778142849,0.224975290888591,0.999998866570966,0.999994427475806,"ya_adult_cogact_freq"
"8600","CDK5RAP1","Inh PVALB CA8 (Chandelier)",-0.0139617278204315,5.09586085355244,0.0397792462108887,0.842164863650341,0.999998866570966,0.999994427475806,"ya_adult_cogact_freq"
"8601","SNTA1","Inh PVALB CA8 (Chandelier)",0.0113331636118605,4.08042278521555,0.0125096524688775,0.925514418151946,0.999998866570966,0.999994427475806,"ya_adult_cogact_freq"
"8602","CBFA2T2","Inh PVALB CA8 (Chandelier)",0.009049079570692,7.40203297596925,0.0762962628279741,0.782735569065506,0.999998866570966,0.999994427475806,"ya_adult_cogact_freq"
"8603","NECAB3","Inh PVALB CA8 (Chandelier)",-0.0824154615259702,4.82402200998321,0.942185943958568,0.333174423723236,0.999998866570966,0.999994427475806,"ya_adult_cogact_freq"
"8604","ZNF341","Inh PVALB CA8 (Chandelier)",-0.0686518565532896,3.96878672095367,0.343611602001423,0.558574021410821,0.999998866570966,0.999994427475806,"ya_adult_cogact_freq"
"8605","CHMP4B","Inh PVALB CA8 (Chandelier)",-0.0926313282023938,4.30456300959033,0.871380933303286,0.351973180041229,0.999998866570966,0.999994427475806,"ya_adult_cogact_freq"
"8606","RALY","Inh PVALB CA8 (Chandelier)",-0.0457442886663174,5.04377383614496,0.448071316130336,0.504212472886229,0.999998866570966,0.999994427475806,"ya_adult_cogact_freq"
"8607","EIF2S2","Inh PVALB CA8 (Chandelier)",-0.000478679791662939,5.09082531985278,7.79740425441748e-05,0.992965486704849,0.999998866570966,0.999994427475806,"ya_adult_cogact_freq"
"8608","ITCH","Inh PVALB CA8 (Chandelier)",0.0108396337483342,6.72062254536317,0.0800486977144008,0.777595398393881,0.999998866570966,0.999994427475806,"ya_adult_cogact_freq"
"8609","DYNLRB1","Inh PVALB CA8 (Chandelier)",0.00799600361622217,5.41149840615785,0.017521009800941,0.894859578504049,0.999998866570966,0.999994427475806,"ya_adult_cogact_freq"
"8610","MAP1LC3A","Inh PVALB CA8 (Chandelier)",-0.22755210411052,6.01263188506597,6.45513127666235,0.0120105215854459,0.999998866570966,0.999994427475806,"ya_adult_cogact_freq"
"8611","PIGU","Inh PVALB CA8 (Chandelier)",0.00161887607901993,6.02041191653419,0.000950709295001713,0.975440510210646,0.999998866570966,0.999994427475806,"ya_adult_cogact_freq"
"8612","NCOA6","Inh PVALB CA8 (Chandelier)",0.0233236702234616,6.45964220999122,0.401240442314029,0.527349448084169,0.999998866570966,0.999994427475806,"ya_adult_cogact_freq"
"8613","GGT7","Inh PVALB CA8 (Chandelier)",-0.0510461306562559,6.69627618851088,1.35689194301931,0.245802423696099,0.999998866570966,0.999994427475806,"ya_adult_cogact_freq"
"8614","ACSS2","Inh PVALB CA8 (Chandelier)",-0.0157660589651991,4.86991080436531,0.0409771324211683,0.839838017387389,0.999998866570966,0.999994427475806,"ya_adult_cogact_freq"
"8615","TRPC4AP","Inh PVALB CA8 (Chandelier)",0.0118446085934488,6.35589171916572,0.0763842443164775,0.782613509166096,0.999998866570966,0.999994427475806,"ya_adult_cogact_freq"
"8616","MMP24OS","Inh PVALB CA8 (Chandelier)",0.074386438464537,3.93278681648967,0.425613692762477,0.515080857590526,0.999998866570966,0.999994427475806,"ya_adult_cogact_freq"
"8617","MMP24","Inh PVALB CA8 (Chandelier)",-0.0303627620432003,5.94430612030187,0.428524552897921,0.521711643450268,0.999998866570966,0.999994427475806,"ya_adult_cogact_freq"
"8618","UQCC1","Inh PVALB CA8 (Chandelier)",0.00957393330116401,6.54013637086648,0.0450585691233145,0.832165263898524,0.999998866570966,0.999994427475806,"ya_adult_cogact_freq"
"8619","CEP250","Inh PVALB CA8 (Chandelier)",-0.0490170405570468,5.63563882355951,0.753932381929808,0.414442629723403,0.999998866570966,0.999994427475806,"ya_adult_cogact_freq"
"8620","ERGIC3","Inh PVALB CA8 (Chandelier)",0.0528242102368033,4.21388652543272,0.364951069233698,0.546620864866835,0.999998866570966,0.999994427475806,"ya_adult_cogact_freq"
"8621","CPNE1","Inh PVALB CA8 (Chandelier)",0.0216357323403324,5.06988455540232,0.109996766137933,0.866268573154635,0.999998866570966,0.999994427475806,"ya_adult_cogact_freq"
"8622","RBM39","Inh PVALB CA8 (Chandelier)",0.0436236763815566,7.38699297782756,2.55169601843035,0.112139631625449,0.999998866570966,0.999994427475806,"ya_adult_cogact_freq"
"8623","PHF20","Inh PVALB CA8 (Chandelier)",-0.0390939362132591,6.36913871114466,0.795055700029243,0.373908358604759,0.999998866570966,0.999994427475806,"ya_adult_cogact_freq"
"8624","SCAND1","Inh PVALB CA8 (Chandelier)",-0.239579821277039,3.78792789894655,2.93839431746759,0.0884239008839578,0.999998866570966,0.999994427475806,"ya_adult_cogact_freq"
"8625","NORAD","Inh PVALB CA8 (Chandelier)",-0.00163417351268577,6.87484733296157,0.000517884300558524,0.981872272514576,0.999998866570966,0.999994427475806,"ya_adult_cogact_freq"
"8626","EPB41L1","Inh PVALB CA8 (Chandelier)",0.00914451065855064,7.54142190208961,0.0809006552647206,0.776446595547661,0.999998866570966,0.999994427475806,"ya_adult_cogact_freq"
"8627","AAR2","Inh PVALB CA8 (Chandelier)",-0.0501482103204412,4.02845486369072,0.22593637191907,0.635198631654131,0.999998866570966,0.999994427475806,"ya_adult_cogact_freq"
"8628","DLGAP4","Inh PVALB CA8 (Chandelier)",-0.0141904836383203,8.45588280635213,0.105717544816942,0.745496089417477,0.999998866570966,0.999994427475806,"ya_adult_cogact_freq"
"8629","NDRG3","Inh PVALB CA8 (Chandelier)",0.0441203097781056,6.40911937436368,1.23855051632622,0.267411890114712,0.999998866570966,0.999994427475806,"ya_adult_cogact_freq"
"8630","SOGA1","Inh PVALB CA8 (Chandelier)",0.0156553659649887,6.32520943006345,0.0769804610574453,0.7817883436199,0.999998866570966,0.999994427475806,"ya_adult_cogact_freq"
"8631","SAMHD1","Inh PVALB CA8 (Chandelier)",0.010419979809934,4.24304751254983,0.0113200319744048,0.915401101096646,0.999998866570966,0.999994427475806,"ya_adult_cogact_freq"
"8632","RBL1","Inh PVALB CA8 (Chandelier)",0.126980953920072,5.64031159553392,5.06853792355421,0.0257188375340427,0.999998866570966,0.999994427475806,"ya_adult_cogact_freq"
"8633","MROH8","Inh PVALB CA8 (Chandelier)",0.0224066244007962,5.19550102624311,0.0746345875088614,0.785055251983764,0.999998866570966,0.999994427475806,"ya_adult_cogact_freq"
"8634","RPN2","Inh PVALB CA8 (Chandelier)",-0.0398566554185342,4.78053840478008,0.287586815087101,0.592512376234935,0.999998866570966,0.999994427475806,"ya_adult_cogact_freq"
"8635","SRC","Inh PVALB CA8 (Chandelier)",-0.0978208609654465,4.67945495404225,1.6825655655838,0.241500682072877,0.999998866570966,0.999994427475806,"ya_adult_cogact_freq"
"8636","BLCAP","Inh PVALB CA8 (Chandelier)",-0.0133427783483856,6.1064649928989,0.0587161662594704,0.808845566311398,0.999998866570966,0.999994427475806,"ya_adult_cogact_freq"
"8637","NNAT","Inh PVALB CA8 (Chandelier)",-0.131619300624246,3.31423677692644,0.541138871884449,0.463033001404562,0.999998866570966,0.999994427475806,"ya_adult_cogact_freq"
"8638","CTNNBL1","Inh PVALB CA8 (Chandelier)",0.00183156644081095,5.43700156524784,0.00107362690969823,0.973901640252231,0.999998866570966,0.999994427475806,"ya_adult_cogact_freq"
"8639","VSTM2L","Inh PVALB CA8 (Chandelier)",-0.0927407774076619,6.65724500083619,3.48684599552209,0.06367892465785,0.999998866570966,0.999994427475806,"ya_adult_cogact_freq"
"8640","TTI1","Inh PVALB CA8 (Chandelier)",-0.0466227838601398,4.74685897842871,0.33782323929385,0.561902386536555,0.999998866570966,0.999994427475806,"ya_adult_cogact_freq"
"8641","RPRD1B","Inh PVALB CA8 (Chandelier)",-0.0619722737405145,5.14598240140515,1.03440853317154,0.310653640774954,0.999998866570966,0.999994427475806,"ya_adult_cogact_freq"
"8642","RALGAPB","Inh PVALB CA8 (Chandelier)",0.028222013511085,6.1901105707768,0.374166602723911,0.541605885665752,0.999998866570966,0.999994427475806,"ya_adult_cogact_freq"
"8643","SLC32A1","Inh PVALB CA8 (Chandelier)",-0.14223418475967,5.03890181032778,1.72509255108592,0.190910262172899,0.999998866570966,0.999994427475806,"ya_adult_cogact_freq"
"8644","PPP1R16B","Inh PVALB CA8 (Chandelier)",-0.0503996860425362,6.28972119575876,0.939362317956752,0.333897761794789,0.999998866570966,0.999994427475806,"ya_adult_cogact_freq"
"8645","DHX35","Inh PVALB CA8 (Chandelier)",-0.00729179814122487,4.73198059116771,0.00902558519068502,0.924430692060183,0.999998866570966,0.999994427475806,"ya_adult_cogact_freq"
"8646","MAFB","Inh PVALB CA8 (Chandelier)",0.133608467380556,5.41205000536372,2.74421718733636,0.0995572942182547,0.999998866570966,0.999994427475806,"ya_adult_cogact_freq"
"8647","TOP1","Inh PVALB CA8 (Chandelier)",-0.00578187597166767,6.55360983007698,0.0201223612329293,0.887373485013343,0.999998866570966,0.999994427475806,"ya_adult_cogact_freq"
"8648","PLCG1","Inh PVALB CA8 (Chandelier)",-0.0559056958377469,4.48934744620806,0.473508351499182,0.559222975951519,0.999998866570966,0.999994427475806,"ya_adult_cogact_freq"
"8649","ZHX3","Inh PVALB CA8 (Chandelier)",0.0553989400769752,7.29374335680005,1.8755263831625,0.172753450462134,0.999998866570966,0.999994427475806,"ya_adult_cogact_freq"
"8650","CHD6","Inh PVALB CA8 (Chandelier)",0.0277888558189277,7.64717220476655,0.84396950139121,0.419179988956695,0.999998866570966,0.999994427475806,"ya_adult_cogact_freq"
"8651","PTPRT","Inh PVALB CA8 (Chandelier)",0.0827702906490466,8.01855272181631,1.45979833317272,0.228736466695912,0.999998866570966,0.999994427475806,"ya_adult_cogact_freq"
"8652","SRSF6","Inh PVALB CA8 (Chandelier)",-0.0559181090880369,5.06726158225987,0.678514551113424,0.411319020574284,0.999998866570966,0.999994427475806,"ya_adult_cogact_freq"
"8653","L3MBTL1","Inh PVALB CA8 (Chandelier)",-0.0613489035637289,5.08452713342884,0.8476522099481,0.497422178105194,0.999998866570966,0.999994427475806,"ya_adult_cogact_freq"
"8654","IFT52","Inh PVALB CA8 (Chandelier)",-0.0109753789508201,5.29768719111788,0.0300375957611899,0.862622977037137,0.999998866570966,0.999994427475806,"ya_adult_cogact_freq"
"8655","TOX2","Inh PVALB CA8 (Chandelier)",0.036889707732445,7.49864045963261,0.644462040231672,0.423284846311016,0.999998866570966,0.999994427475806,"ya_adult_cogact_freq"
"8656","GDAP1L1","Inh PVALB CA8 (Chandelier)",-0.0186958890201688,5.92334272900102,0.133998983028293,0.714802519697396,0.999998866570966,0.999994427475806,"ya_adult_cogact_freq"
"8657","TTPAL","Inh PVALB CA8 (Chandelier)",-0.172186514993611,3.85160926025232,2.23953527534681,0.136482038715751,0.999998866570966,0.999994427475806,"ya_adult_cogact_freq"
"8658","SERINC3","Inh PVALB CA8 (Chandelier)",-0.00808486578130731,5.97553434775766,0.0205958064982216,0.886065253280563,0.999998866570966,0.999994427475806,"ya_adult_cogact_freq"
"8659","PKIG","Inh PVALB CA8 (Chandelier)",0.00304198954702072,5.92665849477054,0.00346701680771057,0.953119716392863,0.999998866570966,0.999994427475806,"ya_adult_cogact_freq"
"8660","RIMS4","Inh PVALB CA8 (Chandelier)",0.0651761244866784,5.41322212841827,0.983050556877008,0.322936781434382,0.999998866570966,0.999994427475806,"ya_adult_cogact_freq"
"8661","YWHAB","Inh PVALB CA8 (Chandelier)",-0.0783271421546447,6.60662308831318,1.3444435241935,0.24797108743967,0.999998866570966,0.999994427475806,"ya_adult_cogact_freq"
"8662","STK4","Inh PVALB CA8 (Chandelier)",-0.0859013475395044,4.87317633430567,1.41343301156622,0.236240448150741,0.999998866570966,0.999994427475806,"ya_adult_cogact_freq"
"8663","SYS1-DBNDD2","Inh PVALB CA8 (Chandelier)",-0.00645147096579727,4.15892869143733,0.00404088645641224,0.94939320825869,0.999998866570966,0.999994427475806,"ya_adult_cogact_freq"
"8664","PIGT","Inh PVALB CA8 (Chandelier)",0.0490233682124331,4.23427797846012,0.302542556140295,0.718127861175511,0.999998866570966,0.999994427475806,"ya_adult_cogact_freq"
"8665","DNTTIP1","Inh PVALB CA8 (Chandelier)",-0.109081695332606,3.99447872287696,1.12616628689153,0.290186189075823,0.999998866570966,0.999994427475806,"ya_adult_cogact_freq"
"8666","SNX21","Inh PVALB CA8 (Chandelier)",-0.00665817002524887,3.81305075399636,0.0037068335550848,0.95152739704074,0.999998866570966,0.999994427475806,"ya_adult_cogact_freq"
"8667","ACOT8","Inh PVALB CA8 (Chandelier)",0.04223404820982,4.3202536554061,0.244865311008395,0.621389597434508,0.999998866570966,0.999994427475806,"ya_adult_cogact_freq"
"8668","ZSWIM3","Inh PVALB CA8 (Chandelier)",-0.0816577269815987,3.93857817890446,0.563339491710563,0.454014961615797,0.999998866570966,0.999994427475806,"ya_adult_cogact_freq"
"8669","CTSA","Inh PVALB CA8 (Chandelier)",0.0704281202748083,5.17032733183337,1.20816318432286,0.273339519513162,0.999998866570966,0.999994427475806,"ya_adult_cogact_freq"
"8670","ZNF335","Inh PVALB CA8 (Chandelier)",-0.117823572920951,4.76712298092361,3.02474148060012,0.0949470094433085,0.999998866570966,0.999994427475806,"ya_adult_cogact_freq"
"8671","SLC12A5","Inh PVALB CA8 (Chandelier)",0.0283414943811736,6.1984390905339,0.183395983353041,0.669044069401467,0.999998866570966,0.999994427475806,"ya_adult_cogact_freq"
"8672","NCOA5","Inh PVALB CA8 (Chandelier)",0.0634758730687929,5.61538658739879,1.1223613538625,0.290999681590519,0.999998866570966,0.999994427475806,"ya_adult_cogact_freq"
"8673","SLC35C2","Inh PVALB CA8 (Chandelier)",0.0168942139501485,4.23616251566726,0.029091505691805,0.864782394127146,0.999998866570966,0.999994427475806,"ya_adult_cogact_freq"
"8674","ELMO2","Inh PVALB CA8 (Chandelier)",-0.11941766680047,4.78947081778186,2.42238622512736,0.121579020639048,0.999998866570966,0.999994427475806,"ya_adult_cogact_freq"
"8675","ZNF334","Inh PVALB CA8 (Chandelier)",-0.00215269689553964,4.48198590090047,0.000706478736876561,0.978827955219275,0.999998866570966,0.999994427475806,"ya_adult_cogact_freq"
"8676","SLC13A3","Inh PVALB CA8 (Chandelier)",0.0183143406208264,5.75805535747312,0.0497327026849227,0.823812143414075,0.999998866570966,0.999994427475806,"ya_adult_cogact_freq"
"8677","ZMYND8","Inh PVALB CA8 (Chandelier)",0.0396425025943622,8.4465834794371,1.1441286284185,0.286384968097639,0.999998866570966,0.999994427475806,"ya_adult_cogact_freq"
"8678","NCOA3","Inh PVALB CA8 (Chandelier)",0.0449610294336065,7.09198664119499,1.18276774607634,0.278421061146766,0.999998866570966,0.999994427475806,"ya_adult_cogact_freq"
"8679","SULF2","Inh PVALB CA8 (Chandelier)",-0.0475018959369244,6.52364225660168,0.884254951263724,0.348449696031525,0.999998866570966,0.999994427475806,"ya_adult_cogact_freq"
"8680","ARFGEF2","Inh PVALB CA8 (Chandelier)",-0.0432072773265553,6.88854951428134,1.15472127659118,0.484403835180969,0.999998866570966,0.999994427475806,"ya_adult_cogact_freq"
"8681","CSE1L","Inh PVALB CA8 (Chandelier)",-0.010490498670941,5.63493653585538,0.0311262519884655,0.860181069705725,0.999998866570966,0.999994427475806,"ya_adult_cogact_freq"
"8682","STAU1","Inh PVALB CA8 (Chandelier)",0.0297855766201444,6.11386577108502,0.514017709559474,0.667692584247805,0.999998866570966,0.999994427475806,"ya_adult_cogact_freq"
"8683","DDX27","Inh PVALB CA8 (Chandelier)",0.0478201502738355,4.28579250899989,0.300515388759558,0.691876414763145,0.999998866570966,0.999994427475806,"ya_adult_cogact_freq"
"8684","ZNFX1","Inh PVALB CA8 (Chandelier)",0.126128644348755,4.82513040625383,3.10421701336381,0.0799904781344504,0.999998866570966,0.999994427475806,"ya_adult_cogact_freq"
"8685","ZFAS1","Inh PVALB CA8 (Chandelier)",0.0345521801769362,4.43354750656818,0.163419867315198,0.746962971550322,0.999998866570966,0.999994427475806,"ya_adult_cogact_freq"
"8686","KCNB1","Inh PVALB CA8 (Chandelier)",-0.0172547157851326,7.97814581665808,0.145018282555421,0.703845000733358,0.999998866570966,0.999994427475806,"ya_adult_cogact_freq"
"8687","B4GALT5","Inh PVALB CA8 (Chandelier)",-0.00863573171614565,6.17739342939834,0.0412269199321476,0.839357294530463,0.999998866570966,0.999994427475806,"ya_adult_cogact_freq"
"8688","SLC9A8","Inh PVALB CA8 (Chandelier)",0.0281017014943693,5.18667024839114,0.115463138729407,0.734451674974228,0.999998866570966,0.999994427475806,"ya_adult_cogact_freq"
"8689","RNF114","Inh PVALB CA8 (Chandelier)",0.0820175249245357,5.02835413472869,1.57061596046933,0.211937214125662,0.999998866570966,0.999994427475806,"ya_adult_cogact_freq"
"8690","CEBPB","Inh PVALB CA8 (Chandelier)",-0.0140190820513254,4.12440778498596,0.0118697658937311,0.913379240792966,0.999998866570966,0.999994427475806,"ya_adult_cogact_freq"
"8691","PTPN1","Inh PVALB CA8 (Chandelier)",0.00216131139184107,5.91865638638464,0.00165734429545633,0.9675772100773,0.999998866570966,0.999994427475806,"ya_adult_cogact_freq"
"8692","PARD6B","Inh PVALB CA8 (Chandelier)",0.0825246273800386,3.95790243428495,0.543795651443298,0.461938854890295,0.999998866570966,0.999994427475806,"ya_adult_cogact_freq"
"8693","BCAS4","Inh PVALB CA8 (Chandelier)",0.189194611570877,5.49329726085375,9.84927803752893,0.0020216050179176,0.999998866570966,0.999994427475806,"ya_adult_cogact_freq"
"8694","ADNP","Inh PVALB CA8 (Chandelier)",0.0693910203418409,7.05712794338977,3.76845476764093,0.0807731431628356,0.999998866570966,0.999994427475806,"ya_adult_cogact_freq"
"8695","DPM1","Inh PVALB CA8 (Chandelier)",0.0343732753681319,5.35878683779877,0.372853840008357,0.542315060567338,0.999998866570966,0.999994427475806,"ya_adult_cogact_freq"
"8696","NFATC2","Inh PVALB CA8 (Chandelier)",-0.698714758555315,3.13589828179355,5.05417350733498,0.0259261122137727,0.999998866570966,0.999994427475806,"ya_adult_cogact_freq"
"8697","ATP9A","Inh PVALB CA8 (Chandelier)",-0.0118232805506368,7.26535625888104,0.123259413951244,0.784181383602697,0.999998866570966,0.999994427475806,"ya_adult_cogact_freq"
"8698","ZFP64","Inh PVALB CA8 (Chandelier)",0.0581259972705557,5.24644676864796,0.805310047197265,0.37085240074488,0.999998866570966,0.999994427475806,"ya_adult_cogact_freq"
"8699","TSHZ2","Inh PVALB CA8 (Chandelier)",0.120792308263979,4.82904392714684,0.971213252600619,0.325858643775058,0.999998866570966,0.999994427475806,"ya_adult_cogact_freq"
"8700","PFDN4","Inh PVALB CA8 (Chandelier)",-0.0836452844338159,4.4539931632949,0.83220555005374,0.36300149556967,0.999998866570966,0.999994427475806,"ya_adult_cogact_freq"
"8701","DOK5","Inh PVALB CA8 (Chandelier)",-0.0060157185109476,8.05281565752986,0.0189018732966563,0.890820210752895,0.999998866570966,0.999994427475806,"ya_adult_cogact_freq"
"8702","RTF2","Inh PVALB CA8 (Chandelier)",0.0837492479483284,4.26768696970602,0.770735083522231,0.38129988636826,0.999998866570966,0.999994427475806,"ya_adult_cogact_freq"
"8703","RAE1","Inh PVALB CA8 (Chandelier)",-0.122487327275105,4.18924266268075,1.81402325009625,0.179921921932614,0.999998866570966,0.999994427475806,"ya_adult_cogact_freq"
"8704","PMEPA1","Inh PVALB CA8 (Chandelier)",-0.0519512526356619,5.45990877848887,0.431091186392654,0.512392733573116,0.999998866570966,0.999994427475806,"ya_adult_cogact_freq"
"8705","RAB22A","Inh PVALB CA8 (Chandelier)",0.0206799068270666,5.1841253701407,0.105085408716341,0.746231618791888,0.999998866570966,0.999994427475806,"ya_adult_cogact_freq"
"8706","VAPB","Inh PVALB CA8 (Chandelier)",-0.0358644688892243,5.56697706908214,0.518507165518314,0.541167682138994,0.999998866570966,0.999994427475806,"ya_adult_cogact_freq"
"8707","GNAS","Inh PVALB CA8 (Chandelier)",-0.0255435655631218,9.14317605663636,0.202953185269766,0.652954569270563,0.999998866570966,0.999994427475806,"ya_adult_cogact_freq"
"8708","NELFCD","Inh PVALB CA8 (Chandelier)",-0.0759090059112463,5.33707421120693,1.45703078846865,0.229176175450404,0.999998866570966,0.999994427475806,"ya_adult_cogact_freq"
"8709","ATP5F1E","Inh PVALB CA8 (Chandelier)",-0.0166218620802325,4.81913696186202,0.0237610715430112,0.877687745786667,0.999998866570966,0.999994427475806,"ya_adult_cogact_freq"
"8710","PHACTR3","Inh PVALB CA8 (Chandelier)",-0.0124662396134923,7.25315148367848,0.0739923440772816,0.785959251303058,0.999998866570966,0.999994427475806,"ya_adult_cogact_freq"
"8711","FAM217B","Inh PVALB CA8 (Chandelier)",-0.0563436981515025,5.49479790813027,0.675231176395578,0.412450683948503,0.999998866570966,0.999994427475806,"ya_adult_cogact_freq"
"8712","MIR646HG","Inh PVALB CA8 (Chandelier)",0.153981113647295,5.59819987623263,1.29120659818039,0.257516725810229,0.999998866570966,0.999994427475806,"ya_adult_cogact_freq"
"8713","CDH4","Inh PVALB CA8 (Chandelier)",-0.0301410526954507,7.08586459438788,0.172382398368298,0.678556697307556,0.999998866570966,0.999994427475806,"ya_adult_cogact_freq"
"8714","TAF4","Inh PVALB CA8 (Chandelier)",-0.0825957614306828,5.42850448465805,1.69179444124397,0.195225931374745,0.999998866570966,0.999994427475806,"ya_adult_cogact_freq"
"8715","LSM14B","Inh PVALB CA8 (Chandelier)",0.160424770152571,4.28520683356019,2.83557127712119,0.0941386541507018,0.999998866570966,0.999994427475806,"ya_adult_cogact_freq"
"8716","PSMA7","Inh PVALB CA8 (Chandelier)",-0.151067262511529,4.90738125037863,3.7010575739154,0.0561447662311562,0.999998866570966,0.999994427475806,"ya_adult_cogact_freq"
"8717","SS18L1","Inh PVALB CA8 (Chandelier)",0.000930618193120693,5.63609840286024,0.00032471441015042,0.985645375371003,0.999998866570966,0.999994427475806,"ya_adult_cogact_freq"
"8718","MTG2","Inh PVALB CA8 (Chandelier)",-0.0597756474964093,5.44656517801182,0.961515047940543,0.328278791188641,0.999998866570966,0.999994427475806,"ya_adult_cogact_freq"
"8719","HRH3","Inh PVALB CA8 (Chandelier)",-0.077335251156865,5.70446176731823,1.47408540458585,0.226482722259718,0.999998866570966,0.999994427475806,"ya_adult_cogact_freq"
"8720","OSBPL2","Inh PVALB CA8 (Chandelier)",-0.0093264674812089,5.53500536142684,0.0227759202900174,0.880230441766952,0.999998866570966,0.999994427475806,"ya_adult_cogact_freq"
"8721","LAMA5","Inh PVALB CA8 (Chandelier)",-0.0273890037409005,4.63224940506213,0.115450773722743,0.767924821750487,0.999998866570966,0.999994427475806,"ya_adult_cogact_freq"
"8722","SLCO4A1","Inh PVALB CA8 (Chandelier)",-0.0707638552313539,3.7019283771925,0.300026311027591,0.584625608707227,0.999998866570966,0.999994427475806,"ya_adult_cogact_freq"
"8723","OGFR","Inh PVALB CA8 (Chandelier)",0.00235944512487465,5.71005874185529,0.00157519873865618,0.968390496615796,0.999998866570966,0.999994427475806,"ya_adult_cogact_freq"
"8724","TCFL5","Inh PVALB CA8 (Chandelier)",-0.0236485103072786,4.1464255025639,0.0707469428035176,0.857138577419074,0.999998866570966,0.999994427475806,"ya_adult_cogact_freq"
"8725","DIDO1","Inh PVALB CA8 (Chandelier)",-0.0245498966285628,6.02451645812336,0.256844560930295,0.612990719663584,0.999998866570966,0.999994427475806,"ya_adult_cogact_freq"
"8726","GID8","Inh PVALB CA8 (Chandelier)",0.0876305048838244,4.7857704363887,1.28285652784553,0.259055013425433,0.999998866570966,0.999994427475806,"ya_adult_cogact_freq"
"8727","YTHDF1","Inh PVALB CA8 (Chandelier)",-0.133321594856369,4.88149744408473,3.97471048818684,0.0478797113504373,0.999998866570966,0.999994427475806,"ya_adult_cogact_freq"
"8728","ARFGAP1","Inh PVALB CA8 (Chandelier)",0.0454711090705384,4.62255972635508,0.364573509657382,0.546828167930451,0.999998866570966,0.999994427475806,"ya_adult_cogact_freq"
"8729","KCNQ2","Inh PVALB CA8 (Chandelier)",0.00522830117223768,6.70644818958269,0.0149182408097644,0.9029404894299,0.999998866570966,0.999994427475806,"ya_adult_cogact_freq"
"8730","EEF1A2","Inh PVALB CA8 (Chandelier)",-0.036423376750414,6.56278272007318,0.1674896379263,0.68289727493654,0.999998866570966,0.999994427475806,"ya_adult_cogact_freq"
"8731","PPDPF","Inh PVALB CA8 (Chandelier)",-0.140349754489639,4.39977893653993,1.39900543480196,0.238636439733214,0.999998866570966,0.999994427475806,"ya_adult_cogact_freq"
"8732","STMN3","Inh PVALB CA8 (Chandelier)",0.00287458276303515,6.54340209441074,0.00218956295740294,0.962736471208639,0.999998866570966,0.999994427475806,"ya_adult_cogact_freq"
"8733","ARFRP1","Inh PVALB CA8 (Chandelier)",-0.388745259961688,4.3049793417337,16.1963956563594,8.77296863913643e-05,0.708518021345499,0.999994427475806,"ya_adult_cogact_freq"
"8734","ZBTB46","Inh PVALB CA8 (Chandelier)",-0.058535015365365,4.75493403423769,0.447891503588106,0.504297916145154,0.999998866570966,0.999994427475806,"ya_adult_cogact_freq"
"8735","TPD52L2","Inh PVALB CA8 (Chandelier)",-0.00831429145750268,5.31550566746694,0.0201652845270417,0.961465844151811,0.999998866570966,0.999994427475806,"ya_adult_cogact_freq"
"8736","DNAJC5","Inh PVALB CA8 (Chandelier)",0.00129098311597557,6.10502485680088,0.000771812735929535,0.977870863450099,0.999998866570966,0.999994427475806,"ya_adult_cogact_freq"
"8737","UCKL1","Inh PVALB CA8 (Chandelier)",-0.0128672653075862,4.24704350135601,0.0186821267351768,0.891452719308935,0.999998866570966,0.999994427475806,"ya_adult_cogact_freq"
"8738","ZNF512B","Inh PVALB CA8 (Chandelier)",0.100344409344891,4.38803856461566,1.19403757902294,0.276151381125861,0.999998866570966,0.999994427475806,"ya_adult_cogact_freq"
"8739","PRPF6","Inh PVALB CA8 (Chandelier)",-0.0546156784868905,5.26760370782284,0.903031292819122,0.343396614482408,0.999998866570966,0.999994427475806,"ya_adult_cogact_freq"
"8740","TCEA2","Inh PVALB CA8 (Chandelier)",-0.0370919974028853,4.48453854580339,0.200325209500669,0.655060970464464,0.999998866570966,0.999994427475806,"ya_adult_cogact_freq"
"8741","PCMTD2","Inh PVALB CA8 (Chandelier)",0.0322094561179442,5.3150170252191,0.22547286082429,0.635545562792871,0.999998866570966,0.999994427475806,"ya_adult_cogact_freq"
"8742","SHC2","Inh PVALB CA8 (Chandelier)",-0.0244067296765335,6.07896531405819,0.223977914002682,0.636667496867796,0.999998866570966,0.999994427475806,"ya_adult_cogact_freq"
"8743","MADCAM1","Inh PVALB CA8 (Chandelier)",-0.0583327685597094,3.83709527810645,0.266253176518376,0.79444536993861,0.999998866570966,0.999994427475806,"ya_adult_cogact_freq"
"8744","BSG","Inh PVALB CA8 (Chandelier)",0.00366866265458994,6.19031667468728,0.00409551239370353,0.949052763957117,0.999998866570966,0.999994427475806,"ya_adult_cogact_freq"
"8745","HCN2","Inh PVALB CA8 (Chandelier)",-0.0356792228769878,5.47573867086808,0.306917683284499,0.580347574563649,0.999998866570966,0.999994427475806,"ya_adult_cogact_freq"
"8746","RNF126","Inh PVALB CA8 (Chandelier)",-0.0708134620809064,4.38027686573911,0.579654698340005,0.447563066944281,0.999998866570966,0.999994427475806,"ya_adult_cogact_freq"
"8747","PALM","Inh PVALB CA8 (Chandelier)",0.0112382128819297,5.34405339824208,0.0406914398630017,0.840389714568039,0.999998866570966,0.999994427475806,"ya_adult_cogact_freq"
"8748","PTBP1","Inh PVALB CA8 (Chandelier)",0.0281603117971945,4.42619525091992,0.130735690055229,0.718145234322089,0.999998866570966,0.999994427475806,"ya_adult_cogact_freq"
"8749","ARID3A","Inh PVALB CA8 (Chandelier)",0.107247094797449,4.69237196193763,1.57427013021485,0.211408975722227,0.999998866570966,0.999994427475806,"ya_adult_cogact_freq"
"8750","TMEM259","Inh PVALB CA8 (Chandelier)",-0.184866077283739,5.54283381384922,8.55427206843933,0.00394560251149172,0.999998866570966,0.999994427475806,"ya_adult_cogact_freq"
"8751","ABCA7","Inh PVALB CA8 (Chandelier)",0.0174256881894198,4.41111055957817,0.028643090514688,0.86581851019197,0.999998866570966,0.999994427475806,"ya_adult_cogact_freq"
"8752","POLR2E","Inh PVALB CA8 (Chandelier)",-0.143987101987087,4.42660221962405,2.2313526944402,0.137195497150831,0.999998866570966,0.999994427475806,"ya_adult_cogact_freq"
"8753","GPX4","Inh PVALB CA8 (Chandelier)",-0.211660787656635,5.70125495580829,5.25537093942036,0.0231757402033169,0.999998866570966,0.999994427475806,"ya_adult_cogact_freq"
"8754","STK11","Inh PVALB CA8 (Chandelier)",0.126677033564878,4.77187982683349,2.3794294916877,0.124908550777853,0.999998866570966,0.999994427475806,"ya_adult_cogact_freq"
"8755","CBARP","Inh PVALB CA8 (Chandelier)",-0.0125311298486739,4.11886124657814,0.0115093302124884,0.91469938868434,0.999998866570966,0.999994427475806,"ya_adult_cogact_freq"
"8756","ATP5F1D","Inh PVALB CA8 (Chandelier)",-0.150029927924353,5.44876438130045,3.20175777221285,0.0754417554903455,0.999998866570966,0.999994427475806,"ya_adult_cogact_freq"
"8757","MIDN","Inh PVALB CA8 (Chandelier)",-0.106184897862182,4.38256464650916,1.10961806133997,0.293745621800757,0.999998866570966,0.999994427475806,"ya_adult_cogact_freq"
"8758","CIRBP","Inh PVALB CA8 (Chandelier)",-0.121304221655995,6.54283886628423,2.05966443762119,0.153186108344828,0.999998866570966,0.999994427475806,"ya_adult_cogact_freq"
"8759","MUM1","Inh PVALB CA8 (Chandelier)",0.049303153258763,6.63478134974514,1.19979275138713,0.275001356088873,0.999998866570966,0.999994427475806,"ya_adult_cogact_freq"
"8760","NDUFS7","Inh PVALB CA8 (Chandelier)",-0.227758498258432,4.82451688791363,9.23978470354899,0.0027652224298234,0.999998866570966,0.999994427475806,"ya_adult_cogact_freq"
"8761","GAMT","Inh PVALB CA8 (Chandelier)",-0.230896581716073,4.53649933914317,5.56542168090745,0.0195200653347961,0.999998866570966,0.999994427475806,"ya_adult_cogact_freq"
"8762","DAZAP1","Inh PVALB CA8 (Chandelier)",0.0144313470854631,5.33510771643722,0.04855552318502,0.825875686096877,0.999998866570966,0.999994427475806,"ya_adult_cogact_freq"
"8763","RPS15","Inh PVALB CA8 (Chandelier)",-0.13582730492423,5.29860975131667,1.62558166175487,0.204154800588145,0.999998866570966,0.999994427475806,"ya_adult_cogact_freq"
"8764","APC2","Inh PVALB CA8 (Chandelier)",0.0514618801423026,5.43681399594416,0.659062130581112,0.418091638789304,0.999998866570966,0.999994427475806,"ya_adult_cogact_freq"
"8765","C19orf25","Inh PVALB CA8 (Chandelier)",-0.0302742337904417,4.03044610937971,0.0699337186791418,0.791772033382231,0.999998866570966,0.999994427475806,"ya_adult_cogact_freq"
"8766","MBD3","Inh PVALB CA8 (Chandelier)",0.00737858313551227,4.14459221042377,0.00486065434655712,0.944504447186347,0.999998866570966,0.999994427475806,"ya_adult_cogact_freq"
"8767","REXO1","Inh PVALB CA8 (Chandelier)",0.0367036795376204,4.02639562336293,0.130804111468944,0.718074665718817,0.999998866570966,0.999994427475806,"ya_adult_cogact_freq"
"8768","ABHD17A","Inh PVALB CA8 (Chandelier)",0.0154821733880788,4.82318183365611,0.0377647293341611,0.846161674818998,0.999998866570966,0.999994427475806,"ya_adult_cogact_freq"
"8769","SCAMP4","Inh PVALB CA8 (Chandelier)",-0.145247862842611,4.19428443612031,2.2269118411118,0.137584469253628,0.999998866570966,0.999994427475806,"ya_adult_cogact_freq"
"8770","CSNK1G2","Inh PVALB CA8 (Chandelier)",-0.0333069411604896,4.83846336690922,0.193430244740825,0.660667530429757,0.999998866570966,0.999994427475806,"ya_adult_cogact_freq"
"8771","BTBD2","Inh PVALB CA8 (Chandelier)",0.0173994895674284,5.54365368028955,0.0770280242428292,0.781722664536642,0.999998866570966,0.999994427475806,"ya_adult_cogact_freq"
"8772","MKNK2","Inh PVALB CA8 (Chandelier)",0.110816865803659,4.07582012849378,0.992401627905388,0.320653158650758,0.999998866570966,0.999994427475806,"ya_adult_cogact_freq"
"8773","AP3D1","Inh PVALB CA8 (Chandelier)",0.0297437309374716,5.95144065061345,0.39690516060067,0.542242624594,0.999998866570966,0.999994427475806,"ya_adult_cogact_freq"
"8774","DOT1L","Inh PVALB CA8 (Chandelier)",0.0678928773380033,4.5921063618054,0.574946369301824,0.449410160296258,0.999998866570966,0.999994427475806,"ya_adult_cogact_freq"
"8775","PLEKHJ1","Inh PVALB CA8 (Chandelier)",-0.0617130914843008,4.11079436791387,0.344467086541195,0.558085311264322,0.999998866570966,0.999994427475806,"ya_adult_cogact_freq"
"8776","SF3A2","Inh PVALB CA8 (Chandelier)",0.0585886461209227,4.01025580022922,0.4178603452214,0.518928380738038,0.999998866570966,0.999994427475806,"ya_adult_cogact_freq"
"8777","AMH","Inh PVALB CA8 (Chandelier)",0.0172687224299945,5.17652885050266,0.0367820175564143,0.848151559856477,0.999998866570966,0.999994427475806,"ya_adult_cogact_freq"
"8778","LSM7","Inh PVALB CA8 (Chandelier)",-0.267081534896163,4.1119747565613,7.41631471950126,0.00717788173831961,0.999998866570966,0.999994427475806,"ya_adult_cogact_freq"
"8779","SPPL2B","Inh PVALB CA8 (Chandelier)",-0.0184877939632208,5.50885546593061,0.0800823686805706,0.777549870486072,0.999998866570966,0.999994427475806,"ya_adult_cogact_freq"
"8780","TIMM13","Inh PVALB CA8 (Chandelier)",-0.143054487143613,4.10278322536373,1.50989044653809,0.220951453533049,0.999998866570966,0.999994427475806,"ya_adult_cogact_freq"
"8781","LMNB2","Inh PVALB CA8 (Chandelier)",-0.0125551479866579,3.99356355756985,0.0141170884492023,0.998366670125355,0.999998866570966,0.999994427475806,"ya_adult_cogact_freq"
"8782","GNG7","Inh PVALB CA8 (Chandelier)",-0.0267730657267879,7.39406325927151,0.269309260216414,0.60450913648394,0.999998866570966,0.999994427475806,"ya_adult_cogact_freq"
"8783","DIRAS1","Inh PVALB CA8 (Chandelier)",-0.0626268772654719,5.76659264413159,0.462556314330215,0.497409917148792,0.999998866570966,0.999994427475806,"ya_adult_cogact_freq"
"8784","SGTA","Inh PVALB CA8 (Chandelier)",-0.0510655119916268,4.51361689928235,0.347557679713179,0.556326535974399,0.999998866570966,0.999994427475806,"ya_adult_cogact_freq"
"8785","THOP1","Inh PVALB CA8 (Chandelier)",0.052992195312395,4.55750890890098,0.513356225578272,0.61992439377222,0.999998866570966,0.999994427475806,"ya_adult_cogact_freq"
"8786","ZNF555","Inh PVALB CA8 (Chandelier)",0.0485637309533046,4.34535599722792,0.319423480738109,0.572742176337774,0.999998866570966,0.999994427475806,"ya_adult_cogact_freq"
"8787","TLE2","Inh PVALB CA8 (Chandelier)",-0.00160595641707119,5.4334325123301,0.000706620575402254,0.978825830491976,0.999998866570966,0.999994427475806,"ya_adult_cogact_freq"
"8788","AES","Inh PVALB CA8 (Chandelier)",-0.0103780116999412,7.14448211306597,0.0298615152017257,0.863022193188307,0.999998866570966,0.999994427475806,"ya_adult_cogact_freq"
"8789","GNA11","Inh PVALB CA8 (Chandelier)",0.0132914525309302,5.06461485689258,0.030414205545337,0.861773140967839,0.999998866570966,0.999994427475806,"ya_adult_cogact_freq"
"8790","NCLN","Inh PVALB CA8 (Chandelier)",0.0468342096518675,4.78160605984643,0.339752742615266,0.560788681453475,0.999998866570966,0.999994427475806,"ya_adult_cogact_freq"
"8791","CELF5","Inh PVALB CA8 (Chandelier)",0.00174673487685168,7.62908254121211,0.00176761836870821,0.966516547128654,0.999998866570966,0.999994427475806,"ya_adult_cogact_freq"
"8792","NFIC","Inh PVALB CA8 (Chandelier)",0.0544353107873936,7.18411708318337,1.65672138329649,0.199896665768124,0.999998866570966,0.999994427475806,"ya_adult_cogact_freq"
"8793","FZR1","Inh PVALB CA8 (Chandelier)",0.0664422149196309,4.82044676385217,0.836699190390629,0.361712420032341,0.999998866570966,0.999994427475806,"ya_adult_cogact_freq"
"8794","MFSD12","Inh PVALB CA8 (Chandelier)",-0.097029156640096,3.85002184719135,0.731484463452261,0.393675265417444,0.999998866570966,0.999994427475806,"ya_adult_cogact_freq"
"8795","AC005786.3","Inh PVALB CA8 (Chandelier)",-0.119566715448948,3.94688336795139,1.02249028261932,0.313448507547425,0.999998866570966,0.999994427475806,"ya_adult_cogact_freq"
"8796","PIP5K1C","Inh PVALB CA8 (Chandelier)",-0.0341927232776558,5.32886004198367,0.344285512460706,0.622737671214744,0.999998866570966,0.999994427475806,"ya_adult_cogact_freq"
"8797","MATK","Inh PVALB CA8 (Chandelier)",0.221826450890462,4.39437388218519,7.3349299866803,0.00749500795361399,0.999998866570966,0.999994427475806,"ya_adult_cogact_freq"
"8798","ZFR2","Inh PVALB CA8 (Chandelier)",-0.0345135986142873,6.58240149170931,0.44821016733431,0.504146510624735,0.999998866570966,0.999994427475806,"ya_adult_cogact_freq"
"8799","ATCAY","Inh PVALB CA8 (Chandelier)",-0.00181837798256238,7.49857580879529,0.00215002248453715,0.963074223161804,0.999998866570966,0.999994427475806,"ya_adult_cogact_freq"
"8800","DAPK3","Inh PVALB CA8 (Chandelier)",0.166409218369995,4.23524500862134,3.72564353709294,0.0553432492034335,0.999998866570966,0.999994427475806,"ya_adult_cogact_freq"
"8801","EEF2","Inh PVALB CA8 (Chandelier)",-0.0372147298740348,5.81827823008814,0.213574004427595,0.644605249813311,0.999998866570966,0.999994427475806,"ya_adult_cogact_freq"
"8802","PIAS4","Inh PVALB CA8 (Chandelier)",-0.0449256268797012,4.53071756781986,0.244973184148719,0.62131283248886,0.999998866570966,0.999994427475806,"ya_adult_cogact_freq"
"8803","ZBTB7A","Inh PVALB CA8 (Chandelier)",0.0549637615635017,6.49383878302529,0.980333159044548,0.323604441089816,0.999998866570966,0.999994427475806,"ya_adult_cogact_freq"
"8804","MAP2K2","Inh PVALB CA8 (Chandelier)",-0.0747835605087553,5.82184126133565,2.15865888618874,0.143722518369565,0.999998866570966,0.999994427475806,"ya_adult_cogact_freq"
"8805","SIRT6","Inh PVALB CA8 (Chandelier)",-0.167505830663751,4.08332759385905,2.74481686165878,0.099520624547376,0.999998866570966,0.999994427475806,"ya_adult_cogact_freq"
"8806","ANKRD24","Inh PVALB CA8 (Chandelier)",-0.011575393780878,5.73136745932574,0.0324761719436147,0.857213519530875,0.999998866570966,0.999994427475806,"ya_adult_cogact_freq"
"8807","FSD1","Inh PVALB CA8 (Chandelier)",0.0296733895306694,4.85225986519707,0.160250884000244,0.80321568502587,0.999998866570966,0.999994427475806,"ya_adult_cogact_freq"
"8808","SH3GL1","Inh PVALB CA8 (Chandelier)",0.0371664946849129,4.75193220866584,0.198423155240764,0.656595900946805,0.999998866570966,0.999994427475806,"ya_adult_cogact_freq"
"8809","UBXN6","Inh PVALB CA8 (Chandelier)",-0.178510847619505,4.35418843238752,4.23864979756754,0.041127049050434,0.999998866570966,0.999994427475806,"ya_adult_cogact_freq"
"8810","HDGFL2","Inh PVALB CA8 (Chandelier)",-0.128679626678752,4.50356520685935,2.84043160974466,0.0938595881905902,0.999998866570966,0.999994427475806,"ya_adult_cogact_freq"
"8811","SEMA6B","Inh PVALB CA8 (Chandelier)",0.0521653815958152,5.47107805054142,0.837353051391625,0.377401244648125,0.999998866570966,0.999994427475806,"ya_adult_cogact_freq"
"8812","MYDGF","Inh PVALB CA8 (Chandelier)",-0.00056181786850022,4.13615925441756,3.90810962698328e-05,0.995019817808987,0.999998866570966,0.999994427475806,"ya_adult_cogact_freq"
"8813","DPP9","Inh PVALB CA8 (Chandelier)",-0.0426331804902558,4.69132625985149,0.310804071817027,0.577962612834054,0.999998866570966,0.999994427475806,"ya_adult_cogact_freq"
"8814","MIR7-3HG","Inh PVALB CA8 (Chandelier)",-0.206689970142116,3.65879369484582,2.35346175324875,0.126970760859771,0.999998866570966,0.999994427475806,"ya_adult_cogact_freq"
"8815","KDM4B","Inh PVALB CA8 (Chandelier)",0.00395089488511286,6.47332830787732,0.00807480659652398,0.984700651658643,0.999998866570966,0.999994427475806,"ya_adult_cogact_freq"
"8816","PTPRS","Inh PVALB CA8 (Chandelier)",-0.035239622393468,8.15333385065529,0.983208232165382,0.322898097075743,0.999998866570966,0.999994427475806,"ya_adult_cogact_freq"
"8817","TINCR","Inh PVALB CA8 (Chandelier)",0.106282474059385,3.92083590176956,0.82585619205755,0.364833828988802,0.999998866570966,0.999994427475806,"ya_adult_cogact_freq"
"8818","SAFB2","Inh PVALB CA8 (Chandelier)",0.00048148841234892,6.55624612972812,0.000105914663620297,0.991801487935225,0.999998866570966,0.999994427475806,"ya_adult_cogact_freq"
"8819","SAFB","Inh PVALB CA8 (Chandelier)",0.139793319154853,5.91128746275225,8.38797903855777,0.00430327106117564,0.999998866570966,0.999994427475806,"ya_adult_cogact_freq"
"8820","RPL36","Inh PVALB CA8 (Chandelier)",-0.0314551827780608,4.31658156280123,0.0909738924357646,0.763332485671888,0.999998866570966,0.999994427475806,"ya_adult_cogact_freq"
"8821","C19orf70","Inh PVALB CA8 (Chandelier)",-0.212721242674842,3.89158928400868,2.93130188359184,0.088805636189428,0.999998866570966,0.999994427475806,"ya_adult_cogact_freq"
"8822","LONP1","Inh PVALB CA8 (Chandelier)",-0.00150383333180713,5.24952830725561,0.0003355330625131,0.985408231474369,0.999998866570966,0.999994427475806,"ya_adult_cogact_freq"
"8823","RANBP3","Inh PVALB CA8 (Chandelier)",0.0128471024988117,4.87568672711167,0.0322061118156797,0.875596545922595,0.999998866570966,0.999994427475806,"ya_adult_cogact_freq"
"8824","RFX2","Inh PVALB CA8 (Chandelier)",-0.112351635203419,6.05549184438249,0.710359186624813,0.400576782059369,0.999998866570966,0.999994427475806,"ya_adult_cogact_freq"
"8825","MLLT1","Inh PVALB CA8 (Chandelier)",0.0121794473254299,4.97770801564555,0.0383027757825111,0.845083564095491,0.999998866570966,0.999994427475806,"ya_adult_cogact_freq"
"8826","ALKBH7","Inh PVALB CA8 (Chandelier)",-0.0586003251890864,3.5247505431128,0.143088131464105,0.705729109650423,0.999998866570966,0.999994427475806,"ya_adult_cogact_freq"
"8827","GTF2F1","Inh PVALB CA8 (Chandelier)",0.085715727695005,4.13926880596333,0.73776324044871,0.391657220943136,0.999998866570966,0.999994427475806,"ya_adult_cogact_freq"
"8828","KHSRP","Inh PVALB CA8 (Chandelier)",0.0770813016657947,5.29044428891346,1.07958740656415,0.300350048454175,0.999998866570966,0.999994427475806,"ya_adult_cogact_freq"
"8829","SLC25A41","Inh PVALB CA8 (Chandelier)",0.026301774733212,4.2518660380731,0.0652576585874197,0.798697625401628,0.999998866570966,0.999994427475806,"ya_adult_cogact_freq"
"8830","SLC25A23","Inh PVALB CA8 (Chandelier)",-0.0456431267213677,5.55325486245258,0.580197234559023,0.447350990443802,0.999998866570966,0.999994427475806,"ya_adult_cogact_freq"
"8831","TUBB4A","Inh PVALB CA8 (Chandelier)",-0.0222439358321291,5.0076405584313,0.0489762684349938,0.825135155098587,0.999998866570966,0.999994427475806,"ya_adult_cogact_freq"
"8832","INSR","Inh PVALB CA8 (Chandelier)",-0.00117869963151297,7.41210461238622,0.00108676595578068,0.973742487860774,0.999998866570966,0.999994427475806,"ya_adult_cogact_freq"
"8833","ZNF358","Inh PVALB CA8 (Chandelier)",0.186578977069322,4.08932743617898,3.00286917811187,0.0850347942153755,0.999998866570966,0.999994427475806,"ya_adult_cogact_freq"
"8834","PNPLA6","Inh PVALB CA8 (Chandelier)",0.0769552236065658,5.03436686356061,1.26977865484043,0.261487353243775,0.999998866570966,0.999994427475806,"ya_adult_cogact_freq"
"8835","CAMSAP3","Inh PVALB CA8 (Chandelier)",0.124934000878316,4.32010171762579,1.84261498695435,0.176547255685886,0.999998866570966,0.999994427475806,"ya_adult_cogact_freq"
"8836","EVI5L","Inh PVALB CA8 (Chandelier)",0.0125292602884816,5.29286655641504,0.0432865625932074,0.835449965581266,0.999998866570966,0.999994427475806,"ya_adult_cogact_freq"
"8837","PRR36","Inh PVALB CA8 (Chandelier)",-0.0621878148369887,4.35301246968869,0.378894983100934,0.539065646320414,0.999998866570966,0.999994427475806,"ya_adult_cogact_freq"
"8838","MAP2K7","Inh PVALB CA8 (Chandelier)",-0.0192416066868941,4.97821695223828,0.093356185437572,0.99345913875716,0.999998866570966,0.999994427475806,"ya_adult_cogact_freq"
"8839","TIMM44","Inh PVALB CA8 (Chandelier)",-0.0051682720188501,4.89636376368482,0.00535151352321153,0.999242223165977,0.999998866570966,0.999994427475806,"ya_adult_cogact_freq"
"8840","ELAVL1","Inh PVALB CA8 (Chandelier)",-0.117271377656586,5.73176623884184,6.45277861616603,0.0120258069434461,0.999998866570966,0.999994427475806,"ya_adult_cogact_freq"
"8841","CERS4","Inh PVALB CA8 (Chandelier)",0.00626878118004447,6.30063964609822,0.00952652664780002,0.922368386054364,0.999998866570966,0.999994427475806,"ya_adult_cogact_freq"
"8842","AC022146.2","Inh PVALB CA8 (Chandelier)",-0.186327034800339,3.82117474678321,1.87216054797747,0.173137067451254,0.999998866570966,0.999994427475806,"ya_adult_cogact_freq"
"8843","CD320","Inh PVALB CA8 (Chandelier)",-0.162246228204015,4.20494606420205,2.61230576310653,0.107998144805761,0.999998866570966,0.999994427475806,"ya_adult_cogact_freq"
"8844","RPS28","Inh PVALB CA8 (Chandelier)",-0.128273390367438,4.38105090276041,1.31518083848319,0.25316271986806,0.999998866570966,0.999994427475806,"ya_adult_cogact_freq"
"8845","RAB11B","Inh PVALB CA8 (Chandelier)",0.0427637805515907,5.20774058012359,0.335944335437814,0.562990986576308,0.999998866570966,0.999994427475806,"ya_adult_cogact_freq"
"8846","MARCH2","Inh PVALB CA8 (Chandelier)",-0.184652783922913,4.19270103588082,3.46181259700949,0.0646279480275542,0.999998866570966,0.999994427475806,"ya_adult_cogact_freq"
"8847","HNRNPM","Inh PVALB CA8 (Chandelier)",-0.145318346183636,6.00475488549133,8.75548342225194,0.00355336620755296,0.999998866570966,0.999994427475806,"ya_adult_cogact_freq"
"8848","ADAMTS10","Inh PVALB CA8 (Chandelier)",0.0940851065381137,3.68332248503781,0.432648071401068,0.511633143913338,0.999998866570966,0.999994427475806,"ya_adult_cogact_freq"
"8849","ZNF317","Inh PVALB CA8 (Chandelier)",0.0733632246021196,3.84810214704521,0.367517679905402,0.54521551141811,0.999998866570966,0.999994427475806,"ya_adult_cogact_freq"
"8850","ZNF559-ZNF177","Inh PVALB CA8 (Chandelier)",-0.000988328759787781,4.45014451848254,9.63225962904507e-05,0.992181529837195,0.999998866570966,0.999994427475806,"ya_adult_cogact_freq"
"8851","ZNF266","Inh PVALB CA8 (Chandelier)",-0.0351657815142262,4.32791376832097,0.126833030240396,0.722205454667479,0.999998866570966,0.999994427475806,"ya_adult_cogact_freq"
"8852","ZNF562","Inh PVALB CA8 (Chandelier)",-0.0242952688177741,5.11650098048851,0.173956831687877,0.677175335133201,0.999998866570966,0.999994427475806,"ya_adult_cogact_freq"
"8853","ZNF846","Inh PVALB CA8 (Chandelier)",0.0836263507541206,4.27785490822789,0.723171433636145,0.396370338859385,0.999998866570966,0.999994427475806,"ya_adult_cogact_freq"
"8854","FBXL12","Inh PVALB CA8 (Chandelier)",-0.163647360943481,4.30755289123832,2.84279735428278,0.0937240828099867,0.999998866570966,0.999994427475806,"ya_adult_cogact_freq"
"8855","PIN1","Inh PVALB CA8 (Chandelier)",-0.129563537312804,5.42250316232404,3.35129865421349,0.069003627628171,0.999998866570966,0.999994427475806,"ya_adult_cogact_freq"
"8856","OLFM2","Inh PVALB CA8 (Chandelier)",0.0110796616748046,7.01154845864654,0.0672117587076232,0.795772248032558,0.999998866570966,0.999994427475806,"ya_adult_cogact_freq"
"8857","COL5A3","Inh PVALB CA8 (Chandelier)",-0.188926869153299,5.86032691142156,7.16877155687335,0.00818823179313071,0.999998866570966,0.999994427475806,"ya_adult_cogact_freq"
"8858","C19orf66","Inh PVALB CA8 (Chandelier)",-0.0305667651204524,5.09746693263419,0.165072105414793,0.685069355109027,0.999998866570966,0.999994427475806,"ya_adult_cogact_freq"
"8859","DNMT1","Inh PVALB CA8 (Chandelier)",0.0800043551568091,5.02532037636443,1.39561759968508,0.272251918943287,0.999998866570966,0.999994427475806,"ya_adult_cogact_freq"
"8860","MRPL4","Inh PVALB CA8 (Chandelier)",-0.108935424569263,4.83199722816194,1.8234324540824,0.17880313435455,0.999998866570966,0.999994427475806,"ya_adult_cogact_freq"
"8861","AC011511.1","Inh PVALB CA8 (Chandelier)",-0.203511066152413,3.74063595892139,2.05217796393995,0.153930228367026,0.999998866570966,0.999994427475806,"ya_adult_cogact_freq"
"8862","TYK2","Inh PVALB CA8 (Chandelier)",-0.11222415954834,4.307914508037,1.6898462694604,0.195481967795956,0.999998866570966,0.999994427475806,"ya_adult_cogact_freq"
"8863","CDC37","Inh PVALB CA8 (Chandelier)",-0.00348168029125186,4.70230685711591,0.00129448269862037,0.971343802519437,0.999998866570966,0.999994427475806,"ya_adult_cogact_freq"
"8864","PDE4A","Inh PVALB CA8 (Chandelier)",0.00738783818301671,6.71334618084827,0.0227520159152165,0.880292831712269,0.999998866570966,0.999994427475806,"ya_adult_cogact_freq"
"8865","KEAP1","Inh PVALB CA8 (Chandelier)",-0.290662623537535,4.12078374038163,10.3736840640821,0.00154708832593535,0.999998866570966,0.999994427475806,"ya_adult_cogact_freq"
"8866","ATG4D","Inh PVALB CA8 (Chandelier)",-0.0300706608080059,4.38485055390817,0.106097049257856,0.745055680695483,0.999998866570966,0.999994427475806,"ya_adult_cogact_freq"
"8867","CDKN2D","Inh PVALB CA8 (Chandelier)",-0.0196672293882601,4.49819549503586,0.0411853840949211,0.839437126043288,0.999998866570966,0.999994427475806,"ya_adult_cogact_freq"
"8868","SLC44A2","Inh PVALB CA8 (Chandelier)",0.0313995253580939,4.72131636279723,0.136198073934653,0.712575878838858,0.999998866570966,0.999994427475806,"ya_adult_cogact_freq"
"8869","ILF3-DT","Inh PVALB CA8 (Chandelier)",-0.0351461366395649,4.21803246351737,0.0978259228155336,0.754859736337257,0.999998866570966,0.999994427475806,"ya_adult_cogact_freq"
"8870","ILF3","Inh PVALB CA8 (Chandelier)",0.0258393239909356,5.70490251809334,0.265451176974968,0.75070667332567,0.999998866570966,0.999994427475806,"ya_adult_cogact_freq"
"8871","QTRT1","Inh PVALB CA8 (Chandelier)",-0.000243840292463379,5.51675247664568,4.36230807162426e-06,0.998336117871342,0.999998866570966,0.999994427475806,"ya_adult_cogact_freq"
"8872","DNM2","Inh PVALB CA8 (Chandelier)",0.0023975230047161,5.93527049699276,0.00160253948393009,0.968117499624602,0.999998866570966,0.999994427475806,"ya_adult_cogact_freq"
"8873","CARM1","Inh PVALB CA8 (Chandelier)",-0.0311164070353283,5.12933208672558,0.286500259781685,0.63225287064532,0.999998866570966,0.999994427475806,"ya_adult_cogact_freq"
"8874","YIPF2","Inh PVALB CA8 (Chandelier)",-0.0679152824234021,4.25145271664752,0.594814284435646,0.441695552485027,0.999998866570966,0.999994427475806,"ya_adult_cogact_freq"
"8875","TIMM29","Inh PVALB CA8 (Chandelier)",-0.117503399198696,4.07715869872331,1.22764750842986,0.269519950093894,0.999998866570966,0.999994427475806,"ya_adult_cogact_freq"
"8876","SMARCA4","Inh PVALB CA8 (Chandelier)",-0.00514327028316998,7.02412731977722,0.0139172081686959,0.906237729580971,0.999998866570966,0.999994427475806,"ya_adult_cogact_freq"
"8877","LDLR","Inh PVALB CA8 (Chandelier)",-0.101807348513442,4.37182489812714,0.54316888723272,0.462196603745907,0.999998866570966,0.999994427475806,"ya_adult_cogact_freq"
"8878","RAB3D","Inh PVALB CA8 (Chandelier)",0.0749777844330695,3.89792710854043,0.413897756693283,0.520914386135779,0.999998866570966,0.999994427475806,"ya_adult_cogact_freq"
"8879","PLPPR2","Inh PVALB CA8 (Chandelier)",0.0296639150157142,4.48622259182139,0.112980532419264,0.737214329349575,0.999998866570966,0.999994427475806,"ya_adult_cogact_freq"
"8880","PRKCSH","Inh PVALB CA8 (Chandelier)",0.117873822048346,4.9234082151474,3.20073969729378,0.0754877558751498,0.999998866570966,0.999994427475806,"ya_adult_cogact_freq"
"8881","ELAVL3","Inh PVALB CA8 (Chandelier)",0.0108852213765541,7.96338821873968,0.0465227609879803,0.829501751035903,0.999998866570966,0.999994427475806,"ya_adult_cogact_freq"
"8882","ECSIT","Inh PVALB CA8 (Chandelier)",-0.0822766361621847,5.24674964853322,1.73598540555057,0.189522903300896,0.999998866570966,0.999994427475806,"ya_adult_cogact_freq"
"8883","ELOF1","Inh PVALB CA8 (Chandelier)",-0.0401204500665539,4.09890401999358,0.147169082901263,0.701762353722923,0.999998866570966,0.999994427475806,"ya_adult_cogact_freq"
"8884","ZNF823","Inh PVALB CA8 (Chandelier)",0.122710321775713,3.85655021809762,1.16140215007705,0.28278934835088,0.999998866570966,0.999994427475806,"ya_adult_cogact_freq"
"8885","ZNF136","Inh PVALB CA8 (Chandelier)",0.0317453779263047,4.13073877044926,0.114561747361729,0.735450882268926,0.999998866570966,0.999994427475806,"ya_adult_cogact_freq"
"8886","ZNF44","Inh PVALB CA8 (Chandelier)",-0.0151184365592997,5.48785840044025,0.0681476282543504,0.975009739713776,0.999998866570966,0.999994427475806,"ya_adult_cogact_freq"
"8887","AC008758.6","Inh PVALB CA8 (Chandelier)",-0.0557354909328243,3.96382315616709,0.206330102819042,0.650271838623615,0.999998866570966,0.999994427475806,"ya_adult_cogact_freq"
"8888","ZNF490","Inh PVALB CA8 (Chandelier)",0.111595945484921,4.27345870585238,1.63835101172509,0.202395796738589,0.999998866570966,0.999994427475806,"ya_adult_cogact_freq"
"8889","ZNF791","Inh PVALB CA8 (Chandelier)",0.00387453055653073,5.40207676744899,0.00431749038377917,0.998800871349502,0.999998866570966,0.999994427475806,"ya_adult_cogact_freq"
"8890","DHPS","Inh PVALB CA8 (Chandelier)",-0.171529225096217,4.26596966949318,2.6964784793829,0.102524840646034,0.999998866570966,0.999994427475806,"ya_adult_cogact_freq"
"8891","TNPO2","Inh PVALB CA8 (Chandelier)",0.028723466940456,5.84265088814429,0.241146377804191,0.624049050315289,0.999998866570966,0.999994427475806,"ya_adult_cogact_freq"
"8892","TRIR","Inh PVALB CA8 (Chandelier)",-0.145666777807997,4.62790363352433,2.10234792891437,0.14902123391411,0.999998866570966,0.999994427475806,"ya_adult_cogact_freq"
"8893","HOOK2","Inh PVALB CA8 (Chandelier)",-0.0768201707146264,6.40285063812287,1.50415611672407,0.221826256438685,0.999998866570966,0.999994427475806,"ya_adult_cogact_freq"
"8894","JUNB","Inh PVALB CA8 (Chandelier)",-0.189143218653983,3.4896372700523,0.888209655181568,0.347377023323478,0.999998866570966,0.999994427475806,"ya_adult_cogact_freq"
"8895","MAST1","Inh PVALB CA8 (Chandelier)",-0.049392373389658,7.11577066301323,1.74870229538131,0.207218112731181,0.999998866570966,0.999994427475806,"ya_adult_cogact_freq"
"8896","GCDH","Inh PVALB CA8 (Chandelier)",-0.0826302567596374,4.15578528235002,0.832646851832897,0.390480747527407,0.999998866570966,0.999994427475806,"ya_adult_cogact_freq"
"8897","FARSA","Inh PVALB CA8 (Chandelier)",-0.122803844573452,4.375708217687,1.76444880856323,0.185953177774681,0.999998866570966,0.999994427475806,"ya_adult_cogact_freq"
"8898","CALR","Inh PVALB CA8 (Chandelier)",-0.117183074495659,4.74688371287762,1.74199163218693,0.188762990979755,0.999998866570966,0.999994427475806,"ya_adult_cogact_freq"
"8899","RAD23A","Inh PVALB CA8 (Chandelier)",-0.0973216720401322,5.23602927413961,1.77265695642545,0.184938433386993,0.999998866570966,0.999994427475806,"ya_adult_cogact_freq"
"8900","GADD45GIP1","Inh PVALB CA8 (Chandelier)",-0.192268222408756,3.90917620640849,2.29446290476726,0.131799744457451,0.999998866570966,0.999994427475806,"ya_adult_cogact_freq"
"8901","TRMT1","Inh PVALB CA8 (Chandelier)",0.109483896972133,4.44432766024775,1.5431999860342,0.215951186363589,0.999998866570966,0.999994427475806,"ya_adult_cogact_freq"
"8902","NACC1","Inh PVALB CA8 (Chandelier)",0.0789653367589142,4.09098945426553,0.658416775750176,0.418319168083915,0.999998866570966,0.999994427475806,"ya_adult_cogact_freq"
"8903","CACNA1A","Inh PVALB CA8 (Chandelier)",0.00363197917771159,10.0282681965661,0.00875343919898787,0.925575330168152,0.999998866570966,0.999994427475806,"ya_adult_cogact_freq"
"8904","CCDC130","Inh PVALB CA8 (Chandelier)",-0.132287610604634,5.41818739630272,4.79735095763233,0.0299436892605607,0.999998866570966,0.999994427475806,"ya_adult_cogact_freq"
"8905","MRI1","Inh PVALB CA8 (Chandelier)",-0.0687778851649163,4.68810572286357,0.661299866707346,0.417304122592561,0.999998866570966,0.999994427475806,"ya_adult_cogact_freq"
"8906","C19orf53","Inh PVALB CA8 (Chandelier)",-0.216853265981696,3.78293105758152,2.94603945180069,0.0880144266904496,0.999998866570966,0.999994427475806,"ya_adult_cogact_freq"
"8907","NANOS3","Inh PVALB CA8 (Chandelier)",-0.00660797003569084,3.95758592341504,0.00338057504003225,0.953707158406442,0.999998866570966,0.999994427475806,"ya_adult_cogact_freq"
"8908","CC2D1A","Inh PVALB CA8 (Chandelier)",-0.0229355359486457,5.98202327040467,0.156843741374739,0.692604303173334,0.999998866570966,0.999994427475806,"ya_adult_cogact_freq"
"8909","RFX1","Inh PVALB CA8 (Chandelier)",-0.0782096266765971,5.03339135849821,1.16656452192991,0.281725941347433,0.999998866570966,0.999994427475806,"ya_adult_cogact_freq"
"8910","PRKACA","Inh PVALB CA8 (Chandelier)",-0.0894664228573614,5.41260028487619,2.15073831739281,0.144454716135855,0.999998866570966,0.999994427475806,"ya_adult_cogact_freq"
"8911","ADGRL1","Inh PVALB CA8 (Chandelier)",0.00344582672120138,7.18873022906837,0.00644614143696677,0.936108167763354,0.999998866570966,0.999994427475806,"ya_adult_cogact_freq"
"8912","PKN1","Inh PVALB CA8 (Chandelier)",0.0397755059736587,5.13127403014857,0.356194168381388,0.551467082389701,0.999998866570966,0.999994427475806,"ya_adult_cogact_freq"
"8913","GIPC1","Inh PVALB CA8 (Chandelier)",-0.0144905828771734,5.66033628530084,0.0305056182016251,0.861567683445188,0.999998866570966,0.999994427475806,"ya_adult_cogact_freq"
"8914","DNAJB1","Inh PVALB CA8 (Chandelier)",0.122393769469538,4.80938627327825,0.827660035655432,0.364311958873188,0.999998866570966,0.999994427475806,"ya_adult_cogact_freq"
"8915","TECR","Inh PVALB CA8 (Chandelier)",0.0727318303110328,5.59927585067842,1.19375925318274,0.276207151564572,0.999998866570966,0.999994427475806,"ya_adult_cogact_freq"
"8916","NDUFB7","Inh PVALB CA8 (Chandelier)",-0.14300263013083,4.2528426216917,1.86233839961989,0.174262196372206,0.999998866570966,0.999994427475806,"ya_adult_cogact_freq"
"8917","ZNF333","Inh PVALB CA8 (Chandelier)",0.069616941883491,4.9832831827637,1.18184301491552,0.278608344582673,0.999998866570966,0.999994427475806,"ya_adult_cogact_freq"
"8918","ILVBL","Inh PVALB CA8 (Chandelier)",0.0244764277638867,3.98324068538986,0.0522542293341269,0.819476683607875,0.999998866570966,0.999994427475806,"ya_adult_cogact_freq"
"8919","BRD4","Inh PVALB CA8 (Chandelier)",0.0152932701649709,6.66532495608744,0.161591391085893,0.720287283149535,0.999998866570966,0.999994427475806,"ya_adult_cogact_freq"
"8920","AKAP8","Inh PVALB CA8 (Chandelier)",-0.026822341062992,4.7319230896615,0.1160820595611,0.733768109106704,0.999998866570966,0.999994427475806,"ya_adult_cogact_freq"
"8921","AKAP8L","Inh PVALB CA8 (Chandelier)",-0.011225458804529,6.63298222731018,0.0530442990491127,0.818140994857392,0.999998866570966,0.999994427475806,"ya_adult_cogact_freq"
"8922","TPM4","Inh PVALB CA8 (Chandelier)",-0.0109748084331231,5.04709431343102,0.0256719781585711,0.872905158478427,0.999998866570966,0.999994427475806,"ya_adult_cogact_freq"
"8923","AP1M1","Inh PVALB CA8 (Chandelier)",-0.0510524721145986,5.28106683118709,0.800105121323505,0.50819089351334,0.999998866570966,0.999994427475806,"ya_adult_cogact_freq"
"8924","AC020911.2","Inh PVALB CA8 (Chandelier)",-0.111843064517991,3.81495036840069,0.640671432187815,0.4246490070132,0.999998866570966,0.999994427475806,"ya_adult_cogact_freq"
"8925","EPS15L1","Inh PVALB CA8 (Chandelier)",-0.0960829307734361,6.62793308179319,4.72131339752518,0.0312550453999252,0.999998866570966,0.999994427475806,"ya_adult_cogact_freq"
"8926","C19orf44","Inh PVALB CA8 (Chandelier)",0.115523209408234,4.09608336419192,1.03656521705399,0.310151387482041,0.999998866570966,0.999994427475806,"ya_adult_cogact_freq"
"8927","TMEM38A","Inh PVALB CA8 (Chandelier)",-0.0728074606522565,6.58671408596006,2.40242354039405,0.123113789329305,0.999998866570966,0.999994427475806,"ya_adult_cogact_freq"
"8928","SIN3B","Inh PVALB CA8 (Chandelier)",-0.00223923542294401,5.7342652800488,0.00209959397726324,0.963509528856086,0.999998866570966,0.999994427475806,"ya_adult_cogact_freq"
"8929","MYO9B","Inh PVALB CA8 (Chandelier)",-0.043963490099541,5.63783020312698,0.404057509237987,0.525905001552729,0.999998866570966,0.999994427475806,"ya_adult_cogact_freq"
"8930","NR2F6","Inh PVALB CA8 (Chandelier)",-0.133013720672987,3.98044660634901,1.32151118439918,0.252028317847439,0.999998866570966,0.999994427475806,"ya_adult_cogact_freq"
"8931","ABHD8","Inh PVALB CA8 (Chandelier)",0.0246415570781382,5.56038462664582,0.154228419437798,0.6950470624801,0.999998866570966,0.999994427475806,"ya_adult_cogact_freq"
"8932","MRPL34","Inh PVALB CA8 (Chandelier)",-0.223312032933027,4.5798631182502,5.17994858525636,0.0241690749060899,0.999998866570966,0.999994427475806,"ya_adult_cogact_freq"
"8933","ANO8","Inh PVALB CA8 (Chandelier)",0.0390320309946674,4.98691747968117,0.304267686638047,0.5819851519274,0.999998866570966,0.999994427475806,"ya_adult_cogact_freq"
"8934","SLC27A1","Inh PVALB CA8 (Chandelier)",-0.0394866662257731,5.43243043522482,0.454178467622714,0.597114563671489,0.999998866570966,0.999994427475806,"ya_adult_cogact_freq"
"8935","AC010618.3","Inh PVALB CA8 (Chandelier)",-0.0203101325402873,4.65232172011827,0.0669528471477649,0.796157219103292,0.999998866570966,0.999994427475806,"ya_adult_cogact_freq"
"8936","PGLS","Inh PVALB CA8 (Chandelier)",-0.0646147153418394,3.77805464321633,0.316319926165537,0.574611067604433,0.999998866570966,0.999994427475806,"ya_adult_cogact_freq"
"8937","COLGALT1","Inh PVALB CA8 (Chandelier)",0.0960896921170731,4.53550240267622,1.41174722535845,0.236518886616004,0.999998866570966,0.999994427475806,"ya_adult_cogact_freq"
"8938","UNC13A","Inh PVALB CA8 (Chandelier)",0.0187632092515145,6.99674473619669,0.167210845048057,0.683146824372052,0.999998866570966,0.999994427475806,"ya_adult_cogact_freq"
"8939","MAP1S","Inh PVALB CA8 (Chandelier)",0.0214067519334513,4.04812193600585,0.0407329369450873,0.840309455214084,0.999998866570966,0.999994427475806,"ya_adult_cogact_freq"
"8940","FCHO1","Inh PVALB CA8 (Chandelier)",-0.0524737263313136,4.41296932497756,0.348285345305167,0.555913975147284,0.999998866570966,0.999994427475806,"ya_adult_cogact_freq"
"8941","RAB3A","Inh PVALB CA8 (Chandelier)",-0.161598435899312,5.91544993147295,2.37878287886466,0.124959442968682,0.999998866570966,0.999994427475806,"ya_adult_cogact_freq"
"8942","JUND","Inh PVALB CA8 (Chandelier)",-0.0701657973338584,6.6132469055608,0.738009454936194,0.391578390167821,0.999998866570966,0.999994427475806,"ya_adult_cogact_freq"
"8943","LSM4","Inh PVALB CA8 (Chandelier)",0.00557443825280643,3.98722939117558,0.00231956541068603,0.961647020585316,0.999998866570966,0.999994427475806,"ya_adult_cogact_freq"
"8944","PGPEP1","Inh PVALB CA8 (Chandelier)",-0.113491733567038,4.39128817361005,1.32968677668159,0.250572536767522,0.999998866570966,0.999994427475806,"ya_adult_cogact_freq"
"8945","SSBP4","Inh PVALB CA8 (Chandelier)",-0.0527018724372919,5.17359870034427,0.548325982621177,0.460082613173108,0.999998866570966,0.999994427475806,"ya_adult_cogact_freq"
"8946","ELL","Inh PVALB CA8 (Chandelier)",-0.0165425313328746,4.57628313697202,0.0442639776064271,0.833629666434451,0.999998866570966,0.999994427475806,"ya_adult_cogact_freq"
"8947","FKBP8","Inh PVALB CA8 (Chandelier)",-0.0133619765317343,6.01112505067657,0.0410116597327432,0.839771477939919,0.999998866570966,0.999994427475806,"ya_adult_cogact_freq"
"8948","UBA52","Inh PVALB CA8 (Chandelier)",0.0302261395380494,4.6752222884238,0.0803519397181146,0.777185744589828,0.999998866570966,0.999994427475806,"ya_adult_cogact_freq"
"8949","CRLF1","Inh PVALB CA8 (Chandelier)",-0.144410307603126,4.04929784110375,1.5278138907005,0.21824378517786,0.999998866570966,0.999994427475806,"ya_adult_cogact_freq"
"8950","REX1BD","Inh PVALB CA8 (Chandelier)",-0.208488017775654,4.84654841249776,4.92332793388237,0.027896950511006,0.999998866570966,0.999994427475806,"ya_adult_cogact_freq"
"8951","TMEM59L","Inh PVALB CA8 (Chandelier)",-0.132784133835792,6.63237533999132,4.40100804128623,0.0374816113355728,0.999998866570966,0.999994427475806,"ya_adult_cogact_freq"
"8952","CRTC1","Inh PVALB CA8 (Chandelier)",0.0556957953813337,6.09219302398302,1.14357645612993,0.286500867127862,0.999998866570966,0.999994427475806,"ya_adult_cogact_freq"
"8953","UPF1","Inh PVALB CA8 (Chandelier)",0.0233589258788431,4.7205660161151,0.101238364979888,0.843218057197497,0.999998866570966,0.999994427475806,"ya_adult_cogact_freq"
"8954","DDX49","Inh PVALB CA8 (Chandelier)",-0.0405847044921338,4.22446264840762,0.212348602871077,0.645555553678119,0.999998866570966,0.999994427475806,"ya_adult_cogact_freq"
"8955","SUGP2","Inh PVALB CA8 (Chandelier)",0.00517710580269067,7.26896454489002,0.0127817042619548,0.910127052441732,0.999998866570966,0.999994427475806,"ya_adult_cogact_freq"
"8956","SLC25A42","Inh PVALB CA8 (Chandelier)",-0.0630399207151964,5.73829266563527,1.08039570569207,0.300169784121873,0.999998866570966,0.999994427475806,"ya_adult_cogact_freq"
"8957","TMEM161A","Inh PVALB CA8 (Chandelier)",-0.0800557798204752,4.20289645130882,0.642653949342835,0.423934715413533,0.999998866570966,0.999994427475806,"ya_adult_cogact_freq"
"8958","NCAN","Inh PVALB CA8 (Chandelier)",0.0356760970759693,4.82633722380406,0.216963898755176,0.641993511160486,0.999998866570966,0.999994427475806,"ya_adult_cogact_freq"
"8959","HAPLN4","Inh PVALB CA8 (Chandelier)",0.00749446636991184,3.75297468757852,0.00252744102666766,0.95996671984794,0.999998866570966,0.999994427475806,"ya_adult_cogact_freq"
"8960","SUGP1","Inh PVALB CA8 (Chandelier)",-0.0130322861226333,5.06479042182758,0.0321670045779775,0.857887460393465,0.999998866570966,0.999994427475806,"ya_adult_cogact_freq"
"8961","MAU2","Inh PVALB CA8 (Chandelier)",-0.0693619666731086,5.7146337467054,1.64342855443838,0.201701355846538,0.999998866570966,0.999994427475806,"ya_adult_cogact_freq"
"8962","GATAD2A","Inh PVALB CA8 (Chandelier)",-0.0595766629451122,5.31011984116639,0.737877122626579,0.391620756312412,0.999998866570966,0.999994427475806,"ya_adult_cogact_freq"
"8963","YJEFN3","Inh PVALB CA8 (Chandelier)",0.0229967979677511,4.01383755117391,0.0316834751526459,0.858948224486991,0.999998866570966,0.999994427475806,"ya_adult_cogact_freq"
"8964","PBX4","Inh PVALB CA8 (Chandelier)",-0.256878246513855,3.44679675470887,2.88405756196729,0.0913949604969561,0.999998866570966,0.999994427475806,"ya_adult_cogact_freq"
"8965","ATP13A1","Inh PVALB CA8 (Chandelier)",0.138597966064516,4.05860722796209,2.15591167143966,0.143975999577785,0.999998866570966,0.999994427475806,"ya_adult_cogact_freq"
"8966","ZNF14","Inh PVALB CA8 (Chandelier)",0.0817374872494109,4.59475422570545,0.886925771193273,0.347724768766302,0.999998866570966,0.999994427475806,"ya_adult_cogact_freq"
"8967","ZNF253","Inh PVALB CA8 (Chandelier)",-0.00570995378378023,4.98798336825937,0.00612094472992376,0.937737246791796,0.999998866570966,0.999994427475806,"ya_adult_cogact_freq"
"8968","ZNF93","Inh PVALB CA8 (Chandelier)",0.131823568639889,3.5844983917001,0.766745396852927,0.382532186421966,0.999998866570966,0.999994427475806,"ya_adult_cogact_freq"
"8969","ZNF90","Inh PVALB CA8 (Chandelier)",-0.0393953482313075,4.01939596030194,0.085679124616745,0.77012130176625,0.999998866570966,0.999994427475806,"ya_adult_cogact_freq"
"8970","ZNF737","Inh PVALB CA8 (Chandelier)",-0.0240731310677815,4.38591259632866,0.077475267125551,0.781106141245915,0.999998866570966,0.999994427475806,"ya_adult_cogact_freq"
"8971","ZNF66","Inh PVALB CA8 (Chandelier)",-0.0413217067016915,4.01380233579071,0.162423895705327,0.687470081467215,0.999998866570966,0.999994427475806,"ya_adult_cogact_freq"
"8972","ZNF430","Inh PVALB CA8 (Chandelier)",-0.0190994973478969,4.91891307776871,0.0533084066698662,0.817696834580001,0.999998866570966,0.999994427475806,"ya_adult_cogact_freq"
"8973","ZNF714","Inh PVALB CA8 (Chandelier)",-0.139319901689082,5.46954561205025,2.90917516954069,0.0900081960120752,0.999998866570966,0.999994427475806,"ya_adult_cogact_freq"
"8974","ZNF431","Inh PVALB CA8 (Chandelier)",0.08575787267528,5.19570782765676,1.96480768920356,0.16292779007255,0.999998866570966,0.999994427475806,"ya_adult_cogact_freq"
"8975","ZNF708","Inh PVALB CA8 (Chandelier)",0.00842046867083595,5.50304680568314,0.0268065694686927,0.870151618842139,0.999998866570966,0.999994427475806,"ya_adult_cogact_freq"
"8976","ZNF738","Inh PVALB CA8 (Chandelier)",0.0700344763992407,4.17210230427028,0.48742385190597,0.486087327738648,0.999998866570966,0.999994427475806,"ya_adult_cogact_freq"
"8977","ZNF493","Inh PVALB CA8 (Chandelier)",-0.0341684051631238,4.94133693859625,0.222750622366283,0.785066610049155,0.999998866570966,0.999994427475806,"ya_adult_cogact_freq"
"8978","AC010615.4","Inh PVALB CA8 (Chandelier)",0.0208458951731008,5.77284175798067,0.0735028551315218,0.786651073162607,0.999998866570966,0.999994427475806,"ya_adult_cogact_freq"
"8979","ZNF429","Inh PVALB CA8 (Chandelier)",0.00905778424747867,5.06495648289098,0.0181386856053207,0.893033403465059,0.999998866570966,0.999994427475806,"ya_adult_cogact_freq"
"8980","ZNF43","Inh PVALB CA8 (Chandelier)",-0.105142434074228,4.53679275605306,1.3962661288813,0.239094705707911,0.999998866570966,0.999994427475806,"ya_adult_cogact_freq"
"8981","ZNF91","Inh PVALB CA8 (Chandelier)",0.027348925785212,7.69136789748812,0.552502271347363,0.458381933043224,0.999998866570966,0.999994427475806,"ya_adult_cogact_freq"
"8982","ZNF675","Inh PVALB CA8 (Chandelier)",0.181234097657177,5.99543150791721,5.41051515002156,0.0212645001023555,0.999998866570966,0.999994427475806,"ya_adult_cogact_freq"
"8983","ZNF254","Inh PVALB CA8 (Chandelier)",0.0382147238729127,6.41828872520621,0.790682631235562,0.375222392247166,0.999998866570966,0.999994427475806,"ya_adult_cogact_freq"
"8984","LINC00662","Inh PVALB CA8 (Chandelier)",0.00439604967751274,6.74684592080806,0.00860386714136951,0.926212077087729,0.999998866570966,0.999994427475806,"ya_adult_cogact_freq"
"8985","AC006504.5","Inh PVALB CA8 (Chandelier)",0.0485385767975841,5.57788998844825,0.433047446928842,0.511438608204112,0.999998866570966,0.999994427475806,"ya_adult_cogact_freq"
"8986","UQCRFS1","Inh PVALB CA8 (Chandelier)",-0.0976244371607869,4.58457418356396,1.10791491488431,0.294115139395826,0.999998866570966,0.999994427475806,"ya_adult_cogact_freq"
"8987","AC011474.2","Inh PVALB CA8 (Chandelier)",-0.0912357380426274,4.07976110140816,0.669527695315117,0.41442748020396,0.999998866570966,0.999994427475806,"ya_adult_cogact_freq"
"8988","VSTM2B","Inh PVALB CA8 (Chandelier)",0.0206256307621602,5.70128527693406,0.115692314530011,0.734198324319964,0.999998866570966,0.999994427475806,"ya_adult_cogact_freq"
"8989","C19orf12","Inh PVALB CA8 (Chandelier)",0.10595143200242,5.38848198719731,3.00321309107575,0.0850171013799733,0.999998866570966,0.999994427475806,"ya_adult_cogact_freq"
"8990","URI1","Inh PVALB CA8 (Chandelier)",0.0168522414269805,6.99347047418883,0.198112261374877,0.997384332463501,0.999998866570966,0.999994427475806,"ya_adult_cogact_freq"
"8991","ZNF536","Inh PVALB CA8 (Chandelier)",0.00146305766814907,10.4880865367419,0.00263636454388617,0.959113921224168,0.999998866570966,0.999994427475806,"ya_adult_cogact_freq"
"8992","TSHZ3","Inh PVALB CA8 (Chandelier)",0.00477615963392879,6.12304667041313,0.00651890901799337,0.9357493401382,0.999998866570966,0.999994427475806,"ya_adult_cogact_freq"
"8993","AC025809.1","Inh PVALB CA8 (Chandelier)",0.00717989347312154,5.3311867968194,0.00688439142897889,0.933976838654828,0.999998866570966,0.999994427475806,"ya_adult_cogact_freq"
"8994","LINC01837","Inh PVALB CA8 (Chandelier)",0.0951165927249422,4.72914489808791,1.38596852044025,0.240827082589173,0.999998866570966,0.999994427475806,"ya_adult_cogact_freq"
"8995","ZNF507","Inh PVALB CA8 (Chandelier)",-0.0176444158761411,5.78227985607298,0.115696415267403,0.734193793563931,0.999998866570966,0.999994427475806,"ya_adult_cogact_freq"
"8996","DPY19L3","Inh PVALB CA8 (Chandelier)",-0.0275418122074386,5.12825092801587,0.162629205351147,0.687283147530889,0.999998866570966,0.999994427475806,"ya_adult_cogact_freq"
"8997","PDCD5","Inh PVALB CA8 (Chandelier)",-0.0890144185698138,5.10723216098771,1.70552089499142,0.193433111060615,0.999998866570966,0.999994427475806,"ya_adult_cogact_freq"
"8998","ANKRD27","Inh PVALB CA8 (Chandelier)",0.031882185932652,4.67018316311572,0.140422550917105,0.7083551566242,0.999998866570966,0.999994427475806,"ya_adult_cogact_freq"
"8999","NUDT19","Inh PVALB CA8 (Chandelier)",-0.0977052531655903,3.78228514134785,0.7249409204121,0.395794439705912,0.999998866570966,0.999994427475806,"ya_adult_cogact_freq"
"9000","CEP89","Inh PVALB CA8 (Chandelier)",-0.0452764308376172,5.17089177999678,0.424682662338699,0.515540221762474,0.999998866570966,0.999994427475806,"ya_adult_cogact_freq"
"9001","LRP3","Inh PVALB CA8 (Chandelier)",-0.188819714214794,5.41048990616075,12.5552026753987,0.000517436217988366,0.708518021345499,0.999994427475806,"ya_adult_cogact_freq"
"9002","CEBPG","Inh PVALB CA8 (Chandelier)",-0.103552303370392,4.66144483640451,1.28824864033324,0.258060350764002,0.999998866570966,0.999994427475806,"ya_adult_cogact_freq"
"9003","PEPD","Inh PVALB CA8 (Chandelier)",-0.063594580955643,5.19610814548995,0.923619932098884,0.337969518194403,0.999998866570966,0.999994427475806,"ya_adult_cogact_freq"
"9004","CHST8","Inh PVALB CA8 (Chandelier)",0.181640746134532,5.00984545720999,3.79903810303292,0.0530225475014071,0.999998866570966,0.999994427475806,"ya_adult_cogact_freq"
"9005","LSM14A","Inh PVALB CA8 (Chandelier)",0.0465887009368897,6.59395127911761,1.48539848888714,0.230091078049794,0.999998866570966,0.999994427475806,"ya_adult_cogact_freq"
"9006","KIAA0355","Inh PVALB CA8 (Chandelier)",0.0413732858850981,5.74854718882571,0.601409812485043,0.439179893542053,0.999998866570966,0.999994427475806,"ya_adult_cogact_freq"
"9007","GPI","Inh PVALB CA8 (Chandelier)",-0.0090055534453491,6.86785718404597,0.0413919560324617,0.839040509699828,0.999998866570966,0.999994427475806,"ya_adult_cogact_freq"
"9008","UBA2","Inh PVALB CA8 (Chandelier)",-0.0411616836685188,6.10908502823516,0.985286783209228,0.371123474981263,0.999998866570966,0.999994427475806,"ya_adult_cogact_freq"
"9009","SCGB2B2","Inh PVALB CA8 (Chandelier)",0.121185999564409,5.78069949518749,4.00346524186038,0.0470898619562808,0.999998866570966,0.999994427475806,"ya_adult_cogact_freq"
"9010","ZNF302","Inh PVALB CA8 (Chandelier)",-0.014784590810956,5.65260911555698,0.0391328355932878,0.843435643079851,0.999998866570966,0.999994427475806,"ya_adult_cogact_freq"
"9011","ZNF30","Inh PVALB CA8 (Chandelier)",-0.164618065268593,4.31666684351222,2.94998052084634,0.0878041530052891,0.999998866570966,0.999994427475806,"ya_adult_cogact_freq"
"9012","GRAMD1A","Inh PVALB CA8 (Chandelier)",-0.0688432147109332,5.00802256225459,1.01805209057176,0.314497713523477,0.999998866570966,0.999994427475806,"ya_adult_cogact_freq"
"9013","SCN1B","Inh PVALB CA8 (Chandelier)",-0.0492721709069406,6.1740674233694,0.590330968961361,0.443418319412951,0.999998866570966,0.999994427475806,"ya_adult_cogact_freq"
"9014","FXYD7","Inh PVALB CA8 (Chandelier)",0.185195959783856,4.40896102709725,2.02469833568713,0.156697243382602,0.999998866570966,0.999994427475806,"ya_adult_cogact_freq"
"9015","USF2","Inh PVALB CA8 (Chandelier)",0.0421567445427463,5.2864551588126,0.424616290547245,0.515572996576923,0.999998866570966,0.999994427475806,"ya_adult_cogact_freq"
"9016","TMEM147","Inh PVALB CA8 (Chandelier)",-0.00502976783902633,3.76511539697719,0.00104165328948261,0.974293056538944,0.999998866570966,0.999994427475806,"ya_adult_cogact_freq"
"9017","COX6B1","Inh PVALB CA8 (Chandelier)",-0.130674577143327,4.9732226153702,1.43468717233027,0.232763979920524,0.999998866570966,0.999994427475806,"ya_adult_cogact_freq"
"9018","KMT2B","Inh PVALB CA8 (Chandelier)",-0.0153159457932535,4.87187717548829,0.0426347673177181,0.83667578945743,0.999998866570966,0.999994427475806,"ya_adult_cogact_freq"
"9019","ARHGAP33","Inh PVALB CA8 (Chandelier)",-0.0792199569146237,4.35343200538681,0.678792865375382,0.411223306958269,0.999998866570966,0.999994427475806,"ya_adult_cogact_freq"
"9020","APLP1","Inh PVALB CA8 (Chandelier)",-0.0352576441485979,6.05586306958639,0.246790151830544,0.620022991661616,0.999998866570966,0.999994427475806,"ya_adult_cogact_freq"
"9021","CLIP3","Inh PVALB CA8 (Chandelier)",-0.00614142536981808,6.02105307707472,0.00804290748549765,0.928651346161302,0.999998866570966,0.999994427475806,"ya_adult_cogact_freq"
"9022","TBCB","Inh PVALB CA8 (Chandelier)",0.096974775771085,4.96249025086399,1.30147028048848,0.255641431777716,0.999998866570966,0.999994427475806,"ya_adult_cogact_freq"
"9023","CAPNS1","Inh PVALB CA8 (Chandelier)",-0.0121786948534624,4.66180430887993,0.0229536903354032,0.879767512309158,0.999998866570966,0.999994427475806,"ya_adult_cogact_freq"
"9024","ZNF565","Inh PVALB CA8 (Chandelier)",0.0198936331479306,5.25275645211924,0.0681334999207965,0.794408115363372,0.999998866570966,0.999994427475806,"ya_adult_cogact_freq"
"9025","ZNF146","Inh PVALB CA8 (Chandelier)",-0.000939368606720581,5.57595207520762,0.000309875561211066,0.985977165674177,0.999998866570966,0.999994427475806,"ya_adult_cogact_freq"
"9026","LINC00665","Inh PVALB CA8 (Chandelier)",-0.151878679821455,4.46029624538008,2.87467036757238,0.0919192311787514,0.999998866570966,0.999994427475806,"ya_adult_cogact_freq"
"9027","ZFP14","Inh PVALB CA8 (Chandelier)",0.0616579472985645,5.72967775328348,1.27164330226333,0.261138813823256,0.999998866570966,0.999994427475806,"ya_adult_cogact_freq"
"9028","ZFP82","Inh PVALB CA8 (Chandelier)",-0.00416175486784019,5.22097758035299,0.00404980706443977,0.949337455357735,0.999998866570966,0.999994427475806,"ya_adult_cogact_freq"
"9029","ZNF566","Inh PVALB CA8 (Chandelier)",-0.0825333800298119,5.27206910791778,2.09550282756634,0.21891446736547,0.999998866570966,0.999994427475806,"ya_adult_cogact_freq"
"9030","ZNF260","Inh PVALB CA8 (Chandelier)",-0.0307830599182818,4.17497532350539,0.102121999426445,0.749712752618844,0.999998866570966,0.999994427475806,"ya_adult_cogact_freq"
"9031","ZNF529","Inh PVALB CA8 (Chandelier)",-0.00806207508689474,5.64792323550836,0.0237723867958849,0.877658857507428,0.999998866570966,0.999994427475806,"ya_adult_cogact_freq"
"9032","ZNF529-AS1","Inh PVALB CA8 (Chandelier)",0.0128883973399941,4.89759145643634,0.0249553224644227,0.874676688028005,0.999998866570966,0.999994427475806,"ya_adult_cogact_freq"
"9033","ZNF382","Inh PVALB CA8 (Chandelier)",-0.0961312614378073,5.58105744571257,3.66427668319646,0.0573671538047989,0.999998866570966,0.999994427475806,"ya_adult_cogact_freq"
"9034","ZNF461","Inh PVALB CA8 (Chandelier)",0.0789343053417411,4.27581904607199,0.668995432265084,0.414612677379483,0.999998866570966,0.999994427475806,"ya_adult_cogact_freq"
"9035","ZNF567","Inh PVALB CA8 (Chandelier)",-0.043436376802268,4.21306345046095,0.232242010725292,0.630521779309386,0.999998866570966,0.999994427475806,"ya_adult_cogact_freq"
"9036","AC020928.1","Inh PVALB CA8 (Chandelier)",-0.0803384965064294,4.80645978915105,1.24401724863189,0.266362707020439,0.999998866570966,0.999994427475806,"ya_adult_cogact_freq"
"9037","ZNF790","Inh PVALB CA8 (Chandelier)",-0.0074605355169507,4.7830089096875,0.0093588475767316,0.923052466115375,0.999998866570966,0.999994427475806,"ya_adult_cogact_freq"
"9038","ZNF345","Inh PVALB CA8 (Chandelier)",0.0904344910659775,5.6916909121571,1.97310623479073,0.162047715299571,0.999998866570966,0.999994427475806,"ya_adult_cogact_freq"
"9039","ZNF568","Inh PVALB CA8 (Chandelier)",-0.0233438532846632,5.16525291637104,0.119388176382774,0.99854405350999,0.999998866570966,0.999994427475806,"ya_adult_cogact_freq"
"9040","ZNF420","Inh PVALB CA8 (Chandelier)",0.00595116599524944,5.23912161346764,0.00788949347992992,0.929333274300039,0.999998866570966,0.999994427475806,"ya_adult_cogact_freq"
"9041","ZNF383","Inh PVALB CA8 (Chandelier)",0.113893276382974,4.61218556688046,2.21444314618298,0.138683277391357,0.999998866570966,0.999994427475806,"ya_adult_cogact_freq"
"9042","LINC01535","Inh PVALB CA8 (Chandelier)",-0.0705829714391864,4.22384223490661,0.456231187218172,0.500361000829736,0.999998866570966,0.999994427475806,"ya_adult_cogact_freq"
"9043","HKR1","Inh PVALB CA8 (Chandelier)",-0.0201574846099982,6.12782352883821,0.189949528299826,0.663543272727076,0.999998866570966,0.999994427475806,"ya_adult_cogact_freq"
"9044","ZNF569","Inh PVALB CA8 (Chandelier)",-0.0617926493266367,4.77139277114852,0.600092789092538,0.439680461048614,0.999998866570966,0.999994427475806,"ya_adult_cogact_freq"
"9045","ZNF793","Inh PVALB CA8 (Chandelier)",0.0680393860936629,4.92742515855017,0.962956210009322,0.354376896059546,0.999998866570966,0.999994427475806,"ya_adult_cogact_freq"
"9046","ZNF540","Inh PVALB CA8 (Chandelier)",-0.0221037598323851,5.67407643319601,0.12524277890798,0.723880104512686,0.999998866570966,0.999994427475806,"ya_adult_cogact_freq"
"9047","ZFP30","Inh PVALB CA8 (Chandelier)",0.068996916018929,5.37528482482851,1.35670906234385,0.245834114292031,0.999998866570966,0.999994427475806,"ya_adult_cogact_freq"
"9048","ZNF573","Inh PVALB CA8 (Chandelier)",-0.00750585206852259,5.45400478560258,0.0145744278102751,0.904059928663002,0.999998866570966,0.999994427475806,"ya_adult_cogact_freq"
"9049","SIPA1L3","Inh PVALB CA8 (Chandelier)",-0.0301870688191329,7.87248386724478,0.58017298483193,0.447360466272892,0.999998866570966,0.999994427475806,"ya_adult_cogact_freq"
"9050","DPF1","Inh PVALB CA8 (Chandelier)",-0.121304749834078,5.72643744051374,3.38821253457491,0.0675075222214389,0.999998866570966,0.999994427475806,"ya_adult_cogact_freq"
"9051","CATSPERG","Inh PVALB CA8 (Chandelier)",0.0368763176421676,4.04193458701835,0.100220695853856,0.751975644294758,0.999998866570966,0.999994427475806,"ya_adult_cogact_freq"
"9052","PSMD8","Inh PVALB CA8 (Chandelier)",-0.0843724172465108,4.63530409905759,0.845326113296704,0.359255384854071,0.999998866570966,0.999994427475806,"ya_adult_cogact_freq"
"9053","SPRED3","Inh PVALB CA8 (Chandelier)",-0.124471124178722,3.40614699604292,0.499136101944159,0.480902629767962,0.999998866570966,0.999994427475806,"ya_adult_cogact_freq"
"9054","RYR1","Inh PVALB CA8 (Chandelier)",0.0270643088879368,8.27881416292449,0.35254083419401,0.553512846962371,0.999998866570966,0.999994427475806,"ya_adult_cogact_freq"
"9055","EIF3K","Inh PVALB CA8 (Chandelier)",0.0141555817338823,5.75628834800204,0.0721390372127105,0.788591781727175,0.999998866570966,0.999994427475806,"ya_adult_cogact_freq"
"9056","ACTN4","Inh PVALB CA8 (Chandelier)",-0.0134985847147483,5.92374641203687,0.0607277786246462,0.805663704846526,0.999998866570966,0.999994427475806,"ya_adult_cogact_freq"
"9057","HNRNPL","Inh PVALB CA8 (Chandelier)",-0.0150051420574092,5.82976401306389,0.0521869410415982,0.819590930695706,0.999998866570966,0.999994427475806,"ya_adult_cogact_freq"
"9058","SIRT2","Inh PVALB CA8 (Chandelier)",-0.0353716251608715,5.59728921932049,0.444396879370961,0.505963444880115,0.999998866570966,0.999994427475806,"ya_adult_cogact_freq"
"9059","FBXO17","Inh PVALB CA8 (Chandelier)",0.0147853011676693,4.49224395198007,0.0192863095438269,0.889722612659993,0.999998866570966,0.999994427475806,"ya_adult_cogact_freq"
"9060","FBXO27","Inh PVALB CA8 (Chandelier)",0.0327208868478308,6.05979944349352,0.389486084732187,0.533454245373468,0.999998866570966,0.999994427475806,"ya_adult_cogact_freq"
"9061","SAMD4B","Inh PVALB CA8 (Chandelier)",-0.0310591851183361,5.8227131763137,0.309460209075289,0.57878508004415,0.999998866570966,0.999994427475806,"ya_adult_cogact_freq"
"9062","MED29","Inh PVALB CA8 (Chandelier)",-0.0227150778913001,4.13824005187014,0.0518995408653495,0.820079774936522,0.999998866570966,0.999994427475806,"ya_adult_cogact_freq"
"9063","RPS16","Inh PVALB CA8 (Chandelier)",-0.00233896172999445,4.36890400235313,0.000443599458150423,0.983222474621407,0.999998866570966,0.999994427475806,"ya_adult_cogact_freq"
"9064","SUPT5H","Inh PVALB CA8 (Chandelier)",0.0873874052386269,5.47763346623421,2.51970156336126,0.129769410167648,0.999998866570966,0.999994427475806,"ya_adult_cogact_freq"
"9065","TIMM50","Inh PVALB CA8 (Chandelier)",0.0349332404119449,4.26049227285259,0.128022849234528,0.720960215263195,0.999998866570966,0.999994427475806,"ya_adult_cogact_freq"
"9066","EID2B","Inh PVALB CA8 (Chandelier)",-0.0575812092695822,4.20749224522699,0.329240720100239,0.566908394378454,0.999998866570966,0.999994427475806,"ya_adult_cogact_freq"
"9067","DYRK1B","Inh PVALB CA8 (Chandelier)",-0.0867909002126775,4.03541078140556,0.758459966961908,0.385109517211345,0.999998866570966,0.999994427475806,"ya_adult_cogact_freq"
"9068","ZNF546","Inh PVALB CA8 (Chandelier)",-0.0737181707440961,4.42855275419765,0.891928438066628,0.346372448605898,0.999998866570966,0.999994427475806,"ya_adult_cogact_freq"
"9069","ZNF780B","Inh PVALB CA8 (Chandelier)",0.0404026072502601,6.93919012086568,0.74489895343777,0.389381803494973,0.999998866570966,0.999994427475806,"ya_adult_cogact_freq"
"9070","MAP3K10","Inh PVALB CA8 (Chandelier)",-0.0427396198558853,5.32398567259094,0.553028692630151,0.458168271309181,0.999998866570966,0.999994427475806,"ya_adult_cogact_freq"
"9071","TTC9B","Inh PVALB CA8 (Chandelier)",-0.0744072342905066,4.91253147691338,0.654516414391901,0.419698248058265,0.999998866570966,0.999994427475806,"ya_adult_cogact_freq"
"9072","AKT2","Inh PVALB CA8 (Chandelier)",0.065699988462687,6.01882872256466,1.86604016474577,0.173837165274536,0.999998866570966,0.999994427475806,"ya_adult_cogact_freq"
"9073","PLD3","Inh PVALB CA8 (Chandelier)",-0.0327002732267863,7.54691640371137,0.955067795350141,0.521154009582227,0.999998866570966,0.999994427475806,"ya_adult_cogact_freq"
"9074","SPTBN4","Inh PVALB CA8 (Chandelier)",0.00303222398995078,8.62010781294159,0.00922163564415967,0.923616865106242,0.999998866570966,0.999994427475806,"ya_adult_cogact_freq"
"9075","NUMBL","Inh PVALB CA8 (Chandelier)",-0.0456463024439547,4.22518615808815,0.230316413768667,0.631941605514104,0.999998866570966,0.999994427475806,"ya_adult_cogact_freq"
"9076","ITPKC","Inh PVALB CA8 (Chandelier)",0.13330880873608,3.94210458337839,1.45840461091377,0.228957773932296,0.999998866570966,0.999994427475806,"ya_adult_cogact_freq"
"9077","SNRPA","Inh PVALB CA8 (Chandelier)",-0.243780463482452,3.70859992401127,3.85420552940294,0.0513467573394787,0.999998866570966,0.999994427475806,"ya_adult_cogact_freq"
"9078","AC008537.1","Inh PVALB CA8 (Chandelier)",0.104840632004851,5.37964998599339,1.41607062614732,0.23580559974292,0.999998866570966,0.999994427475806,"ya_adult_cogact_freq"
"9079","HNRNPUL1","Inh PVALB CA8 (Chandelier)",0.113787263962934,5.39256718908005,3.8004343391821,0.0529794212375859,0.999998866570966,0.999994427475806,"ya_adult_cogact_freq"
"9080","RPS19","Inh PVALB CA8 (Chandelier)",-0.0132149556919297,5.01810276320449,0.0199152421924709,0.88795073426271,0.999998866570966,0.999994427475806,"ya_adult_cogact_freq"
"9081","RABAC1","Inh PVALB CA8 (Chandelier)",-0.189703128457019,4.50936611307853,3.02195833411864,0.0840587895094584,0.999998866570966,0.999994427475806,"ya_adult_cogact_freq"
"9082","AC010616.2","Inh PVALB CA8 (Chandelier)",-0.0320024173059027,4.2287488046844,0.0942912379519876,0.759188407706989,0.999998866570966,0.999994427475806,"ya_adult_cogact_freq"
"9083","GRIK5","Inh PVALB CA8 (Chandelier)",-0.0643485944195764,5.93832562604023,1.66879436660561,0.198274132014266,0.999998866570966,0.999994427475806,"ya_adult_cogact_freq"
"9084","POU2F2","Inh PVALB CA8 (Chandelier)",-0.00749407161137628,4.66141056469544,0.00766076500878013,0.930362508314075,0.999998866570966,0.999994427475806,"ya_adult_cogact_freq"
"9085","GSK3A","Inh PVALB CA8 (Chandelier)",-0.0691623276030873,4.77179343388661,0.574750095423852,0.449487417944031,0.999998866570966,0.999994427475806,"ya_adult_cogact_freq"
"9086","CIC","Inh PVALB CA8 (Chandelier)",0.0714788103195388,4.25474689757672,0.626905242760844,0.42965946145683,0.999998866570966,0.999994427475806,"ya_adult_cogact_freq"
"9087","TMEM145","Inh PVALB CA8 (Chandelier)",0.0222383866092468,5.98944558098676,0.189736328591606,0.663720433801923,0.999998866570966,0.999994427475806,"ya_adult_cogact_freq"
"9088","MEGF8","Inh PVALB CA8 (Chandelier)",-0.0455414652229208,5.9323474248449,0.741221729781787,0.39055200369692,0.999998866570966,0.999994427475806,"ya_adult_cogact_freq"
"9089","LIPE-AS1","Inh PVALB CA8 (Chandelier)",-0.059443901277159,5.67211646865221,0.665449402778658,0.415849642101114,0.999998866570966,0.999994427475806,"ya_adult_cogact_freq"
"9090","LIPE","Inh PVALB CA8 (Chandelier)",-0.0816577785019496,4.17111620180118,0.837361821415592,0.361522871309485,0.999998866570966,0.999994427475806,"ya_adult_cogact_freq"
"9091","AC004784.1","Inh PVALB CA8 (Chandelier)",-0.0836424767633261,4.37736947337057,0.386239173235906,0.535163167674248,0.999998866570966,0.999994427475806,"ya_adult_cogact_freq"
"9092","ZNF428","Inh PVALB CA8 (Chandelier)",-0.212688148218764,4.69869987376842,5.50140682119753,0.0202220813685957,0.999998866570966,0.999994427475806,"ya_adult_cogact_freq"
"9093","CADM4","Inh PVALB CA8 (Chandelier)",0.0334847492486787,5.29700107408987,0.247782965781109,0.619320708115885,0.999998866570966,0.999994427475806,"ya_adult_cogact_freq"
"9094","SMG9","Inh PVALB CA8 (Chandelier)",-0.0693026916072691,5.19308569701274,1.31097867942979,0.331865513630369,0.999998866570966,0.999994427475806,"ya_adult_cogact_freq"
"9095","LYPD5","Inh PVALB CA8 (Chandelier)",-0.0325130038105569,4.52436687666456,0.137106097773812,0.711662441058986,0.999998866570966,0.999994427475806,"ya_adult_cogact_freq"
"9096","ZNF283","Inh PVALB CA8 (Chandelier)",0.0327872306143056,4.56940676367159,0.171898544681782,0.678982702777089,0.999998866570966,0.999994427475806,"ya_adult_cogact_freq"
"9097","AC006213.3","Inh PVALB CA8 (Chandelier)",-0.252628177957131,4.14422744289315,5.25472526425949,0.0231840599548889,0.999998866570966,0.999994427475806,"ya_adult_cogact_freq"
"9098","ZNF155","Inh PVALB CA8 (Chandelier)",-0.0506434718400707,4.87804370468217,0.417099866326937,0.519308485868856,0.999998866570966,0.999994427475806,"ya_adult_cogact_freq"
"9099","ZNF224","Inh PVALB CA8 (Chandelier)",0.0196588551112498,5.03472354699024,0.0969508734691812,0.761872949310344,0.999998866570966,0.999994427475806,"ya_adult_cogact_freq"
"9100","ZNF226","Inh PVALB CA8 (Chandelier)",0.0298943497667554,4.57347964489604,0.129650002399954,0.819409390034883,0.999998866570966,0.999994427475806,"ya_adult_cogact_freq"
"9101","ZNF227","Inh PVALB CA8 (Chandelier)",-0.016695037035235,4.15856077081628,0.0362416897562563,0.849257422713231,0.999998866570966,0.999994427475806,"ya_adult_cogact_freq"
"9102","ZNF235","Inh PVALB CA8 (Chandelier)",-0.0655218322061668,5.67924743853592,1.27161557015621,0.261143993253362,0.999998866570966,0.999994427475806,"ya_adult_cogact_freq"
"9103","AC243964.2","Inh PVALB CA8 (Chandelier)",0.11796988633634,3.94091662401263,1.08903914275913,0.298250884915122,0.999998866570966,0.999994427475806,"ya_adult_cogact_freq"
"9104","CEACAM19","Inh PVALB CA8 (Chandelier)",0.0337195463986257,4.53546386654574,0.155062495758945,0.694265436682584,0.999998866570966,0.999994427475806,"ya_adult_cogact_freq"
"9105","NECTIN2","Inh PVALB CA8 (Chandelier)",-0.131413071786596,4.67753736861779,2.26738038567057,0.134085355686077,0.999998866570966,0.999994427475806,"ya_adult_cogact_freq"
"9106","TOMM40","Inh PVALB CA8 (Chandelier)",-0.0670362013893111,4.86754274164113,0.758719788529884,0.385028319107529,0.999998866570966,0.999994427475806,"ya_adult_cogact_freq"
"9107","APOE","Inh PVALB CA8 (Chandelier)",0.10223102381452,3.75815572045559,0.505664752123512,0.47805204426747,0.999998866570966,0.999994427475806,"ya_adult_cogact_freq"
"9108","CLPTM1","Inh PVALB CA8 (Chandelier)",-0.0235759387863527,5.45873908600789,0.174415164846984,0.676774587657843,0.999998866570966,0.999994427475806,"ya_adult_cogact_freq"
"9109","CLASRP","Inh PVALB CA8 (Chandelier)",0.00311978616947936,5.56284649728887,0.00281566591948499,0.957747711357881,0.999998866570966,0.999994427475806,"ya_adult_cogact_freq"
"9110","MARK4","Inh PVALB CA8 (Chandelier)",-0.0496337007046304,6.26458406233297,1.0035196244235,0.317965775689973,0.999998866570966,0.999994427475806,"ya_adult_cogact_freq"
"9111","ERCC1","Inh PVALB CA8 (Chandelier)",-0.123958371725111,5.08138361638208,2.34204489559248,0.127889488510435,0.999998866570966,0.999994427475806,"ya_adult_cogact_freq"
"9112","FOSB","Inh PVALB CA8 (Chandelier)",-0.526988587957145,3.219975789612,1.96928553343001,0.162452225930514,0.999998866570966,0.999994427475806,"ya_adult_cogact_freq"
"9113","RTN2","Inh PVALB CA8 (Chandelier)",-0.108984143087574,4.56859249110335,1.8322970364729,0.177756510284543,0.999998866570966,0.999994427475806,"ya_adult_cogact_freq"
"9114","OPA3","Inh PVALB CA8 (Chandelier)",0.0703954766525108,4.23343556404078,0.420048048729817,0.517837646779047,0.999998866570966,0.999994427475806,"ya_adult_cogact_freq"
"9115","EML2","Inh PVALB CA8 (Chandelier)",0.0143009608344091,6.27159276016998,0.0754160347450557,0.783960935437593,0.999998866570966,0.999994427475806,"ya_adult_cogact_freq"
"9116","SNRPD2","Inh PVALB CA8 (Chandelier)",-0.0208717483386621,4.02226375612467,0.0369941998755351,0.847719601262714,0.999998866570966,0.999994427475806,"ya_adult_cogact_freq"
"9117","QPCTL","Inh PVALB CA8 (Chandelier)",0.271228076963741,3.96769137411752,6.47297042630164,0.0118952738978925,0.999998866570966,0.999994427475806,"ya_adult_cogact_freq"
"9118","DMPK","Inh PVALB CA8 (Chandelier)",0.0422586876369685,4.79147866669796,0.276162510259852,0.599951614642092,0.999998866570966,0.999994427475806,"ya_adult_cogact_freq"
"9119","SYMPK","Inh PVALB CA8 (Chandelier)",-0.0935091017943484,5.62833708416686,2.57987658662587,0.110192524685738,0.999998866570966,0.999994427475806,"ya_adult_cogact_freq"
"9120","MYPOP","Inh PVALB CA8 (Chandelier)",-0.0634757240392894,4.31510336774245,0.631216408542198,0.428080746163221,0.999998866570966,0.999994427475806,"ya_adult_cogact_freq"
"9121","NOVA2","Inh PVALB CA8 (Chandelier)",-0.0275216376542385,6.16398131480188,0.253334946930934,0.615425491149136,0.999998866570966,0.999994427475806,"ya_adult_cogact_freq"
"9122","AC007785.3","Inh PVALB CA8 (Chandelier)",-0.0271382123756942,3.7733962040385,0.0391414770656246,0.843418583140768,0.999998866570966,0.999994427475806,"ya_adult_cogact_freq"
"9123","IGFL4","Inh PVALB CA8 (Chandelier)",-0.0579698362715554,6.54028858232167,0.773011772044422,0.380599211881318,0.999998866570966,0.999994427475806,"ya_adult_cogact_freq"
"9124","AC007785.1","Inh PVALB CA8 (Chandelier)",0.0647666432378099,5.62500247826002,0.933395178648675,0.335433343284384,0.999998866570966,0.999994427475806,"ya_adult_cogact_freq"
"9125","PPP5C","Inh PVALB CA8 (Chandelier)",0.00704602255183003,5.65702353637343,0.0220902436521562,0.922610494611839,0.999998866570966,0.999994427475806,"ya_adult_cogact_freq"
"9126","PNMA8C","Inh PVALB CA8 (Chandelier)",-0.190231510157774,4.15452130040075,2.61601029992571,0.107750568599984,0.999998866570966,0.999994427475806,"ya_adult_cogact_freq"
"9127","PNMA8A","Inh PVALB CA8 (Chandelier)",-0.0511416824754057,5.30427711675077,0.382988604863698,0.536884028789298,0.999998866570966,0.999994427475806,"ya_adult_cogact_freq"
"9128","PPP5D1","Inh PVALB CA8 (Chandelier)",0.145515673345285,4.48613289305284,2.09859133359609,0.149382556491917,0.999998866570966,0.999994427475806,"ya_adult_cogact_freq"
"9129","CALM3","Inh PVALB CA8 (Chandelier)",-0.0469066857641217,7.2912369624443,0.456037564305167,0.500451808337521,0.999998866570966,0.999994427475806,"ya_adult_cogact_freq"
"9130","DACT3","Inh PVALB CA8 (Chandelier)",-0.06180160610542,4.88227528859551,0.75714023035535,0.385522332684055,0.999998866570966,0.999994427475806,"ya_adult_cogact_freq"
"9131","STRN4","Inh PVALB CA8 (Chandelier)",0.00328909048392385,4.42744601772301,0.00152289964450308,0.96891939629083,0.999998866570966,0.999994427475806,"ya_adult_cogact_freq"
"9132","FKRP","Inh PVALB CA8 (Chandelier)",0.070125475247925,4.61898407740863,0.676395923433163,0.412048709388093,0.999998866570966,0.999994427475806,"ya_adult_cogact_freq"
"9133","AP2S1","Inh PVALB CA8 (Chandelier)",-0.0703785587557544,4.40780731963223,0.456355200185554,0.500302854553456,0.999998866570966,0.999994427475806,"ya_adult_cogact_freq"
"9134","ARHGAP35","Inh PVALB CA8 (Chandelier)",0.0899007767514481,6.88820875121125,5.09940645958644,0.0252792750766724,0.999998866570966,0.999994427475806,"ya_adult_cogact_freq"
"9135","TMEM160","Inh PVALB CA8 (Chandelier)",-0.134244408594114,4.48993191945495,1.72795251342965,0.190544853652181,0.999998866570966,0.999994427475806,"ya_adult_cogact_freq"
"9136","ZC3H4","Inh PVALB CA8 (Chandelier)",0.119452025263611,4.33292876600143,1.64788217586552,0.201094571408179,0.999998866570966,0.999994427475806,"ya_adult_cogact_freq"
"9137","SAE1","Inh PVALB CA8 (Chandelier)",0.00203017846020072,5.13640763979049,0.00099651493780372,0.974856018920064,0.999998866570966,0.999994427475806,"ya_adult_cogact_freq"
"9138","INAFM1","Inh PVALB CA8 (Chandelier)",-0.272056560031819,4.36811731616428,6.22455143513888,0.0136090134194566,0.999998866570966,0.999994427475806,"ya_adult_cogact_freq"
"9139","C5AR1","Inh PVALB CA8 (Chandelier)",-0.110545964351455,4.98621143404761,0.796149087691704,0.373580827820979,0.999998866570966,0.999994427475806,"ya_adult_cogact_freq"
"9140","DHX34","Inh PVALB CA8 (Chandelier)",0.0801132490197218,4.34443082571817,0.738759927083867,0.391338251663974,0.999998866570966,0.999994427475806,"ya_adult_cogact_freq"
"9141","SLC8A2","Inh PVALB CA8 (Chandelier)",0.19610978662435,4.05582866942785,3.48783007641816,0.0636419257309874,0.999998866570966,0.999994427475806,"ya_adult_cogact_freq"
"9142","NAPA","Inh PVALB CA8 (Chandelier)",-0.0296404348137959,5.47394755500031,0.204488005570815,0.651731949789846,0.999998866570966,0.999994427475806,"ya_adult_cogact_freq"
"9143","SELENOW","Inh PVALB CA8 (Chandelier)",-0.132953405460338,5.97373982584215,2.16391015871274,0.143239400033344,0.999998866570966,0.999994427475806,"ya_adult_cogact_freq"
"9144","PLA2G4C","Inh PVALB CA8 (Chandelier)",0.0864967639107269,5.56196095807233,1.14709756895204,0.285762824028838,0.999998866570966,0.999994427475806,"ya_adult_cogact_freq"
"9145","TMEM143","Inh PVALB CA8 (Chandelier)",-0.0840985065791172,4.14203374983643,0.586737308058281,0.444806762375444,0.999998866570966,0.999994427475806,"ya_adult_cogact_freq"
"9146","KDELR1","Inh PVALB CA8 (Chandelier)",0.0074441134488051,4.45227865242117,0.00821189671079533,0.927907731440856,0.999998866570966,0.999994427475806,"ya_adult_cogact_freq"
"9147","GRIN2D","Inh PVALB CA8 (Chandelier)",0.0103629314732343,6.87685015000605,0.0485491415766781,0.825886943878687,0.999998866570966,0.999994427475806,"ya_adult_cogact_freq"
"9148","KCNJ14","Inh PVALB CA8 (Chandelier)",-0.0645410162765026,4.0890771695902,0.286600952769775,0.593146779957202,0.999998866570966,0.999994427475806,"ya_adult_cogact_freq"
"9149","CYTH2","Inh PVALB CA8 (Chandelier)",-0.255453994777857,4.21612231429544,8.01381841785932,0.00523534943958315,0.999998866570966,0.999994427475806,"ya_adult_cogact_freq"
"9150","LMTK3","Inh PVALB CA8 (Chandelier)",-0.0133360683631085,6.66031257819032,0.0521657119166754,0.819626991174373,0.999998866570966,0.999994427475806,"ya_adult_cogact_freq"
"9151","RPL18","Inh PVALB CA8 (Chandelier)",-0.118047520208918,4.79962708246286,1.28830749811267,0.258049519740421,0.999998866570966,0.999994427475806,"ya_adult_cogact_freq"
"9152","SPHK2","Inh PVALB CA8 (Chandelier)",-0.106269154215493,4.26796490121651,1.41351836819195,0.236226360582797,0.999998866570966,0.999994427475806,"ya_adult_cogact_freq"
"9153","DBP","Inh PVALB CA8 (Chandelier)",-0.0525116005123755,4.44812540014651,0.275355593550562,0.600484455478277,0.999998866570966,0.999994427475806,"ya_adult_cogact_freq"
"9154","CA11","Inh PVALB CA8 (Chandelier)",-0.0854265805614759,5.08970572411797,1.51037468533299,0.220877770757385,0.999998866570966,0.999994427475806,"ya_adult_cogact_freq"
"9155","BCAT2","Inh PVALB CA8 (Chandelier)",0.0028513247934666,4.34277162892091,0.000948374212460595,0.975470680017239,0.999998866570966,0.999994427475806,"ya_adult_cogact_freq"
"9156","PPP1R15A","Inh PVALB CA8 (Chandelier)",0.0720413974563255,4.03770815333535,0.258458675472787,0.61187795846257,0.999998866570966,0.999994427475806,"ya_adult_cogact_freq"
"9157","NUCB1","Inh PVALB CA8 (Chandelier)",0.0616174303408978,4.88602800499352,0.611076663596766,0.435532456603645,0.999998866570966,0.999994427475806,"ya_adult_cogact_freq"
"9158","FTL","Inh PVALB CA8 (Chandelier)",-0.154772663980114,6.77523104511376,2.398219874243,0.123439730911701,0.999998866570966,0.999994427475806,"ya_adult_cogact_freq"
"9159","GYS1","Inh PVALB CA8 (Chandelier)",0.10403912120183,5.93721708352724,3.39925979175456,0.0670666171704659,0.999998866570966,0.999994427475806,"ya_adult_cogact_freq"
"9160","SNRNP70","Inh PVALB CA8 (Chandelier)",-0.0457208047888551,7.50321421061344,0.999182759812424,0.319010503774367,0.999998866570966,0.999994427475806,"ya_adult_cogact_freq"
"9161","LIN7B","Inh PVALB CA8 (Chandelier)",-0.207086223602182,4.37341324914494,4.18904709870249,0.0423143504556607,0.999998866570966,0.999994427475806,"ya_adult_cogact_freq"
"9162","PPFIA3","Inh PVALB CA8 (Chandelier)",-0.0745218406441276,5.8688915025122,2.30443782512611,0.130969000359232,0.999998866570966,0.999994427475806,"ya_adult_cogact_freq"
"9163","TRPM4","Inh PVALB CA8 (Chandelier)",-0.0337331676172021,4.3003724255674,0.146113053393375,0.819047351204723,0.999998866570966,0.999994427475806,"ya_adult_cogact_freq"
"9164","PIH1D1","Inh PVALB CA8 (Chandelier)",0.0064152682522061,4.00490407387259,0.00421339616126747,0.971070114316078,0.999998866570966,0.999994427475806,"ya_adult_cogact_freq"
"9165","RPL13A","Inh PVALB CA8 (Chandelier)",0.0823983834761949,4.76725455582411,0.754170967327497,0.386453439294516,0.999998866570966,0.999994427475806,"ya_adult_cogact_freq"
"9166","RPS11","Inh PVALB CA8 (Chandelier)",-0.0313952188426008,4.44419767329553,0.0946378869203719,0.758760001150231,0.999998866570966,0.999994427475806,"ya_adult_cogact_freq"
"9167","NOSIP","Inh PVALB CA8 (Chandelier)",0.0173135615389632,4.04347611968122,0.0242079022845117,0.876552271881531,0.999998866570966,0.999994427475806,"ya_adult_cogact_freq"
"9168","PRR12","Inh PVALB CA8 (Chandelier)",0.0539494135481857,5.01087703877362,0.680972887721959,0.410474725528244,0.999998866570966,0.999994427475806,"ya_adult_cogact_freq"
"9169","SCAF1","Inh PVALB CA8 (Chandelier)",-0.124754902837147,4.4376465602161,1.86581321386255,0.173863188791657,0.999998866570966,0.999994427475806,"ya_adult_cogact_freq"
"9170","PRMT1","Inh PVALB CA8 (Chandelier)",-0.167574260999321,5.27809337071071,5.3544821650023,0.021935003193991,0.999998866570966,0.999994427475806,"ya_adult_cogact_freq"
"9171","CPT1C","Inh PVALB CA8 (Chandelier)",-0.0521574843543268,6.31817641188639,1.06029791677235,0.304693937107381,0.999998866570966,0.999994427475806,"ya_adult_cogact_freq"
"9172","AP2A1","Inh PVALB CA8 (Chandelier)",-0.0157464993006092,5.82802152235293,0.093046996311227,0.850691048775639,0.999998866570966,0.999994427475806,"ya_adult_cogact_freq"
"9173","MED25","Inh PVALB CA8 (Chandelier)",-0.12192536330468,4.94862197977193,2.68551169365501,0.103220262949382,0.999998866570966,0.999994427475806,"ya_adult_cogact_freq"
"9174","PTOV1","Inh PVALB CA8 (Chandelier)",0.041653162369097,5.22627112408997,0.33759361392723,0.562035209274124,0.999998866570966,0.999994427475806,"ya_adult_cogact_freq"
"9175","PNKP","Inh PVALB CA8 (Chandelier)",-0.0237225451909228,4.06893938468149,0.050759125054502,0.822033702702047,0.999998866570966,0.999994427475806,"ya_adult_cogact_freq"
"9176","TBC1D17","Inh PVALB CA8 (Chandelier)",-0.0227515523935066,4.87190133139974,0.0998458325804022,0.753221508047399,0.999998866570966,0.999994427475806,"ya_adult_cogact_freq"
"9177","VRK3","Inh PVALB CA8 (Chandelier)",-0.0082487402278746,4.70709113835293,0.0100395243577579,0.920312431009825,0.999998866570966,0.999994427475806,"ya_adult_cogact_freq"
"9178","MYH14","Inh PVALB CA8 (Chandelier)",0.10585848053669,5.2482057228384,2.37236263516005,0.125466016302995,0.999998866570966,0.999994427475806,"ya_adult_cogact_freq"
"9179","KCNC3","Inh PVALB CA8 (Chandelier)",-0.0311321692211418,5.48691025089853,0.295854380620904,0.746473447414036,0.999998866570966,0.999994427475806,"ya_adult_cogact_freq"
"9180","NR1H2","Inh PVALB CA8 (Chandelier)",0.0419737969931389,4.08719149923862,0.170380864009143,0.680323512472845,0.999998866570966,0.999994427475806,"ya_adult_cogact_freq"
"9181","EMC10","Inh PVALB CA8 (Chandelier)",-0.0560980523437509,4.3971360887631,0.447730665734802,0.542009435840322,0.999998866570966,0.999994427475806,"ya_adult_cogact_freq"
"9182","ASPDH","Inh PVALB CA8 (Chandelier)",-0.0580002833050714,3.95529228562604,0.206669847538535,0.650003405194504,0.999998866570966,0.999994427475806,"ya_adult_cogact_freq"
"9183","LRRC4B","Inh PVALB CA8 (Chandelier)",0.000597934396375664,6.6181170598433,0.000193759642140431,0.988911258522399,0.999998866570966,0.999994427475806,"ya_adult_cogact_freq"
"9184","SYT3","Inh PVALB CA8 (Chandelier)",-0.257729630414468,3.81775086510014,5.00317499565274,0.0266762861098867,0.999998866570966,0.999994427475806,"ya_adult_cogact_freq"
"9185","SHANK1","Inh PVALB CA8 (Chandelier)",0.072567379945723,5.98574781625408,1.47483702551536,0.226364902383556,0.999998866570966,0.999994427475806,"ya_adult_cogact_freq"
"9186","IGLON5","Inh PVALB CA8 (Chandelier)",0.0436557614043301,4.83036692304716,0.323005183961953,0.570600201768174,0.999998866570966,0.999994427475806,"ya_adult_cogact_freq"
"9187","SPACA6","Inh PVALB CA8 (Chandelier)",0.0818928273677257,4.78071005548317,0.900868406830927,0.343973585321126,0.999998866570966,0.999994427475806,"ya_adult_cogact_freq"
"9188","ZNF577","Inh PVALB CA8 (Chandelier)",0.147859940823526,5.34417111603665,4.31243886251445,0.0394257558162984,0.999998866570966,0.999994427475806,"ya_adult_cogact_freq"
"9189","ZNF432","Inh PVALB CA8 (Chandelier)",-0.0120121000244925,4.66479510861454,0.0212654937883122,0.884240700229254,0.999998866570966,0.999994427475806,"ya_adult_cogact_freq"
"9190","PPP2R1A","Inh PVALB CA8 (Chandelier)",0.0412552717804607,6.53915537149084,0.472588140099103,0.492789473159897,0.999998866570966,0.999994427475806,"ya_adult_cogact_freq"
"9191","ZNF766","Inh PVALB CA8 (Chandelier)",-0.202894587149106,4.22155387637358,4.30346894670512,0.0396285239515341,0.999998866570966,0.999994427475806,"ya_adult_cogact_freq"
"9192","ZNF528","Inh PVALB CA8 (Chandelier)",0.0540746300289399,4.42558391053597,0.335205519313517,0.563420157600008,0.999998866570966,0.999994427475806,"ya_adult_cogact_freq"
"9193","ZNF701","Inh PVALB CA8 (Chandelier)",0.111955038582926,3.93567876330437,0.964121957798474,0.327625897766731,0.999998866570966,0.999994427475806,"ya_adult_cogact_freq"
"9194","ZNF83","Inh PVALB CA8 (Chandelier)",0.0261285133797769,6.55425636235761,0.219883574671162,0.639763898021887,0.999998866570966,0.999994427475806,"ya_adult_cogact_freq"
"9195","ZNF611","Inh PVALB CA8 (Chandelier)",-0.07101202913298,5.0029493924734,0.916237049938948,0.339902179201667,0.999998866570966,0.999994427475806,"ya_adult_cogact_freq"
"9196","ZNF160","Inh PVALB CA8 (Chandelier)",-0.0122708172116695,5.00518123297976,0.03343258014738,0.979959848833073,0.999998866570966,0.999994427475806,"ya_adult_cogact_freq"
"9197","ZNF347","Inh PVALB CA8 (Chandelier)",0.0427156358458688,4.7861566598321,0.334641979475642,0.563747937546697,0.999998866570966,0.999994427475806,"ya_adult_cogact_freq"
"9198","ZNF761","Inh PVALB CA8 (Chandelier)",0.0203309043259523,3.82680698737292,0.0278709294194283,0.86762242614883,0.999998866570966,0.999994427475806,"ya_adult_cogact_freq"
"9199","ZNF331","Inh PVALB CA8 (Chandelier)",-0.0251612906340475,5.71128149333038,0.221196792223655,0.63876694767428,0.999998866570966,0.999994427475806,"ya_adult_cogact_freq"
"9200","MYADM","Inh PVALB CA8 (Chandelier)",-0.177463003924666,4.02220680652837,2.00726765432246,0.158481922752752,0.999998866570966,0.999994427475806,"ya_adult_cogact_freq"
"9201","PRKCG","Inh PVALB CA8 (Chandelier)",-0.146220497668916,5.48976558368489,2.50485232863413,0.115461421276281,0.999998866570966,0.999994427475806,"ya_adult_cogact_freq"
"9202","CACNG7","Inh PVALB CA8 (Chandelier)",-0.062301537092256,6.39265802260687,1.8456110064395,0.176197918940366,0.999998866570966,0.999994427475806,"ya_adult_cogact_freq"
"9203","CACNG8","Inh PVALB CA8 (Chandelier)",9.69854237097623e-05,6.82111911121181,7.19204794443198e-06,0.997863561126354,0.999998866570966,0.999994427475806,"ya_adult_cogact_freq"
"9204","PRPF31","Inh PVALB CA8 (Chandelier)",-0.129859952290687,4.5067178088918,2.23145864534807,0.137186232155568,0.999998866570966,0.999994427475806,"ya_adult_cogact_freq"
"9205","CNOT3","Inh PVALB CA8 (Chandelier)",-0.063167906124849,4.18536895449917,0.414888043895369,0.520416806815148,0.999998866570966,0.999994427475806,"ya_adult_cogact_freq"
"9206","MBOAT7","Inh PVALB CA8 (Chandelier)",-0.0648320887017563,4.63119037019831,0.520865216414438,0.471521203491944,0.999998866570966,0.999994427475806,"ya_adult_cogact_freq"
"9207","RPS9","Inh PVALB CA8 (Chandelier)",0.061821472175831,4.47683775756133,0.383099590437012,0.53682510616882,0.999998866570966,0.999994427475806,"ya_adult_cogact_freq"
"9208","LENG8-AS1","Inh PVALB CA8 (Chandelier)",-0.111919034317263,3.93836947063388,0.874968046123433,0.350986539266321,0.999998866570966,0.999994427475806,"ya_adult_cogact_freq"
"9209","LENG8","Inh PVALB CA8 (Chandelier)",-0.0262270970236088,6.25056504685317,0.235661391471231,0.628018313475407,0.999998866570966,0.999994427475806,"ya_adult_cogact_freq"
"9210","AC011476.3","Inh PVALB CA8 (Chandelier)",-0.187543460521366,4.55109951584394,3.10995329449692,0.0797148813064371,0.999998866570966,0.999994427475806,"ya_adult_cogact_freq"
"9211","GP6","Inh PVALB CA8 (Chandelier)",0.0941685306003353,5.02568908948091,1.54539109700956,0.215627056627212,0.999998866570966,0.999994427475806,"ya_adult_cogact_freq"
"9212","RDH13","Inh PVALB CA8 (Chandelier)",-0.0160766593326523,4.9396463807417,0.0495758959353395,0.824085527662762,0.999998866570966,0.999994427475806,"ya_adult_cogact_freq"
"9213","PPP1R12C","Inh PVALB CA8 (Chandelier)",-0.044867700937689,4.96447578943985,0.439742194896144,0.5081966210497,0.999998866570966,0.999994427475806,"ya_adult_cogact_freq"
"9214","SYT5","Inh PVALB CA8 (Chandelier)",-0.155058450868559,4.43154844312346,2.60992650557793,0.108157484215582,0.999998866570966,0.999994427475806,"ya_adult_cogact_freq"
"9215","PPP6R1","Inh PVALB CA8 (Chandelier)",-0.0116692906040535,4.55603520978947,0.0213366451238718,0.88404858433934,0.999998866570966,0.999994427475806,"ya_adult_cogact_freq"
"9216","HSPBP1","Inh PVALB CA8 (Chandelier)",0.00502233179633915,4.37009912749836,0.00317776196826782,0.955115747602697,0.999998866570966,0.999994427475806,"ya_adult_cogact_freq"
"9217","BRSK1","Inh PVALB CA8 (Chandelier)",0.0291200648033436,5.85069541726646,0.293435403768212,0.588777361249127,0.999998866570966,0.999994427475806,"ya_adult_cogact_freq"
"9218","KMT5C","Inh PVALB CA8 (Chandelier)",-0.163375386249323,3.99855266538041,2.84332199094617,0.0936940617109025,0.999998866570966,0.999994427475806,"ya_adult_cogact_freq"
"9219","RPL28","Inh PVALB CA8 (Chandelier)",-0.11365745076287,5.40621486574779,2.28634730160769,0.132480016600847,0.999998866570966,0.999994427475806,"ya_adult_cogact_freq"
"9220","UBE2S","Inh PVALB CA8 (Chandelier)",-0.0425911873532189,3.91885041981292,0.113402627952119,0.736742249802505,0.999998866570966,0.999994427475806,"ya_adult_cogact_freq"
"9221","SHISA7","Inh PVALB CA8 (Chandelier)",0.0351248181847707,5.06269822102378,0.254232265877403,0.614800976697021,0.999998866570966,0.999994427475806,"ya_adult_cogact_freq"
"9222","ISOC2","Inh PVALB CA8 (Chandelier)",-0.0515148647757881,4.06507744608534,0.222762778942846,0.637582820941273,0.999998866570966,0.999994427475806,"ya_adult_cogact_freq"
"9223","NAT14","Inh PVALB CA8 (Chandelier)",-0.010735530169876,4.85665734223856,0.0205919869626479,0.886075745722415,0.999998866570966,0.999994427475806,"ya_adult_cogact_freq"
"9224","CCDC106","Inh PVALB CA8 (Chandelier)",-0.170326883301773,3.88053515992517,1.83725315124722,0.177174459632218,0.999998866570966,0.999994427475806,"ya_adult_cogact_freq"
"9225","U2AF2","Inh PVALB CA8 (Chandelier)",0.0531553647239051,4.49926205807053,0.406363296017595,0.524727970565947,0.999998866570966,0.999994427475806,"ya_adult_cogact_freq"
"9226","EPN1","Inh PVALB CA8 (Chandelier)",-0.0284854938224359,4.49188322781407,0.110915495773026,0.739538175454109,0.999998866570966,0.999994427475806,"ya_adult_cogact_freq"
"9227","ZNF444","Inh PVALB CA8 (Chandelier)",-0.0567970337761747,4.48176391324142,0.416972534869269,0.519372177148513,0.999998866570966,0.999994427475806,"ya_adult_cogact_freq"
"9228","ZSCAN5A","Inh PVALB CA8 (Chandelier)",-0.0934727648550874,5.32951765550946,1.80568636940276,0.180920029116309,0.999998866570966,0.999994427475806,"ya_adult_cogact_freq"
"9229","ZNF583","Inh PVALB CA8 (Chandelier)",0.0149469345628886,4.86660258181304,0.0379494910940903,0.845790564801376,0.999998866570966,0.999994427475806,"ya_adult_cogact_freq"
"9230","ZNF667","Inh PVALB CA8 (Chandelier)",-0.0885672880961497,5.05098421372104,1.66933966173515,0.198201216184956,0.999998866570966,0.999994427475806,"ya_adult_cogact_freq"
"9231","ZNF667-AS1","Inh PVALB CA8 (Chandelier)",0.0471793423399722,4.5277482742166,0.281034318932152,0.596755516172182,0.999998866570966,0.999994427475806,"ya_adult_cogact_freq"
"9232","ZNF471","Inh PVALB CA8 (Chandelier)",0.0419643861846897,4.68964178097927,0.334912610665613,0.563590480364555,0.999998866570966,0.999994427475806,"ya_adult_cogact_freq"
"9233","AC005498.3","Inh PVALB CA8 (Chandelier)",-0.0659543317398195,4.12336676866672,0.381135461798746,0.537869619049119,0.999998866570966,0.999994427475806,"ya_adult_cogact_freq"
"9234","ZNF470","Inh PVALB CA8 (Chandelier)",0.132122843886543,3.88126792151825,1.24058182218488,0.26702143473646,0.999998866570966,0.999994427475806,"ya_adult_cogact_freq"
"9235","SMIM17","Inh PVALB CA8 (Chandelier)",0.045255690562444,5.30567453676503,0.423313772655305,0.516216928572797,0.999998866570966,0.999994427475806,"ya_adult_cogact_freq"
"9236","AC006115.3","Inh PVALB CA8 (Chandelier)",0.054373510664305,4.6160664774747,0.312352517516812,0.577017825248634,0.999998866570966,0.999994427475806,"ya_adult_cogact_freq"
"9237","ZIM2","Inh PVALB CA8 (Chandelier)",0.0161086835875636,5.25576511086917,0.0215804350381494,0.883392795827185,0.999998866570966,0.999994427475806,"ya_adult_cogact_freq"
"9238","MIMT1","Inh PVALB CA8 (Chandelier)",-0.071154678555537,3.59702584727024,0.253174421792485,0.615537359423236,0.999998866570966,0.999994427475806,"ya_adult_cogact_freq"
"9239","ZNF264","Inh PVALB CA8 (Chandelier)",0.0291674632640436,5.01286523365931,0.207764497131419,0.649140327239378,0.999998866570966,0.999994427475806,"ya_adult_cogact_freq"
"9240","ZNF460-AS1","Inh PVALB CA8 (Chandelier)",0.0429053889323728,3.886921629859,0.154164778759662,0.797343441044097,0.999998866570966,0.999994427475806,"ya_adult_cogact_freq"
"9241","AC005261.1","Inh PVALB CA8 (Chandelier)",-0.0136253695569541,5.55944689888151,0.0508869316157855,0.821813585132358,0.999998866570966,0.999994427475806,"ya_adult_cogact_freq"
"9242","AC003002.2","Inh PVALB CA8 (Chandelier)",-0.00837523268624109,4.68425984406661,0.0143719081237784,0.954287932833414,0.999998866570966,0.999994427475806,"ya_adult_cogact_freq"
"9243","AC004076.1","Inh PVALB CA8 (Chandelier)",-0.0101821427331213,5.75817441822938,0.0314792915690665,0.859398668427758,0.999998866570966,0.999994427475806,"ya_adult_cogact_freq"
"9244","ZNF549","Inh PVALB CA8 (Chandelier)",0.103560342763559,5.02775593098271,1.89873613639069,0.170134795770259,0.999998866570966,0.999994427475806,"ya_adult_cogact_freq"
"9245","AC003006.1","Inh PVALB CA8 (Chandelier)",-0.0233584108647766,3.97578726623853,0.0431921696717342,0.835626890133425,0.999998866570966,0.999994427475806,"ya_adult_cogact_freq"
"9246","ZNF586","Inh PVALB CA8 (Chandelier)",0.0244125425551379,6.55621170056637,0.255734702939766,0.613758404106022,0.999998866570966,0.999994427475806,"ya_adult_cogact_freq"
"9247","ZNF552","Inh PVALB CA8 (Chandelier)",-0.120944294300592,4.17546474809038,1.66546407467237,0.198720141378939,0.999998866570966,0.999994427475806,"ya_adult_cogact_freq"
"9248","ZNF814","Inh PVALB CA8 (Chandelier)",-0.058542093340294,5.42565486422065,0.956578599087185,0.329519880235516,0.999998866570966,0.999994427475806,"ya_adult_cogact_freq"
"9249","ZNF587","Inh PVALB CA8 (Chandelier)",-0.0360178717204604,4.66143768679062,0.284674186750445,0.594390724253329,0.999998866570966,0.999994427475806,"ya_adult_cogact_freq"
"9250","ZNF606","Inh PVALB CA8 (Chandelier)",0.0323824138408129,4.09692675000109,0.142406411991272,0.706398039687072,0.999998866570966,0.999994427475806,"ya_adult_cogact_freq"
"9251","ZNF135","Inh PVALB CA8 (Chandelier)",0.0870945592063744,4.65534596901302,0.851709735910539,0.357452114178338,0.999998866570966,0.999994427475806,"ya_adult_cogact_freq"
"9252","ZSCAN18","Inh PVALB CA8 (Chandelier)",-0.142887242359273,5.13565524227914,3.56156405475895,0.0609344331254153,0.999998866570966,0.999994427475806,"ya_adult_cogact_freq"
"9253","ZNF329","Inh PVALB CA8 (Chandelier)",-0.00108343232129912,4.57636443023337,0.000139581924641705,0.990588277069089,0.999998866570966,0.999994427475806,"ya_adult_cogact_freq"
"9254","ZNF274","Inh PVALB CA8 (Chandelier)",-0.0796240090709379,3.78963639320379,0.472034494248761,0.493042580565887,0.999998866570966,0.999994427475806,"ya_adult_cogact_freq"
"9255","RPS5","Inh PVALB CA8 (Chandelier)",-0.117489320185209,4.13089179901109,0.839709224774099,0.360852493290086,0.999998866570966,0.999994427475806,"ya_adult_cogact_freq"
"9256","ZNF324","Inh PVALB CA8 (Chandelier)",-0.014989223206791,4.48230773495031,0.0240572937334301,0.876933785735849,0.999998866570966,0.999994427475806,"ya_adult_cogact_freq"
"9257","TRIM28","Inh PVALB CA8 (Chandelier)",-0.0657780414609242,4.49114177188794,0.596351285706119,0.441107325632915,0.999998866570966,0.999994427475806,"ya_adult_cogact_freq"
"9258","UBE2M","Inh PVALB CA8 (Chandelier)",-0.0533584411560743,4.70667825664692,0.286165328420698,0.593427552549156,0.999998866570966,0.999994427475806,"ya_adult_cogact_freq"
"9259","MZF1","Inh PVALB CA8 (Chandelier)",0.0291742410608543,5.40723895689311,0.207332662028094,0.649480479332656,0.999998866570966,0.999994427475806,"ya_adult_cogact_freq"
"9260","RPS4Y1","Inh PVALB CA8 (Chandelier)",-0.133386729510591,4.18912501278524,0.325168767924265,0.569313916271078,0.999998866570966,0.999994427475806,"ya_adult_cogact_freq"
"9261","ZFY","Inh PVALB CA8 (Chandelier)",-0.129425603076409,4.1489958004769,0.279679795669527,0.597640553782138,0.999998866570966,0.999994427475806,"ya_adult_cogact_freq"
"9262","TTTY15","Inh PVALB CA8 (Chandelier)",-0.109464217267859,5.07279183753907,0.201333422369049,0.654250904514044,0.999998866570966,0.999994427475806,"ya_adult_cogact_freq"
"9263","USP9Y","Inh PVALB CA8 (Chandelier)",-0.0779308407526632,6.9341284530096,0.0969944269239799,0.755870189615335,0.999998866570966,0.999994427475806,"ya_adult_cogact_freq"
"9264","DDX3Y","Inh PVALB CA8 (Chandelier)",-0.124322979806462,4.72771517002804,0.261522955240019,0.609777448217137,0.999998866570966,0.999994427475806,"ya_adult_cogact_freq"
"9265","UTY","Inh PVALB CA8 (Chandelier)",-0.102230062353032,6.4467481097709,0.165123812264875,0.685022704546177,0.999998866570966,0.999994427475806,"ya_adult_cogact_freq"
"9266","NLGN4Y","Inh PVALB CA8 (Chandelier)",-0.0438555943768549,6.43151523748908,0.0298458081043583,0.863057863712447,0.999998866570966,0.999994427475806,"ya_adult_cogact_freq"
"9267","TTTY14","Inh PVALB CA8 (Chandelier)",0.0204685406039282,7.38332899769223,0.0057068179570386,0.939876225281079,0.999998866570966,0.999994427475806,"ya_adult_cogact_freq"
"9268","KDM5D","Inh PVALB CA8 (Chandelier)",-0.0969104096932117,5.16470214784673,0.156010222907447,0.693380250384513,0.999998866570966,0.999994427475806,"ya_adult_cogact_freq"
"9269","TTTY10","Inh PVALB CA8 (Chandelier)",-0.0173583758826057,4.59287942233894,0.00523144443255932,0.942430211460731,0.999998866570966,0.999994427475806,"ya_adult_cogact_freq"
"9270","HDHD5","Inh PVALB CA8 (Chandelier)",-0.0239726631182864,4.85556529683215,0.0902008284636389,0.764310015046103,0.999998866570966,0.999994427475806,"ya_adult_cogact_freq"
"9271","HDHD5-AS1","Inh PVALB CA8 (Chandelier)",0.00524964905147294,4.05483529783665,0.00212598171440023,0.963281100822944,0.999998866570966,0.999994427475806,"ya_adult_cogact_freq"
"9272","ATP6V1E1","Inh PVALB CA8 (Chandelier)",-0.0626492488862904,5.22878039483369,0.982325219383022,0.323114816410008,0.999998866570966,0.999994427475806,"ya_adult_cogact_freq"
"9273","BCL2L13","Inh PVALB CA8 (Chandelier)",-0.0114920651590769,5.83849267856551,0.0416142178160924,0.838614918598225,0.999998866570966,0.999994427475806,"ya_adult_cogact_freq"
"9274","MICAL3","Inh PVALB CA8 (Chandelier)",0.0233531677943698,8.36803249141662,0.477127876763223,0.490722272433722,0.999998866570966,0.999994427475806,"ya_adult_cogact_freq"
"9275","PEX26","Inh PVALB CA8 (Chandelier)",0.0145608290721369,5.16870917325972,0.0595432106256686,0.990735049624231,0.999998866570966,0.999994427475806,"ya_adult_cogact_freq"
"9276","TUBA8","Inh PVALB CA8 (Chandelier)",0.132122327745754,4.60974029366302,1.43937472712066,0.23200565542149,0.999998866570966,0.999994427475806,"ya_adult_cogact_freq"
"9277","DGCR2","Inh PVALB CA8 (Chandelier)",0.0514010149798066,6.10625566224908,1.3695058206817,0.24362869055798,0.999998866570966,0.999994427475806,"ya_adult_cogact_freq"
"9278","HIRA","Inh PVALB CA8 (Chandelier)",-0.128475248835888,4.43753032799683,2.00391116827084,0.158828254595129,0.999998866570966,0.999994427475806,"ya_adult_cogact_freq"
"9279","TXNRD2","Inh PVALB CA8 (Chandelier)",-0.0241849818979761,4.18477310479474,0.0765201045659692,0.7967080401433,0.999998866570966,0.999994427475806,"ya_adult_cogact_freq"
"9280","COMT","Inh PVALB CA8 (Chandelier)",0.118068044199957,5.14963882912688,3.10782082069704,0.0798172141643992,0.999998866570966,0.999994427475806,"ya_adult_cogact_freq"
"9281","ARVCF","Inh PVALB CA8 (Chandelier)",-0.018246813819181,3.89851545250914,0.0259894213238365,0.872128569554528,0.999998866570966,0.999994427475806,"ya_adult_cogact_freq"
"9282","TANGO2","Inh PVALB CA8 (Chandelier)",0.0198813100918548,3.97893474481256,0.0326615692322485,0.856810967816407,0.999998866570966,0.999994427475806,"ya_adult_cogact_freq"
"9283","DGCR8","Inh PVALB CA8 (Chandelier)",0.00626629725864714,5.23578772264409,0.0102024950609523,0.919670446537095,0.999998866570966,0.999994427475806,"ya_adult_cogact_freq"
"9284","RANBP1","Inh PVALB CA8 (Chandelier)",-0.0320385807010325,4.43471377968084,0.111842656494443,0.73849186329467,0.999998866570966,0.999994427475806,"ya_adult_cogact_freq"
"9285","ZDHHC8","Inh PVALB CA8 (Chandelier)",-0.150076774054014,4.85359166426822,4.07336984065686,0.0452269777208124,0.999998866570966,0.999994427475806,"ya_adult_cogact_freq"
"9286","KLHL22","Inh PVALB CA8 (Chandelier)",0.0281320079877185,6.15600367378412,0.254357581546735,0.614713869863555,0.999998866570966,0.999994427475806,"ya_adult_cogact_freq"
"9287","MED15","Inh PVALB CA8 (Chandelier)",0.0374116290222641,5.99482564435398,0.643717292589904,0.423552343733647,0.999998866570966,0.999994427475806,"ya_adult_cogact_freq"
"9288","PI4KA","Inh PVALB CA8 (Chandelier)",-0.0140445548811395,7.7033299779791,0.180019512428046,0.809583864279476,0.999998866570966,0.999994427475806,"ya_adult_cogact_freq"
"9289","SNAP29","Inh PVALB CA8 (Chandelier)",0.0890784720886398,4.14455708689146,0.836819267888169,0.377523525053299,0.999998866570966,0.999994427475806,"ya_adult_cogact_freq"
"9290","CRKL","Inh PVALB CA8 (Chandelier)",-0.119422671326834,5.06845047615681,3.35315013560049,0.0689277409881538,0.999998866570966,0.999994427475806,"ya_adult_cogact_freq"
"9291","LZTR1","Inh PVALB CA8 (Chandelier)",-0.109602038991056,4.32078132529325,1.63418201103281,0.202968099985477,0.999998866570966,0.999994427475806,"ya_adult_cogact_freq"
"9292","THAP7","Inh PVALB CA8 (Chandelier)",-0.0501834365936097,3.5187338755744,0.0947303792343622,0.758645839676041,0.999998866570966,0.999994427475806,"ya_adult_cogact_freq"
"9293","HIC2","Inh PVALB CA8 (Chandelier)",-0.042842888311677,6.29188010967924,0.499364854186948,0.480802278086261,0.999998866570966,0.999994427475806,"ya_adult_cogact_freq"
"9294","TMEM191C","Inh PVALB CA8 (Chandelier)",-0.100948223075268,4.11517225176966,0.870520276805838,0.352210470637512,0.999998866570966,0.999994427475806,"ya_adult_cogact_freq"
"9295","UBE2L3","Inh PVALB CA8 (Chandelier)",0.0370153615266132,5.74376652445701,0.512177612632648,0.528456603776047,0.999998866570966,0.999994427475806,"ya_adult_cogact_freq"
"9296","PPIL2","Inh PVALB CA8 (Chandelier)",-0.0494053336530729,5.36698189719707,0.580739728389927,0.447139087270951,0.999998866570966,0.999994427475806,"ya_adult_cogact_freq"
"9297","YPEL1","Inh PVALB CA8 (Chandelier)",0.137663060974082,4.07627636424464,1.66914550826187,0.198227174383682,0.999998866570966,0.999994427475806,"ya_adult_cogact_freq"
"9298","MAPK1","Inh PVALB CA8 (Chandelier)",-0.0313287504628692,6.85600265146351,0.635482419855535,0.426527206608794,0.999998866570966,0.999994427475806,"ya_adult_cogact_freq"
"9299","PPM1F","Inh PVALB CA8 (Chandelier)",-0.0537201277091198,4.91855721409842,0.575531334699657,0.44918002850223,0.999998866570966,0.999994427475806,"ya_adult_cogact_freq"
"9300","AC245060.5","Inh PVALB CA8 (Chandelier)",0.146877377963608,5.59141709236511,1.79633408225234,0.182047399234251,0.999998866570966,0.999994427475806,"ya_adult_cogact_freq"
"9301","ZNF280B","Inh PVALB CA8 (Chandelier)",-0.00251671987982814,4.50495390622072,0.00110311066752969,0.973545843752791,0.999998866570966,0.999994427475806,"ya_adult_cogact_freq"
"9302","GNAZ","Inh PVALB CA8 (Chandelier)",0.0927539969592514,4.54575834581896,1.11591916917104,0.29238370660662,0.999998866570966,0.999994427475806,"ya_adult_cogact_freq"
"9303","BCR","Inh PVALB CA8 (Chandelier)",-0.0654200408212961,6.11413388064062,1.67049529112428,0.198046792375378,0.999998866570966,0.999994427475806,"ya_adult_cogact_freq"
"9304","DRICH1","Inh PVALB CA8 (Chandelier)",-0.110464830489773,3.94148474993594,1.09114972398531,0.297784735314184,0.999998866570966,0.999994427475806,"ya_adult_cogact_freq"
"9305","CHCHD10","Inh PVALB CA8 (Chandelier)",-0.232809567324153,6.02885078145775,9.21386109011124,0.00280246991260847,0.999998866570966,0.999994427475806,"ya_adult_cogact_freq"
"9306","SMARCB1","Inh PVALB CA8 (Chandelier)",-0.0168754713260509,5.53748770164919,0.0981790115975644,0.754432081388695,0.999998866570966,0.999994427475806,"ya_adult_cogact_freq"
"9307","DDT","Inh PVALB CA8 (Chandelier)",-0.250877965316938,3.6458377682977,3.2845298290062,0.0718015477318928,0.999998866570966,0.999994427475806,"ya_adult_cogact_freq"
"9308","CABIN1","Inh PVALB CA8 (Chandelier)",0.0183501442457822,6.14475007549773,0.152212858191258,0.696946006813076,0.999998866570966,0.999994427475806,"ya_adult_cogact_freq"
"9309","SNRPD3","Inh PVALB CA8 (Chandelier)",0.0922565972016817,5.12781174082001,2.45317212705011,0.119253888429611,0.999998866570966,0.999994427475806,"ya_adult_cogact_freq"
"9310","SGSM1","Inh PVALB CA8 (Chandelier)",-0.0187370601130513,7.21501569559748,0.107639902083208,0.743274144451369,0.999998866570966,0.999994427475806,"ya_adult_cogact_freq"
"9311","KIAA1671","Inh PVALB CA8 (Chandelier)",0.0581390544438117,5.83824364480109,0.925224515541005,0.337551441415441,0.999998866570966,0.999994427475806,"ya_adult_cogact_freq"
"9312","LRP5L","Inh PVALB CA8 (Chandelier)",-0.0346117375445902,3.7663419030652,0.0778458060070282,0.780596805613351,0.999998866570966,0.999994427475806,"ya_adult_cogact_freq"
"9313","GRK3","Inh PVALB CA8 (Chandelier)",0.0220276676231496,8.97415586117741,0.400318673448448,0.527823628398463,0.999998866570966,0.999994427475806,"ya_adult_cogact_freq"
"9314","SEZ6L","Inh PVALB CA8 (Chandelier)",-0.00953341023531514,9.29154678263065,0.0413926803680426,0.83903912079757,0.999998866570966,0.999994427475806,"ya_adult_cogact_freq"
"9315","ASPHD2","Inh PVALB CA8 (Chandelier)",0.00824111668494325,4.15392623792986,0.00763107264829496,0.994646501778156,0.999998866570966,0.999994427475806,"ya_adult_cogact_freq"
"9316","HPS4","Inh PVALB CA8 (Chandelier)",-0.0613989087000915,5.40976732396888,1.05271869328014,0.306423095351537,0.999998866570966,0.999994427475806,"ya_adult_cogact_freq"
"9317","TPST2","Inh PVALB CA8 (Chandelier)",0.0271597062410249,5.42974520432493,0.1663333460213,0.68393386945524,0.999998866570966,0.999994427475806,"ya_adult_cogact_freq"
"9318","MIAT","Inh PVALB CA8 (Chandelier)",-0.025280556794595,8.34985791921047,0.420681602507114,0.517522526702924,0.999998866570966,0.999994427475806,"ya_adult_cogact_freq"
"9319","Z99774.1","Inh PVALB CA8 (Chandelier)",-0.0861694670862299,3.75698600231305,0.213305860695916,0.644812912893384,0.999998866570966,0.999994427475806,"ya_adult_cogact_freq"
"9320","MIATNB","Inh PVALB CA8 (Chandelier)",0.125340295767572,4.41766219622211,1.78648858022307,0.183243096633457,0.999998866570966,0.999994427475806,"ya_adult_cogact_freq"
"9321","PITPNB","Inh PVALB CA8 (Chandelier)",-0.0502298418991976,5.43756350415773,0.751030518996324,0.387441733912945,0.999998866570966,0.999994427475806,"ya_adult_cogact_freq"
"9322","TTC28","Inh PVALB CA8 (Chandelier)",0.0803006934267757,8.17149765677252,5.21378585341314,0.0237180206544106,0.999998866570966,0.999994427475806,"ya_adult_cogact_freq"
"9323","HSCB","Inh PVALB CA8 (Chandelier)",-0.0944558698240638,4.70593650386709,1.17629333496498,0.279735671854025,0.999998866570966,0.999994427475806,"ya_adult_cogact_freq"
"9324","Z93930.2","Inh PVALB CA8 (Chandelier)",0.0836641597900815,4.90659024397846,0.84525015672912,0.359276917023346,0.999998866570966,0.999994427475806,"ya_adult_cogact_freq"
"9325","ZNRF3","Inh PVALB CA8 (Chandelier)",-0.0199034144548529,5.19833713102637,0.0733615104371265,0.78685130352774,0.999998866570966,0.999994427475806,"ya_adult_cogact_freq"
"9326","RHBDD3","Inh PVALB CA8 (Chandelier)",-0.0743914236693139,4.62245969174882,0.884712755562481,0.348325290009902,0.999998866570966,0.999994427475806,"ya_adult_cogact_freq"
"9327","EWSR1","Inh PVALB CA8 (Chandelier)",0.0224787078362001,6.17188051237037,0.257725551962625,0.637086246832926,0.999998866570966,0.999994427475806,"ya_adult_cogact_freq"
"9328","GAS2L1","Inh PVALB CA8 (Chandelier)",-0.0559605229862983,4.45422626703687,0.377890489488889,0.539603457380448,0.999998866570966,0.999994427475806,"ya_adult_cogact_freq"
"9329","AP1B1","Inh PVALB CA8 (Chandelier)",0.0113471752487224,5.41759203494113,0.031776616682569,0.858743244914423,0.999998866570966,0.999994427475806,"ya_adult_cogact_freq"
"9330","RFPL1S","Inh PVALB CA8 (Chandelier)",0.063373480525984,6.7949487278438,2.2679433440537,0.134037392906268,0.999998866570966,0.999994427475806,"ya_adult_cogact_freq"
"9331","NEFH","Inh PVALB CA8 (Chandelier)",0.0376901005747234,4.86135391027752,0.173129035350723,0.6779007004221,0.999998866570966,0.999994427475806,"ya_adult_cogact_freq"
"9332","THOC5","Inh PVALB CA8 (Chandelier)",-0.0724702961959071,4.81174116056502,0.994906392237779,0.320045106261465,0.999998866570966,0.999994427475806,"ya_adult_cogact_freq"
"9333","NIPSNAP1","Inh PVALB CA8 (Chandelier)",-0.0502958238132348,4.84813557706884,0.366831516652151,0.545590562561459,0.999998866570966,0.999994427475806,"ya_adult_cogact_freq"
"9334","NF2","Inh PVALB CA8 (Chandelier)",-0.0709400524749029,5.44942723896481,1.94612256281631,0.164929599137548,0.999998866570966,0.999994427475806,"ya_adult_cogact_freq"
"9335","UQCR10","Inh PVALB CA8 (Chandelier)",-0.168702175688263,5.17036451096741,2.89253131548959,0.0909245185031352,0.999998866570966,0.999994427475806,"ya_adult_cogact_freq"
"9336","ASCC2","Inh PVALB CA8 (Chandelier)",-0.156088920962545,4.59307246259192,3.32790410048865,0.0699703157223755,0.999998866570966,0.999994427475806,"ya_adult_cogact_freq"
"9337","MTMR3","Inh PVALB CA8 (Chandelier)",0.0522615639595138,6.58165662852257,1.71320010239532,0.192438587667591,0.999998866570966,0.999994427475806,"ya_adult_cogact_freq"
"9338","RNF215","Inh PVALB CA8 (Chandelier)",0.032445587271606,4.53755263029287,0.155120804538146,0.821495994149675,0.999998866570966,0.999994427475806,"ya_adult_cogact_freq"
"9339","SLC35E4","Inh PVALB CA8 (Chandelier)",0.112265042234403,4.32861903412846,1.70079403950289,0.194048289277141,0.999998866570966,0.999994427475806,"ya_adult_cogact_freq"
"9340","OSBP2","Inh PVALB CA8 (Chandelier)",-0.00321021300774689,8.38069972140818,0.00663351183735771,0.935188279960561,0.999998866570966,0.999994427475806,"ya_adult_cogact_freq"
"9341","MORC2","Inh PVALB CA8 (Chandelier)",0.0747742056009576,4.36230338279553,0.692273626563626,0.406626310183574,0.999998866570966,0.999994427475806,"ya_adult_cogact_freq"
"9342","SMTN","Inh PVALB CA8 (Chandelier)",-0.0635322412719492,4.0525680468279,0.305027603992831,0.58151460778672,0.999998866570966,0.999994427475806,"ya_adult_cogact_freq"
"9343","SELENOM","Inh PVALB CA8 (Chandelier)",-0.131365119214185,4.95719354001203,1.33007245636595,0.250504118101512,0.999998866570966,0.999994427475806,"ya_adult_cogact_freq"
"9344","INPP5J","Inh PVALB CA8 (Chandelier)",-0.198537453226076,5.68045783251646,10.8715135314024,0.0012020354018755,0.999998866570966,0.999994427475806,"ya_adult_cogact_freq"
"9345","RNF185","Inh PVALB CA8 (Chandelier)",-0.0731329332602659,5.03530147062989,0.960541487061112,0.328523062348558,0.999998866570966,0.999994427475806,"ya_adult_cogact_freq"
"9346","LIMK2","Inh PVALB CA8 (Chandelier)",0.0753555842037735,4.01074767206705,0.324872759746798,0.569489562245597,0.999998866570966,0.999994427475806,"ya_adult_cogact_freq"
"9347","PIK3IP1","Inh PVALB CA8 (Chandelier)",-0.124509067361242,4.18245085139077,1.47673145434099,0.226068271179867,0.999998866570966,0.999994427475806,"ya_adult_cogact_freq"
"9348","DRG1","Inh PVALB CA8 (Chandelier)",-0.0397685659565357,5.11533058992812,0.482511018726291,0.488289785108068,0.999998866570966,0.999994427475806,"ya_adult_cogact_freq"
"9349","EIF4ENIF1","Inh PVALB CA8 (Chandelier)",-0.0717869370050902,5.23684938686749,1.48347462512895,0.225016227403814,0.999998866570966,0.999994427475806,"ya_adult_cogact_freq"
"9350","SFI1","Inh PVALB CA8 (Chandelier)",0.0331300689456906,5.76110347691086,0.398503163301647,0.528759813140008,0.999998866570966,0.999994427475806,"ya_adult_cogact_freq"
"9351","PISD","Inh PVALB CA8 (Chandelier)",-0.0134490582486309,5.50193050863995,0.0491317467318399,0.824862351047069,0.999998866570966,0.999994427475806,"ya_adult_cogact_freq"
"9352","PRR14L","Inh PVALB CA8 (Chandelier)",0.0250025926003499,6.0609795420558,0.21142567060703,0.646273490320441,0.999998866570966,0.999994427475806,"ya_adult_cogact_freq"
"9353","Z82190.2","Inh PVALB CA8 (Chandelier)",0.113322950878325,3.73338922060473,0.638511856321243,0.425429160080014,0.999998866570966,0.999994427475806,"ya_adult_cogact_freq"
"9354","YWHAH","Inh PVALB CA8 (Chandelier)",-0.0788312314521777,6.17828543330375,0.726142606527143,0.395404028862161,0.999998866570966,0.999994427475806,"ya_adult_cogact_freq"
"9355","SLC5A4-AS1","Inh PVALB CA8 (Chandelier)",0.314803606759696,5.45950185459504,6.59950526236164,0.0111100562595138,0.999998866570966,0.999994427475806,"ya_adult_cogact_freq"
"9356","RTCB","Inh PVALB CA8 (Chandelier)",-0.0453545965830955,4.93376250244875,0.418745721466809,0.518486467006211,0.999998866570966,0.999994427475806,"ya_adult_cogact_freq"
"9357","FBXO7","Inh PVALB CA8 (Chandelier)",-0.0646422644484617,5.02943318980056,0.912667220141865,0.340842037368531,0.999998866570966,0.999994427475806,"ya_adult_cogact_freq"
"9358","SYN3","Inh PVALB CA8 (Chandelier)",-0.0352617061166776,9.49833701122821,0.554191890958974,0.457696717157176,0.999998866570966,0.999994427475806,"ya_adult_cogact_freq"
"9359","TIMP3","Inh PVALB CA8 (Chandelier)",-0.305193844590069,4.53044706606359,5.23576992663116,0.0234297056544962,0.999998866570966,0.999994427475806,"ya_adult_cogact_freq"
"9360","LARGE1","Inh PVALB CA8 (Chandelier)",-0.024179166245285,8.42905102216396,0.484737200212849,0.487289717277164,0.999998866570966,0.999994427475806,"ya_adult_cogact_freq"
"9361","HMGXB4","Inh PVALB CA8 (Chandelier)",-0.0179786337416526,5.38874702896016,0.0893333085631601,0.765412438737427,0.999998866570966,0.999994427475806,"ya_adult_cogact_freq"
"9362","TOM1","Inh PVALB CA8 (Chandelier)",-0.099905262533457,5.15710451883137,2.69582303590278,0.10256625775395,0.999998866570966,0.999994427475806,"ya_adult_cogact_freq"
"9363","RASD2","Inh PVALB CA8 (Chandelier)",0.0996516966393663,5.27197961736574,1.57358986844959,0.21150719350368,0.999998866570966,0.999994427475806,"ya_adult_cogact_freq"
"9364","RBFOX2","Inh PVALB CA8 (Chandelier)",0.0206283789154855,8.85161084233802,0.965659874120594,0.327241543378846,0.999998866570966,0.999994427475806,"ya_adult_cogact_freq"
"9365","APOL2","Inh PVALB CA8 (Chandelier)",-0.0810407324654858,4.27891183259409,0.767574276925706,0.382275702982419,0.999998866570966,0.999994427475806,"ya_adult_cogact_freq"
"9366","MYH9","Inh PVALB CA8 (Chandelier)",-0.05524338704814,4.95332879351566,0.463300869015748,0.497064478631108,0.999998866570966,0.999994427475806,"ya_adult_cogact_freq"
"9367","TXN2","Inh PVALB CA8 (Chandelier)",-0.147583393683472,4.38085840973316,2.11798243696187,0.147528107656865,0.999998866570966,0.999994427475806,"ya_adult_cogact_freq"
"9368","FOXRED2","Inh PVALB CA8 (Chandelier)",-0.124988945023276,4.16101623812891,1.51518428980004,0.220147535329689,0.999998866570966,0.999994427475806,"ya_adult_cogact_freq"
"9369","EIF3D","Inh PVALB CA8 (Chandelier)",0.037668124099093,4.12607597635934,0.182585223123515,0.735758467466817,0.999998866570966,0.999994427475806,"ya_adult_cogact_freq"
"9370","CACNG2","Inh PVALB CA8 (Chandelier)",0.0571910656864898,8.29047349362103,2.19058861296728,0.14081325069454,0.999998866570966,0.999994427475806,"ya_adult_cogact_freq"
"9371","AL049749.1","Inh PVALB CA8 (Chandelier)",0.00339250400025077,4.43404417145276,0.00100907435917956,0.974698119198955,0.999998866570966,0.999994427475806,"ya_adult_cogact_freq"
"9372","IFT27","Inh PVALB CA8 (Chandelier)",-0.0124824288461402,4.53045040066919,0.0225586456480988,0.966259275575481,0.999998866570966,0.999994427475806,"ya_adult_cogact_freq"
"9373","PVALB","Inh PVALB CA8 (Chandelier)",-0.0666218805953252,6.7150804631786,0.612020121432156,0.435178969742289,0.999998866570966,0.999994427475806,"ya_adult_cogact_freq"
"9374","KCTD17","Inh PVALB CA8 (Chandelier)",-0.0333784535711572,4.25442635502934,0.121765361613127,0.727584246002487,0.999998866570966,0.999994427475806,"ya_adult_cogact_freq"
"9375","ELFN2","Inh PVALB CA8 (Chandelier)",-0.00827597563443108,6.42955152966296,0.0241887884529511,0.87660062257968,0.999998866570966,0.999994427475806,"ya_adult_cogact_freq"
"9376","GGA1","Inh PVALB CA8 (Chandelier)",0.0163907545337291,5.18899709417662,0.0749288663159984,0.897002043516078,0.999998866570966,0.999994427475806,"ya_adult_cogact_freq"
"9377","TRIOBP","Inh PVALB CA8 (Chandelier)",-0.122743346143313,3.77515718364169,0.838352801048593,0.361239654036784,0.999998866570966,0.999994427475806,"ya_adult_cogact_freq"
"9378","H1F0","Inh PVALB CA8 (Chandelier)",-0.0211883563548883,5.16443764243032,0.0507800981913944,0.821997561309594,0.999998866570966,0.999994427475806,"ya_adult_cogact_freq"
"9379","ANKRD54","Inh PVALB CA8 (Chandelier)",0.0678672378400907,4.16207538640584,0.669125225147775,0.41456750551722,0.999998866570966,0.999994427475806,"ya_adult_cogact_freq"
"9380","EIF3L","Inh PVALB CA8 (Chandelier)",0.0881429920260655,5.48474267910309,1.82700880989799,0.178380019906262,0.999998866570966,0.999994427475806,"ya_adult_cogact_freq"
"9381","POLR2F","Inh PVALB CA8 (Chandelier)",0.0748649532585068,5.58515386275498,1.79099430732679,0.182694758989991,0.999998866570966,0.999994427475806,"ya_adult_cogact_freq"
"9382","PICK1","Inh PVALB CA8 (Chandelier)",-0.0541990824386826,4.74520203264295,0.514221502663115,0.474357652192009,0.999998866570966,0.999994427475806,"ya_adult_cogact_freq"
"9383","BAIAP2L2","Inh PVALB CA8 (Chandelier)",-0.157043422429421,3.77568486669158,1.48940143509824,0.224096431395167,0.999998866570966,0.999994427475806,"ya_adult_cogact_freq"
"9384","TMEM184B","Inh PVALB CA8 (Chandelier)",-0.0635759332738202,6.26183743574093,1.98363009697798,0.160939494170989,0.999998866570966,0.999994427475806,"ya_adult_cogact_freq"
"9385","CSNK1E","Inh PVALB CA8 (Chandelier)",0.0789430152828611,5.56892905437216,1.25739349811951,0.263817188934954,0.999998866570966,0.999994427475806,"ya_adult_cogact_freq"
"9386","TPTEP2-CSNK1E","Inh PVALB CA8 (Chandelier)",-0.0400176326471298,6.03807105794747,0.517570432112311,0.472924412823695,0.999998866570966,0.999994427475806,"ya_adult_cogact_freq"
"9387","KCNJ4","Inh PVALB CA8 (Chandelier)",0.0349129121556497,5.34030866578008,0.210664588381688,0.646866956727694,0.999998866570966,0.999994427475806,"ya_adult_cogact_freq"
"9388","DDX17","Inh PVALB CA8 (Chandelier)",0.0111132059112483,8.4295707275117,0.171966136517383,0.97046098253635,0.999998866570966,0.999994427475806,"ya_adult_cogact_freq"
"9389","FAM227A","Inh PVALB CA8 (Chandelier)",0.0654493478548323,4.15627258301393,0.408467530813398,0.523657921143186,0.999998866570966,0.999994427475806,"ya_adult_cogact_freq"
"9390","CBY1","Inh PVALB CA8 (Chandelier)",-0.118517647732752,4.74327367315781,2.12781339222482,0.146597955440361,0.999998866570966,0.999994427475806,"ya_adult_cogact_freq"
"9391","JOSD1","Inh PVALB CA8 (Chandelier)",0.00917872290411833,5.07840772801129,0.017928074103063,0.899628411105024,0.999998866570966,0.999994427475806,"ya_adult_cogact_freq"
"9392","GTPBP1","Inh PVALB CA8 (Chandelier)",0.0624912530459402,4.20785604904423,0.470323272525885,0.493826275949588,0.999998866570966,0.999994427475806,"ya_adult_cogact_freq"
"9393","SUN2","Inh PVALB CA8 (Chandelier)",0.025020477685311,4.41485595358486,0.0691053400819745,0.792980474792015,0.999998866570966,0.999994427475806,"ya_adult_cogact_freq"
"9394","NPTXR","Inh PVALB CA8 (Chandelier)",0.0208694589882967,6.56645759259328,0.136531179011594,0.712240386638976,0.999998866570966,0.999994427475806,"ya_adult_cogact_freq"
"9395","CBX6","Inh PVALB CA8 (Chandelier)",0.036513632871016,6.11862531423734,0.342886238357136,0.558989039234713,0.999998866570966,0.999994427475806,"ya_adult_cogact_freq"
"9396","CBX7","Inh PVALB CA8 (Chandelier)",0.0087924060985143,5.53708465529354,0.0192740106491859,0.889757553477235,0.999998866570966,0.999994427475806,"ya_adult_cogact_freq"
"9397","RPL3","Inh PVALB CA8 (Chandelier)",-0.134025192953235,4.69592322475173,1.65508777868776,0.200117416904634,0.999998866570966,0.999994427475806,"ya_adult_cogact_freq"
"9398","SYNGR1","Inh PVALB CA8 (Chandelier)",0.0138251255819887,6.79154107130431,0.121355445567752,0.740362055215864,0.999998866570966,0.999994427475806,"ya_adult_cogact_freq"
"9399","TAB1","Inh PVALB CA8 (Chandelier)",0.00274966046971322,5.2000966861422,0.00175686079117427,0.966618531162227,0.999998866570966,0.999994427475806,"ya_adult_cogact_freq"
"9400","MGAT3","Inh PVALB CA8 (Chandelier)",0.0822174559678869,5.85820432400799,2.02120702739419,0.157052855904861,0.999998866570966,0.999994427475806,"ya_adult_cogact_freq"
"9401","ATF4","Inh PVALB CA8 (Chandelier)",-0.0331862048517168,5.01257387089925,0.137123712012109,0.711644755870636,0.999998866570966,0.999994427475806,"ya_adult_cogact_freq"
"9402","RPS19BP1","Inh PVALB CA8 (Chandelier)",-0.0500997498380728,3.96530263829449,0.161553415039332,0.68826418222401,0.999998866570966,0.999994427475806,"ya_adult_cogact_freq"
"9403","CACNA1I","Inh PVALB CA8 (Chandelier)",-0.0331093719393873,4.90363791371731,0.130452913208451,0.71843710704633,0.999998866570966,0.999994427475806,"ya_adult_cogact_freq"
"9404","TNRC6B","Inh PVALB CA8 (Chandelier)",0.040087502654643,9.15994456379619,2.36729011837518,0.125867878684767,0.999998866570966,0.999994427475806,"ya_adult_cogact_freq"
"9405","MKL1","Inh PVALB CA8 (Chandelier)",0.0378250879472679,7.20095011991611,0.922032069809005,0.338383926670976,0.999998866570966,0.999994427475806,"ya_adult_cogact_freq"
"9406","SLC25A17","Inh PVALB CA8 (Chandelier)",-0.00700421097108174,5.13862514637518,0.0115519279822057,0.992899725962693,0.999998866570966,0.999994427475806,"ya_adult_cogact_freq"
"9407","ST13","Inh PVALB CA8 (Chandelier)",0.0442898842072234,5.72580674300863,0.490507211162652,0.48471346085467,0.999998866570966,0.999994427475806,"ya_adult_cogact_freq"
"9408","XPNPEP3","Inh PVALB CA8 (Chandelier)",0.0159569506204945,4.96489963042555,0.0577938847928572,0.927230829409212,0.999998866570966,0.999994427475806,"ya_adult_cogact_freq"
"9409","RBX1","Inh PVALB CA8 (Chandelier)",0.00376642776386266,5.56616047644391,0.00503873840245544,0.943498658795835,0.999998866570966,0.999994427475806,"ya_adult_cogact_freq"
"9410","EP300","Inh PVALB CA8 (Chandelier)",0.0249658184109611,6.68275468282784,0.501086039087037,0.480048313354481,0.999998866570966,0.999994427475806,"ya_adult_cogact_freq"
"9411","L3MBTL2","Inh PVALB CA8 (Chandelier)",-0.0483177481562868,4.34496862267541,0.353650642659695,0.552889872012658,0.999998866570966,0.999994427475806,"ya_adult_cogact_freq"
"9412","RANGAP1","Inh PVALB CA8 (Chandelier)",-0.0159899653612658,5.3460230453526,0.0541931096756555,0.81621738127135,0.999998866570966,0.999994427475806,"ya_adult_cogact_freq"
"9413","ZC3H7B","Inh PVALB CA8 (Chandelier)",0.00246715079590357,5.52508848026487,0.00171158187000923,0.967051253049724,0.999998866570966,0.999994427475806,"ya_adult_cogact_freq"
"9414","TEF","Inh PVALB CA8 (Chandelier)",-0.00553495475637064,5.25248736529687,0.00820586791489016,0.927934126929669,0.999998866570966,0.999994427475806,"ya_adult_cogact_freq"
"9415","TOB2","Inh PVALB CA8 (Chandelier)",0.0728341032914273,4.92124231605642,1.08274830412719,0.299645912274858,0.999998866570966,0.999994427475806,"ya_adult_cogact_freq"
"9416","ACO2","Inh PVALB CA8 (Chandelier)",-0.00470206702376975,6.47281045562977,0.011988037194,0.912950486128163,0.999998866570966,0.999994427475806,"ya_adult_cogact_freq"
"9417","CSDC2","Inh PVALB CA8 (Chandelier)",-0.0829193940750446,4.60308652873003,0.6955252503026,0.405528827004274,0.999998866570966,0.999994427475806,"ya_adult_cogact_freq"
"9418","DESI1","Inh PVALB CA8 (Chandelier)",0.0152299507305542,5.02503698361258,0.0519291966021471,0.921862454636285,0.999998866570966,0.999994427475806,"ya_adult_cogact_freq"
"9419","XRCC6","Inh PVALB CA8 (Chandelier)",-0.0542869902829832,5.61972604320741,0.904310750527417,0.361164758119448,0.999998866570966,0.999994427475806,"ya_adult_cogact_freq"
"9420","SNU13","Inh PVALB CA8 (Chandelier)",-0.10214383056554,5.29818500907098,1.4318321101689,0.233227332318719,0.999998866570966,0.999994427475806,"ya_adult_cogact_freq"
"9421","SREBF2","Inh PVALB CA8 (Chandelier)",-0.0288288013928008,7.15254684318142,0.321612145052004,0.571431408406118,0.999998866570966,0.999994427475806,"ya_adult_cogact_freq"
"9422","SEPT3","Inh PVALB CA8 (Chandelier)",0.0318988196930332,5.73544042125433,0.319793356273707,0.572520245947892,0.999998866570966,0.999994427475806,"ya_adult_cogact_freq"
"9423","WBP2NL","Inh PVALB CA8 (Chandelier)",0.0385418535887167,5.01457005926316,0.204619807982857,0.651627215718114,0.999998866570966,0.999994427475806,"ya_adult_cogact_freq"
"9424","SMDT1","Inh PVALB CA8 (Chandelier)",-0.0177116927179507,4.1164177543965,0.0262127837551996,0.871585051654357,0.999998866570966,0.999994427475806,"ya_adult_cogact_freq"
"9425","NDUFA6","Inh PVALB CA8 (Chandelier)",-0.109632571306956,4.23739937587047,0.90680528933506,0.342393007748041,0.999998866570966,0.999994427475806,"ya_adult_cogact_freq"
"9426","TCF20","Inh PVALB CA8 (Chandelier)",0.0159295152812671,7.17134896228152,0.179558995125882,0.672318913085137,0.999998866570966,0.999994427475806,"ya_adult_cogact_freq"
"9427","RRP7A","Inh PVALB CA8 (Chandelier)",-0.0339062667336394,4.21356076997962,0.117861378008349,0.731814208031897,0.999998866570966,0.999994427475806,"ya_adult_cogact_freq"
"9428","POLDIP3","Inh PVALB CA8 (Chandelier)",0.033688934690324,4.37795644956966,0.169493406338367,0.775797712789259,0.999998866570966,0.999994427475806,"ya_adult_cogact_freq"
"9429","CYB5R3","Inh PVALB CA8 (Chandelier)",-0.0695971481883491,4.65480248485899,0.782050075561059,0.377835539537888,0.999998866570966,0.999994427475806,"ya_adult_cogact_freq"
"9430","ARFGAP3","Inh PVALB CA8 (Chandelier)",-0.08163837242406,5.34227299346632,1.21710338544424,0.271578535782088,0.999998866570966,0.999994427475806,"ya_adult_cogact_freq"
"9431","PACSIN2","Inh PVALB CA8 (Chandelier)",-0.0198470784070909,6.10999925924278,0.0824940596997999,0.774315435746835,0.999998866570966,0.999994427475806,"ya_adult_cogact_freq"
"9432","TTLL1","Inh PVALB CA8 (Chandelier)",0.000699597564023041,4.38441330699038,0.00012107263040629,0.991234455891587,0.999998866570966,0.999994427475806,"ya_adult_cogact_freq"
"9433","MPPED1","Inh PVALB CA8 (Chandelier)",-0.0646749009509203,4.91976908247843,0.465502268354292,0.496045505782612,0.999998866570966,0.999994427475806,"ya_adult_cogact_freq"
"9434","EFCAB6","Inh PVALB CA8 (Chandelier)",0.0249538577182224,5.56887099008382,0.113946101922385,0.736135857487472,0.999998866570966,0.999994427475806,"ya_adult_cogact_freq"
"9435","SULT4A1","Inh PVALB CA8 (Chandelier)",-0.123384231688958,6.30304858154769,4.8233503153206,0.0295086989311628,0.999998866570966,0.999994427475806,"ya_adult_cogact_freq"
"9436","SAMM50","Inh PVALB CA8 (Chandelier)",0.00324344323224379,4.2391475995061,0.00123913133059637,0.971962897075755,0.999998866570966,0.999994427475806,"ya_adult_cogact_freq"
"9437","PARVB","Inh PVALB CA8 (Chandelier)",-0.00997555389501559,5.06550597493018,0.0163645159880247,0.898369101826513,0.999998866570966,0.999994427475806,"ya_adult_cogact_freq"
"9438","SHISAL1","Inh PVALB CA8 (Chandelier)",-0.0349071549517568,4.64620972150321,0.134064628347442,0.714735752818996,0.999998866570966,0.999994427475806,"ya_adult_cogact_freq"
"9439","PHF21B","Inh PVALB CA8 (Chandelier)",0.08182902506192,4.25976357974993,0.393793937169191,0.531202155678339,0.999998866570966,0.999994427475806,"ya_adult_cogact_freq"
"9440","NUP50-DT","Inh PVALB CA8 (Chandelier)",0.0679051228106755,6.3284700043501,2.0399675383463,0.155152774002274,0.999998866570966,0.999994427475806,"ya_adult_cogact_freq"
"9441","NUP50","Inh PVALB CA8 (Chandelier)",-0.0215263620425593,4.56473942398133,0.0792260055502887,0.778711025115112,0.999998866570966,0.999994427475806,"ya_adult_cogact_freq"
"9442","KIAA0930","Inh PVALB CA8 (Chandelier)",-0.0855745455841392,6.59362065036481,2.99768054946623,0.0853022150156828,0.999998866570966,0.999994427475806,"ya_adult_cogact_freq"
"9443","FAM118A","Inh PVALB CA8 (Chandelier)",-0.0542882405484041,4.46416000267605,0.220440209804655,0.639340876620833,0.999998866570966,0.999994427475806,"ya_adult_cogact_freq"
"9444","ATXN10","Inh PVALB CA8 (Chandelier)",-0.0471725249647847,7.36064806635811,2.16917645991839,0.142756749077708,0.999998866570966,0.999994427475806,"ya_adult_cogact_freq"
"9445","MIRLET7BHG","Inh PVALB CA8 (Chandelier)",-0.0278350875132092,6.92882558822566,0.271339706345849,0.603151233716866,0.999998866570966,0.999994427475806,"ya_adult_cogact_freq"
"9446","PPARA","Inh PVALB CA8 (Chandelier)",0.00564055636181494,6.24351415253867,0.0114086029839064,0.915072043086734,0.999998866570966,0.999994427475806,"ya_adult_cogact_freq"
"9447","TRMU","Inh PVALB CA8 (Chandelier)",0.00731915836042155,4.76336820753348,0.00772325805311953,0.930079781705843,0.999998866570966,0.999994427475806,"ya_adult_cogact_freq"
"9448","GRAMD4","Inh PVALB CA8 (Chandelier)",0.00082743768079189,5.34175378135264,0.000209655175107297,0.988465408130224,0.999998866570966,0.999994427475806,"ya_adult_cogact_freq"
"9449","CERK","Inh PVALB CA8 (Chandelier)",-0.0260768995005423,5.69549666179566,0.26208260996254,0.609395494285354,0.999998866570966,0.999994427475806,"ya_adult_cogact_freq"
"9450","TBC1D22A","Inh PVALB CA8 (Chandelier)",-0.00329645513043573,6.66678342492501,0.00365895691642687,0.951841058591535,0.999998866570966,0.999994427475806,"ya_adult_cogact_freq"
"9451","FAM19A5","Inh PVALB CA8 (Chandelier)",0.0302613989150367,8.00772047790003,0.562952457353817,0.454169787123735,0.999998866570966,0.999994427475806,"ya_adult_cogact_freq"
"9452","BRD1","Inh PVALB CA8 (Chandelier)",0.00441946931760284,5.60025765635646,0.00684748915151313,0.988590574175603,0.999998866570966,0.999994427475806,"ya_adult_cogact_freq"
"9453","ZBED4","Inh PVALB CA8 (Chandelier)",0.0384964970076428,4.90150895988857,0.333102993534922,0.564644962663737,0.999998866570966,0.999994427475806,"ya_adult_cogact_freq"
"9454","CRELD2","Inh PVALB CA8 (Chandelier)",-0.201899681892354,4.12023633573862,3.44111381977445,0.0654241530190598,0.999998866570966,0.999994427475806,"ya_adult_cogact_freq"
"9455","PIM3","Inh PVALB CA8 (Chandelier)",-0.0678228088504976,4.09282108553528,0.35877920457851,0.550028121725173,0.999998866570966,0.999994427475806,"ya_adult_cogact_freq"
"9456","PANX2","Inh PVALB CA8 (Chandelier)",0.0271768384560879,4.45544808030913,0.0882575266123469,0.76678765039206,0.999998866570966,0.999994427475806,"ya_adult_cogact_freq"
"9457","TRABD","Inh PVALB CA8 (Chandelier)",0.0591058791554102,4.49000887158638,0.394215777112708,0.53098254790312,0.999998866570966,0.999994427475806,"ya_adult_cogact_freq"
"9458","SELENOO","Inh PVALB CA8 (Chandelier)",-0.00133471569851528,6.2219842782321,0.00096313605546689,0.975280573771629,0.999998866570966,0.999994427475806,"ya_adult_cogact_freq"
"9459","TUBGCP6","Inh PVALB CA8 (Chandelier)",0.0441503506023943,4.64952733842985,0.236313563191278,0.627543385945451,0.999998866570966,0.999994427475806,"ya_adult_cogact_freq"
"9460","HDAC10","Inh PVALB CA8 (Chandelier)",-0.0231919275521569,4.28011824998421,0.0612699289571302,0.804815757033509,0.999998866570966,0.999994427475806,"ya_adult_cogact_freq"
"9461","PLXNB2","Inh PVALB CA8 (Chandelier)",0.0718633872013678,4.14022862034114,0.555052093138124,0.457348490879026,0.999998866570966,0.999994427475806,"ya_adult_cogact_freq"
"9462","DENND6B","Inh PVALB CA8 (Chandelier)",-0.0506187431918086,5.27419177038795,0.59914490477983,0.44004127281763,0.999998866570966,0.999994427475806,"ya_adult_cogact_freq"
"9463","PPP6R2","Inh PVALB CA8 (Chandelier)",-0.0450951742923618,7.02263087715926,1.10898955714102,0.293881913512415,0.999998866570966,0.999994427475806,"ya_adult_cogact_freq"
"9464","SBF1","Inh PVALB CA8 (Chandelier)",0.0653610883330608,4.2029595745268,0.550457987844972,0.459213160917915,0.999998866570966,0.999994427475806,"ya_adult_cogact_freq"
"9465","LMF2","Inh PVALB CA8 (Chandelier)",-0.188862337651063,4.04194754099678,3.78174430667134,0.0535598329458486,0.999998866570966,0.999994427475806,"ya_adult_cogact_freq"
"9466","MAPK8IP2","Inh PVALB CA8 (Chandelier)",0.0456068544798506,5.74056624874841,0.576969423978581,0.448615051636,0.999998866570966,0.999994427475806,"ya_adult_cogact_freq"
"9467","SHANK3","Inh PVALB CA8 (Chandelier)",-0.108290877781822,5.08860581143212,2.65251975350121,0.105343953054809,0.999998866570966,0.999994427475806,"ya_adult_cogact_freq"
"9468","RABL2B","Inh PVALB CA8 (Chandelier)",-0.0247658819226829,4.65539188882438,0.0939998027765221,0.759549245823504,0.999998866570966,0.999994427475806,"ya_adult_cogact_freq"
"9469","CU633967.1","Inh PVALB CA8 (Chandelier)",-0.404816673206121,3.55582369208938,4.37093002049208,0.0381302037080714,0.999998866570966,0.999994427475806,"ya_adult_cogact_freq"
"9470","FP475955.1","Inh PVALB CA8 (Chandelier)",-0.102557620257432,4.37625487585696,0.376903769159357,0.540132713330899,0.999998866570966,0.999994427475806,"ya_adult_cogact_freq"
"9471","FP671120.1","Inh PVALB CA8 (Chandelier)",0.192751105970156,7.0561120294714,2.03107119802172,0.156050501906167,0.999998866570966,0.999994427475806,"ya_adult_cogact_freq"
"9472","FP236383.1","Inh PVALB CA8 (Chandelier)",0.225215630903889,6.48869744964453,2.89043375692637,0.0910407221833886,0.999998866570966,0.999994427475806,"ya_adult_cogact_freq"
"9473","CR381653.1","Inh PVALB CA8 (Chandelier)",0.0567609721824967,4.10254946180988,0.185550554948678,0.667222913614188,0.999998866570966,0.999994427475806,"ya_adult_cogact_freq"
"9474","AP001347.1","Inh PVALB CA8 (Chandelier)",0.143194537211922,6.07877276209997,2.48885248013853,0.116620980191682,0.999998866570966,0.999994427475806,"ya_adult_cogact_freq"
"9475","RBM11","Inh PVALB CA8 (Chandelier)",0.0793151803501694,3.92337887787732,0.48625640557335,0.486609201822606,0.999998866570966,0.999994427475806,"ya_adult_cogact_freq"
"9476","HSPA13","Inh PVALB CA8 (Chandelier)",-0.0577113671628819,5.01425704540693,0.561264156657662,0.454846133852985,0.999998866570966,0.999994427475806,"ya_adult_cogact_freq"
"9477","NRIP1","Inh PVALB CA8 (Chandelier)",-0.0289008326017628,5.32108485604675,0.129968274024771,0.718938168565042,0.999998866570966,0.999994427475806,"ya_adult_cogact_freq"
"9478","USP25","Inh PVALB CA8 (Chandelier)",0.042551460713281,6.56683513386377,1.03055156485566,0.31155452066047,0.999998866570966,0.999994427475806,"ya_adult_cogact_freq"
"9479","MIR99AHG","Inh PVALB CA8 (Chandelier)",0.0161229609900526,8.92467236821081,0.151897860006601,0.697244087528377,0.999998866570966,0.999994427475806,"ya_adult_cogact_freq"
"9480","CXADR","Inh PVALB CA8 (Chandelier)",-0.0503507958200857,6.19846349802246,0.64617264831661,0.422671394532195,0.999998866570966,0.999994427475806,"ya_adult_cogact_freq"
"9481","BTG3","Inh PVALB CA8 (Chandelier)",-0.0786777331388181,4.57208013171666,0.615534717054853,0.43386600957224,0.999998866570966,0.999994427475806,"ya_adult_cogact_freq"
"9482","NCAM2","Inh PVALB CA8 (Chandelier)",0.0889816536584316,7.7686320246778,1.18883884942861,0.277195451714071,0.999998866570966,0.999994427475806,"ya_adult_cogact_freq"
"9483","AP001341.1","Inh PVALB CA8 (Chandelier)",0.193692493818711,3.88238669115085,1.33796434151087,0.249109169700525,0.999998866570966,0.999994427475806,"ya_adult_cogact_freq"
"9484","LINC00158","Inh PVALB CA8 (Chandelier)",0.0692789220494728,4.2636381423858,0.403394774133978,0.52624418023098,0.999998866570966,0.999994427475806,"ya_adult_cogact_freq"
"9485","MRPL39","Inh PVALB CA8 (Chandelier)",0.0298305889326332,4.05931456777998,0.106433623416114,0.744665820650466,0.999998866570966,0.999994427475806,"ya_adult_cogact_freq"
"9486","JAM2","Inh PVALB CA8 (Chandelier)",-0.15347814055897,3.47149655071802,0.948312864260141,0.331612087182641,0.999998866570966,0.999994427475806,"ya_adult_cogact_freq"
"9487","ATP5PF","Inh PVALB CA8 (Chandelier)",-0.0962202222973325,5.35590604263981,1.44890487798194,0.230473161847246,0.999998866570966,0.999994427475806,"ya_adult_cogact_freq"
"9488","GABPA","Inh PVALB CA8 (Chandelier)",0.0230912539484301,4.65124020950721,0.0856538032999676,0.77015430850518,0.999998866570966,0.999994427475806,"ya_adult_cogact_freq"
"9489","APP","Inh PVALB CA8 (Chandelier)",-0.0361874353271138,9.21688364660067,1.28205506796513,0.259203262877244,0.999998866570966,0.999994427475806,"ya_adult_cogact_freq"
"9490","AP000229.1","Inh PVALB CA8 (Chandelier)",-0.068962133172301,4.30333890913719,0.420942851282121,0.51739268376762,0.999998866570966,0.999994427475806,"ya_adult_cogact_freq"
"9491","CYYR1-AS1","Inh PVALB CA8 (Chandelier)",0.0366264813602834,3.95105664909531,0.06919677642761,0.792846708075549,0.999998866570966,0.999994427475806,"ya_adult_cogact_freq"
"9492","CYYR1","Inh PVALB CA8 (Chandelier)",-0.00149689889954968,5.13138122477987,0.000234922751529885,0.987790155354859,0.999998866570966,0.999994427475806,"ya_adult_cogact_freq"
"9493","ADAMTS5","Inh PVALB CA8 (Chandelier)",-0.0300191991412227,5.50731336911354,0.101133970194495,0.750885759968132,0.999998866570966,0.999994427475806,"ya_adult_cogact_freq"
"9494","LINC01695","Inh PVALB CA8 (Chandelier)",0.00607213304608179,3.66651099284439,0.00184923975773646,0.965752675280806,0.999998866570966,0.999994427475806,"ya_adult_cogact_freq"
"9495","AF165147.1","Inh PVALB CA8 (Chandelier)",-0.0196893142635747,5.23016596153758,0.0453145898736967,0.831696306052507,0.999998866570966,0.999994427475806,"ya_adult_cogact_freq"
"9496","LTN1","Inh PVALB CA8 (Chandelier)",-0.0119929349057243,5.77324823060938,0.0573342275366961,0.811065025149095,0.999998866570966,0.999994427475806,"ya_adult_cogact_freq"
"9497","USP16","Inh PVALB CA8 (Chandelier)",-0.0387969935662371,5.38328299975521,0.472601849080457,0.492783208669045,0.999998866570966,0.999994427475806,"ya_adult_cogact_freq"
"9498","CCT8","Inh PVALB CA8 (Chandelier)",-0.00758410954646691,5.00671371079738,0.0114368611777006,0.914967330606745,0.999998866570966,0.999994427475806,"ya_adult_cogact_freq"
"9499","BACH1","Inh PVALB CA8 (Chandelier)",-0.0573062580828894,6.38895538713222,1.03805433531672,0.309805218826365,0.999998866570966,0.999994427475806,"ya_adult_cogact_freq"
"9500","GRIK1","Inh PVALB CA8 (Chandelier)",-0.0102763428732032,9.07292772846763,0.0349666230023074,0.851901392829606,0.999998866570966,0.999994427475806,"ya_adult_cogact_freq"
"9501","TIAM1","Inh PVALB CA8 (Chandelier)",0.00756182019557371,10.0454805158812,0.0664344749109775,0.79693037241108,0.999998866570966,0.999994427475806,"ya_adult_cogact_freq"
"9502","SOD1","Inh PVALB CA8 (Chandelier)",-0.0959612166269994,5.86027655142278,1.36055325856212,0.245169026498952,0.999998866570966,0.999994427475806,"ya_adult_cogact_freq"
"9503","SCAF4","Inh PVALB CA8 (Chandelier)",0.0221984050379846,5.46876642958329,0.160125983817706,0.689571764105648,0.999998866570966,0.999994427475806,"ya_adult_cogact_freq"
"9504","HUNK","Inh PVALB CA8 (Chandelier)",0.016269603232771,7.62146508937724,0.100165119117793,0.752042144676565,0.999998866570966,0.999994427475806,"ya_adult_cogact_freq"
"9505","LINC00159","Inh PVALB CA8 (Chandelier)",-0.0110064588466242,5.27417910270171,0.0151259406086992,0.90227056459647,0.999998866570966,0.999994427475806,"ya_adult_cogact_freq"
"9506","URB1","Inh PVALB CA8 (Chandelier)",0.0609286756605349,4.97062514184638,0.79642439981738,0.373498420127577,0.999998866570966,0.999994427475806,"ya_adult_cogact_freq"
"9507","EVA1C","Inh PVALB CA8 (Chandelier)",0.022819491555838,6.09808431201373,0.131388968923992,0.717472304823741,0.999998866570966,0.999994427475806,"ya_adult_cogact_freq"
"9508","SYNJ1","Inh PVALB CA8 (Chandelier)",0.0347264879928515,6.40189995848165,0.624982533216066,0.430366395665796,0.999998866570966,0.999994427475806,"ya_adult_cogact_freq"
"9509","PAXBP1-AS1","Inh PVALB CA8 (Chandelier)",0.145146268096981,3.9248120676013,1.38168142264267,0.24155283559539,0.999998866570966,0.999994427475806,"ya_adult_cogact_freq"
"9510","PAXBP1","Inh PVALB CA8 (Chandelier)",0.0785758629544165,6.12442179661755,2.98621872655104,0.0858962149180691,0.999998866570966,0.999994427475806,"ya_adult_cogact_freq"
"9511","C21orf62-AS1","Inh PVALB CA8 (Chandelier)",0.0362272669949293,4.11427884578229,0.104702021860762,0.746678905305599,0.999998866570966,0.999994427475806,"ya_adult_cogact_freq"
"9512","IFNAR1","Inh PVALB CA8 (Chandelier)",0.110110896329175,5.34459796237072,3.43601609494697,0.0656218615606639,0.999998866570966,0.999994427475806,"ya_adult_cogact_freq"
"9513","IFNGR2","Inh PVALB CA8 (Chandelier)",-0.143124830673079,5.34600350492277,5.80662126004834,0.0170953823835411,0.999998866570966,0.999994427475806,"ya_adult_cogact_freq"
"9514","TMEM50B","Inh PVALB CA8 (Chandelier)",0.0353880836421617,6.11015561066046,0.525044109444358,0.469751151116477,0.999998866570966,0.999994427475806,"ya_adult_cogact_freq"
"9515","GART","Inh PVALB CA8 (Chandelier)",0.0480138378057058,4.96442264392315,0.520806774663283,0.471546034238924,0.999998866570966,0.999994427475806,"ya_adult_cogact_freq"
"9516","SON","Inh PVALB CA8 (Chandelier)",0.0558066613119001,7.35835938294259,1.81557114946324,0.179737311876098,0.999998866570966,0.999994427475806,"ya_adult_cogact_freq"
"9517","DONSON","Inh PVALB CA8 (Chandelier)",0.133961665447432,4.07510464512583,1.51005586823149,0.220926279297826,0.999998866570966,0.999994427475806,"ya_adult_cogact_freq"
"9518","AP000311.1","Inh PVALB CA8 (Chandelier)",-0.183254023271546,4.78546755058615,2.40290114548939,0.123076818024584,0.999998866570966,0.999994427475806,"ya_adult_cogact_freq"
"9519","ITSN1","Inh PVALB CA8 (Chandelier)",-0.0112547754014441,8.32187526070357,0.162517424459022,0.687384906728191,0.999998866570966,0.999994427475806,"ya_adult_cogact_freq"
"9520","MRPS6","Inh PVALB CA8 (Chandelier)",-0.0117630692073826,6.16319277865863,0.0305709448314232,0.861421050751039,0.999998866570966,0.999994427475806,"ya_adult_cogact_freq"
"9521","LINC00310","Inh PVALB CA8 (Chandelier)",0.0194494756086748,4.24123057540364,0.0339123936947973,0.854125369297725,0.999998866570966,0.999994427475806,"ya_adult_cogact_freq"
"9522","AP000317.1","Inh PVALB CA8 (Chandelier)",-0.136559499689569,4.47905535070762,1.54083344209141,0.216301924460451,0.999998866570966,0.999994427475806,"ya_adult_cogact_freq"
"9523","RCAN1","Inh PVALB CA8 (Chandelier)",0.0183857857917957,5.55224900609995,0.0876724183192737,0.767539449503562,0.999998866570966,0.999994427475806,"ya_adult_cogact_freq"
"9524","RUNX1","Inh PVALB CA8 (Chandelier)",0.180811123354668,5.59667732973881,4.33558123796319,0.0389076741759191,0.999998866570966,0.999994427475806,"ya_adult_cogact_freq"
"9525","SETD4","Inh PVALB CA8 (Chandelier)",0.0619168801525329,4.98624991703305,0.817125856628842,0.367374391510406,0.999998866570966,0.999994427475806,"ya_adult_cogact_freq"
"9526","CBR1","Inh PVALB CA8 (Chandelier)",-0.136036258305506,3.98102287488984,1.71739665675144,0.208401388184248,0.999998866570966,0.999994427475806,"ya_adult_cogact_freq"
"9527","CBR3","Inh PVALB CA8 (Chandelier)",-0.0582996264708425,3.81586569481519,0.186077918396347,0.666779071218782,0.999998866570966,0.999994427475806,"ya_adult_cogact_freq"
"9528","DOPEY2","Inh PVALB CA8 (Chandelier)",0.00120265333325782,6.15085210931307,0.000505062420439902,0.982098045352472,0.999998866570966,0.999994427475806,"ya_adult_cogact_freq"
"9529","MORC3","Inh PVALB CA8 (Chandelier)",-0.00750024428054195,6.16158970344676,0.025671861402518,0.872905445012406,0.999998866570966,0.999994427475806,"ya_adult_cogact_freq"
"9530","HLCS","Inh PVALB CA8 (Chandelier)",-0.0137052611974334,7.58614991047906,0.115422144729221,0.734497022850825,0.999998866570966,0.999994427475806,"ya_adult_cogact_freq"
"9531","PIGP","Inh PVALB CA8 (Chandelier)",0.032579688936677,3.95461902575156,0.082669411697533,0.774082270303975,0.999998866570966,0.999994427475806,"ya_adult_cogact_freq"
"9532","TTC3","Inh PVALB CA8 (Chandelier)",-0.00045494181287109,9.16831336956905,0.000242827426807162,0.987586453029239,0.999998866570966,0.999994427475806,"ya_adult_cogact_freq"
"9533","VPS26C","Inh PVALB CA8 (Chandelier)",0.0413635296149894,5.21341977160877,0.466798197306524,0.495447304134142,0.999998866570966,0.999994427475806,"ya_adult_cogact_freq"
"9534","DYRK1A","Inh PVALB CA8 (Chandelier)",0.0068652787583918,7.5842498408094,0.0310420491905233,0.860368353702211,0.999998866570966,0.999994427475806,"ya_adult_cogact_freq"
"9535","KCNJ6","Inh PVALB CA8 (Chandelier)",-0.00469128448181859,8.8695057593813,0.0153355937567298,0.901599058321827,0.999998866570966,0.999994427475806,"ya_adult_cogact_freq"
"9536","BRWD1","Inh PVALB CA8 (Chandelier)",0.0443994263448844,7.78799620449114,2.19573135227257,0.140350941414739,0.999998866570966,0.999994427475806,"ya_adult_cogact_freq"
"9537","HMGN1","Inh PVALB CA8 (Chandelier)",-0.0188509803345162,5.40306790003809,0.0657622088768572,0.797937866909668,0.999998866570966,0.999994427475806,"ya_adult_cogact_freq"
"9538","WRB","Inh PVALB CA8 (Chandelier)",-0.0201798871933886,5.45923567266366,0.105236300437834,0.746055825142123,0.999998866570966,0.999994427475806,"ya_adult_cogact_freq"
"9539","DSCAM","Inh PVALB CA8 (Chandelier)",0.0993585708390334,4.55036276304408,0.550919116473397,0.459025451926029,0.999998866570966,0.999994427475806,"ya_adult_cogact_freq"
"9540","BACE2","Inh PVALB CA8 (Chandelier)",-0.0552666098073897,3.44631826147171,0.0772603724590821,0.781402133016407,0.999998866570966,0.999994427475806,"ya_adult_cogact_freq"
"9541","PRDM15","Inh PVALB CA8 (Chandelier)",-0.0464394121191968,4.22825914042776,0.215908967002822,0.642803604673886,0.999998866570966,0.999994427475806,"ya_adult_cogact_freq"
"9542","C2CD2","Inh PVALB CA8 (Chandelier)",-0.0615468106287921,5.88020896109116,1.17090670689333,0.28083542328441,0.999998866570966,0.999994427475806,"ya_adult_cogact_freq"
"9543","ZBTB21","Inh PVALB CA8 (Chandelier)",0.0609952323226073,4.80151544746507,0.555913855408619,0.457000053955758,0.999998866570966,0.999994427475806,"ya_adult_cogact_freq"
"9544","ABCG1","Inh PVALB CA8 (Chandelier)",-0.0568415405337315,5.46859279235558,0.757184451624203,0.385508489966597,0.999998866570966,0.999994427475806,"ya_adult_cogact_freq"
"9545","SLC37A1","Inh PVALB CA8 (Chandelier)",0.00483523863539037,6.00083769104532,0.00719360260519039,0.932513910998177,0.999998866570966,0.999994427475806,"ya_adult_cogact_freq"
"9546","PDE9A","Inh PVALB CA8 (Chandelier)",-0.0602643416922879,6.61489279071186,1.41159148285809,0.236544630546227,0.999998866570966,0.999994427475806,"ya_adult_cogact_freq"
"9547","NDUFV3","Inh PVALB CA8 (Chandelier)",0.00837648370160507,5.65681682961039,0.0234492296843132,0.87848667967553,0.999998866570966,0.999994427475806,"ya_adult_cogact_freq"
"9548","PKNOX1","Inh PVALB CA8 (Chandelier)",0.0881202707253014,5.70600068248136,2.37350975177099,0.125375337288566,0.999998866570966,0.999994427475806,"ya_adult_cogact_freq"
"9549","RRP1B","Inh PVALB CA8 (Chandelier)",-0.0824717514408219,4.96656577073381,1.68984117819547,0.195482637428842,0.999998866570966,0.999994427475806,"ya_adult_cogact_freq"
"9550","PDXK","Inh PVALB CA8 (Chandelier)",-0.0687174304650154,6.94094484821067,2.86010300886871,0.0927393521777948,0.999998866570966,0.999994427475806,"ya_adult_cogact_freq"
"9551","CSTB","Inh PVALB CA8 (Chandelier)",-0.166167451564741,4.56325870231243,3.11224695690285,0.0796049726228903,0.999998866570966,0.999994427475806,"ya_adult_cogact_freq"
"9552","RRP1","Inh PVALB CA8 (Chandelier)",-0.0353031565676654,4.0020331608183,0.136451311090116,0.72817037058148,0.999998866570966,0.999994427475806,"ya_adult_cogact_freq"
"9553","AGPAT3","Inh PVALB CA8 (Chandelier)",-0.0762535440476926,6.09556714072,2.19903342884654,0.140055005795218,0.999998866570966,0.999994427475806,"ya_adult_cogact_freq"
"9554","TRAPPC10","Inh PVALB CA8 (Chandelier)",0.0118038492224793,5.49618467408221,0.0442359391521918,0.952872098808955,0.999998866570966,0.999994427475806,"ya_adult_cogact_freq"
"9555","GATD3A","Inh PVALB CA8 (Chandelier)",-0.0771777475267217,3.49911227303413,0.184571577974645,0.668048833421723,0.999998866570966,0.999994427475806,"ya_adult_cogact_freq"
"9556","PFKL","Inh PVALB CA8 (Chandelier)",-0.172268584226369,4.51204638355973,4.83621243707716,0.0292959689175921,0.999998866570966,0.999994427475806,"ya_adult_cogact_freq"
"9557","C21orf2","Inh PVALB CA8 (Chandelier)",0.064835026105885,4.43179460203804,0.568583026835889,0.451925554556537,0.999998866570966,0.999994427475806,"ya_adult_cogact_freq"
"9558","TRPM2","Inh PVALB CA8 (Chandelier)",0.0531591402518924,6.72937884143661,1.47454859416181,0.226410106492095,0.999998866570966,0.999994427475806,"ya_adult_cogact_freq"
"9559","UBE2G2","Inh PVALB CA8 (Chandelier)",-0.0675773473770977,6.25714920061887,2.29329520015126,0.131897381964992,0.999998866570966,0.999994427475806,"ya_adult_cogact_freq"
"9560","SUMO3","Inh PVALB CA8 (Chandelier)",0.0233983827322166,4.86898674987851,0.0815018630325435,0.775639842024943,0.999998866570966,0.999994427475806,"ya_adult_cogact_freq"
"9561","PTTG1IP","Inh PVALB CA8 (Chandelier)",-0.0290156837736155,4.30818869230752,0.128590459790239,0.720368466559707,0.999998866570966,0.999994427475806,"ya_adult_cogact_freq"
"9562","ADARB1","Inh PVALB CA8 (Chandelier)",-0.00598408707704541,7.16083233335993,0.0233300383024949,0.878793481541802,0.999998866570966,0.999994427475806,"ya_adult_cogact_freq"
"9563","POFUT2","Inh PVALB CA8 (Chandelier)",0.00824898713607666,4.15669452796305,0.0083495217359256,0.927307812111464,0.999998866570966,0.999994427475806,"ya_adult_cogact_freq"
"9564","PCBP3","Inh PVALB CA8 (Chandelier)",-0.1325376656401,4.75286147221074,1.24633718137523,0.265919022596378,0.999998866570966,0.999994427475806,"ya_adult_cogact_freq"
"9565","COL6A1","Inh PVALB CA8 (Chandelier)",-0.0920022558098863,4.53354031631921,0.435568515970142,0.510213558498114,0.999998866570966,0.999994427475806,"ya_adult_cogact_freq"
"9566","LSS","Inh PVALB CA8 (Chandelier)",0.0117505374699532,5.31449623209649,0.0257530177074219,0.872706438262359,0.999998866570966,0.999994427475806,"ya_adult_cogact_freq"
"9567","MCM3AP-AS1","Inh PVALB CA8 (Chandelier)",-0.189179200393559,4.678227393723,4.6592855842398,0.0323695747499698,0.999998866570966,0.999994427475806,"ya_adult_cogact_freq"
"9568","MCM3AP","Inh PVALB CA8 (Chandelier)",-0.100797582961377,5.57932482715712,3.42482071290088,0.0660583237434739,0.999998866570966,0.999994427475806,"ya_adult_cogact_freq"
"9569","YBEY","Inh PVALB CA8 (Chandelier)",-0.267847178804004,4.20633087196131,8.59729304079447,0.00385815138972461,0.999998866570966,0.999994427475806,"ya_adult_cogact_freq"
"9570","PCNT","Inh PVALB CA8 (Chandelier)",0.037270626959874,6.20100304155118,0.486781763609974,0.486374240013376,0.999998866570966,0.999994427475806,"ya_adult_cogact_freq"
"9571","DIP2A","Inh PVALB CA8 (Chandelier)",-0.0398604198415932,6.62107209756919,0.923947569047827,0.337884095104675,0.999998866570966,0.999994427475806,"ya_adult_cogact_freq"
"9572","PRMT2","Inh PVALB CA8 (Chandelier)",-0.0653388115151093,5.86156498063913,2.04984790734155,0.154162667635006,0.999998866570966,0.999994427475806,"ya_adult_cogact_freq"
"9573","MT-ND1","Inh PVALB CA8 (Chandelier)",0.131574527126994,10.9350271340788,1.80896068379139,0.180527253956865,0.999998866570966,0.999994427475806,"ya_adult_cogact_freq"
"9574","MT-ND2","Inh PVALB CA8 (Chandelier)",0.172551854254183,9.92523069840496,2.52854560574326,0.113767800678642,0.999998866570966,0.999994427475806,"ya_adult_cogact_freq"
"9575","MT-CO1","Inh PVALB CA8 (Chandelier)",0.0187557452083568,11.7930579991219,0.0464353882887782,0.829659449572546,0.999998866570966,0.999994427475806,"ya_adult_cogact_freq"
"9576","MT-CO2","Inh PVALB CA8 (Chandelier)",0.0794030401703521,12.2247359702697,0.686518705831577,0.408579442018175,0.999998866570966,0.999994427475806,"ya_adult_cogact_freq"
"9577","MT-ATP8","Inh PVALB CA8 (Chandelier)",0.364688771111961,4.89823304738922,6.00216335292816,0.0153609692707222,0.999998866570966,0.999994427475806,"ya_adult_cogact_freq"
"9578","MT-ATP6","Inh PVALB CA8 (Chandelier)",0.115277033422402,11.9657314514211,1.6667147113444,0.198552510878642,0.999998866570966,0.999994427475806,"ya_adult_cogact_freq"
"9579","MT-CO3","Inh PVALB CA8 (Chandelier)",0.0774274526157029,12.2483421367334,0.69726588489337,0.40494311777387,0.999998866570966,0.999994427475806,"ya_adult_cogact_freq"
"9580","MT-ND3","Inh PVALB CA8 (Chandelier)",0.188525888165749,11.0718199497665,2.14748387348609,0.144756792523551,0.999998866570966,0.999994427475806,"ya_adult_cogact_freq"
"9581","MT-ND4L","Inh PVALB CA8 (Chandelier)",0.178245570518141,7.353501088203,1.71543889991208,0.192149778167244,0.999998866570966,0.999994427475806,"ya_adult_cogact_freq"
"9582","MT-ND4","Inh PVALB CA8 (Chandelier)",0.0900587685887621,11.2923564853867,0.781366157654406,0.378043666662502,0.999998866570966,0.999994427475806,"ya_adult_cogact_freq"
"9583","MT-ND5","Inh PVALB CA8 (Chandelier)",0.124727365638427,8.75006956170091,1.48179233621564,0.225278136596714,0.999998866570966,0.999994427475806,"ya_adult_cogact_freq"
"9584","MT-CYB","Inh PVALB CA8 (Chandelier)",0.073674349133143,11.3136034876823,0.555686156361946,0.457092078766328,0.999998866570966,0.999994427475806,"ya_adult_cogact_freq"
"9585","AL592183.1","Inh PVALB CA8 (Chandelier)",0.0640032631344132,6.48916453727396,0.463268794762072,0.49707935120102,0.999998866570966,0.999994427475806,"ya_adult_cogact_freq"
